PLD_REALTIMECLOCK;NAV_RESOURCE;NAV_LONGITUDE;NAV_LATITUDE;NAV_DEPTH;NAV_HEADING;SD_CARD_USAGE;SSD_USAGE;ACQUISITION_FREQ;RECORDING;LEGATO_CONDUCTIVITY;LEGATO_TEMPERATURE;LEGATO_PRESSURE;LEGATO_SALINITY;LEGATO_CONDTEMP;LEGATO_CODA_DO;LEGATO_CODA_TEMPERATURE;LEGATO_CODA_CORR_PHASE;LEGATO_SOUND_VELOCITY;FLBBCD_CHL_COUNT;FLBBCD_CHL_SCALED;FLBBCD_CDOM_COUNT;FLBBCD_CDOM_SCALED;FLBBCD_BB_700_COUNT;FLBBCD_BB_700_SCALED;User_Field1;User_Field2;User_Field3;User_Field4;User_Field5;User_Field6;User_Field7;User_Field8;User_Field9;User_Field10;BS_HEADING;BS_ZB;BS_ZT;BS_PU;BS_PD;BS_BU;BS_BD;BS_SR;BS_ALTIMETER.ENABLE;BS_ALTIMETER.VALUE;BS_CURRENT.CORRECTION.ENABLE
13/02/2025 00:04:37.223;117;-1757.380;2834.923;221.900;244.000;112229.58;112229.58;192000;1;44.4417;15.2441;228.9730;36.0735;14.6054;209.8661;15.2460;25.6311;1512.4750;53;0.0121;79;2.5452;79;0.000088798;0;;;;;;;;;;;;;;;;;;;;
13/02/2025 00:04:38.223;;;;;;112229.58;112229.58;192000;1;44.4421;15.2459;228.8385;36.0723;14.6096;210.0091;15.2466;25.6245;1512.4770;50;-0.0242;80;2.6361;76;0.000079612;0;;;;;;;;;;;;;;;;;;;;
13/02/2025 00:04:39.223;;;;;;112229.58;112229.58;192000;1;44.4440;15.2465;228.6882;36.0736;14.6117;208.3712;15.2498;25.6966;1512.4779;51;-0.0121;79;2.5452;79;0.000088798;0;;;;;;;;;;;;;;;;;;;;
13/02/2025 00:04:40.223;;;;;;112229.58;112229.58;192000;1;44.4484;15.2481;228.5462;36.0762;14.6138;208.9574;15.2512;25.6697;1512.4836;51;-0.0121;78;2.4543;77;0.000082674;0;;;;;;;;;;;;;;;;;;;;
13/02/2025 00:04:41.223;;;;;;112229.58;112229.58;192000;1;44.4416;15.2488;228.4049;36.0694;14.6159;209.1049;15.2505;25.6637;1512.4756;50;-0.0242;78;2.4543;80;0.000091860;0;;;;;;;;;;;;;;;;;;;;
13/02/2025 00:04:42.223;;;;;;112229.58;112229.58;192000;1;44.4457;15.2482;228.2615;36.0737;14.6138;209.3410;15.2507;25.6527;1512.4763;50;-0.0242;78;2.4543;79;0.000088798;0;;;;;;;;;;;;;;;;;;;;
13/02/2025 00:04:43.223;;;;;;112229.58;112229.58;192000;1;44.4435;15.2490;228.1152;36.0710;14.6244;209.6279;15.2497;25.6404;1512.4732;51;-0.0121;78;2.4543;77;0.000082674;0;;;;;;;;;;;;;;;;;;;;
13/02/2025 00:04:44.223;;;;;;112229.58;112229.58;192000;1;44.4456;15.2483;227.9669;36.0737;14.6180;209.6428;15.2505;25.6392;1512.4717;;;;;;;0;;;;;;;;;;;;;;;;;;;;
13/02/2025 00:04:45.223;;;;;;112229.58;-1;192000;1;44.4513;15.2505;227.8151;36.0769;14.6202;209.2183;15.2526;25.6573;1512.4798;51;-0.0121;79;2.5452;77;0.000082674;0;;;;;;;;;;;;;;;;;;;;
13/02/2025 00:04:46.223;;;;;;112229.58;-1;192000;1;44.4472;15.2521;227.6758;36.0718;14.6265;210.1088;15.2523;25.6179;1512.4766;51;-0.0121;79;2.5452;81;0.000094922;0;;;;;;;;;;;;;;;;;;;;
13/02/2025 00:04:47.223;;;;;;;112229.58;192000;1;44.4497;15.2513;227.5278;36.0748;14.6328;209.4850;15.2536;25.6450;1512.4751;49;-0.0363;79;2.5452;79;0.000088798;0;;;;;;;;;;;;;;;;;;;;
13/02/2025 00:04:48.223;;;;;;112229.58;112229.58;192000;1;44.4525;15.2549;227.3798;36.0741;14.6307;209.5730;15.2561;25.6403;1512.4831;50;-0.0242;78;2.4543;80;0.000091860;0;;;;;;;;;;;;;;;;;;;;
13/02/2025 00:04:49.223;;;;;;112229.58;112229.58;192000;1;44.4491;15.2558;227.2445;36.0703;14.6328;209.5037;15.2541;25.6443;1512.4793;52;0.0000;79;2.5452;79;0.000088798;0;;;;;;;;;;;;;;;;;;;;
13/02/2025 00:04:50.223;;;;;;112229.58;112229.58;192000;1;44.4531;15.2518;227.0941;36.0776;14.6370;208.8529;15.2568;25.6719;1512.4728;50;-0.0242;78;2.4543;77;0.000082674;0;;;;;;;;;;;;;;;;;;;;
13/02/2025 00:04:51.223;;;;;;112229.58;112229.58;192000;1;44.4446;15.2552;226.9470;36.0668;14.6412;209.7337;15.2527;25.6346;1512.4684;50;-0.0242;79;2.5452;81;0.000094922;0;;;;;;;;;;;;;;;;;;;;
13/02/2025 00:04:52.223;;;;;;112229.58;112229.59;192000;1;44.4424;15.2485;226.7996;36.0710;14.6391;208.7266;15.2497;25.6803;1512.4499;50;-0.0242;80;2.6361;78;0.000085736;0;;;;;;;;;;;;;;;;;;;;
13/02/2025 00:04:53.223;;;;;;112229.59;112229.59;192000;1;44.4507;15.2499;226.6527;36.0774;14.6433;208.4159;15.2547;25.6922;1512.4593;50;-0.0242;78;2.4543;77;0.000082674;0;;;;;;;;;;;;;;;;;;;;
14/02/2025 18:35:44.762;117;-1758.339;2837.109;25.100;325.000;247595.53;-1;192000;0;50.6027;20.2802;26.1911;36.9545;19.6392;238.3842;20.2848;22.8039;1524.8547;57;0.0605;70;1.7271;99;0.000150038;0;;;;;;;;;;;;;;;;;;;;
14/02/2025 18:35:45.761;;;;;;247595.53;-1;192000;0;50.6129;20.2869;26.0006;36.9571;19.6431;236.5796;20.2921;22.8692;1524.8727;56;0.0484;66;1.3635;94;0.000134728;0;;;;;;;;;;;;;;;;;;;;
14/02/2025 18:35:46.761;;;;;;247595.53;-1;192000;0;50.6155;20.2930;25.7943;36.9539;19.6392;237.3142;20.2979;22.8401;1524.8823;56;0.0484;68;1.5453;93;0.000131666;0;;;;;;;;;;;;;;;;;;;;
14/02/2025 18:35:47.761;;;;;;247595.53;-1;192000;0;50.6457;20.3009;25.6177;36.9718;19.6451;237.9300;20.3060;22.8138;1524.9209;54;0.0242;69;1.6362;96;0.000140852;0;;;;;;;;;;;;;;;;;;;;
14/02/2025 18:35:48.762;;;;;;247595.53;-1;192000;0;50.6895;20.3245;25.4194;36.9872;19.6470;236.9258;20.3329;22.8428;1524.9992;56;0.0484;69;1.6362;98;0.000146976;0;;;;;;;;;;;;;;;;;;;;
14/02/2025 18:35:49.761;;;;;;247595.53;-1;192000;0;50.6987;20.3429;25.2229;36.9787;19.6510;238.2399;20.3518;22.7886;1525.0366;54;0.0242;70;1.7271;95;0.000137790;0;;;;;;;;;;;;;;;;;;;;
14/02/2025 18:35:50.761;;;;;;247595.53;-1;192000;0;50.7101;20.3558;25.0382;36.9769;19.6510;237.8968;20.3612;22.7988;1525.0667;54;0.0242;67;1.4544;93;0.000131666;0;;;;;;;;;;;;;;;;;;;;
14/02/2025 18:35:51.761;;;;;;;247595.53;192000;0;50.7342;20.3652;24.8414;36.9884;19.6529;236.4188;20.3714;22.8506;1525.1019;56;0.0484;66;1.3635;94;0.000134728;0;;;;;;;;;;;;;;;;;;;;
14/02/2025 18:35:52.760;;;;;;247595.53;247595.53;192000;0;50.7425;20.3793;24.6478;36.9829;19.6548;236.4121;20.3834;22.8477;1525.1309;;;;;;;0;;;;;;;;;;;;;;;;;;;;
14/02/2025 18:35:53.761;;;;;;247595.53;247595.53;192000;0;50.7575;20.3876;24.4550;36.9882;19.6568;238.1365;20.3922;22.7802;1525.1562;56;0.0484;69;1.6362;95;0.000137790;0;;;;;;;;;;;;;;;;;;;;
14/02/2025 18:35:54.763;;;;;;247595.54;247595.54;192000;;50.7666;20.3955;24.2616;36.9887;19.6587;237.2585;20.3995;22.8109;1525.1750;54;0.0242;71;1.8180;94;0.000134728;0;;;;;;;;;;;;;;;;;;;;
14/02/2025 18:35:55.762;;;;;;247595.54;247595.54;192000;0;50.7730;20.4010;24.0728;36.9893;19.6626;238.4695;20.4041;22.7643;1525.1875;54;0.0242;68;1.5453;96;0.000140852;0;;;;;;;;;;;;;;;;;;;;
14/02/2025 18:35:56.761;;;;;;247595.54;-1;192000;0;50.7757;20.4053;23.8792;36.9877;19.6626;237.1763;20.4082;22.8115;1525.1942;55;0.0363;66;1.3635;96;0.000140852;0;;;;;;;;;;;;;;;;;;;;
14/02/2025 18:35:57.762;;;;;;247595.54;-1;192000;0;50.7860;20.4099;23.6869;36.9922;19.6626;237.3152;20.4144;22.8042;1525.2085;53;0.0121;71;1.8180;91;0.000125542;0;;;;;;;;;;;;;;;;;;;;
14/02/2025 18:35:58.762;;;;;;247595.54;-1;192000;0;50.7923;20.4162;23.4941;36.9919;19.6646;237.1569;20.4197;22.8086;1525.2221;57;0.0605;69;1.6362;95;0.000137790;0;;;;;;;;;;;;;;;;;;;;
14/02/2025 18:35:59.762;;;;;;247595.54;-1;192000;0;50.7941;20.4200;23.3002;36.9901;19.6704;238.1538;20.4232;22.7704;1525.2272;55;0.0363;70;1.7271;96;0.000140852;0;;;;;;;;;;;;;;;;;;;;
14/02/2025 18:36:00.762;;;;;;247595.54;-1;192000;0;50.7976;20.4225;23.1073;36.9909;19.6724;236.8918;20.4253;22.8169;1525.2317;57;0.0605;70;1.7271;92;0.000128604;0;;;;;;;;;;;;;;;;;;;;
14/02/2025 18:36:01.762;;;;;;247595.54;-1;192000;0;50.7998;20.4240;22.9185;36.9914;19.6763;236.0874;20.4273;22.8465;1525.2332;;;;;;;0;;;;;;;;;;;;;;;;;;;;
14/02/2025 18:36:02.763;;;;;;247595.54;-1;192000;0;50.8006;20.4253;22.7214;36.9911;19.6782;237.7746;20.4282;22.7829;1525.2331;55;0.0363;71;1.8180;92;0.000128604;0;;;;;;;;;;;;;;;;;;;;
16/02/2025 10:58:38.759;117;-1801.650;2837.925;168.200;128.000;247684.95;-1;192000;0;47.1236;17.4937;174.7532;36.4331;17.6356;214.8516;17.4920;24.6521;1518.8277;51;-0.0121;75;2.1816;88;0.000116356;0;;;;;;;;;;;;;;;;;;;;
16/02/2025 10:58:39.759;;;;;;247684.95;-1;192000;0;47.1164;17.4966;174.6163;36.4243;17.6356;214.6633;17.4921;24.6606;1518.8239;51;-0.0121;77;2.3634;86;0.000110232;0;;;;;;;;;;;;;;;;;;;;
16/02/2025 10:58:40.759;;;;;;247684.95;-1;192000;0;47.1123;17.4937;174.4880;36.4233;17.6396;214.3446;17.4890;24.6752;1518.8121;53;0.0121;77;2.3634;86;0.000110232;0;;;;;;;;;;;;;;;;;;;;
16/02/2025 10:58:41.759;;;;;;247684.95;-1;192000;0;47.1138;17.4917;174.3432;36.4265;17.6356;214.9901;17.5020;24.6430;1518.8074;51;-0.0121;76;2.2725;86;0.000110232;0;;;;;;;;;;;;;;;;;;;;
16/02/2025 10:58:42.758;;;;;;247684.95;-1;192000;0;47.1460;17.4898;174.2091;36.4562;17.6396;215.5195;17.5202;24.6128;1518.8335;;;;;;;0;;;;;;;;;;;;;;;;;;;;
16/02/2025 10:58:43.757;;;;;;247684.96;-1;192000;0;47.1563;17.5171;174.0817;36.4407;17.6416;214.1957;17.5188;24.6711;1518.8942;53;0.0121;75;2.1816;89;0.000119418;0;;;;;;;;;;;;;;;;;;;;
16/02/2025 10:58:44.759;;;;;;247684.96;-1;192000;;47.1537;17.5249;173.9514;36.4315;17.6396;214.1048;17.5205;24.6750;1518.9045;54;0.0242;76;2.2725;91;0.000125542;0;;;;;;;;;;;;;;;;;;;;
16/02/2025 10:58:45.759;;;;;;247684.96;-1;192000;;47.1585;17.5218;173.8175;36.4384;17.6376;214.2812;17.5201;24.6671;1518.9010;54;0.0242;76;2.2725;88;0.000116356;0;;;;;;;;;;;;;;;;;;;;
16/02/2025 10:58:46.757;;;;;;247684.96;-1;192000;0;47.1555;17.5269;173.6886;36.4313;17.6396;214.9725;17.5152;24.6395;1518.9058;52;0.0000;76;2.2725;91;0.000125542;0;;;;;;;;;;;;;;;;;;;;
16/02/2025 10:58:47.757;;;;;;247684.96;-1;192000;0;47.1418;17.5177;173.5551;36.4278;17.6416;215.4302;17.5119;24.6211;1518.8725;53;0.0121;76;2.2725;93;0.000131666;0;;;;;;;;;;;;;;;;;;;;
16/02/2025 10:58:48.760;;;;;;;247684.96;192000;0;47.1528;17.5132;173.4150;36.4414;17.6416;214.7254;17.5243;24.6462;1518.8724;52;0.0000;76;2.2725;85;0.000107170;0;;;;;;;;;;;;;;;;;;;;
16/02/2025 10:58:49.759;;;;;;247684.96;247684.96;192000;0;47.1677;17.5239;173.2826;36.4447;17.6416;215.2449;17.5305;24.6219;1518.9055;51;-0.0121;76;2.2725;88;0.000116356;0;;;;;;;;;;;;;;;;;;;;
16/02/2025 10:58:50.759;;;;;;247684.96;247684.96;192000;0;47.1714;17.5325;173.1677;36.4403;17.6437;214.5454;17.5324;24.6516;1518.9239;52;0.0000;76;2.2725;84;0.000104108;0;;;;;;;;;;;;;;;;;;;;
16/02/2025 10:58:51.759;;;;;;247684.96;247684.96;192000;0;47.1695;17.5344;173.0335;36.4370;17.6437;214.2675;17.5347;24.6630;1518.9235;;;;;;;0;;;;;;;;;;;;;;;;;;;;
16/02/2025 10:58:52.759;;;;;;247684.96;247684.96;192000;0;47.1840;17.5366;172.9023;36.4476;17.6416;214.0103;17.5397;24.6717;1518.9399;53;0.0121;77;2.3634;87;0.000113294;0;;;;;;;;;;;;;;;;;;;;
16/02/2025 10:58:53.759;;;;;;247684.96;247684.96;192000;0;47.1857;17.5464;172.7761;36.4404;17.6457;212.9456;17.5418;24.7175;1518.9585;52;0.0000;76;2.2725;88;0.000116356;0;;;;;;;;;;;;;;;;;;;;
16/02/2025 10:58:54.759;;;;;;247684.96;247684.96;192000;0;47.1860;17.5460;172.6497;36.4410;17.6437;213.9872;17.5426;24.6722;1518.9559;52;0.0000;77;2.3634;86;0.000110232;0;;;;;;;;;;;;;;;;;;;;
16/02/2025 10:58:55.759;;;;;;247684.96;-1;192000;0;47.1813;17.5466;172.5122;36.4364;17.6457;213.3961;17.5401;24.6987;1518.9501;53;0.0121;76;2.2725;86;0.000110232;0;;;;;;;;;;;;;;;;;;;;
16/02/2025 10:58:56.759;;;;;;247684.96;-1;192000;0;47.1805;17.5449;172.3807;36.4373;17.6457;214.0280;17.5399;24.6715;1518.9439;53;0.0121;77;2.3634;88;0.000116356;0;;;;;;;;;;;;;;;;;;;;
16/02/2025 12:55:08.265;117;-1801.811;2838.746;107.900;142.000;247689.56;247689.56;192000;0;49.2821;19.2000;113.0316;36.7768;18.0538;225.7301;19.2192;23.6372;1523.1075;57;0.0605;74;2.0907;93;0.000131666;0;;;;;;;;;;;;;;;;;;;;
16/02/2025 12:55:09.264;;;;;;247689.56;-1;192000;0;49.3071;19.2391;112.9240;36.7633;18.0578;226.4079;19.2433;23.6039;1523.2004;;;;;;;0;;;;;;;;;;;;;;;;;;;;
16/02/2025 12:55:10.265;;;;;;247689.56;-1;192000;0;49.3350;19.2616;112.8136;36.7667;18.0618;226.4018;19.2731;23.5950;1523.2657;58;0.0726;74;2.0907;92;0.000128604;0;;;;;;;;;;;;;;;;;;;;
16/02/2025 12:55:11.263;;;;;;247689.56;-1;192000;0;49.3822;19.2936;112.7028;36.7781;18.0678;227.1478;19.2981;23.5574;1523.3665;58;0.0726;73;1.9998;90;0.000122480;0;;;;;;;;;;;;;;;;;;;;
16/02/2025 12:55:12.264;;;;;;247689.56;-1;192000;0;49.3986;19.3164;112.5946;36.7716;18.0737;227.0179;19.3138;23.5583;1523.4214;58;0.0726;73;1.9998;94;0.000134728;0;;;;;;;;;;;;;;;;;;;;
16/02/2025 12:55:13.262;;;;;;247689.56;-1;192000;0;49.4157;19.3318;112.4893;36.7724;18.0777;227.2621;19.3230;23.5459;1523.4638;59;0.0847;71;1.8180;100;0.000153100;0;;;;;;;;;;;;;;;;;;;;
16/02/2025 12:55:14.263;;;;;;247689.56;-1;192000;0;49.4278;19.3414;112.3748;36.7741;18.0837;228.1488;19.3309;23.5084;1523.4907;61;0.1089;75;2.1816;90;0.000122480;0;;;;;;;;;;;;;;;;;;;;
16/02/2025 12:55:15.265;;;;;;247689.56;-1;192000;0;49.4335;19.3481;112.2686;36.7729;18.0897;227.6888;19.3385;23.5244;1523.5063;58;0.0726;74;2.0907;90;0.000122480;0;;;;;;;;;;;;;;;;;;;;
16/02/2025 12:55:16.263;;;;;;247689.57;-1;192000;0;49.4390;19.3538;112.1303;36.7726;18.0957;228.3439;19.3442;23.4968;1523.5197;59;0.0847;74;2.0907;94;0.000134728;0;;;;;;;;;;;;;;;;;;;;
16/02/2025 12:55:17.265;;;;;;247689.57;-1;192000;0;49.4467;19.3580;112.0536;36.7753;18.1056;229.0087;19.3516;23.4682;1523.5332;58;0.0726;75;2.1816;96;0.000140852;0;;;;;;;;;;;;;;;;;;;;
16/02/2025 12:55:18.263;;;;;;247689.57;-1;192000;0;49.4566;19.3647;111.9477;36.7778;18.1077;228.3949;19.3606;23.4895;1523.5530;;;;;;;0;;;;;;;;;;;;;;;;;;;;
16/02/2025 12:55:19.264;;;;;;247689.57;-1;192000;0;49.4725;19.3737;111.8374;36.7832;18.1156;227.4122;19.3816;23.5216;1523.5825;59;0.0847;72;1.9089;93;0.000131666;0;;;;;;;;;;;;;;;;;;;;
16/02/2025 12:55:20.264;;;;;;247689.57;-1;192000;0;49.5095;19.3890;111.7211;36.8006;18.1256;228.3171;19.3973;23.4803;1523.6430;57;0.0605;75;2.1816;91;0.000125542;0;;;;;;;;;;;;;;;;;;;;
16/02/2025 12:55:21.264;;;;;;247689.57;-1;192000;0;49.5373;19.4104;111.6218;36.8050;18.1296;228.8722;19.4113;23.4541;1523.7062;58;0.0726;73;1.9998;91;0.000125542;0;;;;;;;;;;;;;;;;;;;;
16/02/2025 12:55:22.264;;;;;;247689.57;-1;192000;0;49.5388;19.4269;111.5109;36.7917;18.1395;229.8799;19.4273;23.4106;1523.7355;60;0.0968;74;2.0907;91;0.000125542;0;;;;;;;;;;;;;;;;;;;;
16/02/2025 12:55:23.266;;;;;;247689.57;-1;192000;0;49.5570;19.4394;111.3986;36.7959;18.1455;228.3079;19.4325;23.4706;1523.7733;60;0.0968;74;2.0907;101;0.000156162;0;;;;;;;;;;;;;;;;;;;;
16/02/2025 12:55:24.264;;;;;;247689.57;-1;192000;0;49.5591;19.4440;111.2878;36.7937;18.1495;229.6914;19.4318;23.4166;1523.7819;60;0.0968;74;2.0907;93;0.000131666;0;;;;;;;;;;;;;;;;;;;;
16/02/2025 12:55:25.263;;;;;;247689.57;-1;192000;0;49.5536;19.4444;111.1726;36.7888;18.1594;228.8629;19.4314;23.4495;1523.7756;60;0.0968;75;2.1816;93;0.000131666;0;;;;;;;;;;;;;;;;;;;;
16/02/2025 12:55:26.264;;;;;;247689.57;-1;192000;0;49.5512;19.4410;111.0727;36.7898;18.1634;228.4061;19.4334;23.4667;1523.7655;58;0.0726;73;1.9998;91;0.000125542;0;;;;;;;;;;;;;;;;;;;;
16/02/2025 12:55:27.264;;;;;;247689.57;-1;192000;0;49.5769;19.4401;110.9629;36.8121;18.1694;228.6353;19.4560;23.4494;1523.7863;;;;;;;0;;;;;;;;;;;;;;;;;;;;
16/02/2025 15:40:05.766;117;-1801.809;2838.847;39.000;165.000;247695.93;-1;192000;0;50.4933;20.2030;40.6164;36.9268;19.7737;239.2505;20.2064;22.7997;1524.8532;;;;;;;0;;;;;;;;;;;;;;;;;;;;
16/02/2025 15:40:06.766;;;;;;247695.93;-1;192000;0;50.4917;20.2033;40.4858;36.9253;19.7756;240.3808;20.2054;22.7581;1524.8501;60;0.0968;67;1.4544;98;0.000146976;0;;;;;;;;;;;;;;;;;;;;
16/02/2025 15:40:07.765;;;;;;247695.93;-1;192000;0;50.4932;20.2025;40.3409;36.9273;19.7776;240.0109;20.2070;22.7711;1524.8478;60;0.0968;67;1.4544;93;0.000131666;0;;;;;;;;;;;;;;;;;;;;
16/02/2025 15:40:08.765;;;;;;247695.93;-1;192000;0;50.4892;20.2038;40.2109;36.9229;19.7795;239.5741;20.2068;22.7876;1524.8442;59;0.0847;71;1.8180;93;0.000131666;0;;;;;;;;;;;;;;;;;;;;
16/02/2025 15:40:09.768;;;;;;247695.93;-1;192000;0;50.4951;20.2039;40.0803;36.9277;19.7815;240.1480;20.2078;22.7658;1524.8477;61;0.1089;70;1.7271;94;0.000134728;0;;;;;;;;;;;;;;;;;;;;
16/02/2025 15:40:10.765;;;;;;247695.93;-1;192000;0;50.4931;20.2049;39.9267;36.9253;19.7815;239.1507;20.2082;22.8027;1524.8452;61;0.1089;68;1.5453;94;0.000134728;0;;;;;;;;;;;;;;;;;;;;
16/02/2025 15:40:11.766;;;;;;247695.93;-1;192000;0;50.4929;20.2048;39.8048;36.9252;19.7795;240.3517;20.2080;22.7582;1524.8428;59;0.0847;73;1.9998;121;0.000217402;0;;;;;;;;;;;;;;;;;;;;
16/02/2025 15:40:12.765;;;;;;247695.93;-1;192000;0;50.4917;20.2047;39.6731;36.9243;19.7854;239.9688;20.2079;22.7724;1524.8393;62;0.1210;71;1.8180;97;0.000143914;0;;;;;;;;;;;;;;;;;;;;
16/02/2025 15:40:13.765;;;;;;247695.93;-1;192000;0;50.4926;20.2043;39.5328;36.9254;19.7834;239.7600;20.2082;22.7800;1524.8371;62;0.1210;69;1.6362;93;0.000131666;0;;;;;;;;;;;;;;;;;;;;
16/02/2025 15:40:14.764;;;;;;247695.93;-1;192000;0;50.4909;20.2046;39.4011;36.9239;19.7873;239.9324;20.2084;22.7736;1524.8340;;;;;;;0;;;;;;;;;;;;;;;;;;;;
16/02/2025 15:40:15.764;;;;;;247695.94;-1;192000;0;50.4929;20.2049;39.2650;36.9253;19.7873;241.0957;20.2083;22.7305;1524.8342;59;0.0847;71;1.8180;92;0.000128604;0;;;;;;;;;;;;;;;;;;;;
16/02/2025 15:40:16.763;;;;;;;247695.94;192000;0;50.4924;20.2049;39.1287;36.9249;19.7873;238.8549;20.2081;22.8136;1524.8314;59;0.0847;70;1.7271;96;0.000140852;0;;;;;;;;;;;;;;;;;;;;
16/02/2025 15:40:17.765;;;;;;247695.94;247695.94;192000;0;50.4941;20.2046;38.9857;36.9266;19.7931;239.1244;20.2083;22.8033;1524.8301;57;0.0605;71;1.8180;95;0.000137790;0;;;;;;;;;;;;;;;;;;;;
16/02/2025 15:40:18.765;;;;;;247695.94;247695.94;192000;0;50.4916;20.2052;38.8535;36.9241;19.7931;240.4671;20.2076;22.7539;1524.8268;60;0.0968;68;1.5453;91;0.000125542;0;;;;;;;;;;;;;;;;;;;;
16/02/2025 15:40:19.766;;;;;;247695.94;247695.94;192000;0;50.4894;20.2042;38.7082;36.9232;19.7931;239.0059;20.2073;22.8082;1524.8206;60;0.0968;67;1.4544;97;0.000143914;0;;;;;;;;;;;;;;;;;;;;
16/02/2025 15:40:20.765;;;;;;247695.94;247695.94;192000;0;50.4935;20.2037;38.5803;36.9271;19.7951;240.4430;20.2084;22.7543;1524.8215;59;0.0847;69;1.6362;95;0.000137790;0;;;;;;;;;;;;;;;;;;;;
16/02/2025 15:40:21.764;;;;;;247695.94;247695.94;192000;0;50.5024;20.2077;38.4529;36.9309;19.7931;239.7156;20.2116;22.7801;1524.8345;61;0.1089;72;1.9089;100;0.000153100;0;;;;;;;;;;;;;;;;;;;;
16/02/2025 15:40:22.765;;;;;;247695.94;247695.94;192000;0;50.4948;20.2086;38.3195;36.9239;19.7951;240.0552;20.2123;22.7676;1524.8270;61;0.1089;71;1.8180;93;0.000131666;0;;;;;;;;;;;;;;;;;;;;
16/02/2025 15:40:23.766;;;;;;247695.94;247695.94;192000;0;50.5044;20.2092;38.1812;36.9315;19.8009;239.9235;20.2155;22.7711;1524.8348;;;;;;;0;;;;;;;;;;;;;;;;;;;;
16/02/2025 15:40:24.765;;;;;;247695.94;247695.94;192000;0;50.5067;20.2148;38.0515;36.9285;19.7970;239.2248;20.2204;22.7958;1524.8446;61;0.1089;73;1.9998;97;0.000143914;0;;;;;;;;;;;;;;;;;;;;
16/02/2025 15:40:25.766;;;;;;247695.94;-1;192000;0;50.5130;20.2191;37.9143;36.9299;19.8009;239.4069;20.2240;22.7879;1524.8556;58;0.0726;71;1.8180;93;0.000131666;0;;;;;;;;;;;;;;;;;;;;
16/02/2025 15:40:26.765;;;;;;247695.94;-1;192000;0;50.5128;20.2216;37.7757;36.9276;19.8029;240.3761;20.2261;22.7515;1524.8576;61;0.1089;68;1.5453;93;0.000131666;0;;;;;;;;;;;;;;;;;;;;
17/02/2025 16:01:25.440;117;-1758.953;2837.218;154.800;107.000;247773.62;247773.62;192000;;45.7725;16.3856;160.5875;36.2538;15.8342;216.0239;16.3894;24.9580;1515.0703;50;-0.0242;77;2.3634;84;0.000104108;0;;;;;;;;;;;;;;;;;;;;
17/02/2025 16:01:26.439;;;;;;247773.62;247773.62;192000;;45.7789;16.3897;160.4552;36.2558;15.8384;215.4450;16.3927;24.9816;1515.0829;50;-0.0242;77;2.3634;81;0.000094922;0;;;;;;;;;;;;;;;;;;;;
17/02/2025 16:01:27.437;;;;;;247773.62;247773.62;192000;;45.7811;16.3923;160.3311;36.2555;15.8384;217.1821;16.3944;24.9068;1515.0884;50;-0.0242;78;2.4543;81;0.000094922;0;;;;;;;;;;;;;;;;;;;;
17/02/2025 16:01:28.437;;;;;;247773.62;247773.62;192000;;45.7876;16.3940;160.1959;36.2597;15.8446;215.3049;16.3989;24.9853;1515.0962;;;;;;;0;;;;;;;;;;;;;;;;;;;;
17/02/2025 16:01:29.439;;;;;;247773.62;247773.62;192000;0;45.8015;16.4020;160.0741;36.2649;15.8425;215.3398;16.4104;24.9797;1515.1244;50;-0.0242;77;2.3634;80;0.000091860;0;;;;;;;;;;;;;;;;;;;;
17/02/2025 16:01:30.438;;;;;;247773.62;247773.62;192000;;45.8277;16.4163;159.9351;36.2752;15.8425;214.9633;16.4249;24.9906;1515.1774;51;-0.0121;78;2.4543;81;0.000094922;0;;;;;;;;;;;;;;;;;;;;
17/02/2025 16:01:31.439;;;;;;247773.62;247773.62;192000;;45.8218;16.4274;159.8140;36.2599;15.8487;215.0228;16.4291;24.9876;1515.1914;50;-0.0242;77;2.3634;80;0.000091860;0;;;;;;;;;;;;;;;;;;;;
17/02/2025 16:01:32.439;;;;;;247773.62;247773.62;192000;;45.8338;16.4314;159.6784;36.2669;15.8487;216.6466;16.4354;24.9156;1515.2094;52;0.0000;80;2.6361;87;0.000113294;0;;;;;;;;;;;;;;;;;;;;
17/02/2025 16:01:33.439;;;;;;247773.62;-1;192000;;45.8401;16.4377;159.5602;36.2668;15.8528;216.5617;16.4422;24.9170;1515.2264;50;-0.0242;77;2.3634;81;0.000094922;0;;;;;;;;;;;;;;;;;;;;
17/02/2025 16:01:34.440;;;;;;247773.62;-1;192000;;45.8467;16.4442;159.4211;36.2669;15.8570;216.1962;16.4474;24.9309;1515.2439;50;-0.0242;76;2.2725;79;0.000088798;0;;;;;;;;;;;;;;;;;;;;
17/02/2025 16:01:35.438;;;;;;247773.63;-1;192000;;45.8532;16.4486;159.2948;36.2687;15.8570;216.2963;16.4526;24.9248;1515.2572;48;-0.0484;78;2.4543;111;0.000186782;0;;;;;;;;;;;;;;;;;;;;
17/02/2025 16:01:36.437;;;;;;;247773.63;192000;;45.8577;16.4545;159.1750;36.2674;15.8570;215.7558;16.4578;24.9463;1515.2716;50;-0.0242;77;2.3634;88;0.000116356;0;;;;;;;;;;;;;;;;;;;;
17/02/2025 16:01:37.440;;;;;;247773.63;247773.63;192000;;45.8719;16.4606;159.0328;36.2745;15.8590;215.7956;16.4680;24.9408;1515.2960;;;;;;;0;;;;;;;;;;;;;;;;;;;;
17/02/2025 16:01:38.439;;;;;;247773.63;247773.63;192000;;45.8927;16.4740;158.9105;36.2809;15.8631;215.2583;16.4830;24.9587;1515.3419;51;-0.0121;78;2.4543;82;0.000097984;0;;;;;;;;;;;;;;;;;;;;
17/02/2025 16:01:39.437;;;;;;247773.63;247773.63;192000;;45.8978;16.4863;158.7850;36.2742;15.8652;215.7027;16.4895;24.9379;1515.3694;51;-0.0121;79;2.5452;83;0.000101046;0;;;;;;;;;;;;;;;;;;;;
17/02/2025 16:01:40.439;;;;;;247773.63;247773.63;192000;;45.9047;16.4914;158.6592;36.2757;15.8673;215.2759;16.4937;24.9548;1515.3845;50;-0.0242;77;2.3634;80;0.000091860;0;;;;;;;;;;;;;;;;;;;;
17/02/2025 16:01:41.440;;;;;;247773.63;247773.63;192000;;45.9063;16.4957;158.5343;36.2732;15.8693;215.5588;16.4976;24.9415;1515.3925;52;0.0000;78;2.4543;84;0.000104108;0;;;;;;;;;;;;;;;;;;;;
17/02/2025 16:01:42.439;;;;;;247773.63;247773.63;192000;;45.9129;16.4997;158.3750;36.2755;15.8714;215.9585;16.5020;24.9228;1515.4046;50;-0.0242;77;2.3634;82;0.000097984;0;;;;;;;;;;;;;;;;;;;;
17/02/2025 16:01:43.439;;;;;;247773.63;247773.63;192000;;45.9148;16.5028;158.2778;36.2745;15.8776;215.7919;16.5042;24.9292;1515.4113;52;0.0000;77;2.3634;83;0.000101046;0;;;;;;;;;;;;;;;;;;;;
17/02/2025 18:50:33.025;100;-1758.413;2836.937;270.300;198.000;247782.68;247782.69;192000;;43.5006;14.4292;282.1439;35.9407;15.2804;212.3849;14.4296;25.8152;1510.6211;50;-0.0242;79;2.5452;85;0.000107170;0;;;;;;;;;;;;;;;;;;;;
17/02/2025 18:50:34.025;;;;;;247782.69;247782.69;192000;;43.5024;14.4277;282.3017;35.9437;15.2741;212.6193;14.4285;25.8051;1510.6225;49;-0.0363;80;2.6361;85;0.000107170;0;;;;;;;;;;;;;;;;;;;;
17/02/2025 18:50:35.024;;;;;;247782.69;247782.69;192000;;43.4966;14.4265;282.4553;35.9394;15.2741;211.9875;14.4272;25.8338;1510.6161;;;;;;;0;;;;;;;;;;;;;;;;;;;;
17/02/2025 18:50:36.025;;;;;;247782.69;247782.69;192000;;43.4999;14.4265;282.6004;35.9423;15.2720;211.7766;14.4279;25.8427;1510.6219;48;-0.0484;80;2.6361;82;0.000097984;0;;;;;;;;;;;;;;;;;;;;
17/02/2025 18:50:37.024;;;;;;247782.69;247782.69;192000;;43.5020;14.4267;282.7500;35.9440;15.2678;211.7712;14.4279;25.8430;1510.6270;50;-0.0242;80;2.6361;80;0.000091860;0;;;;;;;;;;;;;;;;;;;;
17/02/2025 18:50:38.025;;;;;;247782.69;247782.69;192000;;43.5009;14.4272;282.9024;35.9425;15.2658;212.2988;14.4267;25.8202;1510.6294;50;-0.0242;79;2.5452;81;0.000094922;0;;;;;;;;;;;;;;;;;;;;
17/02/2025 18:50:39.025;;;;;;247782.69;247782.69;192000;;43.4969;14.4259;283.0522;35.9400;15.2574;211.4225;14.4257;25.8595;1510.6248;50;-0.0242;79;2.5452;88;0.000116356;0;;;;;;;;;;;;;;;;;;;;
17/02/2025 18:50:40.025;;;;;;247782.69;247782.69;192000;;43.4979;14.4249;283.2023;35.9417;15.2574;211.8522;14.4250;25.8406;1510.6261;49;-0.0363;80;2.6361;80;0.000091860;0;;;;;;;;;;;;;;;;;;;;
17/02/2025 18:50:41.026;;;;;;247782.69;247782.69;192000;;43.4950;14.4240;283.3590;35.9398;15.2574;212.3139;14.4245;25.8205;1510.6236;50;-0.0242;80;2.6361;81;0.000094922;0;;;;;;;;;;;;;;;;;;;;
17/02/2025 18:50:42.025;;;;;;247782.69;247782.69;192000;;43.4942;14.4232;283.5108;35.9398;15.2533;212.2369;14.4235;25.8243;1510.6235;51;-0.0121;78;2.4543;85;0.000107170;0;;;;;;;;;;;;;;;;;;;;
17/02/2025 18:50:43.023;;;;;;247782.69;247782.69;192000;;43.4966;14.4223;283.6650;35.9427;15.2470;210.9411;14.4223;25.8821;1510.6266;50;-0.0242;79;2.5452;90;0.000122480;0;;;;;;;;;;;;;;;;;;;;
17/02/2025 18:50:44.023;;;;;;247782.69;247782.69;192000;;43.4860;14.4204;283.8044;35.9347;15.2470;210.9780;14.4186;25.8823;1510.6134;;;;;;;0;;;;;;;;;;;;;;;;;;;;
17/02/2025 18:50:45.023;;;;;;247782.7;247782.7;192000;0;43.4863;14.4163;283.9531;35.9385;15.2449;211.9916;14.4163;25.8378;1510.6072;50;-0.0242;80;2.6361;82;0.000097984;0;;;;;;;;;;;;;;;;;;;;
17/02/2025 18:50:46.026;;;;;;247782.7;247782.7;192000;;43.4869;14.4168;284.1101;35.9387;15.2428;211.7370;14.4187;25.8483;1510.6117;50;-0.0242;80;2.6361;88;0.000116356;0;;;;;;;;;;;;;;;;;;;;
17/02/2025 18:50:47.025;;;;;;247782.7;247782.7;192000;;43.4736;14.4153;284.2593;35.9277;15.2407;211.8354;14.4156;25.8457;1510.5964;51;-0.0121;81;2.7270;81;0.000094922;0;;;;;;;;;;;;;;;;;;;;
17/02/2025 18:50:48.025;;;;;;247782.7;247782.7;192000;;43.4688;14.4066;284.4089;35.9312;15.2387;212.6703;14.4074;25.8113;1510.5752;49;-0.0363;79;2.5452;84;0.000104108;0;;;;;;;;;;;;;;;;;;;;
17/02/2025 18:50:49.025;;;;;;247782.7;247782.7;192000;;43.4770;14.4029;284.5685;35.9422;15.2366;212.8173;14.4086;25.8037;1510.5789;50;-0.0242;80;2.6361;81;0.000094922;0;;;;;;;;;;;;;;;;;;;;
17/02/2025 18:50:50.025;;;;;;247782.7;247782.7;192000;;43.4674;14.4035;284.7122;35.9327;15.2303;211.7199;14.4002;25.8559;1510.5720;51;-0.0121;79;2.5452;82;0.000097984;0;;;;;;;;;;;;;;;;;;;;
17/02/2025 18:50:51.025;;;;;;247782.7;247782.7;192000;;43.4575;14.3977;284.8611;35.9288;15.2303;211.1784;14.3958;25.8817;1510.5513;50;-0.0242;80;2.6361;87;0.000113294;0;;;;;;;;;;;;;;;;;;;;
17/02/2025 23:33:22.779;100;-1757.962;2834.942;576.700;96.000;247801.45;247801.45;192000;;40.1432;11.2678;596.3897;35.5761;11.7147;183.3475;11.2690;28.4501;1504.8396;51;-0.0121;83;2.9088;78;0.000085736;0;;;;;;;;;;;;;;;;;;;;
17/02/2025 23:33:23.776;;;;;;247801.45;247801.45;192000;;40.1426;11.2680;596.5017;35.5753;11.7102;183.9237;11.2690;28.4194;1504.8412;50;-0.0242;84;2.9997;79;0.000088798;0;;;;;;;;;;;;;;;;;;;;
17/02/2025 23:33:24.776;;;;;;247801.45;247801.46;192000;0;40.1430;11.2685;596.6313;35.5751;11.7058;183.2320;11.2689;28.4565;1504.8449;50;-0.0242;83;2.9088;78;0.000085736;0;;;;;;;;;;;;;;;;;;;;
17/02/2025 23:33:25.776;;;;;;247801.46;247801.46;192000;;40.1418;11.2682;596.7592;35.5742;11.7080;183.2268;11.2688;28.4569;1504.8448;51;-0.0121;83;2.9088;75;0.000076550;0;;;;;;;;;;;;;;;;;;;;
17/02/2025 23:33:26.778;;;;;;247801.46;247801.46;192000;;40.1439;11.2681;596.8865;35.5764;11.7036;183.0903;11.2687;28.4641;1504.8493;51;-0.0121;84;2.9997;80;0.000091860;0;;;;;;;;;;;;;;;;;;;;
17/02/2025 23:33:27.779;;;;;;247801.46;247801.46;192000;;40.1423;11.2680;597.0202;35.5748;11.7058;184.2978;11.2687;28.3998;1504.8492;50;-0.0242;84;2.9997;79;0.000088798;0;;;;;;;;;;;;;;;;;;;;
17/02/2025 23:33:28.777;;;;;;247801.46;247801.46;192000;;40.1438;11.2678;597.1540;35.5764;11.7036;183.7573;11.2688;28.4286;1504.8526;51;-0.0121;83;2.9088;81;0.000094922;0;;;;;;;;;;;;;;;;;;;;
17/02/2025 23:33:29.778;;;;;;247801.46;247801.46;192000;;40.1439;11.2682;597.2787;35.5760;11.6969;184.3229;11.2689;28.3985;1504.8556;50;-0.0242;81;2.7270;79;0.000088798;0;;;;;;;;;;;;;;;;;;;;
17/02/2025 23:33:30.779;;;;;;247801.46;247801.46;192000;;40.1428;11.2682;597.4149;35.5749;11.6991;183.8701;11.2680;28.4230;1504.8565;;;;;;;0;;;;;;;;;;;;;;;;;;;;
17/02/2025 23:33:31.778;;;;;;247801.46;247801.46;192000;;40.1413;11.2675;597.5456;35.5741;11.6969;183.6833;11.2673;28.4333;1504.8553;51;-0.0121;83;2.9088;78;0.000085736;0;;;;;;;;;;;;;;;;;;;;
17/02/2025 23:33:32.778;;;;;;247801.46;247801.46;192000;;40.1421;11.2666;597.6755;35.5756;11.6969;184.4737;11.2677;28.3910;1504.8561;50;-0.0242;83;2.9088;77;0.000082674;0;;;;;;;;;;;;;;;;;;;;
17/02/2025 23:33:33.778;;;;;;247801.46;247801.46;192000;;40.1430;11.2676;597.8018;35.5756;11.6991;184.1109;11.2686;28.4100;1504.8617;50;-0.0242;83;2.9088;77;0.000082674;0;;;;;;;;;;;;;;;;;;;;
17/02/2025 23:33:34.778;;;;;;247801.46;247801.46;192000;;40.1453;11.2689;597.9327;35.5765;11.6924;183.8415;11.2695;28.4241;1504.8695;50;-0.0242;83;2.9088;78;0.000085736;0;;;;;;;;;;;;;;;;;;;;
17/02/2025 23:33:35.778;;;;;;247801.46;247801.46;192000;;40.1452;11.2691;598.0558;35.5762;11.6969;183.8588;11.2696;28.4231;1504.8718;52;0.0000;83;2.9088;77;0.000082674;0;;;;;;;;;;;;;;;;;;;;
17/02/2025 23:33:36.777;;;;;;247801.47;247801.47;192000;;40.1454;11.2692;598.1909;35.5763;11.6924;183.8293;11.2698;28.4247;1504.8745;51;-0.0121;83;2.9088;77;0.000082674;0;;;;;;;;;;;;;;;;;;;;
17/02/2025 23:33:37.777;;;;;;247801.47;247801.47;192000;;40.1439;11.2694;598.3157;35.5744;11.6924;183.8758;11.2699;28.4223;1504.8750;51;-0.0121;82;2.8179;79;0.000088798;0;;;;;;;;;;;;;;;;;;;;
17/02/2025 23:33:38.777;;;;;;247801.47;-1;192000;;40.1445;11.2694;598.4426;35.5750;11.6902;183.6039;11.2692;28.4371;1504.8778;50;-0.0242;82;2.8179;81;0.000094922;0;;;;;;;;;;;;;;;;;;;;
19/02/2025 17:05:08.101;117;-1759.518;2838.712;190.000;233.000;247964.09;-1;192000;0;45.6513;16.2704;196.5604;36.2363;15.4489;215.3099;16.2754;25.0370;1515.2966;50;-0.0242;79;2.5452;92;0.000128604;0;;;;;;;;;;;;;;;;;;;;
19/02/2025 17:05:09.103;;;;;;247964.1;-1;192000;;45.6598;16.2728;196.3829;36.2418;15.4531;215.8043;16.2799;25.0139;1515.3073;50;-0.0242;78;2.4543;86;0.000110232;0;;;;;;;;;;;;;;;;;;;;
19/02/2025 17:05:10.102;;;;;;247964.1;-1;192000;;45.6680;16.2780;196.2158;36.2445;15.4510;216.0160;16.2876;25.0020;1515.3235;50;-0.0242;79;2.5452;89;0.000119418;0;;;;;;;;;;;;;;;;;;;;
19/02/2025 17:05:11.103;;;;;;247964.1;-1;192000;;45.6755;16.2856;196.0540;36.2443;15.4572;215.4033;16.2913;25.0272;1515.3437;52;0.0000;79;2.5452;92;0.000128604;0;;;;;;;;;;;;;;;;;;;;
19/02/2025 17:05:12.103;;;;;;247964.1;-1;192000;;45.6753;16.2882;195.8877;36.2418;15.4593;215.6623;16.2925;25.0158;1515.3460;51;-0.0121;79;2.5452;89;0.000119418;0;;;;;;;;;;;;;;;;;;;;
19/02/2025 17:05:13.103;;;;;;247964.11;-1;192000;;45.6769;16.2898;195.7262;36.2419;15.4635;215.3555;16.2936;25.0286;1515.3483;49;-0.0363;78;2.4543;91;0.000125542;0;;;;;;;;;;;;;;;;;;;;
19/02/2025 17:05:14.101;;;;;;247964.11;-1;192000;;45.6776;16.2908;195.5600;36.2416;15.4697;215.2259;16.2947;25.0337;1515.3482;50;-0.0242;79;2.5452;89;0.000119418;0;;;;;;;;;;;;;;;;;;;;
19/02/2025 17:05:15.103;;;;;;247964.11;-1;192000;;45.6767;16.2919;195.3915;36.2399;15.4739;215.1480;16.2961;25.0367;1515.3468;50;-0.0242;79;2.5452;91;0.000125542;0;;;;;;;;;;;;;;;;;;;;
19/02/2025 17:05:16.101;;;;;;247964.11;-1;192000;;45.6815;16.2936;195.2227;36.2426;15.4718;215.3379;16.2974;25.0279;1515.3523;;;;;;;0;;;;;;;;;;;;;;;;;;;;
19/02/2025 17:05:17.103;;;;;;247964.11;-1;192000;;45.6796;16.2948;195.0528;36.2400;15.4759;215.4614;16.2972;25.0228;1515.3502;51;-0.0121;78;2.4543;90;0.000122480;0;;;;;;;;;;;;;;;;;;;;
19/02/2025 17:05:18.103;;;;;;247964.11;-1;192000;;45.6828;16.2945;194.8822;36.2432;15.4822;214.9178;16.2989;25.0454;1515.3501;50;-0.0242;77;2.3634;88;0.000116356;0;;;;;;;;;;;;;;;;;;;;
19/02/2025 17:05:19.103;;;;;;247964.11;-1;192000;;45.6860;16.2962;194.7250;36.2445;15.4842;215.4872;16.3011;25.0200;1515.3542;51;-0.0121;79;2.5452;96;0.000140852;0;;;;;;;;;;;;;;;;;;;;
19/02/2025 17:05:20.103;;;;;;247964.11;-1;192000;;45.6877;16.2978;194.5562;36.2447;15.4884;215.1895;16.3023;25.0324;1515.3565;51;-0.0121;79;2.5452;98;0.000146976;0;;;;;;;;;;;;;;;;;;;;
19/02/2025 17:05:21.103;;;;;;247964.11;-1;192000;;45.6865;16.2987;194.3874;36.2428;15.4926;215.3359;16.3028;25.0260;1515.3542;52;0.0000;79;2.5452;95;0.000137790;0;;;;;;;;;;;;;;;;;;;;
19/02/2025 17:05:22.103;;;;;;247964.11;-1;192000;;45.6877;16.2994;194.2195;36.2433;15.4946;215.0705;16.3035;25.0371;1515.3542;51;-0.0121;79;2.5452;96;0.000140852;0;;;;;;;;;;;;;;;;;;;;
19/02/2025 17:05:23.103;;;;;;247964.11;-1;192000;;45.6914;16.3005;194.0536;36.2456;15.4967;214.5180;16.3053;25.0602;1515.3574;50;-0.0242;79;2.5452;92;0.000128604;0;;;;;;;;;;;;;;;;;;;;
19/02/2025 17:05:24.100;;;;;;247964.11;-1;192000;;45.6903;16.3022;193.8952;36.2432;15.5009;215.7996;16.3072;25.0045;1515.3572;50;-0.0242;78;2.4543;97;0.000143914;0;;;;;;;;;;;;;;;;;;;;
19/02/2025 17:05:25.100;;;;;;247964.11;-1;192000;;45.6954;16.3034;193.7255;36.2467;15.5009;214.6090;16.3107;25.0543;1515.3621;;;;;;;0;;;;;;;;;;;;;;;;;;;;
19/02/2025 17:05:26.100;;;;;;247964.11;-1;192000;0;45.7050;16.3082;193.5604;36.2510;15.5050;215.4022;16.3146;25.0186;1515.3789;50;-0.0242;78;2.4543;89;0.000119418;0;;;;;;;;;;;;;;;;;;;;
19/02/2025 19:21:38.606;110;-1759.455;2838.662;-0.100;127.000;247970.87;-1;192000;;50.7616;20.4089;1.3701;36.9814;20.2916;239.8753;20.4157;22.7027;1524.8216;59;0.0847;70;1.7271;112;0.000189844;0;;;;;;;;;;;;;;;;;;;;
19/02/2025 19:21:39.609;;;;;;247970.87;-1;192000;0;50.7637;20.4096;1.4429;36.9825;20.2935;238.8720;20.4155;22.7399;1524.8259;57;0.0605;68;1.5453;112;0.000189844;0;;;;;;;;;;;;;;;;;;;;
19/02/2025 19:21:40.608;;;;;;247970.87;-1;192000;;50.7622;20.4093;1.4794;36.9816;20.2916;239.5031;20.4141;22.7170;1524.8247;58;0.0726;70;1.7271;114;0.000195968;0;;;;;;;;;;;;;;;;;;;;
19/02/2025 19:21:41.607;;;;;;247970.87;-1;192000;;50.7639;20.4094;1.5344;36.9828;20.2955;239.4108;20.4143;22.7203;1524.8272;56;0.0484;70;1.7271;122;0.000220464;0;;;;;;;;;;;;;;;;;;;;
19/02/2025 19:21:42.610;;;;;;247970.87;-1;192000;;50.7636;20.4099;1.5865;36.9821;20.2916;238.5268;20.4151;22.7530;1524.8287;58;0.0726;69;1.6362;114;0.000195968;0;;;;;;;;;;;;;;;;;;;;
19/02/2025 19:21:43.609;;;;;;247970.87;-1;192000;;50.7624;20.4099;1.6469;36.9811;20.2955;238.3114;20.4159;22.7608;1524.8286;55;0.0363;70;1.7271;114;0.000195968;0;;;;;;;;;;;;;;;;;;;;
19/02/2025 19:21:44.609;;;;;;247970.87;-1;192000;;50.7616;20.4097;1.6668;36.9806;20.2935;237.9217;20.4170;22.7751;1524.8278;59;0.0847;70;1.7271;114;0.000195968;0;;;;;;;;;;;;;;;;;;;;
19/02/2025 19:21:45.609;;;;;;247970.87;-1;192000;;50.7653;20.4101;1.8026;36.9832;20.2955;240.1542;20.4164;22.6922;1524.8341;;;;;;;0;;;;;;;;;;;;;;;;;;;;
19/02/2025 19:21:46.609;;;;;;247970.87;-1;192000;;50.7635;20.4108;1.8038;36.9811;20.2935;238.3635;20.4173;22.7585;1524.8336;58;0.0726;69;1.6362;119;0.000211278;0;;;;;;;;;;;;;;;;;;;;
20/02/2025 01:43:36.340;117;-1759.274;2837.168;618.900;109.000;247997.12;-1;192000;;39.8815;10.9960;637.2659;35.5597;10.5202;177.4443;10.9971;28.8844;1504.5480;51;-0.0121;83;2.9088;81;0.000094922;0;;;;;;;;;;;;;;;;;;;;
20/02/2025 01:43:37.341;;;;;;247997.12;-1;192000;;39.8809;10.9955;637.1040;35.5597;10.5247;177.5290;10.9971;28.8796;1504.5436;51;-0.0121;84;2.9997;81;0.000094922;0;;;;;;;;;;;;;;;;;;;;
20/02/2025 01:43:38.340;;;;;;247997.12;-1;192000;;39.8815;10.9955;636.9546;35.5603;10.5202;177.1647;10.9975;28.8997;1504.5419;50;-0.0242;83;2.9088;79;0.000088798;0;;;;;;;;;;;;;;;;;;;;
20/02/2025 01:43:39.340;;;;;;247997.12;-1;192000;;39.8811;10.9953;636.7926;35.5601;10.5293;176.8159;10.9975;28.9191;1504.5382;50;-0.0242;85;3.0906;81;0.000094922;0;;;;;;;;;;;;;;;;;;;;
20/02/2025 01:43:40.340;;;;;;247997.12;-1;192000;;39.8823;10.9967;636.6396;35.5601;10.5270;177.0741;10.9985;28.9042;1504.5406;53;0.0121;84;2.9997;81;0.000094922;0;;;;;;;;;;;;;;;;;;;;
20/02/2025 01:43:41.340;;;;;;247997.12;-1;192000;;39.8878;10.9988;636.4821;35.5636;10.5224;177.6483;11.0012;28.8710;1504.5496;;;;;;;0;;;;;;;;;;;;;;;;;;;;
20/02/2025 01:43:42.339;;;;;;;247997.12;192000;;39.8854;11.0003;636.3027;35.5598;10.5315;177.3544;11.0023;28.8872;1504.5473;51;-0.0121;84;2.9997;79;0.000088798;0;;;;;;;;;;;;;;;;;;;;
20/02/2025 01:43:43.337;;;;;;247997.12;247997.12;192000;;39.8831;10.9987;636.1811;35.5591;10.5338;177.2194;11.0005;28.8953;1504.5388;52;0.0000;84;2.9997;79;0.000088798;0;;;;;;;;;;;;;;;;;;;;
20/02/2025 01:43:44.337;;;;;;247997.12;247997.12;192000;;39.8832;10.9986;636.0327;35.5595;10.5315;177.7056;11.0001;28.8684;1504.5365;50;-0.0242;82;2.8179;81;0.000094922;0;;;;;;;;;;;;;;;;;;;;
20/02/2025 01:43:45.337;;;;;;247997.12;247997.12;192000;0;39.8875;10.9998;635.8746;35.5626;10.5361;177.4239;11.0022;28.8830;1504.5418;52;0.0000;82;2.8179;83;0.000101046;0;;;;;;;;;;;;;;;;;;;;
20/02/2025 01:43:46.339;;;;;;247997.13;-1;192000;;39.8878;11.0014;635.7169;35.5615;10.5407;177.2924;11.0033;28.8900;1504.5435;50;-0.0242;83;2.9088;82;0.000097984;0;;;;;;;;;;;;;;;;;;;;
20/02/2025 01:43:47.340;;;;;;247997.13;-1;192000;;39.8911;11.0048;635.5595;35.5615;10.5407;177.1126;11.0068;28.8986;1504.5528;51;-0.0121;84;2.9997;81;0.000094922;0;;;;;;;;;;;;;;;;;;;;
20/02/2025 01:43:48.340;;;;;;247997.13;-1;192000;;39.8922;11.0064;635.4064;35.5612;10.5407;178.0516;11.0085;28.8459;1504.5555;52;0.0000;84;2.9997;89;0.000119418;0;;;;;;;;;;;;;;;;;;;;
20/02/2025 01:43:49.340;;;;;;247997.13;-1;192000;;39.8941;11.0081;635.2501;35.5614;10.5475;177.4958;11.0102;28.8760;1504.5591;50;-0.0242;83;2.9088;81;0.000094922;0;;;;;;;;;;;;;;;;;;;;
20/02/2025 01:43:50.340;;;;;;247997.13;-1;192000;;39.8960;11.0103;635.0947;35.5613;10.5475;177.9046;11.0124;28.8524;1504.5641;51;-0.0121;83;2.9088;80;0.000091860;0;;;;;;;;;;;;;;;;;;;;
20/02/2025 01:43:51.340;;;;;;247997.13;-1;192000;;39.8967;11.0119;634.9411;35.5606;10.5475;177.6044;11.0137;28.8686;1504.5663;;;;;;;0;;;;;;;;;;;;;;;;;;;;
20/02/2025 01:43:52.340;;;;;;247997.13;-1;192000;;39.8994;11.0124;634.7810;35.5628;10.5520;177.3032;11.0147;28.8848;1504.5681;51;-0.0121;83;2.9088;81;0.000094922;0;;;;;;;;;;;;;;;;;;;;
20/02/2025 01:43:53.340;;;;;;247997.13;-1;192000;;39.9035;11.0148;634.6345;35.5647;10.5475;177.7295;11.0173;28.8601;1504.5763;50;-0.0242;84;2.9997;81;0.000094922;0;;;;;;;;;;;;;;;;;;;;
20/02/2025 01:43:54.340;;;;;;247997.13;-1;192000;;39.9022;11.0167;634.4775;35.5616;10.5475;177.7779;11.0186;28.8570;1504.5766;50;-0.0242;84;2.9997;85;0.000107170;0;;;;;;;;;;;;;;;;;;;;
20/02/2025 01:43:55.339;;;;;;247997.13;-1;192000;;39.9038;11.0178;634.3171;35.5622;10.5566;177.6992;11.0198;28.8609;1504.5785;50;-0.0242;83;2.9088;81;0.000094922;0;;;;;;;;;;;;;;;;;;;;
20/02/2025 05:50:35.623;117;-1758.580;2837.503;156.500;140.000;248011.92;-1;192000;;48.0555;18.2549;162.0743;36.5592;18.0358;217.1513;18.2536;24.3072;1520.9824;;;;;;;0;;;;;;;;;;;;;;;;;;;;
20/02/2025 05:50:36.623;;;;;;248011.92;-1;192000;;48.0507;18.2536;161.9437;36.5563;18.0378;217.3787;18.2525;24.2981;1520.9731;56;0.0484;76;2.2725;97;0.000143914;0;;;;;;;;;;;;;;;;;;;;
20/02/2025 05:50:37.622;;;;;;248011.92;-1;192000;;48.0488;18.2528;161.8139;36.5554;18.0378;217.0337;18.2523;24.3127;1520.9677;57;0.0605;75;2.1816;101;0.000156162;0;;;;;;;;;;;;;;;;;;;;
20/02/2025 05:50:38.623;;;;;;248011.92;-1;192000;;48.0516;18.2519;161.6746;36.5586;18.0438;217.5437;18.2523;24.2911;1520.9664;58;0.0726;75;2.1816;93;0.000131666;0;;;;;;;;;;;;;;;;;;;;
20/02/2025 05:50:39.623;;;;;;248011.92;-1;192000;;48.0515;18.2514;161.5359;36.5590;18.0438;218.0220;18.2528;24.2708;1520.9631;56;0.0484;76;2.2725;97;0.000143914;0;;;;;;;;;;;;;;;;;;;;
20/02/2025 05:50:40.623;;;;;;248011.92;-1;192000;;48.0505;18.2523;161.4015;36.5574;18.0478;218.0297;18.2517;24.2709;1520.9616;54;0.0242;76;2.2725;92;0.000128604;0;;;;;;;;;;;;;;;;;;;;
20/02/2025 05:50:41.623;;;;;;248011.92;-1;192000;;48.0475;18.2517;161.2658;36.5555;18.0458;216.8619;18.2514;24.3201;1520.9555;55;0.0363;76;2.2725;95;0.000137790;0;;;;;;;;;;;;;;;;;;;;
20/02/2025 05:50:42.623;;;;;;248011.92;-1;192000;;48.0480;18.2506;161.1253;36.5570;18.0498;215.9983;18.2516;24.3563;1520.9517;57;0.0605;75;2.1816;93;0.000131666;0;;;;;;;;;;;;;;;;;;;;
20/02/2025 05:50:43.623;;;;;;248011.92;-1;192000;;48.0493;18.2506;160.9965;36.5581;18.0478;216.8495;18.2519;24.3202;1520.9508;55;0.0363;76;2.2725;95;0.000137790;0;;;;;;;;;;;;;;;;;;;;
20/02/2025 05:50:44.621;;;;;;248011.92;-1;192000;;48.0487;18.2511;160.8592;36.5572;18.0478;217.8370;18.2515;24.2789;1520.9489;;;;;;;0;;;;;;;;;;;;;;;;;;;;
20/02/2025 05:50:45.621;;;;;;248011.92;-1;192000;;48.0487;18.2511;160.7245;36.5573;18.0458;216.7897;18.2514;24.3229;1520.9468;56;0.0484;75;2.1816;94;0.000134728;0;;;;;;;;;;;;;;;;;;;;
20/02/2025 05:50:46.621;;;;;;;248011.92;192000;;48.0482;18.2511;160.5858;36.5569;18.0518;216.4043;18.2513;24.3391;1520.9440;57;0.0605;75;2.1816;91;0.000125542;0;;;;;;;;;;;;;;;;;;;;
20/02/2025 05:50:47.621;;;;;;248011.92;248011.92;192000;;48.0479;18.2508;160.4500;36.5569;18.0558;218.1561;18.2513;24.2654;1520.9409;56;0.0484;76;2.2725;93;0.000131666;0;;;;;;;;;;;;;;;;;;;;
20/02/2025 05:50:48.620;;;;;;248011.92;248011.92;192000;;48.0493;18.2508;160.3131;36.5582;18.0558;217.2985;18.2513;24.3013;1520.9401;56;0.0484;75;2.1816;91;0.000125542;0;;;;;;;;;;;;;;;;;;;;
20/02/2025 05:50:49.620;;;;;;248011.92;248011.92;192000;0;48.0488;18.2512;160.1845;36.5575;18.0578;217.7978;18.2520;24.2801;1520.9383;54;0.0242;75;2.1816;93;0.000131666;0;;;;;;;;;;;;;;;;;;;;
20/02/2025 05:50:50.622;;;;;;248011.93;248011.93;192000;;48.0481;18.2511;160.0501;36.5570;18.0578;218.2524;18.2523;24.2610;1520.9352;56;0.0484;76;2.2725;105;0.000168410;0;;;;;;;;;;;;;;;;;;;;
20/02/2025 05:50:51.623;;;;;;248011.93;248011.93;192000;;48.0488;18.2516;159.9172;36.5572;18.0558;217.0789;18.2531;24.3099;1520.9347;57;0.0605;75;2.1816;93;0.000131666;0;;;;;;;;;;;;;;;;;;;;
20/02/2025 05:50:52.624;;;;;;248011.94;-1;192000;;48.0504;18.2517;159.7861;36.5585;18.0638;216.5523;18.2532;24.3320;1520.9343;57;0.0605;76;2.2725;93;0.000131666;0;;;;;;;;;;;;;;;;;;;;
20/02/2025 05:50:53.623;;;;;;248011.94;-1;192000;;48.0515;18.2525;159.6586;36.5588;18.0598;216.9477;18.2530;24.3153;1520.9348;;;;;;;0;;;;;;;;;;;;;;;;;;;;
20/02/2025 12:49:27.339;100;-1758.702;2835.112;846.700;192.000;248039.92;-1;192000;;37.4264;8.5517;872.6129;35.3292;9.0690;156.4642;8.5553;31.1386;1499.3336;52;0.0000;84;2.9997;77;0.000082674;0;;;;;;;;;;;;;;;;;;;;
20/02/2025 12:49:28.339;;;;;;248039.93;-1;192000;;37.4265;8.5517;872.7543;35.3293;9.0667;156.8872;8.5546;31.1118;1499.3360;50;-0.0242;86;3.1815;78;0.000085736;0;;;;;;;;;;;;;;;;;;;;
20/02/2025 12:49:29.339;;;;;;248039.93;-1;192000;;37.4284;8.5520;872.9151;35.3309;9.0620;156.0391;8.5550;31.1660;1499.3418;51;-0.0121;84;2.9997;79;0.000088798;0;;;;;;;;;;;;;;;;;;;;
20/02/2025 12:49:30.338;;;;;;248039.93;-1;192000;;37.4277;8.5525;873.0547;35.3297;9.0620;156.6715;8.5549;31.1256;1499.3445;51;-0.0121;84;2.9997;80;0.000091860;0;;;;;;;;;;;;;;;;;;;;
20/02/2025 12:49:31.337;;;;;;248039.93;-1;192000;;37.4287;8.5523;873.2001;35.3308;9.0596;156.8001;8.5524;31.1183;1499.3475;50;-0.0242;85;3.0906;76;0.000079612;0;;;;;;;;;;;;;;;;;;;;
20/02/2025 12:49:32.341;;;;;;;248039.93;192000;;37.4254;8.5509;873.3637;35.3286;9.0549;156.3375;8.5514;31.1485;1499.3423;50;-0.0242;85;3.0906;78;0.000085736;0;;;;;;;;;;;;;;;;;;;;
20/02/2025 12:49:33.339;;;;;;248039.93;248039.93;192000;;37.4219;8.5478;873.5046;35.3280;9.0596;156.8646;8.5506;31.1150;1499.3323;50;-0.0242;84;2.9997;77;0.000082674;0;;;;;;;;;;;;;;;;;;;;
20/02/2025 12:49:34.340;;;;;;248039.93;248039.93;192000;;37.4221;8.5475;873.6514;35.3284;9.0549;156.6195;8.5498;31.1311;1499.3341;51;-0.0121;86;3.1815;80;0.000091860;0;;;;;;;;;;;;;;;;;;;;
20/02/2025 12:49:35.339;;;;;;248039.93;248039.93;192000;;37.4208;8.5473;873.8037;35.3271;9.0526;156.5896;8.5496;31.1333;1499.3343;;;;;;;0;;;;;;;;;;;;;;;;;;;;
20/02/2025 12:49:36.339;;;;;;248039.93;-1;192000;;37.4197;8.5471;873.9501;35.3261;9.0479;156.6361;8.5475;31.1312;1499.3347;50;-0.0242;85;3.0906;77;0.000082674;0;;;;;;;;;;;;;;;;;;;;
20/02/2025 12:49:37.339;;;;;;248039.93;-1;192000;;37.4194;8.5454;874.0955;35.3274;9.0432;156.5109;8.5467;31.1395;1499.3324;50;-0.0242;85;3.0906;79;0.000088798;0;;;;;;;;;;;;;;;;;;;;
20/02/2025 12:49:38.340;;;;;;248039.93;-1;192000;;37.4171;8.5444;874.2509;35.3260;9.0479;156.5542;8.5452;31.1374;1499.3295;51;-0.0121;85;3.0906;77;0.000082674;0;;;;;;;;;;;;;;;;;;;;
20/02/2025 12:49:39.339;;;;;;248039.93;-1;192000;;37.4172;8.5434;874.3914;35.3269;9.0479;157.0762;8.5452;31.1039;1499.3292;51;-0.0121;86;3.1815;78;0.000085736;0;;;;;;;;;;;;;;;;;;;;
20/02/2025 12:49:40.343;;;;;;248039.93;-1;192000;;37.4171;8.5429;874.5492;35.3273;9.0432;156.4701;8.5443;31.1432;1499.3305;51;-0.0121;86;3.1815;80;0.000091860;0;;;;;;;;;;;;;;;;;;;;
20/02/2025 12:49:41.337;;;;;;248039.93;-1;192000;;37.4154;8.5420;874.6992;35.3263;9.0455;156.6912;8.5440;31.1292;1499.3284;51;-0.0121;86;3.1815;80;0.000091860;0;;;;;;;;;;;;;;;;;;;;
20/02/2025 12:49:42.336;;;;;;248039.93;-1;192000;;37.4167;8.5416;874.8422;35.3281;9.0408;156.8585;8.5425;31.1189;1499.3315;51;-0.0121;84;2.9997;78;0.000085736;0;;;;;;;;;;;;;;;;;;;;
20/02/2025 12:49:43.336;;;;;;248039.93;-1;192000;0;37.4151;8.5402;874.9823;35.3276;9.0361;156.7085;8.5419;31.1289;1499.3280;50;-0.0242;86;3.1815;78;0.000085736;0;;;;;;;;;;;;;;;;;;;;
20/02/2025 12:49:44.338;;;;;;248039.94;-1;192000;;37.4158;8.5394;875.1306;35.3291;9.0314;156.8960;8.5414;31.1170;1499.3293;;;;;;;0;;;;;;;;;;;;;;;;;;;;
20/02/2025 12:49:45.339;;;;;;248039.94;-1;192000;;37.4137;8.5393;875.2750;35.3270;9.0314;156.5240;8.5406;31.1414;1499.3287;51;-0.0121;86;3.1815;77;0.000082674;0;;;;;;;;;;;;;;;;;;;;
20/02/2025 12:49:46.340;;;;;;248039.94;-1;192000;;37.4131;8.5387;875.4266;35.3269;9.0267;156.8842;8.5396;31.1186;1499.3289;51;-0.0121;84;2.9997;78;0.000085736;0;;;;;;;;;;;;;;;;;;;;
20/02/2025 20:36:56.056;100;-1756.734;2834.799;429.000;259.000;248069.66;-1;192000;;41.2975;12.4170;444.3999;35.6750;12.9256;199.1802;12.4159;27.1835;1506.3796;52;0.0000;83;2.9088;94;0.000134728;0;;;;;;;;;;;;;;;;;;;;
20/02/2025 20:36:57.056;;;;;;248069.66;-1;192000;;41.2948;12.4156;444.5240;35.6737;12.9234;199.0653;12.4155;27.1893;1506.3754;52;0.0000;82;2.8179;81;0.000094922;0;;;;;;;;;;;;;;;;;;;;
20/02/2025 20:36:58.057;;;;;;248069.66;-1;192000;;41.2977;12.4152;444.6649;35.6768;12.9234;198.8774;12.4161;27.1980;1506.3801;49;-0.0363;81;2.7270;84;0.000104108;0;;;;;;;;;;;;;;;;;;;;
20/02/2025 20:36:59.057;;;;;;248069.66;-1;192000;;41.2958;12.4156;444.7905;35.6746;12.9213;199.1595;12.4158;27.1847;1506.3809;;;;;;;0;;;;;;;;;;;;;;;;;;;;
20/02/2025 20:37:00.056;;;;;;248069.66;-1;192000;;41.2973;12.4148;444.9305;35.6767;12.9191;198.9012;12.4149;27.1973;1506.3830;49;-0.0363;82;2.8179;82;0.000097984;0;;;;;;;;;;;;;;;;;;;;
20/02/2025 20:37:01.056;;;;;;248069.66;-1;192000;;41.2947;12.4148;445.0526;35.6741;12.9191;198.9361;12.4132;27.1965;1506.3819;50;-0.0242;82;2.8179;91;0.000125542;0;;;;;;;;;;;;;;;;;;;;
20/02/2025 20:37:02.056;;;;;;248069.66;-1;192000;;41.2922;12.4129;445.1872;35.6735;12.9191;198.9770;12.4111;27.1953;1506.3770;50;-0.0242;82;2.8179;86;0.000110232;0;;;;;;;;;;;;;;;;;;;;
20/02/2025 20:37:03.057;;;;;;248069.66;-1;192000;;41.2896;12.4102;445.3200;35.6734;12.9169;198.6879;12.4093;27.2100;1506.3700;50;-0.0242;82;2.8179;83;0.000101046;0;;;;;;;;;;;;;;;;;;;;
20/02/2025 20:37:04.055;;;;;;248069.66;-1;192000;;41.2864;12.4083;445.4528;35.6720;12.9147;199.1001;12.4085;27.1905;1506.3641;50;-0.0242;82;2.8179;85;0.000107170;0;;;;;;;;;;;;;;;;;;;;
20/02/2025 20:37:05.056;;;;;;248069.66;-1;192000;;41.2854;12.4057;445.5859;35.6736;12.9169;198.8435;12.4042;27.2044;1506.3595;50;-0.0242;82;2.8179;84;0.000104108;0;;;;;;;;;;;;;;;;;;;;
20/02/2025 20:37:06.057;;;;;;248069.66;-1;192000;;41.2809;12.4028;445.7190;35.6719;12.9126;199.4199;12.4007;27.1779;1506.3498;50;-0.0242;82;2.8179;82;0.000097984;0;;;;;;;;;;;;;;;;;;;;
20/02/2025 20:37:07.056;;;;;;248069.66;-1;192000;;41.2769;12.3992;445.8575;35.6713;12.9126;198.0052;12.3971;27.2477;1506.3393;51;-0.0121;82;2.8179;87;0.000113294;0;;;;;;;;;;;;;;;;;;;;
20/02/2025 20:37:08.055;;;;;;248069.66;-1;192000;;41.2698;12.3957;445.9907;35.6678;12.9060;198.5124;12.3867;27.2271;1506.3255;;;;;;;0;;;;;;;;;;;;;;;;;;;;
20/02/2025 20:37:09.054;;;;;;248069.66;-1;192000;;41.2501;12.3849;446.1255;35.6589;12.9104;198.2510;12.3702;27.2463;1506.2806;50;-0.0242;82;2.8179;119;0.000211278;0;;;;;;;;;;;;;;;;;;;;
20/02/2025 20:37:10.053;;;;;;;248069.66;192000;;41.2352;12.3701;446.2614;35.6585;12.9104;198.1027;12.3597;27.2572;1506.2324;52;0.0000;82;2.8179;84;0.000104108;0;;;;;;;;;;;;;;;;;;;;
20/02/2025 20:37:11.053;;;;;;248069.66;248069.66;192000;0;41.2321;12.3581;446.3989;35.6668;12.9060;198.5857;12.3555;27.2347;1506.2041;50;-0.0242;81;2.7270;84;0.000104108;0;;;;;;;;;;;;;;;;;;;;
20/02/2025 20:37:12.056;;;;;;248069.67;248069.67;192000;;41.2313;12.3536;446.5406;35.6702;12.9039;198.4754;12.3598;27.2382;1506.1953;50;-0.0242;82;2.8179;83;0.000101046;0;;;;;;;;;;;;;;;;;;;;
20/02/2025 20:37:13.056;;;;;;248069.67;248069.67;192000;;41.2377;12.3585;446.6812;35.6716;12.9039;198.2273;12.3551;27.2520;1506.2158;51;-0.0121;82;2.8179;84;0.000104108;0;;;;;;;;;;;;;;;;;;;;
20/02/2025 20:37:14.057;;;;;;248069.67;248069.67;192000;;41.2275;12.3540;446.8112;35.6660;12.8995;198.2510;12.3522;27.2522;1506.1961;50;-0.0242;83;2.9088;81;0.000094922;0;;;;;;;;;;;;;;;;;;;;
22/02/2025 02:51:47.994;117;-1800.787;2836.920;648.000;317.000;248188.07;-1;192000;0;39.2302;10.3654;666.9202;35.5028;9.9707;166.9885;10.3680;29.7305;1502.7447;50;-0.0242;85;3.0906;115;0.000199030;;;;;;;;;;;;;;;;;;;;;
22/02/2025 02:51:48.995;;;;;;248188.07;-1;192000;;39.2366;10.3679;666.7758;35.5069;9.9730;166.5428;10.3702;29.7561;1502.7562;50;-0.0242;84;2.9997;77;0.000082674;0;;;;;;;;;;;;;;;;;;;;
22/02/2025 02:51:49.996;;;;;;248188.07;-1;192000;;39.2314;10.3683;666.6261;35.5013;9.9730;167.1334;10.3696;29.7214;1502.7483;51;-0.0121;84;2.9997;79;0.000088798;0;;;;;;;;;;;;;;;;;;;;
22/02/2025 02:51:50.996;;;;;;248188.07;-1;192000;;39.2366;10.3691;666.4794;35.5059;9.9707;167.0764;10.3720;29.7234;1502.7544;52;0.0000;84;2.9997;77;0.000082674;0;;;;;;;;;;;;;;;;;;;;
22/02/2025 02:51:51.996;;;;;;248188.08;-1;192000;;39.2381;10.3713;666.3292;35.5053;9.9730;166.9324;10.3736;29.7315;1502.7590;50;-0.0242;84;2.9997;76;0.000079612;0;;;;;;;;;;;;;;;;;;;;
22/02/2025 02:51:52.996;;;;;;248188.08;-1;192000;;39.2374;10.3714;666.1808;35.5046;9.9799;167.2055;10.3741;29.7150;1502.7560;50;-0.0242;84;2.9997;78;0.000085736;0;;;;;;;;;;;;;;;;;;;;
22/02/2025 02:51:53.996;;;;;;248188.08;-1;192000;;39.2407;10.3730;666.0352;35.5064;9.9776;166.9446;10.3760;29.7297;1502.7615;51;-0.0121;84;2.9997;79;0.000088798;0;;;;;;;;;;;;;;;;;;;;
22/02/2025 02:51:54.996;;;;;;248188.08;-1;192000;;39.2407;10.3744;665.8815;35.5052;9.9776;166.8148;10.3757;29.7376;1502.7625;52;0.0000;85;3.0906;76;0.000079612;0;;;;;;;;;;;;;;;;;;;;
22/02/2025 02:51:55.996;;;;;;248188.08;-1;192000;;39.2409;10.3746;665.7316;35.5052;9.9799;166.6835;10.3761;29.7452;1502.7607;;;;;;;0;;;;;;;;;;;;;;;;;;;;
22/02/2025 02:51:56.996;;;;;;248188.08;-1;192000;;39.2411;10.3751;665.5894;35.5050;9.9730;166.7610;10.3772;29.7401;1502.7599;50;-0.0242;83;2.9088;75;0.000076550;0;;;;;;;;;;;;;;;;;;;;
22/02/2025 02:51:57.996;;;;;;248188.08;-1;192000;;39.2410;10.3757;665.4420;35.5044;9.9822;166.8368;10.3771;29.7357;1502.7589;51;-0.0121;84;2.9997;77;0.000082674;0;;;;;;;;;;;;;;;;;;;;
22/02/2025 02:51:58.995;;;;;;248188.08;-1;192000;;39.2428;10.3762;665.2896;35.5058;9.9868;166.7348;10.3776;29.7415;1502.7598;51;-0.0121;85;3.0906;76;0.000079612;0;;;;;;;;;;;;;;;;;;;;
22/02/2025 02:51:59.994;;;;;;;248188.08;192000;;39.2410;10.3763;665.1359;35.5040;9.9914;166.7893;10.3786;29.7379;1502.7554;50;-0.0242;84;2.9997;77;0.000082674;0;;;;;;;;;;;;;;;;;;;;
22/02/2025 02:52:00.996;;;;;;248188.08;248188.08;192000;;39.2455;10.3774;664.9952;35.5075;9.9938;167.2134;10.3812;29.7114;1502.7613;51;-0.0121;84;2.9997;82;0.000097984;0;;;;;;;;;;;;;;;;;;;;
22/02/2025 02:52:01.996;;;;;;248188.08;248188.08;192000;;39.2433;10.3801;664.8426;35.5027;9.9914;167.0889;10.3809;29.7192;1502.7625;50;-0.0242;83;2.9088;78;0.000085736;0;;;;;;;;;;;;;;;;;;;;
22/02/2025 02:52:02.996;;;;;;248188.08;248188.08;192000;;39.2473;10.3794;664.6986;35.5075;9.9914;167.2772;10.3820;29.7072;1502.7635;51;-0.0121;84;2.9997;74;0.000073488;0;;;;;;;;;;;;;;;;;;;;
22/02/2025 02:52:03.994;;;;;;248188.08;248188.08;192000;;39.2450;10.3804;664.5440;35.5042;9.9914;167.1795;10.3824;29.7130;1502.7605;50;-0.0242;85;3.0906;77;0.000082674;0;;;;;;;;;;;;;;;;;;;;
22/02/2025 02:52:04.993;;;;;;248188.08;-1;192000;;39.2438;10.3803;664.3972;35.5032;9.9914;167.4444;10.3823;29.6973;1502.7565;;;;;;;0;;;;;;;;;;;;;;;;;;;;
22/02/2025 02:52:05.993;;;;;;248188.08;-1;192000;0;39.2489;10.3823;664.2468;35.5065;9.9960;166.6485;10.3844;29.7437;1502.7651;50;-0.0242;83;2.9088;77;0.000082674;0;;;;;;;;;;;;;;;;;;;;
24/02/2025 11:32:44.471;117;-1757.980;2834.843;908.300;163.000;248407.02;248407.02;192000;;37.1327;8.1825;933.2525;35.3582;8.0802;169.7566;8.1838;30.4772;1498.9926;51;-0.0121;85;3.0906;83;0.000101046;0;;;;;;;;;;;;;;;;;;;;
24/02/2025 11:32:45.470;;;;;;248407.02;248407.02;192000;;37.1309;8.1822;933.1034;35.3566;8.0778;169.3482;8.1832;30.5015;1498.9870;;;;;;;;;;;;;;;;;;;;;;;;;;;
24/02/2025 11:32:46.470;;;;;;248407.02;248407.02;192000;;37.1308;8.1807;932.9524;35.3581;8.0754;169.5368;8.1823;30.4906;1498.9807;51;-0.0121;87;3.2724;80;0.000091860;0;;;;;;;;;;;;;;;;;;;;
24/02/2025 11:32:47.470;;;;;;248407.03;248407.03;192000;;37.1283;8.1807;932.8041;35.3555;8.0802;169.0553;8.1818;30.5194;1498.9750;50;-0.0242;86;3.1815;79;0.000088798;;;;;;;;;;;;;;;;;;;;;
24/02/2025 11:32:48.470;;;;;;248407.03;248407.03;192000;;37.1308;8.1796;932.6549;35.3593;8.0778;169.2071;8.1814;30.5103;1498.9732;52;0.0000;88;3.3633;81;0.000094922;;;;;;;;;;;;;;;;;;;;;
24/02/2025 11:32:49.467;;;;;;248407.03;-1;192000;;37.1294;8.1807;932.5072;35.3568;8.0802;169.5454;8.1815;30.4903;1498.9718;50;-0.0242;87;3.2724;77;0.000082674;0;;;;;;;;;;;;;;;;;;;;
24/02/2025 11:32:50.468;;;;;;248407.03;-1;192000;0;37.1318;8.1807;932.3523;35.3595;8.0826;169.3502;8.1823;30.5013;1498.9725;50;-0.0242;87;3.2724;81;0.000094922;;;;;;;;;;;;;;;;;;;;;
24/02/2025 11:32:51.473;;;;;;248407.04;-1;192000;;37.1299;8.1799;932.1923;35.3583;8.0826;169.3130;8.1810;30.5041;1498.9654;52;0.0000;87;3.2724;84;0.000104108;;;;;;;;;;;;;;;;;;;;;
24/02/2025 11:32:52.470;;;;;;248407.04;-1;192000;;37.1291;8.1795;932.0418;35.3579;8.0826;169.3541;8.1808;30.5017;1498.9609;50;-0.0242;86;3.1815;90;0.000122480;;;;;;;;;;;;;;;;;;;;;
24/02/2025 11:32:53.470;;;;;;248407.04;-1;192000;;37.1289;8.1795;931.9024;35.3578;8.0850;169.8910;8.1802;30.4702;1498.9585;51;-0.0121;85;3.0906;93;0.000131666;;;;;;;;;;;;;;;;;;;;;
24/02/2025 11:32:54.470;;;;;;248407.04;-1;192000;;37.1269;8.1784;931.7455;35.3568;8.0874;169.4747;8.1795;30.4950;1498.9505;;;;;;;0;;;;;;;;;;;;;;;;;;;;
24/02/2025 11:32:55.473;;;;;;248407.04;-1;192000;;37.1255;8.1782;931.5884;35.3556;8.0898;169.3895;8.1797;30.5000;1498.9456;50;-0.0242;86;3.1815;80;0.000091860;0;;;;;;;;;;;;;;;;;;;;
24/02/2025 11:32:56.470;;;;;;248407.04;-1;192000;;37.1276;8.1777;931.4441;35.3584;8.0874;170.0100;8.1791;30.4634;1498.9449;51;-0.0121;87;3.2724;81;0.000094922;;;;;;;;;;;;;;;;;;;;;
24/02/2025 11:32:57.470;;;;;;248407.04;-1;192000;;37.1254;8.1777;931.2943;35.3561;8.0874;169.9509;8.1788;30.4670;1498.9395;51;-0.0121;86;3.1815;79;0.000088798;0;;;;;;;;;;;;;;;;;;;;
24/02/2025 11:32:58.469;;;;;;248407.04;-1;192000;;37.1266;8.1775;931.1362;35.3577;8.0922;169.2941;8.1796;30.5054;1498.9381;50;-0.0242;86;3.1815;79;0.000088798;;;;;;;;;;;;;;;;;;;;;
24/02/2025 11:32:59.470;;;;;;248407.04;-1;192000;;37.1258;8.1790;930.9916;35.3554;8.0850;169.5738;8.1805;30.4887;1498.9385;50;-0.0242;85;3.0906;79;0.000088798;0;;;;;;;;;;;;;;;;;;;;
24/02/2025 11:33:00.470;;;;;;248407.04;-1;192000;;37.1306;8.1782;930.8343;35.3613;8.0874;169.4703;8.1805;30.4943;1498.9403;50;-0.0242;86;3.1815;80;0.000091860;;;;;;;;;;;;;;;;;;;;;
24/02/2025 11:33:01.470;;;;;;248407.04;-1;192000;;37.1319;8.1815;930.6865;35.3596;8.0874;169.9339;8.1832;30.4660;1498.9481;52;0.0000;86;3.1815;78;0.000085736;;;;;;;;;;;;;;;;;;;;;
24/02/2025 11:33:02.471;;;;;;248407.04;-1;192000;;37.1319;8.1830;930.5260;35.3580;8.0898;169.3865;8.1843;30.4980;1498.9491;50;-0.0242;86;3.1815;80;0.000091860;0;;;;;;;;;;;;;;;;;;;;
25/02/2025 07:22:45.885;100;-1759.090;2835.732;777.000;309.000;248483.61;-1;192000;;38.0220;9.1525;800.5648;35.3911;9.4778;159.9110;9.1515;30.6675;1500.4380;52;0.0000;86;3.1815;77;0.000082674;;;;;;;;;;;;;;;;;;;;;
25/02/2025 07:22:46.885;;;;;;248483.61;-1;192000;;38.0197;9.1502;800.6897;35.3909;9.4755;160.4030;9.1512;30.6368;1500.4314;50;-0.0242;85;3.0906;80;0.000091860;0;;;;;;;;;;;;;;;;;;;;
25/02/2025 07:22:47.885;;;;;;248483.61;-1;192000;;38.0189;9.1500;800.8131;35.3901;9.4778;159.5081;9.1499;30.6935;1500.4317;;;;;;;0;;;;;;;;;;;;;;;;;;;;
25/02/2025 07:22:48.884;;;;;;248483.61;-1;192000;;38.0220;9.1480;800.9351;35.3954;9.4755;159.9100;9.1504;30.6678;1500.4329;50;-0.0242;86;3.1815;79;0.000088798;0;;;;;;;;;;;;;;;;;;;;
25/02/2025 07:22:49.883;;;;;;248483.61;-1;192000;;38.0182;9.1489;801.0598;35.3904;9.4755;160.4932;9.1496;30.6319;1500.4321;51;-0.0121;85;3.0906;80;0.000091860;0;;;;;;;;;;;;;;;;;;;;
25/02/2025 07:22:50.882;;;;;;248483.61;-1;192000;;38.0175;9.1484;801.1850;35.3901;9.4732;160.2134;9.1492;30.6496;1500.4320;49;-0.0363;85;3.0906;78;0.000085736;0;;;;;;;;;;;;;;;;;;;;
25/02/2025 07:22:51.883;;;;;;248483.61;-1;192000;0;38.0181;9.1479;801.3094;35.3911;9.4732;160.2398;9.1493;30.6479;1500.4335;51;-0.0121;86;3.1815;78;0.000085736;0;;;;;;;;;;;;;;;;;;;;
25/02/2025 07:22:52.887;;;;;;;248483.61;192000;;38.0229;9.1483;801.4341;35.3958;9.4732;160.3526;9.1509;30.6399;1500.4428;50;-0.0242;85;3.0906;83;0.000101046;0;;;;;;;;;;;;;;;;;;;;
25/02/2025 07:22:53.885;;;;;;248483.61;248483.61;192000;;38.0189;9.1496;801.5612;35.3903;9.4755;160.1770;9.1492;30.6520;1500.4429;52;0.0000;86;3.1815;80;0.000091860;0;;;;;;;;;;;;;;;;;;;;
25/02/2025 07:22:54.885;;;;;;248483.61;248483.61;192000;;38.0194;9.1487;801.6846;35.3916;9.4755;160.2195;9.1496;30.6492;1500.4432;50;-0.0242;87;3.2724;78;0.000085736;0;;;;;;;;;;;;;;;;;;;;
25/02/2025 07:22:55.886;;;;;;248483.62;248483.62;192000;;38.0212;9.1489;801.8121;35.3932;9.4685;159.7578;9.1491;30.6782;1500.4480;51;-0.0121;85;3.0906;78;0.000085736;;;;;;;;;;;;;;;;;;;;;
25/02/2025 07:22:56.884;;;;;;248483.62;248483.62;192000;;38.0196;9.1484;801.9415;35.3920;9.4708;159.8888;9.1487;30.6703;1500.4469;53;0.0121;86;3.1815;79;0.000088798;0;;;;;;;;;;;;;;;;;;;;
25/02/2025 07:22:57.885;;;;;;248483.62;248483.62;192000;;38.0178;9.1478;802.0626;35.3906;9.4685;159.6984;9.1485;30.6824;1500.4449;;;;;;;0;;;;;;;;;;;;;;;;;;;;
25/02/2025 07:22:58.885;;;;;;248483.62;248483.62;192000;;38.0196;9.1478;802.1837;35.3925;9.4708;160.4184;9.1497;30.6367;1500.4493;51;-0.0121;85;3.0906;79;0.000088798;0;;;;;;;;;;;;;;;;;;;;
25/02/2025 07:22:59.885;;;;;;248483.62;-1;192000;;38.0220;9.1495;802.3131;35.3933;9.4685;160.0363;9.1505;30.6604;1500.4587;50;-0.0242;85;3.0906;81;0.000094922;;;;;;;;;;;;;;;;;;;;;
25/02/2025 07:23:00.885;;;;;;248483.62;-1;192000;;38.0180;9.1492;802.4448;35.3894;9.4685;159.4761;9.1489;30.6965;1500.4549;51;-0.0121;85;3.0906;80;0.000091860;;;;;;;;;;;;;;;;;;;;;
25/02/2025 07:23:01.885;;;;;;248483.62;-1;192000;;38.0176;9.1485;802.5728;35.3896;9.4639;159.7655;9.1479;30.6787;1500.4547;51;-0.0121;85;3.0906;81;0.000094922;0;;;;;;;;;;;;;;;;;;;;
25/02/2025 08:02:10.885;117;-1759.455;2836.053;887.800;314.000;248486.52;248486.53;192000;;37.3309;8.3984;912.4115;35.3626;8.2739;166.9235;8.3997;30.5574;1499.4621;51;-0.0121;85;3.0906;84;0.000104108;;;;;;;;;;;;;;;;;;;;;
25/02/2025 08:02:11.885;;;;;;248486.53;248486.53;192000;;37.3240;8.3989;912.2462;35.3549;8.2715;166.7580;8.4025;30.5667;1499.4516;53;0.0121;86;3.1815;118;0.000208216;;;;;;;;;;;;;;;;;;;;;
25/02/2025 08:02:12.885;;;;;;248486.53;248486.53;192000;;37.3329;8.4022;912.0969;35.3611;8.2739;166.4978;8.4042;30.5813;1499.4692;;;;;;;;;;;;;;;;;;;;;;;;;;;
25/02/2025 08:02:13.885;;;;;;248486.53;-1;192000;;37.3307;8.4035;911.9353;35.3575;8.2739;166.9223;8.4047;30.5557;1499.4669;50;-0.0242;85;3.0906;79;0.000088798;0;;;;;;;;;;;;;;;;;;;;
25/02/2025 08:02:14.886;;;;;;248486.53;-1;192000;;37.3333;8.4033;911.7927;35.3606;8.2787;167.0091;8.4045;30.5504;1499.4676;53;0.0121;86;3.1815;81;0.000094922;0;;;;;;;;;;;;;;;;;;;;
25/02/2025 08:02:15.885;;;;;;248486.53;-1;192000;;37.3352;8.4032;911.6393;35.3628;8.2763;166.9282;8.4044;30.5551;1499.4675;51;-0.0121;86;3.1815;82;0.000097984;;;;;;;;;;;;;;;;;;;;;
25/02/2025 08:02:16.885;;;;;;248486.53;-1;192000;;37.3368;8.4031;911.4873;35.3645;8.2787;166.9741;8.4042;30.5523;1499.4667;50;-0.0242;87;3.2724;81;0.000094922;;;;;;;;;;;;;;;;;;;;;
25/02/2025 08:02:17.885;;;;;;248486.53;-1;192000;;37.3327;8.4033;911.3408;35.3602;8.2763;166.4503;8.4048;30.5837;1499.4597;51;-0.0121;86;3.1815;79;0.000088798;;;;;;;;;;;;;;;;;;;;;
25/02/2025 08:02:18.883;;;;;;248486.53;-1;192000;;37.3397;8.4037;911.1930;35.3672;8.2763;167.1733;8.4050;30.5397;1499.4674;50;-0.0242;85;3.0906;81;0.000094922;0;;;;;;;;;;;;;;;;;;;;
25/02/2025 08:02:19.882;;;;;;248486.53;-1;192000;0;37.3286;8.4042;911.0287;35.3550;8.2763;167.5360;8.4054;30.5186;1499.4514;52;0.0000;86;3.1815;81;0.000094922;0;;;;;;;;;;;;;;;;;;;;
25/02/2025 08:02:20.884;;;;;;248486.54;-1;192000;;37.3303;8.4035;910.8808;35.3576;8.2763;166.6825;8.4048;30.5698;1499.4496;51;-0.0121;85;3.0906;78;0.000085736;0;;;;;;;;;;;;;;;;;;;;
25/02/2025 08:02:21.885;;;;;;248486.54;-1;192000;;37.3374;8.4033;910.7262;35.3654;8.2835;166.6130;8.4046;30.5735;1499.4559;;;;;;;0;;;;;;;;;;;;;;;;;;;;
25/02/2025 08:02:22.885;;;;;;248486.54;-1;192000;;37.3381;8.4030;910.5594;35.3665;8.2835;167.1229;8.4044;30.5428;1499.4534;50;-0.0242;85;3.0906;79;0.000088798;;;;;;;;;;;;;;;;;;;;;
25/02/2025 08:02:23.885;;;;;;248486.54;-1;192000;;37.3409;8.4027;910.4090;35.3698;8.2787;166.3647;8.4043;30.5881;1499.4539;49;-0.0363;85;3.0906;82;0.000097984;0;;;;;;;;;;;;;;;;;;;;
25/02/2025 08:02:24.884;;;;;;248486.54;-1;192000;;37.3457;8.4032;910.2454;35.3745;8.2787;166.7380;8.4051;30.5650;1499.4589;50;-0.0242;86;3.1815;78;0.000085736;;;;;;;;;;;;;;;;;;;;;
25/02/2025 08:02:25.886;;;;;;248486.54;-1;192000;;37.3332;8.4046;910.0975;35.3599;8.2787;166.7850;8.4061;30.5627;1499.4436;51;-0.0121;86;3.1815;79;0.000088798;0;;;;;;;;;;;;;;;;;;;;
25/02/2025 08:02:26.884;;;;;;248486.55;-1;192000;;37.3388;8.4058;909.9423;35.3647;8.2835;166.5593;8.4073;30.5756;1499.4514;51;-0.0121;86;3.1815;79;0.000088798;0;;;;;;;;;;;;;;;;;;;;
25/02/2025 08:02:27.885;;;;;;248486.55;-1;192000;;37.3441;8.4056;909.7952;35.3706;8.2835;166.5044;8.4073;30.5783;1499.4556;50;-0.0242;86;3.1815;78;0.000085736;;;;;;;;;;;;;;;;;;;;;
25/02/2025 08:02:28.884;;;;;;248486.55;-1;192000;;37.3372;8.4054;909.6487;35.3636;8.2859;166.9829;8.4069;30.5502;1499.4437;51;-0.0121;86;3.1815;81;0.000094922;;;;;;;;;;;;;;;;;;;;;
26/02/2025 22:58:19.470;100;-1758.785;2835.339;680.900;137.000;248636.88;-1;192000;;38.2655;9.4368;702.2198;35.4082;9.8532;159.0818;9.4375;30.5801;1499.8712;;;;;;;0;;;;;;;;;;;;;;;;;;;;
26/02/2025 22:58:20.470;;;;;;248636.89;-1;192000;;38.2647;9.4368;702.3605;35.4073;9.8485;159.4189;9.4374;30.5589;1499.8724;51;-0.0121;86;3.1815;78;0.000085736;0;;;;;;;;;;;;;;;;;;;;
26/02/2025 22:58:21.470;;;;;;248636.89;-1;192000;;38.2667;9.4367;702.4920;35.4094;9.8508;159.7840;9.4372;30.5360;1499.8768;51;-0.0121;85;3.0906;78;0.000085736;0;;;;;;;;;;;;;;;;;;;;
26/02/2025 22:58:22.470;;;;;;248636.89;-1;192000;;38.2641;9.4364;702.6291;35.4069;9.8462;159.8252;9.4349;30.5345;1499.8749;51;-0.0121;85;3.0906;82;0.000097984;0;;;;;;;;;;;;;;;;;;;;
26/02/2025 22:58:23.470;;;;;;248636.9;-1;192000;;38.2523;9.4317;702.7596;35.3993;9.8439;159.7616;9.4270;30.5420;1499.8506;50;-0.0242;85;3.0906;75;0.000076550;0;;;;;;;;;;;;;;;;;;;;
26/02/2025 22:58:24.470;;;;;;248636.9;-1;192000;;38.2530;9.4249;702.8873;35.4066;9.8439;160.1876;9.4244;30.5158;1499.8369;51;-0.0121;86;3.1815;77;0.000082674;0;;;;;;;;;;;;;;;;;;;;
26/02/2025 22:58:25.470;;;;;;248636.9;-1;192000;;38.2482;9.4220;703.0209;35.4045;9.8416;159.3452;9.4219;30.5698;1499.8260;51;-0.0121;84;2.9997;77;0.000082674;0;;;;;;;;;;;;;;;;;;;;
26/02/2025 22:58:26.470;;;;;;248636.9;-1;192000;;38.2500;9.4204;703.1445;35.4079;9.8393;159.6160;9.4232;30.5521;1499.8264;50;-0.0242;85;3.0906;82;0.000097984;0;;;;;;;;;;;;;;;;;;;;
26/02/2025 22:58:27.470;;;;;;248636.9;-1;192000;;38.2512;9.4226;703.2814;35.4069;9.8393;159.3935;9.4237;30.5661;1499.8354;51;-0.0121;84;2.9997;78;0.000085736;0;;;;;;;;;;;;;;;;;;;;
26/02/2025 22:58:28.470;;;;;;248636.9;-1;192000;;38.2506;9.4222;703.4081;35.4066;9.8347;159.4409;9.4237;30.5631;1499.8357;;;;;;;0;;;;;;;;;;;;;;;;;;;;
26/02/2025 22:58:29.470;;;;;;248636.9;-1;192000;;38.2570;9.4223;703.5461;35.4130;9.8347;159.3252;9.4289;30.5680;1499.8462;51;-0.0121;84;2.9997;80;0.000091860;0;;;;;;;;;;;;;;;;;;;;
26/02/2025 22:58:30.470;;;;;;248636.9;-1;192000;;38.2616;9.4300;703.6752;35.4101;9.8324;159.7120;9.4317;30.5428;1499.8728;52;0.0000;84;2.9997;76;0.000079612;0;;;;;;;;;;;;;;;;;;;;
26/02/2025 22:58:31.470;;;;;;248636.9;-1;192000;;38.2573;9.4313;703.8100;35.4043;9.8301;160.1964;9.4276;30.5146;1499.8727;50;-0.0242;86;3.1815;77;0.000082674;0;;;;;;;;;;;;;;;;;;;;
26/02/2025 22:58:32.471;;;;;;;248636.9;192000;;38.2505;9.4259;703.9361;35.4026;9.8393;159.6483;9.4231;30.5507;1499.8530;51;-0.0121;84;2.9997;79;0.000088798;0;;;;;;;;;;;;;;;;;;;;
26/02/2025 22:58:33.470;;;;;;248636.9;248636.9;192000;;38.2477;9.4206;704.0727;35.4048;9.8301;159.4539;9.4201;30.5639;1499.8387;52;0.0000;85;3.0906;80;0.000091860;0;;;;;;;;;;;;;;;;;;;;
26/02/2025 22:58:34.469;;;;;;248636.9;248636.9;192000;;38.2481;9.4190;704.2064;35.4068;9.8324;160.1613;9.4190;30.5199;1499.8375;51;-0.0121;86;3.1815;78;0.000085736;0;;;;;;;;;;;;;;;;;;;;
26/02/2025 22:58:35.469;;;;;;248636.9;248636.9;192000;;38.2433;9.4169;704.3387;35.4038;9.8278;159.3584;9.4173;30.5712;1499.8283;51;-0.0121;87;3.2724;77;0.000082674;0;;;;;;;;;;;;;;;;;;;;
26/02/2025 22:58:36.469;;;;;;248636.9;248636.91;192000;0;38.2452;9.4172;704.4670;35.4054;9.8278;159.1906;9.4174;30.5817;1499.8335;51;-0.0121;84;2.9997;78;0.000085736;0;;;;;;;;;;;;;;;;;;;;
26/02/2025 22:58:37.469;;;;;;248636.91;248636.91;192000;;38.2429;9.4155;704.6074;35.4047;9.8208;159.3540;9.4157;30.5721;1499.8288;;;;;;;0;;;;;;;;;;;;;;;;;;;;
26/02/2025 22:58:38.469;;;;;;248636.91;248636.91;192000;;38.2443;9.4145;704.7328;35.4070;9.8278;159.4937;9.4158;30.5631;1499.8301;50;-0.0242;84;2.9997;79;0.000088798;0;;;;;;;;;;;;;;;;;;;;
28/02/2025 04:47:01.464;117;-1803.059;2839.603;232.800;159.000;248753.61;248753.61;192000;;43.8442;14.7359;240.7481;35.9908;14.0056;208.2304;14.7383;25.8820;1510.9715;50;-0.0242;80;2.6361;83;0.000101046;0;;;;;;;;;;;;;;;;;;;;
28/02/2025 04:47:02.464;;;;;;248753.62;248753.62;192000;;43.8499;14.7378;240.5795;35.9943;14.0141;209.7177;14.7402;25.8142;1510.9789;50;-0.0242;81;2.7270;93;0.000131666;0;;;;;;;;;;;;;;;;;;;;
28/02/2025 04:47:03.462;;;;;;248753.62;248753.62;192000;;43.8457;14.7398;240.4217;35.9888;14.0141;208.5412;14.7428;25.8665;1510.9762;51;-0.0121;80;2.6361;84;0.000104108;0;;;;;;;;;;;;;;;;;;;;
28/02/2025 04:47:04.463;;;;;;248753.62;248753.62;192000;0;43.8510;14.7427;240.2632;35.9909;14.0163;209.0195;14.7452;25.8440;1510.9852;;;;;;;0;;;;;;;;;;;;;;;;;;;;
28/02/2025 04:47:05.464;;;;;;248753.63;248753.64;192000;;43.8570;14.7450;240.0947;35.9944;14.0184;209.1346;14.7479;25.8376;1510.9938;50;-0.0242;81;2.7270;84;0.000104108;0;;;;;;;;;;;;;;;;;;;;
28/02/2025 04:47:06.465;;;;;;248753.64;248753.64;192000;;43.8572;14.7474;239.9274;35.9924;14.0248;208.3857;14.7498;25.8708;1510.9963;50;-0.0242;81;2.7270;83;0.000101046;0;;;;;;;;;;;;;;;;;;;;
28/02/2025 04:47:07.463;;;;;;248753.64;248753.64;192000;;43.8622;14.7494;239.7733;35.9953;14.0248;208.9243;14.7525;25.8454;1511.0035;50;-0.0242;80;2.6361;83;0.000101046;0;;;;;;;;;;;;;;;;;;;;
28/02/2025 04:47:08.463;;;;;;248753.64;248753.64;192000;;43.8640;14.7522;239.6077;35.9944;14.0290;208.7897;14.7562;25.8502;1511.0086;50;-0.0242;80;2.6361;86;0.000110232;0;;;;;;;;;;;;;;;;;;;;
28/02/2025 04:47:09.463;;;;;;248753.64;248753.64;192000;;43.8736;14.7568;239.4394;35.9991;14.0290;209.2619;14.7633;25.8263;1511.0259;50;-0.0242;79;2.5452;83;0.000101046;0;;;;;;;;;;;;;;;;;;;;
28/02/2025 04:47:10.464;;;;;;248753.64;248753.64;192000;;43.8837;14.7651;239.2865;36.0008;14.0333;209.6482;14.7710;25.8062;1511.0517;50;-0.0242;80;2.6361;83;0.000101046;0;;;;;;;;;;;;;;;;;;;;
28/02/2025 04:47:11.465;;;;;;248753.64;248753.64;192000;;43.8955;14.7746;239.1217;36.0028;14.0354;208.9165;14.7820;25.8351;1511.0814;50;-0.0242;81;2.7270;84;0.000104108;0;;;;;;;;;;;;;;;;;;;;
28/02/2025 04:47:12.465;;;;;;248753.64;-1;192000;;43.9102;14.7854;238.9543;36.0065;14.0418;208.6008;14.7911;25.8461;1511.1172;51;-0.0121;80;2.6361;83;0.000101046;0;;;;;;;;;;;;;;;;;;;;
28/02/2025 04:47:13.464;;;;;;248753.64;-1;192000;;43.9057;14.7931;238.7919;35.9953;14.0439;208.5071;14.7951;25.8496;1511.1258;50;-0.0242;81;2.7270;83;0.000101046;0;;;;;;;;;;;;;;;;;;;;
28/02/2025 04:47:14.464;;;;;;248753.64;-1;192000;;43.9131;14.7953;238.6274;36.0001;14.0461;208.1869;14.7971;25.8631;1511.1357;;;;;;;0;;;;;;;;;;;;;;;;;;;;
28/02/2025 04:47:15.463;;;;;;248753.64;-1;192000;;43.9162;14.7969;238.4618;36.0016;14.0503;208.6694;14.7982;25.8408;1511.1397;50;-0.0242;80;2.6361;86;0.000110232;0;;;;;;;;;;;;;;;;;;;;
28/02/2025 04:47:16.463;;;;;;248753.64;-1;192000;;43.9143;14.7975;238.3062;35.9993;14.0524;208.6000;14.7987;25.8439;1511.1364;50;-0.0242;80;2.6361;83;0.000101046;0;;;;;;;;;;;;;;;;;;;;
28/02/2025 04:47:17.463;;;;;;248753.64;-1;192000;;43.9143;14.7980;238.1391;35.9989;14.0546;208.1220;14.7995;25.8652;1511.1347;52;0.0000;81;2.7270;84;0.000104108;0;;;;;;;;;;;;;;;;;;;;
28/02/2025 04:47:18.465;;;;;;248753.64;-1;192000;;43.9172;14.7987;237.9793;36.0009;14.0567;208.8476;14.8009;25.8318;1511.1366;50;-0.0242;81;2.7270;83;0.000101046;0;;;;;;;;;;;;;;;;;;;;
28/02/2025 04:47:19.464;;;;;;248753.64;-1;192000;;43.9193;14.8001;237.8148;36.0017;14.0589;208.2754;14.8023;25.8570;1511.1393;52;0.0000;79;2.5452;82;0.000097984;0;;;;;;;;;;;;;;;;;;;;
28/02/2025 10:53:19.464;100;-1800.590;2836.498;671.800;130.000;248776.09;-1;192000;;39.2297;10.3605;692.5772;35.4957;10.7768;168.9967;10.3614;29.6225;1503.1430;50;-0.0242;86;3.1815;77;0.000082674;0;;;;;;;;;;;;;;;;;;;;
28/02/2025 10:53:20.464;;;;;;248776.09;-1;192000;;39.2303;10.3603;692.6858;35.4965;10.7745;168.8377;10.3615;29.6318;1503.1451;52;0.0000;84;2.9997;78;0.000085736;0;;;;;;;;;;;;;;;;;;;;
28/02/2025 10:53:21.463;;;;;;248776.09;-1;192000;;39.2288;10.3604;692.7999;35.4948;10.7699;169.3174;10.3614;29.6038;1503.1453;51;-0.0121;85;3.0906;77;0.000082674;0;;;;;;;;;;;;;;;;;;;;
28/02/2025 10:53:22.462;;;;;;248776.09;-1;192000;;39.2293;10.3605;692.9207;35.4952;10.7677;169.2064;10.3598;29.6109;1503.1481;50;-0.0242;83;2.9088;80;0.000091860;0;;;;;;;;;;;;;;;;;;;;
28/02/2025 10:53:23.462;;;;;;;248776.09;192000;;39.2273;10.3593;693.0340;35.4943;10.7699;169.1521;10.3591;29.6145;1503.1446;51;-0.0121;84;2.9997;78;0.000085736;0;;;;;;;;;;;;;;;;;;;;
28/02/2025 10:53:24.462;;;;;;248776.09;248776.1;192000;;39.2271;10.3584;693.1548;35.4949;10.7677;169.3270;10.3588;29.6043;1503.1441;;;;;;;0;;;;;;;;;;;;;;;;;;;;
28/02/2025 10:53:25.462;;;;;;248776.1;248776.11;192000;0;39.2263;10.3575;693.2725;35.4949;10.7632;169.2702;10.3582;29.6079;1503.1429;50;-0.0242;86;3.1815;78;0.000085736;0;;;;;;;;;;;;;;;;;;;;
28/02/2025 10:53:26.464;;;;;;248776.11;248776.11;192000;;39.2253;10.3567;693.3911;35.4946;10.7632;169.4053;10.3575;29.6002;1503.1416;50;-0.0242;85;3.0906;77;0.000082674;0;;;;;;;;;;;;;;;;;;;;
28/02/2025 10:53:27.464;;;;;;248776.11;248776.11;192000;;39.2241;10.3564;693.5087;35.4936;10.7632;169.3246;10.3577;29.6050;1503.1413;50;-0.0242;84;2.9997;83;0.000101046;0;;;;;;;;;;;;;;;;;;;;
28/02/2025 10:53:28.464;;;;;;248776.11;248776.11;192000;;39.2248;10.3567;693.6199;35.4940;10.7609;168.9177;10.3575;29.6290;1503.1447;51;-0.0121;84;2.9997;82;0.000097984;0;;;;;;;;;;;;;;;;;;;;
28/02/2025 10:53:29.464;;;;;;248776.11;248776.11;192000;;39.2256;10.3562;693.7427;35.4952;10.7564;169.4638;10.3582;29.5966;1503.1464;50;-0.0242;85;3.0906;79;0.000088798;0;;;;;;;;;;;;;;;;;;;;
28/02/2025 10:53:30.464;;;;;;248776.11;248776.11;192000;;39.2246;10.3569;693.8551;35.4935;10.7609;169.3343;10.3583;29.6044;1503.1487;52;0.0000;84;2.9997;79;0.000088798;0;;;;;;;;;;;;;;;;;;;;
28/02/2025 10:53:31.464;;;;;;248776.11;248776.11;192000;;39.2273;10.3572;693.9733;35.4959;10.7586;168.9595;10.3557;29.6272;1503.1546;51;-0.0121;84;2.9997;77;0.000082674;0;;;;;;;;;;;;;;;;;;;;
28/02/2025 10:53:32.463;;;;;;248776.11;248776.11;192000;;39.2240;10.3547;694.0871;35.4950;10.7541;169.2746;10.3542;29.6094;1503.1465;51;-0.0121;83;2.9088;82;0.000097984;0;;;;;;;;;;;;;;;;;;;;
28/02/2025 10:53:33.464;;;;;;248776.11;248776.11;192000;;39.2215;10.3530;694.2055;35.4940;10.7541;169.1637;10.3521;29.6167;1503.1412;50;-0.0242;85;3.0906;79;0.000088798;0;;;;;;;;;;;;;;;;;;;;
28/02/2025 10:53:34.464;;;;;;248776.11;248776.11;192000;;39.2214;10.3507;694.3229;35.4960;10.7518;169.1877;10.3512;29.6156;1503.1374;;;;;;;0;;;;;;;;;;;;;;;;;;;;
28/02/2025 10:53:35.464;;;;;;248776.11;248776.11;192000;;39.2189;10.3501;694.4390;35.4940;10.7518;168.7252;10.3490;29.6439;1503.1348;51;-0.0121;85;3.0906;78;0.000085736;0;;;;;;;;;;;;;;;;;;;;
28/02/2025 10:53:36.465;;;;;;248776.11;248776.11;192000;;39.2161;10.3479;694.5482;35.4934;10.7473;169.6277;10.3486;29.5909;1503.1280;52;0.0000;84;2.9997;78;0.000085736;0;;;;;;;;;;;;;;;;;;;;
28/02/2025 10:53:37.464;;;;;;248776.11;-1;192000;;39.2169;10.3475;694.6716;35.4945;10.7496;169.3896;10.3483;29.6050;1503.1300;50;-0.0242;84;2.9997;78;0.000085736;0;;;;;;;;;;;;;;;;;;;;
28/02/2025 10:53:38.463;;;;;;248776.11;-1;192000;;39.2170;10.3472;694.7826;35.4947;10.7518;169.1954;10.3486;29.6163;1503.1310;50;-0.0242;86;3.1815;78;0.000085736;0;;;;;;;;;;;;;;;;;;;;
02/03/2025 19:10:07.530;117;-1757.931;2834.557;853.300;159.000;248944.74;248944.74;192000;;37.0944;8.2207;877.3253;35.3051;8.1736;161.3158;8.2225;30.9607;1498.1440;49;-0.0363;86;3.1815;78;0.000085736;0;;;;;;;;;;;;;;;;;;;;
02/03/2025 19:10:08.531;;;;;;248944.75;248944.75;192000;;37.0937;8.2206;877.1445;35.3045;8.1783;161.7221;8.2226;30.9353;1498.1398;50;-0.0242;86;3.1815;76;0.000079612;0;;;;;;;;;;;;;;;;;;;;
02/03/2025 19:10:09.531;;;;;;248944.75;248944.75;192000;;37.0931;8.2211;876.9855;35.3034;8.1736;161.9059;8.2226;30.9238;1498.1377;50;-0.0242;87;3.2724;78;0.000085736;0;;;;;;;;;;;;;;;;;;;;
02/03/2025 19:10:10.530;;;;;;248944.75;248944.75;192000;;37.0958;8.2210;876.8149;35.3066;8.1783;161.5320;8.2228;30.9467;1498.1385;50;-0.0242;85;3.0906;79;0.000088798;;;;;;;;;;;;;;;;;;;;;
02/03/2025 19:10:11.529;;;;;;248944.75;248944.75;192000;;37.0969;8.2213;876.6457;35.3074;8.1783;161.4739;8.2231;30.9502;1498.1378;51;-0.0121;86;3.1815;78;0.000085736;;;;;;;;;;;;;;;;;;;;;
02/03/2025 19:10:12.532;;;;;;248944.75;248944.75;192000;;37.0965;8.2216;876.4764;35.3068;8.1807;162.0252;8.2232;30.9158;1498.1354;;;;;;;0;;;;;;;;;;;;;;;;;;;;
02/03/2025 19:10:13.529;;;;;;248944.75;248944.75;192000;;37.0941;8.2216;876.3193;35.3044;8.1736;161.1868;8.2233;30.9681;1498.1298;51;-0.0121;88;3.3633;78;0.000085736;0;;;;;;;;;;;;;;;;;;;;
02/03/2025 19:10:14.529;;;;;;248944.75;248944.75;192000;;37.0960;8.2218;876.1517;35.3062;8.1760;161.3575;8.2234;30.9572;1498.1300;50;-0.0242;86;3.1815;77;0.000082674;0;;;;;;;;;;;;;;;;;;;;
02/03/2025 19:10:15.529;;;;;;248944.75;248944.75;192000;;37.0969;8.2218;875.9930;35.3073;8.1760;161.2590;8.2234;30.9633;1498.1288;50;-0.0242;85;3.0906;78;0.000085736;0;;;;;;;;;;;;;;;;;;;;
02/03/2025 19:10:16.527;;;;;;248944.75;248944.75;192000;;37.0943;8.2216;875.8257;35.3048;8.1760;161.8477;8.2235;30.9267;1498.1221;51;-0.0121;85;3.0906;78;0.000085736;0;;;;;;;;;;;;;;;;;;;;
02/03/2025 19:10:17.527;;;;;;248944.75;248944.75;192000;0;37.0944;8.2218;875.6584;35.3047;8.1783;161.6474;8.2233;30.9391;1498.1200;51;-0.0121;88;3.3633;76;0.000079612;0;;;;;;;;;;;;;;;;;;;;
02/03/2025 19:10:18.531;;;;;;248944.76;248944.76;192000;;37.0953;8.2218;875.4914;35.3058;8.1783;161.5404;8.2233;30.9457;1498.1186;50;-0.0242;86;3.1815;77;0.000082674;0;;;;;;;;;;;;;;;;;;;;
02/03/2025 19:10:19.529;;;;;;248944.76;248944.76;192000;;37.0939;8.2217;875.3261;35.3045;8.1832;161.3117;8.2234;30.9599;1498.1139;51;-0.0121;85;3.0906;80;0.000091860;0;;;;;;;;;;;;;;;;;;;;
02/03/2025 19:10:20.533;;;;;;248944.76;-1;192000;;37.0937;8.2217;875.1617;35.3043;8.1783;161.9610;8.2233;30.9195;1498.1109;50;-0.0242;85;3.0906;79;0.000088798;0;;;;;;;;;;;;;;;;;;;;
02/03/2025 19:10:21.529;;;;;;248944.76;-1;192000;;37.0957;8.2216;874.9993;35.3067;8.1736;161.5345;8.2232;30.9459;1498.1108;;;;;;;0;;;;;;;;;;;;;;;;;;;;
02/03/2025 19:10:22.532;;;;;;248944.76;-1;192000;;37.0943;8.2215;874.8304;35.3053;8.1832;161.7035;8.2232;30.9354;1498.1059;52;0.0000;85;3.0906;78;0.000085736;0;;;;;;;;;;;;;;;;;;;;
02/03/2025 19:10:23.530;;;;;;248944.76;-1;192000;;37.0933;8.2218;874.6713;35.3041;8.1783;162.1413;8.2234;30.9081;1498.1029;51;-0.0121;87;3.2724;76;0.000079612;0;;;;;;;;;;;;;;;;;;;;
02/03/2025 19:10:24.529;;;;;;248944.76;-1;192000;;37.0940;8.2218;874.5003;35.3049;8.1807;162.0445;8.2234;30.9141;1498.1011;50;-0.0242;86;3.1815;77;0.000082674;0;;;;;;;;;;;;;;;;;;;;
02/03/2025 19:10:25.530;;;;;;248944.76;-1;192000;;37.0946;8.2219;874.3422;35.3056;8.1832;161.8548;8.2235;30.9257;1498.0997;50;-0.0242;86;3.1815;79;0.000088798;0;;;;;;;;;;;;;;;;;;;;
03/03/2025 05:28:28.105;100;-1246.577;2136.071;485.300;86.000;248983.78;248983.78;192000;;40.3660;11.5368;502.0861;35.5795;11.9918;196.9667;11.5370;27.6266;1504.2158;50;-0.0242;83;2.9088;78;0.000085736;0;;;;;;;;;;;;;;;;;;;;
03/03/2025 05:28:29.105;;;;;;248983.79;248983.79;192000;;40.3638;11.5362;502.2426;35.5778;11.9918;197.5859;11.5365;27.5966;1504.2143;51;-0.0121;83;2.9088;79;0.000088798;0;;;;;;;;;;;;;;;;;;;;
03/03/2025 05:28:30.105;;;;;;248983.79;248983.79;192000;;40.3657;11.5362;502.3809;35.5796;11.9874;197.1733;11.5368;27.6167;1504.2187;50;-0.0242;82;2.8179;78;0.000085736;0;;;;;;;;;;;;;;;;;;;;
03/03/2025 05:28:31.105;;;;;;248983.79;248983.79;192000;;40.3651;11.5360;502.5230;35.5791;11.9874;196.6209;11.5363;27.6440;1504.2198;51;-0.0121;84;2.9997;79;0.000088798;;;;;;;;;;;;;;;;;;;;;
03/03/2025 05:28:32.108;;;;;;248983.79;248983.79;192000;;40.3656;11.5359;502.6680;35.5797;11.9874;197.3366;11.5357;27.6091;1504.2225;50;-0.0242;83;2.9088;78;0.000085736;0;;;;;;;;;;;;;;;;;;;;
03/03/2025 05:28:33.107;;;;;;248983.79;248983.79;192000;;40.3626;11.5353;502.8083;35.5773;11.9852;196.9649;11.5340;27.6282;1504.2199;52;0.0000;82;2.8179;78;0.000085736;0;;;;;;;;;;;;;;;;;;;;
03/03/2025 05:28:34.106;;;;;;248983.79;248983.79;192000;;40.3618;11.5332;502.9503;35.5784;11.9874;197.4896;11.5330;27.6028;1504.2163;50;-0.0242;83;2.9088;76;0.000079612;0;;;;;;;;;;;;;;;;;;;;
03/03/2025 05:28:35.104;;;;;;248983.8;248983.8;192000;;40.3615;11.5319;503.0873;35.5793;11.9786;196.8107;11.5337;27.6358;1504.2152;51;-0.0121;82;2.8179;79;0.000088798;0;;;;;;;;;;;;;;;;;;;;
03/03/2025 05:28:36.103;;;;;;248983.8;248983.8;192000;0;40.3604;11.5328;503.2339;35.5773;11.9852;196.7347;11.5324;27.6402;1504.2183;;;;;;;0;;;;;;;;;;;;;;;;;;;;
03/03/2025 05:28:37.106;;;;;;248983.81;248983.81;192000;;40.3594;11.5316;503.3846;35.5774;11.9808;196.5999;11.5312;27.6473;1504.2168;50;-0.0242;83;2.9088;75;0.000076550;0;;;;;;;;;;;;;;;;;;;;
03/03/2025 05:28:38.106;;;;;;248983.81;248983.81;192000;;40.3598;11.5307;503.5203;35.5785;11.9808;196.4935;11.5310;27.6526;1504.2172;51;-0.0121;82;2.8179;77;0.000082674;0;;;;;;;;;;;;;;;;;;;;
03/03/2025 05:28:39.106;;;;;;248983.81;248983.81;192000;;40.3594;11.5300;503.6668;35.5788;11.9786;196.9143;11.5307;27.6320;1504.2176;50;-0.0242;82;2.8179;78;0.000085736;0;;;;;;;;;;;;;;;;;;;;
03/03/2025 05:28:40.104;;;;;;248983.81;248983.81;192000;;40.3595;11.5300;503.8059;35.5788;11.9786;197.4152;11.5300;27.6077;1504.2199;51;-0.0121;82;2.8179;81;0.000094922;0;;;;;;;;;;;;;;;;;;;;
03/03/2025 05:28:41.106;;;;;;248983.81;248983.81;192000;;40.3577;11.5293;503.9593;35.5777;11.9764;197.4782;11.5283;27.6053;1504.2187;48;-0.0484;83;2.9088;79;0.000088798;0;;;;;;;;;;;;;;;;;;;;
03/03/2025 05:28:42.106;;;;;;248983.81;-1;192000;;40.3557;11.5270;504.1331;35.5778;11.9741;196.7640;11.5264;27.6411;1504.2138;51;-0.0121;83;2.9088;77;0.000082674;0;;;;;;;;;;;;;;;;;;;;
03/03/2025 05:28:43.106;;;;;;248983.81;-1;192000;;40.3549;11.5256;504.2349;35.5784;11.9764;196.5498;11.5256;27.6519;1504.2113;51;-0.0121;83;2.9088;81;0.000094922;0;;;;;;;;;;;;;;;;;;;;
03/03/2025 05:28:44.105;;;;;;248983.81;-1;192000;;40.3523;11.5250;504.3848;35.5763;11.9741;196.5342;11.5242;27.6534;1504.2092;50;-0.0242;83;2.9088;78;0.000085736;0;;;;;;;;;;;;;;;;;;;;
03/03/2025 05:28:45.104;;;;;;248983.81;-1;192000;;40.3526;11.5237;504.5350;35.5777;11.9697;196.6883;11.5230;27.6462;1504.2089;;;;;;;0;;;;;;;;;;;;;;;;;;;;
03/03/2025 05:28:46.106;;;;;;248983.81;-1;192000;;40.3503;11.5226;504.6720;35.5765;11.9697;196.3164;11.5219;27.6650;1504.2059;50;-0.0242;82;2.8179;79;0.000088798;0;;;;;;;;;;;;;;;;;;;;
03/03/2025 05:28:47.105;;;;;;248983.81;-1;192000;;40.3506;11.5212;504.8197;35.5781;11.9675;196.3028;11.5208;27.6661;1504.2055;51;-0.0121;82;2.8179;80;0.000091860;0;;;;;;;;;;;;;;;;;;;;
03/03/2025 10:21:05.106;117;-1758.439;2836.224;596.800;159.000;249003.33;-1;192000;;40.0170;11.1445;614.5698;35.5614;11.0365;184.3474;11.1463;28.4479;1504.6934;49;-0.0363;83;2.9088;86;0.000110232;0;;;;;;;;;;;;;;;;;;;;
03/03/2025 10:21:06.104;;;;;;249003.33;-1;192000;;40.0158;11.1439;614.3898;35.5609;11.0365;184.8877;11.1458;28.4193;1504.6877;50;-0.0242;84;2.9997;86;0.000110232;0;;;;;;;;;;;;;;;;;;;;
03/03/2025 10:21:07.103;;;;;;249003.33;-1;192000;;40.0153;11.1435;614.2056;35.5609;11.0298;184.5060;11.1455;28.4396;1504.6833;52;0.0000;84;2.9997;84;0.000104108;0;;;;;;;;;;;;;;;;;;;;
03/03/2025 10:21:08.103;;;;;;249003.34;-1;192000;;40.0134;11.1433;614.0170;35.5593;11.0343;184.3017;11.1454;28.4506;1504.6775;50;-0.0242;83;2.9088;85;0.000107170;0;;;;;;;;;;;;;;;;;;;;
03/03/2025 10:21:09.106;;;;;;249003.34;-1;192000;;40.0134;11.1432;613.8273;35.5595;11.0343;185.3300;11.1450;28.3961;1504.6743;;;;;;;0;;;;;;;;;;;;;;;;;;;;
03/03/2025 10:21:10.107;;;;;;249003.34;-1;192000;;40.0143;11.1432;613.6412;35.5605;11.0320;185.0323;11.1450;28.4117;1504.6724;50;-0.0242;83;2.9088;84;0.000104108;0;;;;;;;;;;;;;;;;;;;;
03/03/2025 10:21:11.106;;;;;;249003.34;-1;192000;;40.0145;11.1429;613.4481;35.5610;11.0365;184.7020;11.1449;28.4292;1504.6688;50;-0.0242;84;2.9997;79;0.000088798;0;;;;;;;;;;;;;;;;;;;;
03/03/2025 10:21:12.105;;;;;;249003.34;-1;192000;;40.0193;11.1428;613.2585;35.5660;11.0388;184.4514;11.1453;28.4419;1504.6713;52;0.0000;83;2.9088;85;0.000107170;0;;;;;;;;;;;;;;;;;;;;
03/03/2025 10:21:13.106;;;;;;249003.34;-1;192000;;40.0248;11.1498;613.0791;35.5648;11.0388;184.6968;11.1522;28.4264;1504.6913;50;-0.0242;84;2.9997;80;0.000091860;0;;;;;;;;;;;;;;;;;;;;
03/03/2025 10:21:14.108;;;;;;249003.34;-1;192000;;40.0230;11.1507;612.8846;35.5622;11.0388;185.2157;11.1520;28.3992;1504.6881;50;-0.0242;84;2.9997;81;0.000094922;0;;;;;;;;;;;;;;;;;;;;
03/03/2025 10:21:15.107;;;;;;249003.34;-1;192000;;40.0155;11.1495;612.6963;35.5560;11.0365;185.2716;11.1498;28.3973;1504.6733;50;-0.0242;84;2.9997;80;0.000091860;0;;;;;;;;;;;;;;;;;;;;
03/03/2025 10:21:16.106;;;;;;249003.34;-1;192000;;40.0201;11.1465;612.5116;35.5636;11.0365;184.4442;11.1484;28.4411;1504.6690;50;-0.0242;84;2.9997;80;0.000091860;0;;;;;;;;;;;;;;;;;;;;
03/03/2025 10:21:17.103;;;;;;249003.34;-1;192000;;40.0204;11.1492;612.3065;35.5613;11.0388;185.1000;11.1509;28.4055;1504.6722;50;-0.0242;84;2.9997;80;0.000091860;0;;;;;;;;;;;;;;;;;;;;
03/03/2025 10:21:18.103;;;;;;249003.35;-1;192000;0;40.0259;11.1522;612.1199;35.5640;11.0388;184.2096;11.1546;28.4512;1504.6829;;;;;;;0;;;;;;;;;;;;;;;;;;;;
03/03/2025 10:21:19.105;;;;;;;249003.35;192000;;40.0271;11.1554;611.9216;35.5622;11.0410;184.6174;11.1566;28.4289;1504.6885;50;-0.0242;84;2.9997;84;0.000104108;0;;;;;;;;;;;;;;;;;;;;
03/03/2025 10:21:20.104;;;;;;249003.35;249003.35;192000;;40.0259;11.1553;611.7304;35.5612;11.0365;184.6982;11.1569;28.4245;1504.6838;52;0.0000;83;2.9088;78;0.000085736;0;;;;;;;;;;;;;;;;;;;;
03/03/2025 10:21:21.106;;;;;;249003.35;249003.35;192000;;40.0253;11.1554;611.5388;35.5606;11.0410;184.8460;11.1568;28.4167;1504.6803;52;0.0000;82;2.8179;78;0.000085736;0;;;;;;;;;;;;;;;;;;;;
03/03/2025 10:21:22.106;;;;;;249003.35;249003.35;192000;;40.0256;11.1548;611.3424;35.5615;11.0410;184.2434;11.1565;28.4487;1504.6760;50;-0.0242;84;2.9997;82;0.000097984;0;;;;;;;;;;;;;;;;;;;;
03/03/2025 10:21:23.108;;;;;;249003.35;249003.35;192000;;40.0257;11.1548;611.1578;35.5617;11.0410;185.0554;11.1570;28.4054;1504.6732;51;-0.0121;84;2.9997;81;0.000094922;0;;;;;;;;;;;;;;;;;;;;
05/03/2025 07:39:19.087;0;0.000;0.000;0.000;355.000;249128.54;-1;192000;;41.1996;12.3574;426.0564;35.6447;12.8538;203.3987;12.3563;26.9996;1505.8388;;;;;;;0;;;;;;;;;;;;;;;;;;;;
05/03/2025 07:39:20.084;100;-1758.355;2837.196;410.800;;249128.54;-1;192000;;41.1998;12.3569;426.2117;35.6454;12.8582;203.8721;12.3564;26.9772;1505.8405;51;-0.0121;82;2.8179;94;0.000134728;0;;;;;;;;;;;;;;;;;;;;
05/03/2025 07:39:21.084;;;;;;249128.54;-1;192000;;41.2011;12.3570;426.3725;35.6464;12.8582;204.4268;12.3566;26.9512;1505.8447;50;-0.0242;82;2.8179;84;0.000104108;0;;;;;;;;;;;;;;;;;;;;
05/03/2025 07:39:22.084;;;;;;249128.54;-1;192000;;41.2000;12.3573;426.5224;35.6450;12.8538;203.5682;12.3569;26.9915;1505.8466;48;-0.0484;81;2.7270;81;0.000094922;0;;;;;;;;;;;;;;;;;;;;
05/03/2025 07:39:23.084;;;;;;249128.54;-1;192000;;41.2014;12.3574;426.6777;35.6462;12.8517;203.1329;12.3567;27.0120;1505.8509;51;-0.0121;81;2.7270;83;0.000101046;;;;;;;;;;;;;;;;;;;;;
05/03/2025 07:39:24.081;;;;;;249128.54;-1;192000;;41.1998;12.3571;426.8333;35.6448;12.8495;203.3708;12.3567;27.0010;1505.8508;52;0.0000;83;2.9088;88;0.000116356;0;;;;;;;;;;;;;;;;;;;;
05/03/2025 07:39:25.084;;;;;;;249128.54;192000;;41.2005;12.3573;426.9866;35.6452;12.8473;203.6676;12.3558;26.9874;1505.8545;50;-0.0242;82;2.8179;88;0.000116356;0;;;;;;;;;;;;;;;;;;;;
05/03/2025 07:39:26.084;;;;;;249128.54;249128.54;192000;;41.1999;12.3562;427.1399;35.6457;12.8473;204.2465;12.3557;26.9602;1505.8539;51;-0.0121;83;2.9088;88;0.000116356;;;;;;;;;;;;;;;;;;;;;
05/03/2025 07:39:27.083;;;;;;249128.54;249128.54;192000;;41.2003;12.3561;427.2902;35.6460;12.8451;203.1282;12.3539;27.0135;1505.8564;50;-0.0242;81;2.7270;83;0.000101046;;;;;;;;;;;;;;;;;;;;;
05/03/2025 07:39:28.084;;;;;;249128.55;249128.55;192000;;41.1980;12.3554;427.4507;35.6445;12.8451;203.3697;12.3519;27.0029;1505.8549;;;;;;;0;;;;;;;;;;;;;;;;;;;;
05/03/2025 07:39:29.081;;;;;;249128.55;249128.55;192000;;41.1944;12.3537;427.5997;35.6426;12.8451;203.7916;12.3482;26.9846;1505.8493;50;-0.0242;82;2.8179;87;0.000113294;0;;;;;;;;;;;;;;;;;;;;
05/03/2025 07:39:30.083;;;;;;249128.55;249128.55;192000;0;41.1907;12.3500;427.7596;35.6425;12.8451;203.6137;12.3463;26.9937;1505.8394;49;-0.0363;83;2.9088;80;0.000091860;0;;;;;;;;;;;;;;;;;;;;
05/03/2025 07:39:31.084;;;;;;249128.56;249128.56;192000;;41.1887;12.3471;427.9126;35.6432;12.8408;203.8045;12.3446;26.9852;1505.8329;50;-0.0242;82;2.8179;82;0.000097984;0;;;;;;;;;;;;;;;;;;;;
05/03/2025 07:39:32.084;;;;;;249128.56;249128.56;192000;;41.1889;12.3453;428.0563;35.6451;12.8386;203.6782;12.3442;26.9912;1505.8315;50;-0.0242;83;2.9088;80;0.000091860;;;;;;;;;;;;;;;;;;;;;
05/03/2025 07:39:33.084;;;;;;249128.56;249128.56;192000;;41.1894;12.3445;428.2215;35.6462;12.8386;202.2430;12.3440;27.0591;1505.8328;50;-0.0242;82;2.8179;81;0.000094922;0;;;;;;;;;;;;;;;;;;;;
05/03/2025 07:39:34.085;;;;;;249128.56;249128.56;192000;;41.1892;12.3446;428.3808;35.6458;12.8364;203.5653;12.3437;26.9968;1505.8353;50;-0.0242;82;2.8179;83;0.000101046;0;;;;;;;;;;;;;;;;;;;;
05/03/2025 07:39:35.084;;;;;;249128.56;249128.56;192000;;41.1854;12.3443;428.5425;35.6424;12.8408;203.2498;12.3430;27.0122;1505.8329;50;-0.0242;81;2.7270;83;0.000101046;;;;;;;;;;;;;;;;;;;;;
05/03/2025 07:39:36.084;;;;;;249128.56;249128.56;192000;;41.1855;12.3433;428.6929;35.6433;12.8364;203.7260;12.3424;26.9899;1505.8331;50;-0.0242;83;2.9088;82;0.000097984;0;;;;;;;;;;;;;;;;;;;;
05/03/2025 07:39:37.084;;;;;;249128.56;249128.56;192000;;41.1859;12.3428;428.8459;35.6441;12.8342;203.9518;12.3420;26.9794;1505.8349;;;;;;;0;;;;;;;;;;;;;;;;;;;;
05/03/2025 08:30:05.085;;;;;354.000;249132.3;249132.31;192000;0;49.5653;19.4423;115.7019;36.7986;18.3603;238.1290;19.4617;23.0850;1523.8562;72;0.2420;72;1.9089;122;0.000220464;0;;;;;;;;;;;;;;;;;;;;
05/03/2025 08:30:06.082;117;-1758.325;2837.690;112.500;;249132.31;249132.31;192000;;49.6354;19.4589;115.5178;36.8425;18.3603;237.6106;19.5036;23.0895;1523.9489;73;0.2541;72;1.9089;120;0.000214340;0;;;;;;;;;;;;;;;;;;;;
05/03/2025 08:30:07.084;;;;;;249132.31;249132.31;192000;;49.6519;19.5014;115.3378;36.8189;18.3662;237.2517;19.5174;23.1006;1524.0380;72;0.2420;73;1.9998;117;0.000205154;;;;;;;;;;;;;;;;;;;;;
05/03/2025 08:30:08.084;;;;;;249132.31;249132.31;192000;;49.6547;19.5151;115.1445;36.8092;18.3682;237.2068;19.5210;23.1018;1524.0621;72;0.2420;72;1.9089;119;0.000211278;0;;;;;;;;;;;;;;;;;;;;
05/03/2025 08:30:09.084;;;;;;249132.31;249132.31;192000;;49.6637;19.5201;114.9544;36.8124;18.3722;238.8170;19.5173;23.0424;1524.0765;;;;;;;0;;;;;;;;;;;;;;;;;;;;
05/03/2025 08:30:10.083;;;;;;249132.31;249132.31;192000;;49.6681;19.5177;114.7620;36.8183;18.3782;238.6285;19.5114;23.0508;1524.0732;71;0.2299;73;1.9998;122;0.000220464;;;;;;;;;;;;;;;;;;;;;
05/03/2025 08:30:11.084;;;;;;249132.31;249132.31;192000;;49.6548;19.5138;114.5822;36.8107;18.3821;238.0566;19.5201;23.0699;1524.0508;74;0.2662;72;1.9089;116;0.000202092;0;;;;;;;;;;;;;;;;;;;;
05/03/2025 08:30:12.082;;;;;;249132.31;249132.31;192000;;49.6664;19.5204;114.3892;36.8145;18.3841;237.8420;19.5290;23.0751;1524.0703;72;0.2420;72;1.9089;116;0.000202092;0;;;;;;;;;;;;;;;;;;;;
05/03/2025 08:30:13.085;;;;;;249132.31;249132.31;192000;;49.6684;19.5273;114.1963;36.8102;18.3901;237.6071;19.5323;23.0831;1524.0815;72;0.2420;71;1.8180;115;0.000199030;0;;;;;;;;;;;;;;;;;;;;
05/03/2025 08:30:14.083;;;;;;249132.31;249132.31;192000;;49.6775;19.5305;114.0087;36.8151;18.3901;238.3690;19.5309;23.0547;1524.0928;71;0.2299;73;1.9998;117;0.000205154;0;;;;;;;;;;;;;;;;;;;;
05/03/2025 08:30:15.083;;;;;;249132.31;249132.31;192000;;49.6717;19.5303;113.8215;36.8105;18.3960;237.3013;19.5275;23.0961;1524.0840;73;0.2541;71;1.8180;121;0.000217402;0;;;;;;;;;;;;;;;;;;;;
05/03/2025 08:30:16.084;;;;;;249132.31;249132.31;192000;;49.6674;19.5253;113.6325;36.8113;18.4020;238.1508;19.5266;23.0642;1524.0678;74;0.2662;73;1.9998;116;0.000202092;0;;;;;;;;;;;;;;;;;;;;
05/03/2025 08:30:17.085;;;;;;249132.31;249132.31;192000;;49.6782;19.5235;113.4404;36.8220;18.4060;236.5451;19.5259;23.1243;1524.0716;72;0.2420;71;1.8180;116;0.000202092;0;;;;;;;;;;;;;;;;;;;;
05/03/2025 08:30:18.084;;;;;;249132.31;249132.31;192000;;49.6417;19.5299;113.2563;36.7860;18.4060;237.0500;19.5261;23.1071;1524.0459;;;;;;;;;;;;;;;;;;;;;;;;;;;
05/03/2025 08:30:19.084;;;;;;249132.31;249132.31;192000;;49.6780;19.5279;113.0670;36.8181;18.4119;238.9120;19.5278;23.0348;1524.0732;75;0.2783;73;1.9998;116;0.000202092;0;;;;;;;;;;;;;;;;;;;;
05/03/2025 08:30:20.084;;;;;;249132.32;-1;192000;;49.6801;19.5289;112.8821;36.8191;18.4159;238.5902;19.5384;23.0436;1524.0741;74;0.2662;75;2.1816;117;0.000205154;0;;;;;;;;;;;;;;;;;;;;
05/03/2025 08:30:21.082;;;;;;249132.32;-1;192000;;49.6795;19.5381;112.7006;36.8105;18.4198;238.2749;19.5431;23.0545;1524.0870;78;0.3146;71;1.8180;118;0.000208216;0;;;;;;;;;;;;;;;;;;;;
05/03/2025 08:30:22.081;;;;;;249132.32;-1;192000;;49.6932;19.5419;112.5131;36.8187;18.4278;238.2966;19.5489;23.0515;1524.1037;73;0.2541;72;1.9089;117;0.000205154;0;;;;;;;;;;;;;;;;;;;;
05/03/2025 08:30:23.081;;;;;;249132.33;-1;192000;0;49.6988;19.5465;112.3189;36.8193;18.4278;237.4706;19.5513;23.0817;1524.1140;72;0.2420;70;1.7271;117;0.000205154;0;;;;;;;;;;;;;;;;;;;;
05/03/2025 08:30:24.084;;;;;;249132.33;-1;192000;;49.6908;19.5487;112.1395;36.8108;18.4317;237.9534;19.5478;23.0651;1524.1076;73;0.2541;72;1.9089;122;0.000220464;0;;;;;;;;;;;;;;;;;;;;
05/03/2025 08:30:25.083;;;;;;249132.33;-1;192000;;49.6890;19.5445;111.9511;36.8130;18.4337;239.3595;19.5498;23.0116;1524.0952;73;0.2541;73;1.9998;117;0.000205154;;;;;;;;;;;;;;;;;;;;;
