PLD_REALTIMECLOCK;NAV_RESOURCE;NAV_LONGITUDE;NAV_LATITUDE;NAV_DEPTH;NAV_HEADING;SD_CARD_USAGE;SSD_USAGE;ACQUISITION_FREQ;RECORDING;LEGATO_CONDUCTIVITY;LEGATO_TEMPERATURE;LEGATO_PRESSURE;LEGATO_SALINITY;LEGATO_CONDTEMP;LEGATO_CODA_DO;LEGATO_CODA_TEMPERATURE;LEGATO_CODA_CORR_PHASE;LEGATO_SOUND_VELOCITY;FLBBCD_CHL_COUNT;FLBBCD_CHL_SCALED;FLBBCD_CDOM_COUNT;FLBBCD_CDOM_SCALED;FLBBCD_BB_700_COUNT;FLBBCD_BB_700_SCALED;User_Field1;User_Field2;User_Field3;User_Field4;User_Field5;User_Field6;User_Field7;User_Field8;User_Field9;User_Field10;BS_HEADING;BS_ZB;BS_ZT;BS_PU;BS_PD;BS_BU;BS_BD;BS_SR;BS_ALTIMETER.ENABLE;BS_ALTIMETER.VALUE;BS_CURRENT.CORRECTION.ENABLE
05/03/2025 12:39:16.119;119;-1758.001;2837.878;-0.400;138.000;249148.23;-1;192000;0;50.2251;20.0122;1.3909;36.8878;19.9001;242.9288;19.9850;22.7189;1523.6322;-67;-1.4399;77;2.3634;131;0.000248022;0;9999;9999;9999;9999;9999;9999;9999;9999;9999;9999;9999;9999;9999;9999;9999;9999;9999;9999;9999;9999
05/03/2025 12:39:46.142;116;-1758.006;2837.885;-0.500;54.000;249148.25;249148.26;192000;0;50.2086;20.0083;1.2863;36.8777;19.9137;243.3097;19.9770;22.7078;1523.6084;60;0.0968;67;1.4544;53;0.000009186;0;9999;9999;9999;9999;9999;9999;9999;9999;9999;9999;9999;9999;9999;9999;9999;9999;9999;9999;9999;9999
05/03/2025 12:40:16.153;116;-1758.009;2837.889;-0.400;340.000;249148.28;249148.28;192000;0;50.2230;20.0218;1.3260;36.8776;19.9312;243.4319;19.9813;22.7022;1523.6461;71;0.2299;64;1.1817;138;0.000269456;0;9999;9999;9999;9999;9999;9999;9999;9999;9999;9999;9999;9999;9999;9999;9999;9999;9999;9999;9999;9999
05/03/2025 12:40:46.152;116;-1758.010;2837.891;-0.300;336.000;249148.33;249148.33;192000;0;50.2513;20.0505;1.4891;36.8758;19.9467;241.8593;19.9906;22.7576;1523.7256;67;0.1815;70;1.7271;137;0.000266394;0;9999;9999;9999;9999;9999;9999;9999;9999;9999;9999;9999;9999;9999;9999;9999;9999;9999;9999;9999;9999
05/03/2025 12:41:16.153;116;-1758.013;2837.895;-0.300;328.000;249148.37;249148.37;192000;0;50.3271;20.1451;1.3398;36.8554;19.9700;242.9405;20.0096;22.7146;1523.9599;49;-0.0363;73;1.9998;134;0.000257208;0;9999;9999;9999;9999;9999;9999;9999;9999;9999;9999;9999;9999;9999;9999;9999;9999;9999;9999;9999;9999
05/03/2025 12:41:46.151;110;-1758.014;2837.897;0.600;339.000;249148.41;249148.41;192000;0;50.1837;19.9713;2.3913;36.8891;19.9914;242.7016;19.9527;22.7365;1523.5377;67;0.1815;74;2.0907;137;0.000266394;0;9999;9999;9999;9999;9999;9999;9999;9999;9999;9999;9999;9999;9999;9999;9999;9999;9999;9999;9999;9999
05/03/2025 12:42:16.154;110;-1758.017;2837.901;2.900;328.000;249148.46;249148.46;192000;0;50.1246;19.9257;7.1506;36.8786;19.9894;241.8204;19.9270;22.7779;1523.4797;73;0.2541;71;1.8180;143;0.000284766;0;9999;9999;9999;9999;9999;9999;9999;9999;9999;9999;9999;9999;9999;9999;9999;9999;9999;9999;9999;9999
05/03/2025 12:42:46.152;100;-1758.020;2837.912;16.400;356.000;249148.5;249148.5;192000;0;50.1246;19.9245;22.7693;36.8738;19.9758;243.5452;19.9219;22.7210;1523.7313;75;0.2783;64;1.1817;140;0.000275580;0;9999;9999;9999;9999;9999;9999;9999;9999;9999;9999;9999;9999;9999;9999;9999;9999;9999;9999;9999;9999
05/03/2025 12:43:16.146;100;-1758.021;2837.923;28.300;3.000;249148.53;249148.53;192000;0;50.1130;19.9075;39.0300;36.8729;19.9661;243.7157;19.9086;22.7232;1523.9544;86;0.4114;72;1.9089;139;0.000272518;0;9999;9999;9999;9999;9999;9999;9999;9999;9999;9999;9999;9999;9999;9999;9999;9999;9999;9999;9999;9999
05/03/2025 12:43:46.136;100;-1758.016;2837.942;47.500;39.000;249148.57;-1;192000;0;50.1063;19.8916;52.8880;36.8762;19.9603;243.9632;19.8951;22.7218;1524.1451;84;0.3872;68;1.5453;134;0.000257208;0;9999;9999;9999;9999;9999;9999;9999;9999;9999;9999;9999;9999;9999;9999;9999;9999;9999;9999;9999;9999
05/03/2025 12:44:16.151;100;-1758.010;2837.948;56.200;57.000;249148.6;249148.6;192000;0;50.1323;19.9066;66.6286;36.8794;19.9564;244.7400;19.9073;22.6938;1524.4191;82;0.3630;73;1.9998;130;0.000244960;0;9999;9999;9999;9999;9999;9999;9999;9999;9999;9999;9999;9999;9999;9999;9999;9999;9999;9999;9999;9999
05/03/2025 12:44:46.152;100;-1757.996;2837.953;74.800;98.000;249148.64;249148.64;192000;0;50.1418;19.9167;81.6953;36.8728;19.9526;243.9589;19.9108;22.7259;1524.6906;78;0.3146;71;1.8180;137;0.000266394;0;9999;9999;9999;9999;9999;9999;9999;9999;9999;9999;9999;9999;9999;9999;9999;9999;9999;9999;9999;9999
05/03/2025 12:45:16.152;100;-1757.990;2837.953;85.400;112.000;249148.67;249148.67;192000;0;49.6016;19.4877;98.7131;36.7953;19.9312;236.6465;19.4867;23.1292;1523.6964;68;0.1936;74;2.0907;116;0.000202092;0;9999;9999;9999;9999;9999;9999;9999;9999;9999;9999;9999;9999;9999;9999;9999;9999;9999;9999;9999;9999
05/03/2025 12:45:46.153;100;-1757.977;2837.951;108.000;116.000;249148.72;249148.72;192000;0;49.4042;19.3340;116.1754;36.7595;19.8379;237.4061;19.3306;23.1532;1523.5168;70;0.2178;73;1.9998;123;0.000223526;0;9999;9999;9999;9999;9999;9999;9999;9999;9999;9999;9999;9999;9999;9999;9999;9999;9999;9999;9999;9999
05/03/2025 12:46:16.152;100;-1757.971;2837.949;119.400;123.000;249148.76;249148.76;192000;0;49.1220;19.0954;133.9891;36.7270;19.7484;236.7099;19.0974;23.2550;1523.1054;67;0.1815;73;1.9998;128;0.000238836;0;9999;9999;9999;9999;9999;9999;9999;9999;9999;9999;9999;9999;9999;9999;9999;9999;9999;9999;9999;9999
05/03/2025 12:46:46.152;100;-1757.957;2837.947;142.500;116.000;249148.79;249148.81;192000;0;48.4461;18.5538;152.0853;36.6296;19.6217;231.4662;18.5583;23.6280;1521.7560;64;0.1452;73;1.9998;131;0.000248022;0;9999;9999;9999;9999;9999;9999;9999;9999;9999;9999;9999;9999;9999;9999;9999;9999;9999;9999;9999;9999
05/03/2025 12:47:16.152;100;-1757.949;2837.946;153.700;114.000;249148.84;249148.84;192000;0;46.9970;17.5297;169.3905;36.2929;19.4420;223.4220;17.4289;24.3208;1518.6845;60;0.0968;75;2.1816;152;0.000312324;0;9999;9999;9999;9999;9999;9999;9999;9999;9999;9999;9999;9999;9999;9999;9999;9999;9999;9999;9999;9999
05/03/2025 12:47:46.152;100;-1757.932;2837.946;177.100;105.000;249148.87;249148.87;192000;0;45.5607;16.1991;187.7630;36.2241;19.0459;216.4626;16.2012;25.0096;1514.9191;53;0.0121;77;2.3634;184;0.000410308;0;9999;9999;9999;9999;9999;9999;9999;9999;9999;9999;9999;9999;9999;9999;9999;9999;9999;9999;9999;9999
05/03/2025 12:48:16.148;100;-1757.923;2837.945;188.100;116.000;249148.92;249148.92;192000;0;45.5348;16.1890;205.0541;36.2032;18.6694;216.2141;16.1868;25.0312;1515.1510;53;0.0121;79;2.5452;119;0.000211278;0;9999;9999;9999;9999;9999;9999;9999;9999;9999;9999;9999;9999;9999;9999;9999;9999;9999;9999;9999;9999
05/03/2025 12:48:46.148;118;-1757.906;2837.944;209.600;103.000;249148.95;249148.96;192000;0;45.3901;15.9491;216.9125;36.2882;18.3345;215.0983;16.0702;25.1137;1514.7111;50;-0.0242;77;2.3634;182;0.000404184;0;9999;9999;9999;9999;9999;9999;9999;9999;9999;9999;9999;9999;9999;9999;9999;9999;9999;9999;9999;9999
05/03/2025 12:49:16.153;118;-1757.904;2837.946;215.300;102.000;249149.0;249149.0;192000;0;45.5662;16.1702;222.6606;36.2413;18.0937;216.7227;16.1833;25.0134;1515.4296;54;0.0242;78;2.4543;149;0.000303138;0;9999;9999;9999;9999;9999;9999;9999;9999;9999;9999;9999;9999;9999;9999;9999;9999;9999;9999;9999;9999
05/03/2025 12:49:46.152;118;-1757.904;2837.948;218.100;117.000;249149.05;249149.05;192000;0;45.5373;16.1883;225.7486;36.1978;17.9280;215.2245;16.1778;25.0832;1515.4859;50;-0.0242;77;2.3634;165;0.000352130;0;9999;9999;9999;9999;9999;9999;9999;9999;9999;9999;9999;9999;9999;9999;9999;9999;9999;9999;9999;9999
05/03/2025 12:50:16.152;118;-1757.904;2837.949;217.100;151.000;249149.08;249149.08;192000;0;45.7678;16.5378;222.6012;36.0870;17.7519;218.5078;16.2706;24.9223;1516.3688;55;0.0363;78;2.4543;175;0.000382750;0;9999;9999;9999;9999;9999;9999;9999;9999;9999;9999;9999;9999;9999;9999;9999;9999;9999;9999;9999;9999
05/03/2025 12:50:46.152;117;-1757.903;2837.950;210.300;128.000;249149.12;249149.12;192000;0;45.3640;16.0422;216.5537;36.1799;17.5814;215.4015;16.0267;25.1228;1514.8656;51;-0.0121;79;2.5452;166;0.000355192;0;9999;9999;9999;9999;9999;9999;9999;9999;9999;9999;9999;9999;9999;9999;9999;9999;9999;9999;9999;9999
05/03/2025 12:51:16.153;117;-1757.902;2837.950;207.200;141.000;249149.15;249149.15;192000;0;45.4556;16.1590;212.3455;36.1569;17.4286;216.1328;16.1179;25.0624;1515.1268;53;0.0121;77;2.3634;218;0.000514416;0;9999;9999;9999;9999;9999;9999;9999;9999;9999;9999;9999;9999;9999;9999;9999;9999;9999;9999;9999;9999
05/03/2025 12:51:46.151;117;-1757.901;2837.950;200.800;144.000;249149.2;249149.2;192000;0;45.5412;16.1499;207.9246;36.2434;17.3137;215.8618;16.1663;25.0512;1515.1256;53;0.0121;79;2.5452;177;0.000388874;0;9999;9999;9999;9999;9999;9999;9999;9999;9999;9999;9999;9999;9999;9999;9999;9999;9999;9999;9999;9999
05/03/2025 12:52:16.152;117;-1757.900;2837.951;197.600;142.000;249149.24;249149.24;192000;0;45.6746;16.2785;201.0177;36.2480;17.2107;216.0105;16.2728;25.0085;1515.4087;53;0.0121;78;2.4543;161;0.000339882;0;9999;9999;9999;9999;9999;9999;9999;9999;9999;9999;9999;9999;9999;9999;9999;9999;9999;9999;9999;9999
05/03/2025 12:52:46.153;117;-1757.897;2837.950;187.600;135.000;249149.27;249149.27;192000;0;45.5079;16.2073;193.1058;36.1674;17.1420;214.8801;16.1723;25.0923;1514.9673;54;0.0242;77;2.3634;134;0.000257208;0;9999;9999;9999;9999;9999;9999;9999;9999;9999;9999;9999;9999;9999;9999;9999;9999;9999;9999;9999;9999
05/03/2025 12:53:16.152;117;-1757.895;2837.949;182.300;138.000;249149.31;249149.31;192000;0;45.6072;16.2625;186.0964;36.2085;17.0611;215.5201;16.2539;25.0335;1515.0668;51;-0.0121;78;2.4543;107;0.000174534;0;9999;9999;9999;9999;9999;9999;9999;9999;9999;9999;9999;9999;9999;9999;9999;9999;9999;9999;9999;9999
05/03/2025 12:53:46.155;117;-1757.892;2837.949;173.300;131.000;249149.35;249149.35;192000;0;45.6190;16.2815;178.9413;36.2046;17.0003;214.5290;16.2657;25.0706;1515.0015;52;0.0000;77;2.3634;109;0.000180658;0;9999;9999;9999;9999;9999;9999;9999;9999;9999;9999;9999;9999;9999;9999;9999;9999;9999;9999;9999;9999
05/03/2025 12:54:16.152;117;-1757.889;2837.948;168.500;132.000;249149.39;-1;192000;0;45.8306;16.4791;172.3330;36.2158;16.9699;217.0215;16.4406;24.9052;1515.5051;52;0.0000;78;2.4543;196;0.000447052;0;9999;9999;9999;9999;9999;9999;9999;9999;9999;9999;9999;9999;9999;9999;9999;9999;9999;9999;9999;9999
05/03/2025 12:54:46.152;117;-1757.886;2837.947;158.700;134.000;249149.42;249149.42;192000;0;46.3428;16.9788;163.8217;36.2192;16.9415;219.0595;16.8393;24.6905;1516.8721;54;0.0242;77;2.3634;179;0.000394998;0;9999;9999;9999;9999;9999;9999;9999;9999;9999;9999;9999;9999;9999;9999;9999;9999;9999;9999;9999;9999
05/03/2025 12:55:16.152;117;-1757.884;2837.947;153.300;140.000;249149.47;-1;192000;0;46.5892;17.0582;155.2077;36.3669;17.0286;220.8328;17.0437;24.5390;1517.1356;57;0.0605;77;2.3634;193;0.000437866;0;9999;9999;9999;9999;9999;9999;9999;9999;9999;9999;9999;9999;9999;9999;9999;9999;9999;9999;9999;9999
05/03/2025 12:55:46.152;117;-1757.881;2837.944;142.100;150.000;249149.5;249149.5;192000;0;48.3557;18.4652;146.9405;36.6336;17.2067;229.3574;18.4759;23.7338;1521.4208;65;0.1573;75;2.1816;148;0.000300076;0;9999;9999;9999;9999;9999;9999;9999;9999;9999;9999;9999;9999;9999;9999;9999;9999;9999;9999;9999;9999
05/03/2025 12:56:16.151;117;-1757.880;2837.943;137.400;146.000;249149.54;-1;192000;0;48.4296;18.5478;139.6036;36.6257;17.4809;230.2682;18.5420;23.6765;1521.5268;64;0.1452;74;2.0907;128;0.000238836;0;9999;9999;9999;9999;9999;9999;9999;9999;9999;9999;9999;9999;9999;9999;9999;9999;9999;9999;9999;9999
05/03/2025 12:56:46.153;117;-1757.877;2837.942;128.900;143.000;249149.58;249149.58;192000;0;48.4129;18.5443;132.5447;36.6173;17.6597;229.9370;18.5405;23.6884;1521.3898;63;0.1331;74;2.0907;122;0.000220464;0;9999;9999;9999;9999;9999;9999;9999;9999;9999;9999;9999;9999;9999;9999;9999;9999;9999;9999;9999;9999
05/03/2025 12:57:16.151;117;-1757.875;2837.941;123.000;140.000;249149.61;249149.61;192000;0;48.4751;18.4988;123.8803;36.7142;17.8000;229.9165;18.5607;23.6744;1521.2251;63;0.1331;75;2.1816;127;0.000235774;0;9999;9999;9999;9999;9999;9999;9999;9999;9999;9999;9999;9999;9999;9999;9999;9999;9999;9999;9999;9999
05/03/2025 12:57:46.152;117;-1757.871;2837.940;112.700;131.000;249149.65;249149.65;192000;0;49.2377;19.1883;115.6471;36.7489;17.9979;235.9805;19.1929;23.2480;1523.0866;69;0.2057;72;1.9089;119;0.000211278;0;9999;9999;9999;9999;9999;9999;9999;9999;9999;9999;9999;9999;9999;9999;9999;9999;9999;9999;9999;9999
05/03/2025 12:58:16.151;117;-1757.869;2837.940;107.400;129.000;249149.69;249149.69;192000;0;49.3355;19.2743;106.9983;36.7582;18.1794;235.4041;19.2867;23.2392;1523.1950;70;0.2178;73;1.9998;115;0.000199030;0;9999;9999;9999;9999;9999;9999;9999;9999;9999;9999;9999;9999;9999;9999;9999;9999;9999;9999;9999;9999
05/03/2025 12:58:19.113;117;-1757.867;2837.939;102.000;131.000;249149.69;-1;192000;9999;49.3856;19.3119;106.1276;36.7672;18.1993;236.3810;19.3102;23.1946;1523.2961;69;0.2057;73;1.9998;127;0.000235774;0;9999;9999;9999;9999;9999;9999;9999;9999;9999;9999;9999;9999;9999;9999;9999;9999;9999;9999;9999;9999
