Timestamp;NavState;SecurityLevel;Heading;Declination;Pitch;Roll;Depth;Temperature;Pa;Lat;Lon;DeadReckoning;DesiredH;BallastCmd;BallastPos;LinCmd;LinPos;AngCmd;AngPos;Voltage;Altitude;
23/02/2025 20:09:31;119;0;279.49;-4;-55.62;-15.31;-0.1;17.60;75739;2835.709;-1759.290;0;318;500;509.7;100.0;100.7;0;-0.5;26.8;-1.0;
23/02/2025 20:09:41;116;0;281.54;-4;-52.51;-10.96;0.1;17.60;75737;2835.703;-1759.298;0;318;500;509.7;100.0;100.7;0;-0.5;26.9;-1.0;
23/02/2025 20:10:06;116;0;274.73;-4;-52.11;-21.56;0.1;17.70;75744;2835.704;-1759.296;0;318;500;509.7;100.0;100.7;0;-0.5;26.9;-1.0;
23/02/2025 20:10:32;116;0;289.44;-4;-50.31;-14.36;0.1;17.80;75751;2835.706;-1759.294;0;316;500;511.3;100.0;100.6;0;-0.5;26.8;-1.0;
23/02/2025 20:10:44;116;0;277.25;-4;-55.71;-15.69;0.1;17.80;75750;2835.708;-1759.293;0;316;500;509.7;100.0;100.7;0;-0.5;26.8;-1.0;
23/02/2025 20:11:46;116;0;285.61;-4;-52.83;-13.75;0.1;18.00;75781;2835.716;-1759.290;0;316;500;508.1;100.0;100.7;0;-0.5;26.8;-1.0;
23/02/2025 20:12:31;116;0;299.81;-4;-58.05;-12.41;0.1;18.10;75790;2835.723;-1759.287;0;316;500;509.7;100.0;100.7;0;-0.5;26.8;-1.0;
23/02/2025 20:12:51;116;0;297.03;-4;-54.36;-12.88;0.2;18.20;75800;2835.727;-1759.286;0;316;500;508.1;100.0;100.7;0;-0.5;26.8;-1.0;
23/02/2025 20:13:11;116;0;296.55;-4;-55.14;-9.26;0.1;18.30;75810;2835.729;-1759.285;0;316;500;511.3;100.0;100.7;0;-0.5;26.8;-1.0;
23/02/2025 20:13:31;116;0;297.75;-4;-53.61;-9.09;0.2;18.40;75812;2835.733;-1759.283;0;316;500;509.7;100.0;100.7;0;-0.5;26.8;-1.0;
23/02/2025 20:13:42;116;0;309.17;-4;-51.36;-9.69;0.3;18.40;75821;2835.735;-1759.282;0;316;500;509.7;100.0;100.7;0;-0.5;26.8;-1.0;
23/02/2025 20:14:45;116;0;301.62;-4;-54.13;-12.33;0.1;18.70;75834;2835.747;-1759.278;0;316;500;509.7;100.0;100.7;0;-0.5;26.8;-1.0;
23/02/2025 20:16:33;116;0;276.03;-4;-52.43;-14.24;0.2;19.10;75874;2835.762;-1759.267;0;316;500;508.1;100.0;100.7;0;-0.5;26.9;-1.0;
23/02/2025 20:16:53;110;0;262.33;-4;-54.05;-11.61;-0.1;19.20;75881;2835.762;-1759.267;0;316;-70;391.9;100.0;99.9;-6;-5.9;26.9;-1.0;
23/02/2025 20:17:03;110;0;261.22;-4;-53.23;-14.94;-0.1;19.20;76239;2835.762;-1759.267;1;316;-70;240.3;100.0;99.9;-6;-6.3;26.8;-1.0;
23/02/2025 20:17:13;110;0;267.80;-4;-56.86;-9.79;0.5;19.30;76481;2835.762;-1759.268;1;316;-70;79.0;100.0;99.9;-6;-6.3;26.8;-1.0;
23/02/2025 20:17:23;110;0;260.34;-4;-64.31;-5.52;0.8;19.30;76813;2835.763;-1759.268;1;316;-70;-69.4;100.0;99.9;-6;-6.3;26.8;-1.0;
23/02/2025 20:17:33;110;0;269.57;-4;-66.57;-13.06;1.2;19.30;77116;2835.763;-1759.268;1;316;-70;-69.4;43.7;43.7;-6;-6.3;26.8;-1.0;
23/02/2025 20:17:53;100;0;283.89;-4;-28.54;-14.57;4.4;19.40;77082;2835.764;-1759.272;1;316;-70;-66.1;43.7;43.4;-6;-6.3;26.8;-1.0;
23/02/2025 20:18:13;100;0;287.96;-4;-21.13;-14.52;7.3;19.40;77080;2835.766;-1759.276;1;316;-70;-62.9;43.7;43.4;-6;-6.3;26.8;-1.0;
23/02/2025 20:18:33;100;0;289.43;-4;-22.55;-14.66;10.1;19.50;77091;2835.768;-1759.279;1;316;-70;-62.9;42.9;42.7;-3;-3.2;26.8;-1.0;
23/02/2025 20:18:53;100;0;293.00;-4;-21.16;-12.94;13.1;19.50;77077;2835.770;-1759.283;1;316;-70;-62.9;42.9;42.6;2;1.8;26.9;0.0;
23/02/2025 20:19:13;100;0;297.28;-4;-20.44;-10.61;15.7;19.50;77084;2835.772;-1759.287;1;316;-70;-62.9;42.9;42.6;9;9.0;26.8;0.0;
23/02/2025 20:19:33;100;0;300.86;-4;-20.64;-6.74;18.3;19.50;77079;2835.774;-1759.290;1;316;-70;-62.9;42.9;42.6;13;13.1;26.9;0.0;
23/02/2025 20:19:53;100;0;302.08;-4;-20.14;-4.85;20.8;19.50;77089;2835.776;-1759.293;1;316;-70;-64.5;42.9;42.7;13;13.5;26.8;0.0;
23/02/2025 20:20:13;100;0;302.36;-4;-20.32;-5.04;23.3;19.60;77092;2835.778;-1759.296;1;316;-70;-64.5;42.9;42.7;13;13.5;26.8;0.0;
23/02/2025 20:20:33;100;0;303.00;-4;-20.78;-4.98;25.8;19.50;77084;2835.781;-1759.299;1;316;-70;-62.9;42.9;42.6;13;13.5;26.9;0.0;
23/02/2025 20:20:53;100;0;303.27;-4;-20.51;-5.01;28.3;19.60;77089;2835.783;-1759.302;1;316;-70;-62.9;42.9;42.9;13;13.5;26.8;0.0;
23/02/2025 20:21:13;100;0;303.90;-4;-19.78;-4.84;30.7;19.60;77095;2835.785;-1759.305;1;316;-70;-62.9;42.9;42.7;13;13.5;26.8;0.0;
23/02/2025 20:21:33;100;0;302.71;-4;-20.61;-4.95;33.2;19.60;77097;2835.787;-1759.308;1;316;-70;-62.9;42.9;42.7;13;13.1;26.9;0.0;
23/02/2025 20:21:53;100;0;303.38;-4;-20.71;-4.88;35.7;19.60;77108;2835.790;-1759.311;1;316;-70;-62.9;42.9;42.7;13;13.1;26.9;0.0;
23/02/2025 20:22:13;100;0;305.17;-4;-20.06;-4.92;38.2;19.60;77108;2835.792;-1759.315;1;316;-70;-62.9;42.9;42.6;13;13.1;26.9;0.0;
23/02/2025 20:22:33;100;0;304.72;-4;-20.67;-4.95;40.7;19.60;77114;2835.795;-1759.318;1;316;-70;-62.9;42.9;42.7;13;13.5;26.9;0.0;
23/02/2025 20:22:53;100;0;306.49;-4;-20.49;-4.86;43.3;19.60;77117;2835.797;-1759.321;1;316;-70;-62.9;42.9;42.6;15;14.9;26.8;0.0;
23/02/2025 20:23:13;100;0;307.40;-4;-20.32;-3.85;45.8;19.60;77117;2835.800;-1759.324;1;316;-70;-62.9;42.9;42.6;15;15.3;26.8;0.0;
23/02/2025 20:23:33;100;0;306.73;-4;-20.61;-3.93;48.4;19.60;77120;2835.802;-1759.327;1;316;-70;-62.9;42.9;42.7;15;15.3;26.9;0.0;
23/02/2025 20:23:53;100;0;306.91;-4;-20.49;-3.84;51.0;19.60;77130;2835.805;-1759.330;1;316;-70;-62.9;42.9;42.6;15;15.3;26.9;0.0;
23/02/2025 20:24:13;100;0;306.41;-4;-20.40;-3.89;53.6;19.60;77129;2835.807;-1759.333;1;316;-70;-62.9;42.9;42.7;15;15.3;26.8;0.0;
23/02/2025 20:24:33;100;0;305.90;-4;-20.96;-3.88;56.2;19.60;77130;2835.810;-1759.336;1;316;-70;-62.9;42.9;42.7;15;15.3;26.9;0.0;
23/02/2025 20:24:53;100;0;306.94;-4;-20.32;-3.82;58.9;19.60;77124;2835.812;-1759.339;1;316;-70;-62.9;42.9;42.6;15;15.3;26.9;0.0;
23/02/2025 20:25:13;100;0;306.19;-4;-20.35;-3.87;61.5;19.60;77133;2835.815;-1759.343;1;316;-70;-62.9;42.9;42.6;15;15.3;26.9;0.0;
23/02/2025 20:25:33;100;0;306.28;-4;-20.20;-3.83;64.1;19.60;77139;2835.818;-1759.346;1;316;-70;-62.9;42.9;42.6;15;15.3;26.8;0.0;
23/02/2025 20:25:53;100;0;305.99;-4;-20.18;-3.85;66.8;19.60;77139;2835.820;-1759.349;1;316;-70;-62.9;42.9;42.7;15;15.3;26.9;0.0;
23/02/2025 20:26:13;100;0;306.47;-4;-20.62;-3.96;69.3;19.60;77137;2835.822;-1759.352;1;316;-70;-62.9;42.9;42.6;15;15.3;26.8;0.0;
23/02/2025 20:26:33;100;0;306.39;-4;-20.48;-3.92;72.0;19.60;77145;2835.825;-1759.355;1;316;-70;-62.9;42.9;42.6;15;15.3;26.9;0.0;
23/02/2025 20:26:53;100;0;306.83;-4;-20.11;-3.89;74.5;19.60;77147;2835.828;-1759.358;1;316;-70;-62.9;42.9;42.7;15;15.3;26.9;0.0;
23/02/2025 20:27:13;100;0;306.51;-4;-20.55;-3.90;77.1;19.60;77154;2835.830;-1759.361;1;316;-70;-62.9;42.9;42.7;15;15.3;26.8;0.0;
23/02/2025 20:27:33;100;0;307.69;-4;-20.15;-3.86;79.7;19.50;77160;2835.833;-1759.364;1;316;-70;-62.9;42.9;42.6;15;15.3;26.9;0.0;
23/02/2025 20:27:53;100;0;304.41;-4;-20.44;-3.88;82.3;19.50;77143;2835.835;-1759.368;1;316;-70;-62.9;42.9;42.6;15;15.3;26.9;0.0;
23/02/2025 20:28:13;100;0;297.23;-4;-19.87;-3.82;84.9;19.50;77146;2835.837;-1759.371;1;316;-70;-62.9;42.9;42.7;7;7.2;26.8;0.0;
23/02/2025 20:28:33;100;0;293.47;-4;-20.10;-8.17;87.4;19.50;77146;2835.839;-1759.375;1;316;-70;-62.9;42.9;42.7;3;3.2;26.8;0.0;
23/02/2025 20:28:53;100;0;294.87;-4;-19.51;-10.24;89.9;19.50;77144;2835.841;-1759.378;1;316;-70;-62.9;42.9;42.6;5;5.0;26.9;0.0;
23/02/2025 20:29:13;100;0;295.67;-4;-19.32;-8.83;92.2;19.50;77117;2835.843;-1759.381;1;316;-70;-62.9;42.9;42.6;5;5.4;26.9;0.0;
23/02/2025 20:29:33;100;0;293.05;-4;-18.31;-9.15;94.5;19.50;77111;2835.845;-1759.385;1;316;-70;-64.5;43.4;43.7;2;1.8;26.8;0.0;
23/02/2025 20:29:53;100;0;291.29;-4;-20.36;-11.36;96.7;19.50;77117;2835.846;-1759.388;1;316;-70;-62.9;43.4;43.7;2;1.4;26.9;0.0;
23/02/2025 20:30:13;100;0;294.97;-4;-20.77;-11.06;99.2;19.50;77113;2835.848;-1759.391;1;316;-70;-62.9;43.4;43.7;5;5.0;26.9;0.0;
23/02/2025 20:30:33;100;0;295.13;-4;-21.06;-8.99;101.6;19.50;77107;2835.850;-1759.394;1;316;-70;-62.9;43.4;43.7;5;5.4;26.9;0.0;
23/02/2025 20:30:53;100;0;299.20;-4;-21.41;-8.89;104.2;19.50;77103;2835.852;-1759.397;1;316;-70;-62.9;43.4;43.7;10;9.9;26.9;0.0;
23/02/2025 20:31:13;100;0;302.98;-4;-22.00;-6.32;106.9;19.40;77097;2835.855;-1759.401;1;316;-70;-62.9;43.4;44.0;13;13.1;26.8;0.0;
23/02/2025 20:31:33;100;0;299.95;-4;-21.93;-4.86;109.8;19.40;77064;2835.857;-1759.404;1;316;-70;-62.9;43.4;43.7;11;10.8;26.9;0.0;
23/02/2025 20:31:53;100;0;298.80;-4;-21.16;-6.07;112.5;19.40;77057;2835.859;-1759.408;1;316;-70;-62.9;43.4;43.7;11;10.4;26.8;0.0;
23/02/2025 20:32:13;100;0;297.08;-4;-20.91;-6.33;114.9;19.40;77043;2835.861;-1759.411;1;316;-70;-62.9;43.4;43.9;8;8.1;26.9;0.0;
23/02/2025 20:32:33;100;0;297.90;-4;-20.85;-7.81;117.2;19.40;77038;2835.863;-1759.414;1;316;-70;-62.9;43.4;43.7;10;9.9;26.8;0.0;
23/02/2025 20:32:53;100;0;300.08;-4;-20.64;-6.30;119.6;19.30;77031;2835.865;-1759.417;1;316;-70;-62.9;43.4;43.7;12;12.2;26.9;0.0;
23/02/2025 20:33:13;100;0;299.87;-4;-21.25;-5.37;121.9;19.30;77021;2835.867;-1759.420;1;316;-70;-62.9;43.4;43.9;12;12.6;26.9;0.0;
23/02/2025 20:33:33;100;0;302.34;-4;-21.27;-5.21;124.4;19.30;77017;2835.869;-1759.423;1;316;-70;-62.9;43.4;43.7;12;12.6;26.9;0.0;
23/02/2025 20:33:53;100;0;305.14;-4;-21.49;-5.26;126.9;19.30;77008;2835.872;-1759.426;1;316;-70;-62.9;43.4;43.7;12;12.6;26.9;0.0;
23/02/2025 20:34:13;100;0;309.22;-4;-21.44;-5.15;129.6;19.20;76995;2835.874;-1759.429;1;316;-70;-62.9;43.4;43.7;14;14.0;26.8;0.0;
23/02/2025 20:34:33;100;0;306.98;-4;-21.47;-3.96;132.1;19.20;76988;2835.877;-1759.432;1;316;-70;-62.9;43.4;43.7;14;14.4;26.9;0.0;
23/02/2025 20:34:53;100;0;305.95;-4;-21.04;-4.41;134.7;19.20;76994;2835.879;-1759.435;1;316;-70;-64.5;43.4;43.7;14;14.4;26.9;0.0;
23/02/2025 20:35:13;100;0;304.45;-4;-21.59;-4.27;137.3;19.10;76979;2835.881;-1759.438;1;316;-70;-62.9;43.4;43.7;14;14.4;26.8;0.0;
23/02/2025 20:35:33;100;0;307.39;-4;-20.80;-4.24;139.9;19.10;76978;2835.884;-1759.441;1;316;-70;-62.9;43.4;43.7;14;14.4;26.9;0.0;
23/02/2025 20:35:53;100;0;305.83;-4;-21.24;-4.26;142.5;19.10;76975;2835.886;-1759.444;1;316;-70;-64.5;43.4;43.9;14;14.9;26.8;0.0;
23/02/2025 20:36:13;100;0;301.53;-4;-21.23;-4.28;145.2;19.10;76951;2835.889;-1759.447;1;316;-70;-62.9;43.4;43.7;12;12.2;26.8;0.0;
23/02/2025 20:36:33;100;0;302.35;-4;-21.29;-5.45;147.9;19.00;76939;2835.891;-1759.450;1;316;-70;-62.9;43.4;43.7;12;12.2;26.9;0.0;
23/02/2025 20:36:53;100;0;306.39;-4;-20.94;-5.43;150.7;19.00;76921;2835.894;-1759.454;1;316;-70;-62.9;43.4;43.7;12;12.2;26.8;0.0;
23/02/2025 20:37:13;100;0;307.05;-4;-21.28;-5.44;153.3;19.00;76913;2835.896;-1759.457;1;316;-70;-62.9;43.4;43.7;14;14.0;26.8;0.0;
23/02/2025 20:37:33;100;0;305.08;-4;-21.01;-4.33;156.0;18.90;76897;2835.899;-1759.460;1;316;-70;-62.9;43.4;43.7;14;14.4;26.8;0.0;
23/02/2025 20:37:53;100;0;304.54;-4;-21.09;-4.36;158.7;18.90;76902;2835.901;-1759.463;1;316;-70;-66.1;43.4;43.7;14;14.4;26.9;0.0;
23/02/2025 20:38:13;100;0;302.28;-4;-20.98;-4.39;161.4;18.90;76886;2835.904;-1759.466;1;316;-70;-61.3;43.4;43.7;12;12.2;26.8;0.0;
23/02/2025 20:38:33;100;0;302.64;-4;-21.28;-5.56;164.1;18.90;76881;2835.906;-1759.470;1;316;-70;-64.5;43.4;43.7;12;12.2;26.9;0.0;
23/02/2025 20:38:53;100;0;301.60;-4;-20.79;-5.60;166.8;18.80;76871;2835.908;-1759.473;1;316;-70;-62.9;43.4;43.7;12;12.2;26.9;0.0;
23/02/2025 20:39:13;100;0;301.21;-4;-20.60;-5.59;169.4;18.80;76861;2835.911;-1759.476;1;316;-70;-62.9;43.4;43.7;12;12.2;26.8;0.0;
23/02/2025 20:39:33;100;0;298.17;-4;-20.77;-5.61;172.0;18.70;76844;2835.913;-1759.480;1;316;-70;-62.9;43.4;43.9;9;9.0;26.8;0.0;
23/02/2025 20:39:53;100;0;298.27;-4;-20.74;-7.47;174.6;18.70;76834;2835.915;-1759.483;1;316;-70;-66.1;43.4;43.7;9;8.1;26.8;0.0;
23/02/2025 20:40:13;100;0;298.83;-4;-20.82;-7.40;177.3;18.70;76832;2835.917;-1759.486;1;316;-70;-62.9;43.4;43.7;9;8.6;26.9;0.0;
23/02/2025 20:40:33;100;0;297.82;-4;-20.57;-7.43;180.0;18.60;76811;2835.919;-1759.490;1;316;-70;-62.9;43.4;43.7;9;8.6;26.8;0.0;
23/02/2025 20:40:53;100;0;298.27;-4;-20.42;-7.48;182.7;18.60;76807;2835.921;-1759.493;1;316;-70;-61.3;43.4;43.9;9;8.1;26.8;0.0;
23/02/2025 20:41:13;100;0;298.57;-4;-21.01;-7.46;185.4;18.60;76808;2835.923;-1759.497;1;316;-70;-62.9;43.4;43.7;9;8.1;26.9;0.0;
23/02/2025 20:41:33;100;0;297.28;-4;-20.75;-7.41;188.1;18.50;76797;2835.926;-1759.500;1;316;-70;-64.5;43.4;43.7;7;7.2;26.9;0.0;
23/02/2025 20:41:53;100;0;296.42;-4;-20.62;-8.26;190.9;18.50;76790;2835.928;-1759.504;1;316;-70;-62.9;43.4;43.7;7;6.8;26.9;0.0;
23/02/2025 20:42:13;100;0;297.81;-4;-20.32;-8.22;193.7;18.50;76771;2835.930;-1759.508;1;316;-70;-62.9;43.4;43.7;7;6.8;26.8;0.0;
23/02/2025 20:42:33;100;0;301.78;-4;-19.91;-8.15;196.4;18.40;76754;2835.932;-1759.511;1;316;-70;-62.9;43.4;43.7;11;10.8;26.9;0.0;
23/02/2025 20:42:53;100;0;303.36;-4;-20.26;-5.90;198.8;18.40;76766;2835.935;-1759.514;1;316;-70;-62.9;43.4;43.7;11;11.3;26.8;0.0;
23/02/2025 20:43:13;100;0;302.62;-4;-20.40;-5.90;201.5;18.40;76759;2835.937;-1759.518;1;316;-70;-62.9;43.4;43.7;11;11.3;26.8;0.0;
23/02/2025 20:43:33;100;0;303.01;-4;-20.61;-5.90;204.1;18.30;76749;2835.939;-1759.521;1;316;-70;-62.9;43.4;43.7;11;11.7;26.9;0.0;
23/02/2025 20:43:53;100;0;303.42;-4;-20.83;-5.85;206.8;18.30;76739;2835.942;-1759.524;1;316;-70;-62.9;43.4;43.7;11;11.3;26.9;0.0;
23/02/2025 20:44:13;100;0;301.72;-4;-20.72;-5.92;209.5;18.20;76728;2835.944;-1759.527;1;316;-70;-62.9;43.4;43.7;11;11.3;26.9;0.0;
23/02/2025 20:44:33;100;0;302.89;-4;-20.72;-5.84;212.3;18.20;76732;2835.947;-1759.531;1;316;-70;-62.9;43.4;43.7;11;11.3;26.8;0.0;
23/02/2025 20:44:53;100;0;304.94;-4;-20.84;-5.88;215.0;18.20;76714;2835.949;-1759.534;1;316;-70;-64.5;43.4;43.7;11;11.3;26.8;0.0;
23/02/2025 20:45:13;100;0;307.83;-4;-20.70;-5.81;217.8;18.10;76698;2835.952;-1759.537;1;316;-70;-66.1;43.4;43.7;13;13.5;26.9;0.0;
23/02/2025 20:45:33;100;0;310.23;-4;-20.81;-4.60;220.6;18.10;76703;2835.955;-1759.540;1;316;-70;-64.5;43.4;43.7;13;14.0;26.8;0.0;
23/02/2025 20:45:53;100;0;313.36;-4;-20.67;-4.59;223.4;18.10;76699;2835.958;-1759.543;1;316;-70;-64.5;43.4;43.9;13;14.0;26.8;0.0;
23/02/2025 20:46:13;100;0;314.87;-4;-20.66;-4.58;226.1;18.00;76690;2835.961;-1759.546;1;316;-70;-62.9;43.4;43.7;13;14.0;26.8;0.0;
23/02/2025 20:46:33;100;0;309.02;-4;-20.61;-4.64;228.8;18.00;76683;2835.963;-1759.549;1;316;-70;-64.5;43.4;43.7;13;14.0;26.9;0.0;
23/02/2025 20:46:53;100;0;306.35;-4;-20.54;-4.70;231.5;17.90;76660;2835.966;-1759.552;1;316;-70;-64.5;43.4;43.7;13;14.0;26.8;0.0;
23/02/2025 20:47:13;100;0;305.31;-4;-20.45;-4.65;234.2;17.90;76662;2835.968;-1759.556;1;316;-70;-62.9;43.4;43.7;13;14.0;26.8;0.0;
23/02/2025 20:47:33;100;0;305.43;-4;-20.42;-4.66;236.8;17.90;76659;2835.971;-1759.559;1;316;-70;-62.9;43.4;43.7;13;13.5;26.8;0.0;
23/02/2025 20:47:53;100;0;304.57;-4;-20.20;-4.64;239.5;17.80;76645;2835.973;-1759.562;1;316;-70;-62.9;43.4;43.9;13;14.0;26.8;0.0;
23/02/2025 20:48:13;100;0;303.16;-4;-20.26;-4.62;242.1;17.80;76643;2835.976;-1759.566;1;316;-70;-62.9;43.4;43.7;13;14.0;26.8;0.0;
23/02/2025 20:48:34;100;0;301.69;-4;-20.15;-4.75;244.7;17.80;76640;2835.978;-1759.569;1;316;-70;-62.9;43.4;43.7;10;9.9;26.9;0.0;
23/02/2025 20:48:54;100;0;303.11;-4;-20.18;-6.87;247.2;17.70;76628;2835.980;-1759.572;1;316;-70;-64.5;43.4;43.7;12;12.2;26.9;0.0;
23/02/2025 20:49:14;100;0;303.34;-4;-20.33;-5.27;249.9;17.70;76622;2835.983;-1759.575;1;316;-70;-62.9;43.4;43.7;12;12.6;26.8;0.0;
23/02/2025 20:49:34;100;0;306.25;-4;-20.46;-5.28;252.6;17.70;76617;2835.986;-1759.579;1;316;-70;-62.9;43.4;43.7;12;12.6;26.9;0.0;
23/02/2025 20:49:54;100;0;309.20;-4;-20.53;-5.31;255.3;17.60;76609;2835.988;-1759.582;1;316;-70;-62.9;43.4;43.7;12;12.6;26.8;0.0;
23/02/2025 20:50:14;100;0;312.94;-4;-20.75;-5.30;258.1;17.60;76607;2835.991;-1759.585;1;316;-70;-62.9;43.4;43.7;12;12.6;26.9;0.0;
23/02/2025 20:50:34;100;0;317.19;-4;-20.78;-5.20;261.0;17.60;76598;2835.994;-1759.588;1;316;-70;-61.3;43.4;43.9;12;12.6;26.9;0.0;
23/02/2025 20:50:54;100;0;316.84;-4;-20.47;-5.20;263.9;17.50;76588;2835.998;-1759.591;1;316;-70;-62.9;43.4;43.7;12;12.6;26.9;0.0;
23/02/2025 20:51:14;100;0;310.76;-4;-20.43;-5.33;266.7;17.50;76586;2836.001;-1759.594;1;316;-70;-62.9;43.4;43.7;12;12.6;26.9;0.0;
23/02/2025 20:51:34;100;0;310.36;-4;-20.45;-5.25;269.5;17.50;76573;2836.003;-1759.597;1;316;-70;-62.9;43.4;43.7;12;12.6;26.9;0.0;
23/02/2025 20:51:54;100;0;306.54;-4;-20.31;-5.36;272.2;17.40;76557;2836.006;-1759.600;1;316;-70;-62.9;43.4;43.7;12;12.6;26.8;0.0;
23/02/2025 20:52:14;100;0;306.22;-4;-20.35;-5.30;275.0;17.40;76547;2836.009;-1759.604;1;316;-70;-62.9;43.4;43.9;12;12.6;26.9;0.0;
23/02/2025 20:52:34;100;0;304.57;-4;-20.37;-5.32;277.8;17.30;76555;2836.011;-1759.607;1;316;-70;-62.9;43.4;43.7;12;12.6;26.9;0.0;
23/02/2025 20:52:54;100;0;307.69;-4;-20.39;-5.22;280.6;17.30;76536;2836.014;-1759.610;1;316;-70;-62.9;43.4;43.7;12;12.6;26.8;0.0;
23/02/2025 20:53:14;100;0;311.81;-4;-20.62;-5.20;283.5;17.30;76532;2836.017;-1759.614;1;316;-70;-62.9;43.4;43.7;12;12.6;26.9;0.0;
23/02/2025 20:53:34;100;0;317.06;-4;-20.41;-5.24;286.3;17.20;76523;2836.020;-1759.617;1;316;-70;-62.9;43.4;43.7;12;12.6;26.8;0.0;
23/02/2025 20:53:54;100;0;319.38;-4;-20.48;-5.26;289.2;17.20;76524;2836.024;-1759.619;1;316;-70;-62.9;43.4;43.7;15;15.3;26.9;0.0;
23/02/2025 20:54:14;100;0;320.85;-4;-20.68;-3.74;292.2;17.20;76507;2836.027;-1759.622;1;316;-70;-62.9;43.4;43.7;15;15.8;26.8;0.0;
23/02/2025 20:54:34;100;0;323.83;-4;-20.62;-3.76;295.1;17.10;76499;2836.031;-1759.625;1;316;-70;-62.9;43.4;43.7;19;19.4;26.8;0.0;
23/02/2025 20:54:54;100;0;325.40;-4;-20.65;-1.77;297.9;17.10;76498;2836.034;-1759.627;1;316;-70;-62.9;43.4;43.9;22;22.1;26.9;0.0;
23/02/2025 20:55:14;100;0;326.53;-4;-20.76;-0.37;300.7;17.10;76491;2836.038;-1759.629;1;316;-70;-62.9;43.4;43.7;22;22.6;26.8;0.0;
23/02/2025 20:55:34;100;0;328.21;-4;-20.86;-0.35;303.5;17.00;76484;2836.041;-1759.631;1;316;-70;-66.1;43.4;43.7;27;27.1;26.8;0.0;
23/02/2025 20:55:54;100;0;326.80;-4;-20.97;2.06;306.3;17.00;76488;2836.045;-1759.634;1;316;-70;-62.9;43.4;43.7;24;23.5;26.8;0.0;
23/02/2025 20:56:14;100;0;324.32;-4;-20.67;0.00;309.0;16.90;76473;2836.048;-1759.636;1;316;-70;-62.9;43.4;43.7;21;21.2;26.9;0.0;
23/02/2025 20:56:34;100;0;317.47;-4;-20.14;-1.21;311.7;16.90;76462;2836.051;-1759.639;1;316;-70;-62.9;43.4;43.7;14;14.0;26.8;0.0;
23/02/2025 20:56:54;100;0;315.55;-4;-20.27;-4.99;314.2;16.90;76452;2836.054;-1759.641;1;316;-70;-64.5;43.4;43.7;14;13.5;26.8;0.0;
23/02/2025 20:57:14;100;0;314.21;-4;-20.07;-4.90;316.9;16.80;76442;2836.057;-1759.644;1;316;-70;-66.1;43.4;43.7;14;13.5;26.8;0.0;
23/02/2025 20:57:34;100;0;313.09;-4;-20.18;-4.92;319.4;16.80;76438;2836.060;-1759.647;1;316;-70;-62.9;43.4;43.9;14;13.5;26.8;0.0;
23/02/2025 20:57:54;100;0;312.15;-4;-20.16;-4.90;322.1;16.80;76432;2836.063;-1759.650;1;316;-70;-62.9;43.4;43.7;14;13.5;26.8;0.0;
23/02/2025 20:58:14;100;0;311.95;-4;-20.20;-4.91;324.7;16.80;76444;2836.065;-1759.653;1;316;-70;-62.9;43.4;43.7;14;13.5;26.8;0.0;
23/02/2025 20:58:34;100;0;310.35;-4;-20.02;-4.97;327.2;16.70;76426;2836.068;-1759.656;1;316;-70;-62.9;43.4;43.7;14;13.5;26.9;0.0;
23/02/2025 20:58:54;100;0;307.56;-4;-20.14;-4.91;329.6;16.70;76425;2836.070;-1759.659;1;316;-70;-62.9;43.4;43.7;14;13.5;26.8;0.0;
23/02/2025 20:59:14;100;0;305.93;-4;-20.17;-4.91;332.1;16.60;76415;2836.073;-1759.662;1;316;-70;-64.5;43.4;43.7;14;13.5;26.8;0.0;
23/02/2025 20:59:34;100;0;306.24;-4;-20.20;-4.90;334.5;16.60;76417;2836.075;-1759.665;1;316;-70;-62.9;43.4;43.7;14;13.5;26.8;0.0;
23/02/2025 20:59:54;100;0;306.54;-4;-20.25;-4.86;337.0;16.60;76396;2836.078;-1759.668;1;316;-70;-62.9;43.4;43.7;14;13.5;26.9;0.0;
23/02/2025 21:00:14;100;0;307.43;-4;-20.30;-4.85;339.4;16.50;76397;2836.080;-1759.671;1;316;-70;-66.1;43.4;43.7;14;13.5;26.9;0.0;
23/02/2025 21:00:34;100;0;305.54;-4;-20.23;-4.90;341.7;16.50;76390;2836.083;-1759.674;1;316;-70;-64.5;43.4;43.7;14;13.5;26.8;0.0;
23/02/2025 21:00:54;100;0;304.45;-4;-20.05;-4.92;344.1;16.50;76381;2836.085;-1759.677;1;316;-70;-62.9;43.4;43.7;12;12.2;26.9;0.0;
23/02/2025 21:01:14;100;0;300.72;-4;-19.94;-5.79;346.3;16.40;76372;2836.087;-1759.680;1;316;-70;-62.9;43.4;43.7;12;12.2;26.8;0.0;
23/02/2025 21:01:34;100;0;299.64;-4;-20.07;-5.74;348.6;16.40;76371;2836.089;-1759.683;1;316;-70;-62.9;43.4;43.7;10;9.9;26.8;0.0;
23/02/2025 21:01:54;100;0;299.14;-4;-20.06;-7.00;350.9;16.40;76359;2836.091;-1759.686;1;316;-70;-62.9;43.4;43.7;10;9.5;26.8;0.0;
23/02/2025 21:02:14;100;0;301.39;-4;-19.87;-6.95;353.1;16.40;76346;2836.093;-1759.688;1;316;-70;-66.1;43.4;43.7;10;9.5;26.8;0.0;
23/02/2025 21:02:34;100;0;303.39;-4;-19.79;-7.02;355.3;16.30;76347;2836.095;-1759.691;1;316;-70;-62.9;43.4;43.7;12;12.6;26.8;0.0;
23/02/2025 21:02:54;100;0;306.61;-4;-20.08;-5.17;357.4;16.30;76346;2836.097;-1759.694;1;316;-70;-62.9;43.4;43.7;12;13.1;26.9;0.0;
23/02/2025 21:03:14;100;0;306.39;-4;-20.04;-5.19;359.5;16.20;76337;2836.099;-1759.696;1;316;-70;-62.9;43.4;43.9;12;13.1;26.8;0.0;
23/02/2025 21:03:34;100;0;304.89;-4;-20.41;-5.18;361.7;16.20;76332;2836.102;-1759.699;1;316;-70;-62.9;43.4;43.7;12;13.1;26.8;0.0;
23/02/2025 21:03:54;100;0;303.76;-4;-20.47;-5.12;363.8;16.20;76317;2836.104;-1759.702;1;316;-70;-62.9;43.4;43.7;12;13.1;26.8;0.0;
23/02/2025 21:04:14;100;0;304.96;-4;-20.38;-5.04;366.0;16.10;76302;2836.106;-1759.704;1;316;-70;-64.5;43.4;43.7;12;13.1;26.8;0.0;
23/02/2025 21:04:34;100;0;302.92;-4;-20.09;-5.12;368.1;16.10;76308;2836.108;-1759.707;1;316;-70;-62.9;43.4;43.7;12;13.1;26.9;0.0;
23/02/2025 21:04:54;100;0;301.20;-4;-20.15;-5.17;370.2;16.10;76288;2836.110;-1759.710;1;316;-70;-62.9;43.4;43.7;12;12.6;26.9;0.0;
23/02/2025 21:05:14;100;0;301.41;-4;-19.89;-5.17;372.2;16.00;76274;2836.112;-1759.712;1;316;-90;-90.3;43.4;43.9;12;13.1;26.9;0.0;
23/02/2025 21:05:34;100;0;303.96;-4;-19.34;-5.09;374.1;16.00;76343;2836.114;-1759.715;1;316;-110;-111.3;43.4;43.7;12;13.1;26.8;0.0;
23/02/2025 21:05:54;100;0;304.85;-4;-19.05;-4.97;376.3;16.00;76367;2836.116;-1759.718;1;316;-110;-112.9;43.4;43.7;12;12.6;26.8;0.0;
23/02/2025 21:06:14;100;0;305.45;-4;-19.22;-4.99;378.6;16.00;76372;2836.118;-1759.721;1;316;-110;-111.3;43.4;43.7;12;13.1;26.9;0.0;
23/02/2025 21:06:34;100;0;305.84;-4;-19.29;-4.99;380.8;15.90;76371;2836.121;-1759.724;1;316;-110;-117.7;43.4;43.7;12;12.6;26.9;0.0;
23/02/2025 21:06:54;100;0;306.52;-4;-19.37;-4.90;383.2;15.90;76358;2836.123;-1759.727;1;316;-110;-112.9;43.4;43.7;12;13.1;26.9;0.0;
23/02/2025 21:07:14;100;0;307.38;-4;-19.61;-4.90;385.6;15.90;76349;2836.126;-1759.729;1;316;-110;-116.1;43.4;43.7;12;13.1;26.8;0.0;
23/02/2025 21:07:34;100;0;308.24;-4;-19.69;-4.89;388.1;15.80;76353;2836.128;-1759.732;1;316;-110;-114.5;43.4;43.7;12;13.1;26.8;0.0;
23/02/2025 21:07:54;100;0;307.79;-4;-20.26;-4.74;390.6;15.80;76344;2836.131;-1759.735;1;316;-110;-114.5;43.4;43.7;12;13.1;26.8;0.0;
23/02/2025 21:08:14;100;0;309.94;-4;-19.68;-4.91;393.1;15.80;76337;2836.133;-1759.738;1;316;-110;-116.1;43.4;43.7;12;13.1;26.8;0.0;
23/02/2025 21:08:34;100;0;311.62;-4;-19.95;-4.87;395.6;15.70;76327;2836.136;-1759.741;1;316;-110;-116.1;43.4;43.9;12;12.6;26.9;0.0;
23/02/2025 21:08:54;100;0;314.89;-4;-19.69;-4.91;398.1;15.70;76312;2836.139;-1759.744;1;316;-110;-114.5;43.4;43.9;12;13.1;26.8;0.0;
23/02/2025 21:09:14;100;0;314.43;-4;-19.31;-4.94;400.6;15.70;76319;2836.142;-1759.747;1;316;-110;-116.1;43.4;43.7;12;13.1;26.8;0.0;
23/02/2025 21:09:34;100;0;313.32;-4;-19.30;-4.91;403.0;15.60;76309;2836.145;-1759.749;1;316;-110;-114.5;43.4;43.7;12;13.1;26.9;0.0;
23/02/2025 21:09:54;100;0;312.62;-4;-19.27;-4.95;405.4;15.60;76297;2836.147;-1759.752;1;316;-110;-116.1;43.4;43.7;12;13.1;26.8;0.0;
23/02/2025 21:10:14;100;0;312.68;-4;-19.26;-4.93;407.8;15.60;76293;2836.150;-1759.755;1;316;-110;-117.7;43.4;43.7;12;13.1;26.9;0.0;
23/02/2025 21:10:34;100;0;314.95;-4;-19.26;-4.96;410.1;15.50;76281;2836.153;-1759.757;1;316;-110;-116.1;43.4;43.7;12;13.1;26.8;0.0;
23/02/2025 21:10:54;100;0;316.96;-4;-19.32;-4.96;412.4;15.50;76288;2836.156;-1759.760;1;316;-110;-114.5;43.4;43.7;14;14.0;26.9;0.0;
23/02/2025 21:11:14;100;0;316.55;-4;-19.25;-4.19;414.7;15.50;76267;2836.158;-1759.762;1;316;-110;-116.1;43.4;43.7;14;14.4;26.8;0.0;
23/02/2025 21:11:34;100;0;314.72;-4;-19.43;-4.19;417.0;15.40;76265;2836.161;-1759.765;1;316;-110;-114.5;43.4;43.7;14;14.4;26.8;0.0;
23/02/2025 21:11:54;100;0;315.95;-4;-19.43;-4.16;419.4;15.40;76258;2836.164;-1759.768;1;316;-110;-116.1;43.4;43.7;14;14.4;26.9;0.0;
23/02/2025 21:12:14;100;0;316.30;-4;-19.52;-4.16;421.7;15.40;76246;2836.167;-1759.770;1;316;-110;-114.5;43.4;43.7;14;14.4;26.8;0.0;
23/02/2025 21:12:34;100;0;318.44;-4;-19.63;-4.12;424.2;15.30;76230;2836.170;-1759.773;1;316;-110;-116.1;43.4;43.7;14;14.4;26.9;0.0;
23/02/2025 21:12:54;100;0;318.69;-4;-19.54;-4.15;426.6;15.30;76229;2836.173;-1759.775;1;316;-110;-116.1;43.4;43.7;14;14.4;26.9;0.0;
23/02/2025 21:13:14;100;0;317.42;-4;-19.65;-4.14;429.0;15.30;76225;2836.175;-1759.778;1;316;-110;-114.5;43.4;43.7;14;14.4;26.8;0.0;
23/02/2025 21:13:34;100;0;316.85;-4;-19.57;-4.15;431.4;15.20;76226;2836.178;-1759.780;1;316;-110;-116.1;43.4;43.7;14;14.4;26.8;0.0;
23/02/2025 21:13:54;100;0;317.87;-4;-19.77;-4.20;434.0;15.20;76211;2836.181;-1759.783;1;316;-110;-116.1;43.4;43.7;14;14.4;26.9;0.0;
23/02/2025 21:14:14;100;0;317.98;-4;-19.83;-4.09;436.5;15.20;76205;2836.184;-1759.785;1;316;-110;-114.5;43.4;43.9;14;14.4;26.8;0.0;
23/02/2025 21:14:34;100;0;316.93;-4;-19.89;-4.11;439.1;15.10;76192;2836.187;-1759.788;1;316;-110;-116.1;43.4;43.7;14;14.4;26.9;0.0;
23/02/2025 21:14:54;100;0;317.36;-4;-19.68;-4.11;441.8;15.10;76184;2836.190;-1759.791;1;316;-110;-116.1;43.4;43.7;14;14.4;26.8;0.0;
23/02/2025 21:15:14;100;0;317.71;-4;-19.64;-4.10;444.4;15.10;76181;2836.193;-1759.793;1;316;-110;-116.1;43.4;43.7;14;14.4;26.8;0.0;
23/02/2025 21:15:34;100;0;317.52;-4;-19.51;-4.15;446.9;15.00;76185;2836.196;-1759.796;1;316;-110;-116.1;43.4;43.7;14;14.4;26.8;0.0;
23/02/2025 21:15:54;100;0;318.41;-4;-19.40;-4.12;449.5;15.00;76187;2836.200;-1759.799;1;316;-110;-119.4;43.4;43.7;14;14.4;26.8;0.0;
23/02/2025 21:16:14;100;0;318.96;-4;-19.31;-4.20;452.1;15.00;76174;2836.203;-1759.801;1;316;-110;-117.7;43.4;43.9;14;14.4;26.8;0.0;
23/02/2025 21:16:34;100;0;318.91;-4;-19.20;-4.22;454.6;15.00;76164;2836.206;-1759.804;1;316;-110;-116.1;43.4;43.7;14;14.4;26.8;0.0;
23/02/2025 21:16:54;100;0;319.30;-4;-19.17;-4.22;457.2;14.90;76157;2836.209;-1759.807;1;316;-110;-116.1;43.4;43.7;16;15.8;26.8;0.0;
23/02/2025 21:17:14;100;0;320.16;-4;-19.27;-3.20;459.8;14.90;76145;2836.212;-1759.809;1;316;-110;-117.7;43.4;43.7;16;16.2;26.8;0.0;
23/02/2025 21:17:34;100;0;320.58;-4;-19.37;-3.18;462.4;14.90;76146;2836.216;-1759.812;1;316;-110;-116.1;43.4;43.7;16;16.2;26.8;0.0;
23/02/2025 21:17:54;100;0;320.57;-4;-19.55;-3.14;465.2;14.80;76147;2836.219;-1759.814;1;316;-110;-116.1;43.4;43.7;16;16.2;26.8;0.0;
23/02/2025 21:18:14;100;0;320.54;-4;-19.49;-3.21;467.8;14.80;76128;2836.222;-1759.817;1;316;-110;-116.1;43.4;43.7;16;16.2;26.8;0.0;
23/02/2025 21:18:34;100;0;321.65;-4;-19.15;-3.28;470.5;14.80;76138;2836.225;-1759.820;1;316;-110;-116.1;43.4;43.7;16;16.2;26.8;0.0;
23/02/2025 21:18:54;100;0;320.14;-4;-19.20;-3.27;473.2;14.70;76128;2836.229;-1759.822;1;316;-110;-116.1;43.4;43.7;16;16.2;26.8;0.0;
23/02/2025 21:19:14;100;0;315.62;-4;-19.25;-3.28;475.9;14.70;76112;2836.232;-1759.825;1;316;-110;-116.1;43.4;43.7;14;14.0;26.8;0.0;
23/02/2025 21:19:34;100;0;310.58;-4;-18.94;-4.78;478.6;14.70;76116;2836.235;-1759.829;1;316;-110;-116.1;43.8;43.7;14;13.5;26.8;0.0;
23/02/2025 21:19:54;100;0;309.12;-4;-18.95;-4.72;481.3;14.70;76109;2836.238;-1759.832;1;316;-110;-117.7;44.1;44.0;14;13.5;26.8;0.0;
23/02/2025 21:20:14;100;0;308.93;-4;-19.85;-4.65;484.1;14.60;76102;2836.241;-1759.835;1;316;-110;-116.1;44.1;44.3;14;13.5;26.8;0.0;
23/02/2025 21:20:34;100;0;309.32;-4;-20.09;-4.66;486.9;14.60;76080;2836.243;-1759.838;1;316;-110;-114.5;44.1;44.3;14;13.5;26.8;0.0;
23/02/2025 21:20:54;100;0;310.88;-4;-20.22;-4.60;489.8;14.60;76101;2836.246;-1759.842;1;316;-110;-114.5;44.1;44.3;14;13.5;26.8;0.0;
23/02/2025 21:21:14;100;0;311.55;-4;-20.43;-4.64;492.7;14.50;76082;2836.249;-1759.845;1;316;-110;-116.1;44.1;44.5;14;13.5;26.8;0.0;
23/02/2025 21:21:34;100;0;309.75;-4;-20.31;-4.60;495.7;14.50;76083;2836.253;-1759.849;1;316;-110;-116.1;44.1;44.3;14;13.5;26.8;0.0;
23/02/2025 21:21:54;100;0;307.16;-4;-20.23;-4.67;498.7;14.50;76076;2836.255;-1759.852;1;316;-110;-117.7;44.1;44.3;14;13.5;26.8;0.0;
23/02/2025 21:22:14;100;0;305.52;-4;-20.21;-4.62;501.6;14.50;76069;2836.258;-1759.856;1;316;-110;-116.1;44.1;44.3;14;13.5;26.8;0.0;
23/02/2025 21:22:34;100;0;303.82;-4;-20.18;-4.65;504.6;14.40;76068;2836.261;-1759.859;1;316;-110;-116.1;44.1;44.3;12;12.2;26.8;0.0;
23/02/2025 21:22:55;100;0;301.40;-4;-20.12;-5.28;507.6;14.40;76060;2836.263;-1759.863;1;316;-110;-116.1;44.1;44.3;10;9.9;26.8;0.0;
23/02/2025 21:23:15;100;0;299.20;-4;-19.72;-6.60;510.5;14.40;76062;2836.266;-1759.867;1;316;-110;-116.1;44.1;44.3;8;8.1;26.9;0.0;
23/02/2025 21:23:35;100;0;299.69;-4;-19.46;-7.59;513.4;14.30;76044;2836.268;-1759.871;1;316;-110;-116.1;44.1;44.3;8;7.7;26.9;0.0;
23/02/2025 21:23:55;100;0;302.56;-4;-19.60;-7.61;516.2;14.30;76045;2836.271;-1759.875;1;316;-110;-114.5;44.1;44.3;11;11.3;26.9;0.0;
23/02/2025 21:24:15;100;0;304.28;-4;-20.07;-5.52;519.1;14.30;76028;2836.274;-1759.878;1;316;-110;-116.1;44.1;44.5;11;11.7;26.8;0.0;
23/02/2025 21:24:35;100;0;304.63;-4;-20.05;-5.56;522.1;14.30;76026;2836.276;-1759.882;1;316;-110;-116.1;44.1;44.3;11;11.7;26.8;0.0;
23/02/2025 21:24:55;100;0;304.79;-4;-19.70;-5.62;525.1;14.20;76015;2836.279;-1759.885;1;316;-110;-114.5;44.1;44.3;13;13.1;26.8;0.0;
23/02/2025 21:25:15;100;0;303.70;-4;-19.99;-4.64;527.9;14.20;76017;2836.282;-1759.889;1;316;-110;-116.1;44.1;44.3;13;13.5;26.9;0.0;
23/02/2025 21:25:35;100;0;303.81;-4;-20.14;-4.66;530.9;14.20;76010;2836.284;-1759.893;1;316;-110;-116.1;44.1;44.3;13;13.5;26.8;0.0;
23/02/2025 21:25:55;100;0;302.18;-4;-20.16;-4.61;533.8;14.20;76008;2836.287;-1759.896;1;316;-110;-116.1;44.1;44.3;11;10.8;26.8;0.0;
23/02/2025 21:26:15;100;0;300.66;-4;-20.04;-6.24;536.9;14.10;75999;2836.289;-1759.900;1;316;-110;-114.5;44.1;44.3;11;10.4;26.9;0.0;
23/02/2025 21:26:35;100;0;300.68;-4;-20.02;-6.26;539.8;14.10;76000;2836.292;-1759.904;1;316;-110;-116.1;44.1;44.3;9;9.0;26.8;0.0;
23/02/2025 21:26:55;100;0;303.19;-4;-19.91;-6.94;542.7;14.10;75996;2836.295;-1759.908;1;316;-110;-116.1;44.1;44.3;11;10.8;26.8;0.0;
23/02/2025 21:27:15;100;0;304.13;-4;-20.01;-5.66;545.7;14.10;75991;2836.297;-1759.912;1;316;-110;-116.1;44.1;44.3;11;11.3;26.8;0.0;
23/02/2025 21:27:35;100;0;303.94;-4;-20.11;-5.79;548.6;14.00;75981;2836.300;-1759.915;1;316;-110;-117.7;44.1;44.5;11;11.3;26.8;0.0;
23/02/2025 21:27:55;100;0;305.08;-4;-20.02;-5.69;551.6;14.00;75976;2836.303;-1759.919;1;316;-110;-116.1;44.1;44.3;11;11.3;26.9;0.0;
23/02/2025 21:28:15;100;0;303.63;-4;-19.88;-5.76;554.5;14.00;75969;2836.305;-1759.922;1;316;-110;-116.1;44.1;44.3;11;11.3;26.8;0.0;
23/02/2025 21:28:35;100;0;304.61;-4;-20.13;-5.78;557.3;14.00;75970;2836.308;-1759.926;1;316;-110;-116.1;44.1;44.3;11;11.3;26.8;0.0;
23/02/2025 21:28:55;100;0;307.79;-4;-20.21;-6.12;560.3;13.90;75958;2836.311;-1759.930;1;316;-110;-116.1;44.1;44.3;13;13.1;26.8;0.0;
23/02/2025 21:29:15;100;0;311.23;-4;-20.23;-4.47;563.3;13.90;75959;2836.314;-1759.933;1;316;-110;-116.1;44.1;44.3;13;13.5;26.9;0.0;
23/02/2025 21:29:35;100;0;311.61;-4;-20.14;-4.58;566.3;13.90;75957;2836.317;-1759.936;1;316;-110;-116.1;44.1;44.3;13;13.5;26.8;0.0;
23/02/2025 21:29:55;100;0;310.99;-4;-20.17;-4.51;569.3;13.80;75945;2836.320;-1759.940;1;316;-110;-114.5;44.1;44.3;13;13.5;26.9;0.0;
23/02/2025 21:30:15;100;0;312.48;-4;-20.22;-4.49;572.2;13.80;75948;2836.323;-1759.943;1;316;-110;-116.1;44.1;44.3;13;13.5;26.8;0.0;
23/02/2025 21:30:35;100;0;315.53;-4;-19.95;-4.75;575.1;13.80;75941;2836.327;-1759.946;1;316;-110;-116.1;44.1;44.3;13;13.5;26.8;0.0;
23/02/2025 21:30:55;100;0;317.64;-4;-19.69;-4.70;577.7;13.80;75942;2836.330;-1759.949;1;316;-110;-116.1;44.1;44.3;13;14.0;26.8;0.0;
23/02/2025 21:31:15;100;0;320.12;-4;-19.51;-4.52;580.5;13.80;75935;2836.333;-1759.951;1;316;-110;-116.1;44.1;44.5;15;14.9;26.8;0.0;
23/02/2025 21:31:35;100;0;323.78;-4;-19.95;-3.96;583.2;13.70;75918;2836.336;-1759.954;1;316;-110;-116.1;44.1;44.3;20;19.9;26.8;0.0;
23/02/2025 21:31:55;100;0;326.18;-4;-19.78;-1.30;585.9;13.70;75924;2836.340;-1759.956;1;316;-110;-114.5;44.1;44.3;23;23.0;26.8;0.0;
23/02/2025 21:32:15;100;0;325.10;-4;-20.11;0.34;588.7;13.70;75911;2836.343;-1759.959;1;316;-110;-116.1;44.1;44.3;20;19.9;26.8;0.0;
23/02/2025 21:32:35;100;0;323.24;-4;-19.94;-1.31;591.4;13.60;75910;2836.347;-1759.961;1;316;-110;-116.1;44.1;44.3;20;20.3;26.8;0.0;
23/02/2025 21:32:55;100;0;322.07;-4;-19.96;-1.43;594.1;13.60;75913;2836.350;-1759.964;1;316;-110;-116.1;44.1;44.3;18;18.1;26.8;0.0;
23/02/2025 21:33:15;100;0;321.15;-4;-19.88;-2.58;597.0;13.60;75900;2836.353;-1759.966;1;316;-110;-114.5;44.1;44.2;16;15.8;26.8;0.0;
23/02/2025 21:33:35;100;0;319.42;-4;-19.78;-3.91;599.7;13.60;75897;2836.357;-1759.969;1;316;-110;-116.1;44.1;44.3;16;15.3;26.8;0.0;
23/02/2025 21:33:55;100;0;318.32;-4;-20.05;-3.90;602.5;13.50;75893;2836.360;-1759.972;1;316;-110;-116.1;44.1;44.3;14;14.0;26.8;0.0;
23/02/2025 21:34:15;100;0;317.97;-4;-19.77;-4.60;605.3;13.50;75886;2836.363;-1759.975;1;316;-110;-114.5;44.1;44.3;14;13.5;26.8;0.0;
23/02/2025 21:34:35;100;0;315.88;-4;-19.87;-4.64;608.2;13.50;75891;2836.366;-1759.978;1;316;-110;-114.5;44.1;44.3;14;13.5;26.8;0.0;
23/02/2025 21:34:55;100;0;315.88;-4;-20.07;-4.70;611.0;13.50;75886;2836.370;-1759.981;1;316;-110;-116.1;44.1;44.3;14;13.5;26.8;0.0;
23/02/2025 21:35:15;100;0;314.78;-4;-19.24;-4.69;613.9;13.50;75875;2836.373;-1759.984;1;316;-110;-114.5;44.1;44.3;14;13.5;26.8;0.0;
23/02/2025 21:35:35;100;0;312.86;-4;-19.79;-4.61;616.6;13.40;75876;2836.376;-1759.987;1;316;-110;-114.5;44.1;44.3;14;13.5;26.8;0.0;
23/02/2025 21:35:55;100;0;313.52;-4;-19.91;-4.70;619.4;13.40;75875;2836.379;-1759.990;1;316;-110;-116.1;44.1;44.2;14;13.5;26.8;0.0;
23/02/2025 21:36:15;100;0;313.06;-4;-19.79;-4.59;622.3;13.40;75871;2836.382;-1759.993;1;316;-110;-116.1;44.1;44.3;14;13.5;26.8;0.0;
23/02/2025 21:36:35;100;0;310.32;-4;-19.54;-4.66;625.2;13.40;75863;2836.385;-1759.996;1;316;-110;-116.1;44.1;44.3;14;13.5;26.8;0.0;
23/02/2025 21:36:55;100;0;307.55;-4;-19.69;-4.69;627.9;13.30;75856;2836.388;-1760.000;1;316;-110;-114.5;44.1;44.3;14;13.5;26.8;0.0;
23/02/2025 21:37:15;100;0;306.90;-4;-19.34;-4.62;630.9;13.30;75866;2836.391;-1800.003;1;316;-110;-114.5;44.1;44.3;14;14.0;26.8;0.0;
23/02/2025 21:37:35;100;0;307.49;-4;-19.50;-4.65;633.7;13.30;75858;2836.393;-1800.007;1;316;-110;-116.1;44.1;44.3;14;13.5;26.8;0.0;
23/02/2025 21:37:55;100;0;307.34;-4;-19.46;-4.62;636.5;13.30;75851;2836.396;-1800.010;1;316;-110;-116.1;44.1;44.3;14;13.5;26.8;0.0;
23/02/2025 21:38:15;100;0;308.70;-4;-19.93;-4.66;639.4;13.30;75852;2836.399;-1800.014;1;316;-110;-116.1;44.1;44.5;14;14.0;26.8;0.0;
23/02/2025 21:38:35;100;0;304.81;-4;-20.20;-4.63;642.5;13.30;75838;2836.402;-1800.018;1;316;-110;-116.1;44.1;44.3;12;11.7;26.8;0.0;
23/02/2025 21:38:55;100;0;308.84;-4;-19.87;-5.45;645.5;13.20;75834;2836.405;-1800.021;1;316;-110;-116.1;44.1;44.3;12;11.7;26.9;0.0;
23/02/2025 21:39:15;100;0;313.46;-4;-19.64;-5.57;648.6;13.20;75811;2836.408;-1800.025;1;316;-110;-116.1;44.1;44.3;12;11.7;26.8;0.0;
23/02/2025 21:39:35;100;0;316.20;-4;-19.82;-5.61;651.7;13.20;75819;2836.412;-1800.028;1;316;-110;-116.1;44.1;44.3;14;14.4;26.9;0.0;
23/02/2025 21:39:55;100;0;318.24;-4;-19.82;-4.26;654.7;13.10;75810;2836.415;-1800.031;1;316;-110;-116.1;44.1;44.5;14;14.4;26.8;0.0;
23/02/2025 21:40:15;100;0;319.33;-4;-19.93;-4.08;657.7;13.10;75803;2836.419;-1800.034;1;316;-110;-114.5;44.1;44.3;14;14.9;26.8;0.0;
23/02/2025 21:40:35;100;0;319.49;-4;-19.78;-4.07;660.7;13.10;75793;2836.422;-1800.037;1;316;-110;-116.1;44.1;44.3;14;14.4;26.8;0.0;
23/02/2025 21:40:55;100;0;318.97;-4;-19.82;-4.13;663.7;13.10;75791;2836.426;-1800.040;1;316;-110;-116.1;44.1;44.3;14;14.9;26.8;0.0;
23/02/2025 21:41:15;100;0;320.95;-4;-19.95;-4.05;666.8;13.10;75786;2836.429;-1800.043;1;316;-110;-114.5;44.1;44.3;16;15.8;26.8;0.0;
23/02/2025 21:41:35;100;0;318.59;-4;-19.73;-3.48;669.7;13.00;75779;2836.433;-1800.046;1;316;-110;-116.1;44.1;44.3;16;16.2;26.8;0.0;
23/02/2025 21:41:55;100;0;318.80;-4;-19.58;-3.36;672.6;13.00;75767;2836.436;-1800.048;1;316;-110;-116.1;44.1;44.3;16;16.2;26.8;0.0;
23/02/2025 21:42:15;100;0;319.28;-4;-19.53;-3.59;675.5;13.00;75760;2836.439;-1800.051;1;316;-110;-116.1;44.1;44.3;16;15.8;26.8;0.0;
23/02/2025 21:42:35;100;0;321.74;-4;-19.18;-3.52;678.2;13.00;75757;2836.443;-1800.054;1;316;-110;-116.1;44.1;44.3;16;15.8;26.9;0.0;
23/02/2025 21:42:55;100;0;320.02;-4;-19.24;-3.54;681.0;12.90;75743;2836.446;-1800.057;1;316;-110;-114.5;44.1;44.3;16;15.8;26.9;0.0;
23/02/2025 21:43:15;100;0;318.51;-4;-19.46;-3.48;683.6;12.90;75739;2836.450;-1800.059;1;316;-110;-116.1;44.1;44.3;16;15.8;26.9;0.0;
23/02/2025 21:43:35;100;0;317.19;-4;-19.45;-3.51;686.3;12.90;75722;2836.453;-1800.062;1;316;-110;-116.1;44.1;44.3;14;14.0;26.8;0.0;
23/02/2025 21:43:55;100;0;316.68;-4;-19.31;-4.55;689.1;12.90;75722;2836.456;-1800.065;1;316;-110;-116.1;44.1;44.3;14;14.0;26.8;0.0;
23/02/2025 21:44:15;100;0;315.60;-4;-19.12;-4.59;691.8;12.80;75724;2836.459;-1800.068;1;316;-110;-114.5;44.1;44.5;14;14.0;26.9;0.0;
23/02/2025 21:44:35;100;0;315.69;-4;-19.30;-4.60;694.5;12.80;75717;2836.462;-1800.071;1;316;-110;-116.1;44.1;44.3;14;14.0;26.8;0.0;
23/02/2025 21:44:55;100;0;315.87;-4;-19.12;-4.62;697.1;12.80;75710;2836.465;-1800.074;1;316;-110;-116.1;44.1;44.3;14;14.0;26.8;0.0;
23/02/2025 21:45:15;100;0;313.93;-4;-19.09;-4.68;699.8;12.70;75709;2836.468;-1800.077;1;316;-110;-116.1;44.1;44.3;14;14.0;26.8;0.0;
23/02/2025 21:45:35;100;0;313.40;-4;-19.27;-4.69;702.5;12.70;75707;2836.471;-1800.080;1;316;-110;-116.1;44.1;44.3;14;14.0;26.8;0.0;
23/02/2025 21:45:55;100;0;312.22;-4;-19.30;-4.49;705.1;12.70;75699;2836.474;-1800.083;1;316;-110;-116.1;44.1;44.3;14;14.0;26.8;0.0;
23/02/2025 21:46:15;100;0;311.31;-4;-19.20;-4.64;707.7;12.70;75703;2836.477;-1800.086;1;316;-110;-116.1;44.1;44.5;14;14.0;26.8;0.0;
23/02/2025 21:46:35;100;0;311.49;-4;-19.05;-4.54;710.4;12.70;75702;2836.480;-1800.089;1;316;-110;-114.5;44.1;44.3;14;13.5;26.8;0.0;
23/02/2025 21:46:55;100;0;308.82;-4;-18.97;-4.63;712.9;12.60;75684;2836.483;-1800.093;1;316;-110;-116.1;44.4;44.3;14;13.5;26.8;0.0;
23/02/2025 21:47:15;100;0;304.18;-4;-18.96;-4.51;715.5;12.60;75680;2836.485;-1800.096;1;316;-110;-116.1;44.7;44.6;14;14.0;26.9;0.0;
23/02/2025 21:47:35;100;0;302.94;-4;-20.15;-4.56;718.2;12.60;75682;2836.488;-1800.099;1;316;-110;-116.1;44.7;44.9;12;12.2;26.8;0.0;
23/02/2025 21:47:55;100;0;303.75;-4;-19.92;-5.58;721.1;12.60;75667;2836.490;-1800.103;1;316;-110;-116.1;44.7;44.9;12;11.7;26.8;0.0;
23/02/2025 21:48:15;100;0;303.61;-4;-20.23;-5.59;723.9;12.60;75684;2836.493;-1800.106;1;316;-110;-116.1;44.7;44.9;12;11.7;26.8;0.0;
23/02/2025 21:48:35;100;0;303.46;-4;-20.25;-5.58;726.8;12.50;75661;2836.496;-1800.110;1;316;-110;-116.1;44.7;44.9;12;11.7;26.8;0.0;
23/02/2025 21:48:55;100;0;305.14;-4;-20.40;-5.57;729.8;12.50;75660;2836.498;-1800.114;1;316;-110;-116.1;44.7;44.9;12;11.7;26.8;0.0;
23/02/2025 21:49:15;100;0;309.08;-4;-20.19;-5.33;732.8;12.50;75666;2836.501;-1800.117;1;316;-110;-116.1;44.7;44.9;12;11.7;26.8;0.0;
23/02/2025 21:49:35;100;0;312.14;-4;-20.58;-5.78;736.0;12.50;75663;2836.505;-1800.121;1;316;-110;-116.1;44.7;44.9;12;11.7;26.8;0.0;
23/02/2025 21:49:55;100;0;316.93;-4;-20.30;-5.54;739.0;12.40;75649;2836.508;-1800.124;1;316;-110;-114.5;44.7;44.9;14;14.0;26.8;0.0;
23/02/2025 21:50:15;100;0;319.82;-4;-21.00;-4.22;742.3;12.40;75640;2836.512;-1800.127;1;316;-110;-114.5;44.7;44.9;16;15.8;26.8;0.0;
23/02/2025 21:50:35;100;0;321.49;-4;-21.04;-3.15;745.5;12.40;75633;2836.515;-1800.130;1;316;-110;-114.5;44.7;44.9;16;16.2;26.8;0.0;
23/02/2025 21:50:55;100;0;322.16;-4;-21.47;-3.37;748.8;12.40;75629;2836.519;-1800.133;1;316;-110;-116.1;44.7;44.9;18;18.1;26.8;0.0;
23/02/2025 21:51:15;100;0;324.53;-4;-20.96;-2.04;752.0;12.30;75616;2836.523;-1800.135;1;316;-110;-114.5;44.7;44.9;21;21.2;26.8;0.0;
23/02/2025 21:51:35;100;0;326.15;-4;-21.00;-0.21;755.4;12.30;75614;2836.527;-1800.138;1;316;-110;-116.1;44.7;44.9;23;23.0;26.8;0.0;
23/02/2025 21:51:55;100;0;324.28;-4;-20.76;0.27;758.6;12.30;75607;2836.531;-1800.141;1;316;-110;-116.1;44.7;44.9;20;19.9;26.8;0.0;
23/02/2025 21:52:15;100;0;324.96;-4;-21.01;-1.69;761.9;12.30;75595;2836.535;-1800.144;1;316;-110;-116.1;44.7;44.9;20;19.4;26.8;0.0;
23/02/2025 21:52:35;100;0;321.56;-4;-20.93;-1.68;765.3;12.30;75598;2836.539;-1800.147;1;316;-110;-116.1;44.7;44.9;17;17.1;26.8;0.0;
23/02/2025 21:52:55;100;0;317.77;-4;-20.69;-3.09;768.7;12.20;75585;2836.542;-1800.150;1;316;-110;-116.1;44.7;44.9;15;14.9;26.8;0.0;
23/02/2025 21:53:15;100;0;315.83;-4;-20.51;-4.24;771.9;12.20;75576;2836.546;-1800.153;1;316;-110;-114.5;44.7;44.9;15;14.4;26.8;0.0;
23/02/2025 21:53:35;100;0;316.71;-4;-20.43;-4.26;775.1;12.20;75572;2836.549;-1800.157;1;316;-110;-114.5;44.7;44.9;15;14.4;26.8;0.0;
23/02/2025 21:53:55;100;0;317.66;-4;-20.34;-4.43;778.4;12.20;75567;2836.553;-1800.160;1;316;-110;-116.1;44.7;44.9;15;14.4;26.8;0.0;
23/02/2025 21:54:15;100;0;319.11;-4;-20.50;-4.40;781.6;12.10;75568;2836.557;-1800.163;1;316;-110;-116.1;44.7;44.9;15;14.4;26.8;0.0;
23/02/2025 21:54:35;100;0;319.43;-4;-20.37;-4.33;784.9;12.10;75561;2836.560;-1800.166;1;316;-110;-116.1;44.7;44.9;15;14.4;26.8;0.0;
23/02/2025 21:54:55;100;0;319.08;-4;-20.64;-4.31;788.1;12.10;75560;2836.564;-1800.169;1;316;-110;-116.1;44.7;44.9;15;14.4;26.8;0.0;
23/02/2025 21:55:15;100;0;315.28;-4;-20.51;-4.30;791.4;12.10;75547;2836.567;-1800.173;1;316;-110;-116.1;44.7;44.9;15;14.4;26.8;0.0;
23/02/2025 21:55:35;100;0;313.60;-4;-20.57;-4.48;794.7;12.00;75544;2836.571;-1800.176;1;316;-110;-116.1;44.7;44.9;15;14.4;26.8;0.0;
23/02/2025 21:55:55;100;0;310.41;-4;-20.35;-4.34;797.9;12.00;75538;2836.574;-1800.180;1;316;-110;-116.1;44.7;44.9;15;14.4;26.8;0.0;
23/02/2025 21:56:15;100;0;308.26;-4;-20.15;-4.31;801.2;12.00;75525;2836.577;-1800.184;1;316;-110;-116.1;44.7;44.9;15;14.4;26.8;0.0;
23/02/2025 21:56:35;100;0;307.23;-4;-20.52;-4.31;804.3;12.00;75534;2836.580;-1800.187;1;316;-110;-116.1;44.7;44.9;15;14.4;26.8;0.0;
23/02/2025 21:56:55;100;0;305.85;-4;-20.37;-4.33;807.6;11.90;75522;2836.583;-1800.191;1;316;-110;-116.1;44.7;44.9;15;14.4;26.8;0.0;
23/02/2025 21:57:15;100;0;303.23;-4;-20.31;-4.35;810.8;11.90;75521;2836.586;-1800.195;1;316;-110;-114.5;44.7;44.9;12;12.2;26.8;0.0;
23/02/2025 21:57:35;100;0;303.87;-4;-19.99;-5.49;814.0;11.90;75529;2836.589;-1800.199;1;316;-110;-116.1;44.7;44.9;12;11.7;26.8;0.0;
23/02/2025 21:57:56;100;0;305.96;-4;-19.77;-5.44;817.1;11.90;75514;2836.592;-1800.203;1;316;-110;-116.1;44.7;44.9;12;11.7;26.8;0.0;
23/02/2025 21:58:16;100;0;306.99;-4;-19.84;-5.61;820.0;11.90;75524;2836.595;-1800.207;1;316;-110;-114.5;44.7;44.9;14;14.0;26.8;0.0;
23/02/2025 21:58:36;100;0;307.35;-4;-20.04;-4.35;823.1;11.80;75516;2836.598;-1800.210;1;316;-110;-117.7;44.7;45.1;14;14.4;26.8;0.0;
23/02/2025 21:58:56;100;0;308.03;-4;-19.80;-4.32;826.1;11.80;75505;2836.601;-1800.214;1;316;-110;-114.5;44.7;44.9;14;14.0;26.8;0.0;
23/02/2025 21:59:16;100;0;308.39;-4;-20.10;-4.35;829.1;11.80;75506;2836.604;-1800.217;1;316;-110;-116.1;44.7;44.9;14;14.4;26.8;0.0;
23/02/2025 21:59:36;100;0;307.06;-4;-20.20;-4.30;832.0;11.80;75505;2836.606;-1800.221;1;316;-110;-116.1;44.7;44.9;14;14.4;26.8;0.0;
23/02/2025 21:59:56;100;0;307.23;-4;-20.11;-4.06;835.0;11.80;75499;2836.609;-1800.224;1;316;-110;-119.4;44.7;44.9;14;14.4;26.8;0.0;
23/02/2025 22:00:16;100;0;306.70;-4;-19.57;-4.40;837.8;11.70;75500;2836.612;-1800.228;1;316;-110;-116.1;44.7;44.9;14;14.4;26.8;0.0;
23/02/2025 22:00:36;100;0;307.17;-4;-20.60;-4.41;840.6;11.70;75485;2836.615;-1800.231;1;316;-110;-116.1;44.7;44.9;14;14.4;26.8;0.0;
23/02/2025 22:00:56;100;0;310.19;-4;-20.60;-4.30;843.5;11.70;75492;2836.618;-1800.234;1;316;-110;-116.1;44.7;44.9;14;14.4;26.8;0.0;
23/02/2025 22:01:16;100;0;311.18;-4;-20.69;-4.34;846.6;11.60;75464;2836.621;-1800.238;1;316;-110;-117.7;44.7;44.9;14;14.4;26.9;0.0;
23/02/2025 22:01:36;100;0;311.25;-4;-20.24;-4.32;849.5;11.60;75460;2836.624;-1800.241;1;316;-110;-116.1;44.7;44.9;14;14.0;26.8;0.0;
23/02/2025 22:01:56;100;0;312.89;-4;-19.97;-4.31;852.3;11.60;75452;2836.627;-1800.244;1;316;-110;-116.1;44.7;44.9;14;14.4;26.8;0.0;
23/02/2025 22:02:16;100;0;314.24;-4;-20.19;-4.32;855.1;11.60;75435;2836.630;-1800.247;1;316;-110;-116.1;44.7;44.9;14;14.0;26.8;0.0;
23/02/2025 22:02:36;100;0;312.15;-4;-20.54;-4.34;857.9;11.60;75428;2836.633;-1800.250;1;316;-110;-116.1;44.7;44.9;14;14.4;26.8;0.0;
23/02/2025 22:02:56;100;0;312.29;-4;-20.51;-4.28;860.6;11.50;75421;2836.636;-1800.253;1;316;-110;-116.1;44.7;44.9;14;14.4;26.8;0.0;
23/02/2025 22:03:16;100;0;311.43;-4;-20.42;-4.33;863.5;11.50;75413;2836.639;-1800.256;1;316;-110;-116.1;44.7;44.9;14;14.4;26.8;0.0;
23/02/2025 22:03:36;100;0;313.03;-4;-20.37;-4.34;866.4;11.50;75411;2836.642;-1800.260;1;316;-110;-116.1;44.7;44.9;14;14.0;26.8;0.0;
23/02/2025 22:03:56;100;0;313.57;-4;-20.42;-4.41;869.4;11.50;75408;2836.645;-1800.263;1;316;-110;-116.1;44.7;44.9;14;14.0;26.8;0.0;
23/02/2025 22:04:16;100;0;314.46;-4;-20.44;-4.36;872.3;11.40;75401;2836.648;-1800.266;1;316;-110;-116.1;44.7;44.9;14;14.0;26.8;0.0;
23/02/2025 22:04:36;100;0;314.86;-4;-20.49;-4.25;875.5;11.40;75388;2836.652;-1800.269;1;316;-110;-116.1;44.7;44.9;14;14.4;26.8;0.0;
23/02/2025 22:04:56;100;0;315.48;-4;-20.09;-4.34;878.6;11.40;75378;2836.655;-1800.273;1;316;-110;-116.1;44.7;44.9;14;14.4;26.8;0.0;
23/02/2025 22:05:16;100;0;316.45;-4;-20.03;-4.26;881.5;11.40;75365;2836.658;-1800.276;1;316;-110;-116.1;44.7;44.9;14;14.4;26.8;0.0;
23/02/2025 22:05:36;100;0;316.38;-4;-20.04;-4.22;884.5;11.30;75364;2836.662;-1800.279;1;316;-110;-116.1;44.7;44.9;14;14.4;26.8;0.0;
23/02/2025 22:05:56;100;0;315.69;-4;-20.36;-4.40;887.4;11.30;75359;2836.665;-1800.282;1;316;-110;-116.1;44.7;44.9;14;14.4;26.8;0.0;
23/02/2025 22:06:16;100;0;315.85;-4;-20.04;-4.42;890.4;11.30;75359;2836.668;-1800.285;1;316;-110;-116.1;44.7;44.9;14;14.0;26.8;0.0;
23/02/2025 22:06:36;100;0;316.08;-4;-19.90;-4.41;893.5;11.30;75345;2836.672;-1800.288;1;316;-110;-116.1;44.7;44.9;14;14.4;26.8;0.0;
23/02/2025 22:06:56;100;0;316.69;-4;-19.96;-4.41;896.5;11.20;75343;2836.675;-1800.291;1;316;-110;-116.1;44.7;44.9;14;14.4;26.8;0.0;
23/02/2025 22:07:16;100;0;316.33;-4;-20.12;-4.49;899.4;11.20;75343;2836.678;-1800.294;1;316;-110;-114.5;44.7;44.9;14;14.0;26.8;0.0;
23/02/2025 22:07:36;100;0;316.88;-4;-19.83;-4.41;902.4;11.20;75329;2836.682;-1800.297;1;316;-110;-116.1;44.7;44.9;14;14.4;26.8;0.0;
23/02/2025 22:07:56;100;0;315.17;-4;-20.13;-4.37;905.4;11.10;75329;2836.685;-1800.301;1;316;-110;-114.5;44.7;44.9;14;14.4;26.8;0.0;
23/02/2025 22:08:16;100;0;311.34;-4;-20.34;-4.44;908.6;11.10;75319;2836.688;-1800.304;1;316;-110;-116.1;44.7;45.1;14;14.4;26.8;0.0;
23/02/2025 22:08:36;100;0;310.64;-4;-19.97;-4.38;911.8;11.10;75318;2836.691;-1800.308;1;316;-110;-116.1;44.7;44.9;14;14.0;26.8;0.0;
23/02/2025 22:08:56;100;0;312.22;-4;-19.55;-4.30;914.8;11.10;75316;2836.695;-1800.311;1;316;-110;-117.7;44.7;44.9;14;14.4;26.8;0.0;
23/02/2025 22:09:16;100;0;315.41;-4;-19.85;-4.29;917.8;11.00;75303;2836.698;-1800.314;1;316;-110;-117.7;44.7;44.9;14;14.4;26.8;0.0;
23/02/2025 22:09:36;100;0;314.50;-4;-19.00;-4.17;921.0;11.00;75301;2836.702;-1800.318;1;316;-110;-116.1;44.7;44.9;14;14.4;26.8;0.0;
23/02/2025 22:09:56;100;0;313.11;-4;-19.24;-4.41;923.8;11.00;75306;2836.705;-1800.321;1;316;-110;-116.1;44.7;44.9;14;14.0;26.8;0.0;
23/02/2025 22:10:16;100;0;318.22;-4;-19.02;-3.89;926.8;11.00;75309;2836.708;-1800.324;1;316;-110;-117.7;44.7;44.9;14;14.4;26.8;0.0;
23/02/2025 22:10:36;100;0;319.75;-4;-20.76;-4.39;929.6;11.00;75304;2836.711;-1800.327;1;316;-110;-116.1;44.7;44.9;17;17.1;26.8;0.0;
23/02/2025 22:10:56;100;0;315.40;-4;-20.37;-3.11;932.8;10.90;75306;2836.715;-1800.330;1;316;-110;-116.1;44.7;44.9;15;14.4;26.8;0.0;
23/02/2025 22:11:16;100;0;316.66;-4;-18.76;-4.57;935.9;10.90;75298;2836.718;-1800.334;1;316;-110;-114.5;45.1;45.1;15;14.0;26.8;0.0;
23/02/2025 22:11:36;100;0;316.25;-4;-19.61;-4.34;938.7;10.90;75299;2836.722;-1800.337;1;316;-110;-116.1;45.1;45.2;15;14.4;26.8;10.9;
23/02/2025 22:11:39;118;0;315.12;-4;-19.77;-4.18;939.1;10.90;75289;2836.722;-1800.337;1;316;310;-109.7;25.3;25.3;6;5.4;26.8;10.2;
23/02/2025 22:11:49;118;0;52.91;-4;-6.63;-9.51;940.1;10.90;75262;2836.723;-1800.335;1;316;310;16.1;25.3;25.0;6;5.4;25.6;-1.0;
23/02/2025 22:11:59;118;0;38.52;-4;15.45;-9.67;940.4;10.90;75004;2836.724;-1800.335;1;316;310;140.3;25.3;24.7;6;5.4;25.4;-1.0;
23/02/2025 22:12:09;118;0;32.22;-4;23.06;-9.86;939.8;10.90;74748;2836.725;-1800.335;1;316;310;264.5;25.3;25.3;6;5.4;25.4;-1.0;
23/02/2025 22:12:19;118;0;35.32;-4;21.16;-9.66;938.9;10.90;74494;2836.726;-1800.334;1;316;310;311.3;25.3;25.3;6;5.4;25.3;-1.0;
23/02/2025 22:12:29;118;0;308.73;-4;19.87;-9.53;937.9;10.90;74423;2836.727;-1800.335;1;316;310;311.3;25.3;25.3;6;5.4;26.8;-1.0;
23/02/2025 22:12:49;117;0;304.15;-4;18.88;-9.04;935.9;10.90;74422;2836.729;-1800.338;1;316;310;312.9;25.3;25.5;6;5.4;26.8;-1.0;
23/02/2025 22:13:09;117;0;298.93;-4;18.90;-9.33;933.5;10.90;74422;2836.731;-1800.341;1;316;310;312.9;25.0;24.9;30;29.8;26.8;-1.0;
23/02/2025 22:13:29;117;0;299.53;-4;19.69;3.91;931.3;10.90;74412;2836.733;-1800.344;1;316;310;312.9;25.0;24.9;30;30.2;26.8;-1.0;
23/02/2025 22:13:49;117;0;299.53;-4;20.28;3.64;929.0;10.90;74405;2836.735;-1800.347;1;316;310;312.9;25.0;24.9;30;30.2;26.8;-1.0;
23/02/2025 22:14:09;117;0;301.23;-4;21.08;3.90;926.5;10.90;74405;2836.738;-1800.350;1;316;310;312.9;25.0;24.9;30;30.2;26.8;-1.0;
23/02/2025 22:14:29;117;0;299.94;-4;20.17;3.81;923.8;10.90;74406;2836.740;-1800.354;1;316;310;311.3;25.0;25.0;32;32.0;26.8;-1.0;
23/02/2025 22:14:49;117;0;301.38;-4;20.90;5.04;921.1;10.90;74396;2836.742;-1800.357;1;316;310;314.5;25.0;24.9;30;29.3;26.8;-1.0;
23/02/2025 22:15:09;117;0;302.65;-4;20.31;3.11;918.2;10.90;74393;2836.745;-1800.361;1;316;310;312.9;25.0;24.9;30;29.3;26.8;-1.0;
23/02/2025 22:15:29;117;0;303.26;-4;20.92;3.14;915.7;10.80;74392;2836.747;-1800.364;1;316;310;311.3;25.0;24.9;30;29.3;26.8;-1.0;
23/02/2025 22:15:49;117;0;304.13;-4;21.16;3.25;912.8;10.80;74380;2836.750;-1800.367;1;316;310;312.9;25.0;24.9;30;29.3;26.8;-1.0;
23/02/2025 22:16:09;117;0;305.80;-4;19.38;3.11;910.0;10.80;74386;2836.752;-1800.371;1;316;310;308.1;25.0;24.9;28;28.0;26.8;-1.0;
23/02/2025 22:16:29;117;0;306.27;-4;20.83;2.74;907.5;10.80;74387;2836.755;-1800.374;1;316;310;312.9;25.0;24.9;28;27.5;26.8;-1.0;
23/02/2025 22:16:49;117;0;306.66;-4;20.11;2.41;904.9;10.70;74369;2836.757;-1800.377;1;316;310;312.9;25.0;24.9;28;27.5;26.8;-1.0;
23/02/2025 22:17:09;117;0;307.36;-4;20.06;2.56;902.5;10.70;74364;2836.760;-1800.380;1;316;310;311.3;25.0;24.9;28;27.5;26.9;-1.0;
23/02/2025 22:17:29;117;0;306.37;-4;20.60;2.47;900.0;10.70;74362;2836.762;-1800.383;1;316;310;312.9;25.0;24.9;28;27.5;26.8;-1.0;
23/02/2025 22:17:49;117;0;306.71;-4;20.30;2.51;897.6;10.70;74363;2836.765;-1800.386;1;316;310;312.9;25.0;24.9;28;27.5;26.8;-1.0;
23/02/2025 22:18:09;117;0;306.98;-4;20.17;2.38;895.1;10.70;74361;2836.767;-1800.389;1;316;310;312.9;25.0;24.9;28;27.5;26.8;-1.0;
23/02/2025 22:18:29;117;0;306.87;-4;20.09;2.49;892.7;10.60;74352;2836.769;-1800.392;1;316;310;312.9;25.0;24.9;28;27.5;26.8;-1.0;
23/02/2025 22:18:49;117;0;306.50;-4;19.95;2.40;890.5;10.60;74358;2836.772;-1800.395;1;316;310;311.3;25.0;24.9;28;27.5;26.8;-1.0;
23/02/2025 22:19:09;117;0;307.05;-4;20.10;2.44;888.3;10.60;74359;2836.774;-1800.397;1;316;310;312.9;25.0;24.9;28;27.5;26.8;-1.0;
23/02/2025 22:19:29;117;0;307.10;-4;20.12;2.45;886.1;10.60;74349;2836.776;-1800.400;1;316;310;312.9;25.0;24.9;28;28.0;26.8;-1.0;
23/02/2025 22:19:49;117;0;306.04;-4;20.25;2.39;884.1;10.60;74345;2836.778;-1800.402;1;316;310;314.5;25.0;25.0;28;27.5;26.8;-1.0;
23/02/2025 22:20:09;117;0;305.91;-4;20.07;2.49;881.9;10.60;74342;2836.781;-1800.405;1;316;310;311.3;25.0;24.9;28;28.0;26.8;-1.0;
23/02/2025 22:20:29;117;0;305.48;-4;20.07;2.72;880.0;10.50;74329;2836.783;-1800.407;1;316;330;332.3;25.0;24.9;28;27.5;26.8;-1.0;
23/02/2025 22:20:49;117;0;309.64;-4;19.65;2.53;878.1;10.50;74294;2836.785;-1800.410;1;316;350;353.2;25.0;24.9;28;27.5;26.8;-1.0;
23/02/2025 22:21:09;117;0;306.14;-4;20.18;2.51;876.1;10.50;74261;2836.787;-1800.412;1;316;370;372.6;25.0;24.9;28;27.5;26.8;-1.0;
23/02/2025 22:21:29;117;0;304.09;-4;18.94;2.56;873.9;10.50;74225;2836.789;-1800.415;1;316;370;374.2;24.7;24.7;28;27.5;26.8;-1.0;
23/02/2025 22:21:49;117;0;304.62;-4;18.70;2.51;871.7;10.50;74229;2836.791;-1800.418;1;316;370;372.6;24.3;24.2;28;27.5;26.8;-1.0;
23/02/2025 22:22:09;117;0;305.10;-4;20.43;2.57;869.6;10.50;74226;2836.793;-1800.420;1;316;370;372.6;24.3;23.9;28;28.0;26.8;-1.0;
23/02/2025 22:22:29;117;0;305.28;-4;20.64;2.61;867.3;10.50;74232;2836.796;-1800.423;1;316;370;372.6;24.3;23.9;28;27.5;26.8;-1.0;
23/02/2025 22:22:49;117;0;305.14;-4;20.79;2.64;864.8;10.50;74219;2836.798;-1800.426;1;316;370;372.6;24.3;23.9;28;27.5;26.8;-1.0;
23/02/2025 22:23:09;117;0;304.80;-4;20.70;2.58;862.5;10.50;74230;2836.800;-1800.429;1;316;370;372.6;24.3;23.9;28;28.0;26.8;-1.0;
23/02/2025 22:23:29;117;0;305.11;-4;20.76;2.52;860.2;10.50;74219;2836.802;-1800.432;1;316;370;372.6;24.3;23.9;28;27.5;26.8;-1.0;
23/02/2025 22:23:49;117;0;303.81;-4;20.99;2.65;857.7;10.50;74228;2836.805;-1800.435;1;316;370;372.6;24.3;23.9;28;28.0;26.8;-1.0;
23/02/2025 22:24:09;117;0;303.55;-4;20.97;2.43;855.4;10.40;74223;2836.807;-1800.437;1;316;370;372.6;24.3;23.9;28;28.0;26.8;-1.0;
23/02/2025 22:24:29;117;0;303.14;-4;20.71;2.50;852.9;10.40;74221;2836.809;-1800.441;1;316;370;371.0;24.3;23.9;28;27.5;26.8;-1.0;
23/02/2025 22:24:49;117;0;302.01;-4;20.67;2.63;850.5;10.40;74230;2836.811;-1800.443;1;316;370;372.6;24.3;23.9;28;27.5;26.8;-1.0;
23/02/2025 22:25:09;117;0;301.98;-4;20.71;2.57;848.0;10.40;74221;2836.814;-1800.447;1;316;370;372.6;24.3;23.7;30;29.8;26.8;-1.0;
23/02/2025 22:25:29;117;0;302.28;-4;20.96;3.85;845.5;10.40;74231;2836.816;-1800.450;1;316;370;372.6;24.3;23.7;30;30.2;26.8;-1.0;
23/02/2025 22:25:49;117;0;302.34;-4;21.20;3.93;843.1;10.40;74233;2836.818;-1800.453;1;316;370;372.6;24.3;23.7;30;30.2;26.8;-1.0;
23/02/2025 22:26:09;117;0;303.07;-4;21.16;3.95;840.5;10.40;74221;2836.820;-1800.456;1;316;370;372.6;24.3;23.7;30;30.2;26.8;-1.0;
23/02/2025 22:26:29;117;0;304.33;-4;21.60;3.95;838.1;10.40;74244;2836.822;-1800.459;1;316;370;372.6;24.3;23.7;30;30.2;26.8;-1.0;
23/02/2025 22:26:49;117;0;305.03;-4;21.26;3.84;835.5;10.40;74239;2836.825;-1800.462;1;316;370;372.6;24.3;23.7;30;30.2;26.8;-1.0;
23/02/2025 22:27:09;117;0;305.69;-4;21.08;3.91;832.8;10.40;74256;2836.827;-1800.465;1;316;370;372.6;24.3;23.7;30;30.2;26.8;-1.0;
23/02/2025 22:27:29;117;0;306.22;-4;21.08;3.94;830.2;10.40;74250;2836.830;-1800.468;1;316;370;371.0;24.3;24.3;28;27.5;26.8;-1.0;
23/02/2025 22:27:49;117;0;305.29;-4;20.22;2.50;827.7;10.40;74248;2836.832;-1800.471;1;316;370;371.0;24.3;24.4;28;27.5;26.8;-1.0;
23/02/2025 22:28:09;117;0;305.61;-4;20.02;2.61;825.2;10.40;74250;2836.835;-1800.474;1;316;370;372.6;24.3;24.4;28;27.5;26.8;-1.0;
23/02/2025 22:28:29;117;0;305.47;-4;19.86;2.53;822.8;10.40;74256;2836.837;-1800.477;1;316;370;372.6;24.3;24.4;28;27.5;26.8;-1.0;
23/02/2025 22:28:49;117;0;305.17;-4;19.73;2.55;820.2;10.40;74243;2836.840;-1800.480;1;316;370;371.0;24.3;24.4;28;27.5;26.8;-1.0;
23/02/2025 22:29:09;117;0;304.51;-4;20.10;2.45;817.7;10.40;74251;2836.842;-1800.483;1;316;370;371.0;24.3;24.6;28;27.5;26.8;-1.0;
23/02/2025 22:29:29;117;0;303.84;-4;20.02;2.41;815.0;10.40;74243;2836.844;-1800.487;1;316;370;372.6;24.3;24.4;28;27.5;26.8;-1.0;
23/02/2025 22:29:49;117;0;304.13;-4;19.97;2.58;812.5;10.40;74251;2836.847;-1800.490;1;316;370;371.0;24.3;24.4;28;27.5;26.8;-1.0;
23/02/2025 22:30:09;117;0;305.35;-4;20.13;2.43;809.8;10.40;74253;2836.849;-1800.493;1;316;370;369.4;24.3;24.4;28;27.5;26.8;-1.0;
23/02/2025 22:30:29;117;0;305.35;-4;20.00;2.59;807.1;10.40;74254;2836.852;-1800.496;1;316;370;372.6;24.3;24.4;28;27.5;26.8;-1.0;
23/02/2025 22:30:49;117;0;305.62;-4;20.19;2.52;804.5;10.40;74248;2836.855;-1800.500;1;316;370;372.6;24.3;24.4;28;27.5;26.8;-1.0;
23/02/2025 22:31:09;117;0;306.07;-4;20.07;2.54;801.8;10.40;74264;2836.857;-1800.503;1;316;370;372.6;24.3;24.4;28;27.5;26.8;-1.0;
23/02/2025 22:31:29;117;0;306.06;-4;19.96;2.51;799.0;10.30;74255;2836.860;-1800.506;1;316;370;372.6;24.3;24.4;28;27.5;26.8;-1.0;
23/02/2025 22:31:49;117;0;305.49;-4;19.84;2.41;796.3;10.40;74249;2836.862;-1800.510;1;316;370;372.6;24.3;24.4;28;27.5;26.8;-1.0;
23/02/2025 22:32:09;117;0;306.17;-4;19.99;2.57;793.6;10.30;74252;2836.865;-1800.513;1;316;370;372.6;24.3;24.4;28;27.5;26.8;-1.0;
23/02/2025 22:32:29;117;0;306.91;-4;20.03;2.53;791.0;10.40;74256;2836.868;-1800.516;1;316;370;374.2;24.3;24.4;28;27.5;26.8;-1.0;
23/02/2025 22:32:49;117;0;308.10;-4;20.00;2.52;788.3;10.30;74246;2836.870;-1800.519;1;316;370;369.4;24.3;24.4;28;27.5;26.8;-1.0;
23/02/2025 22:33:09;117;0;309.67;-4;20.30;2.35;785.5;10.30;74241;2836.873;-1800.523;1;316;370;372.6;24.3;24.6;28;27.5;26.8;-1.0;
23/02/2025 22:33:29;117;0;311.63;-4;20.10;2.46;782.8;10.30;74250;2836.876;-1800.526;1;316;370;372.6;24.3;24.6;28;27.5;26.8;-1.0;
23/02/2025 22:33:49;117;0;311.35;-4;19.92;2.46;780.2;10.30;74260;2836.879;-1800.529;1;316;370;374.2;24.3;24.6;28;27.5;26.8;-1.0;
23/02/2025 22:34:09;117;0;310.46;-4;19.75;2.39;777.5;10.40;74249;2836.882;-1800.532;1;316;370;371.0;24.3;24.6;28;27.5;26.8;-1.0;
23/02/2025 22:34:29;117;0;309.87;-4;19.67;2.57;774.9;10.30;74244;2836.884;-1800.535;1;316;370;372.6;24.3;24.4;28;27.5;26.8;-1.0;
23/02/2025 22:34:49;117;0;307.90;-4;19.88;2.64;772.5;10.30;74250;2836.887;-1800.538;1;316;370;372.6;24.3;24.6;28;27.5;26.8;-1.0;
23/02/2025 22:35:09;117;0;307.67;-4;19.83;2.55;769.9;10.30;74269;2836.890;-1800.541;1;316;370;372.6;24.3;24.4;28;27.5;26.8;-1.0;
23/02/2025 22:35:29;117;0;306.68;-4;19.79;2.61;767.4;10.40;74262;2836.892;-1800.544;1;316;370;372.6;24.3;24.4;28;27.5;26.8;-1.0;
23/02/2025 22:35:49;117;0;305.55;-4;19.64;2.67;764.8;10.30;74266;2836.894;-1800.547;1;316;370;372.6;24.3;24.4;28;27.5;26.8;-1.0;
23/02/2025 22:36:09;117;0;306.68;-4;20.15;2.46;762.3;10.40;74267;2836.897;-1800.550;1;316;370;372.6;24.3;24.4;28;27.5;26.8;-1.0;
23/02/2025 22:36:29;117;0;305.96;-4;19.87;2.49;760.0;10.40;74260;2836.899;-1800.553;1;316;370;371.0;24.3;24.4;28;27.5;26.8;-1.0;
23/02/2025 22:36:49;117;0;304.13;-4;19.69;2.58;757.6;10.40;74273;2836.902;-1800.556;1;316;370;372.6;24.3;24.4;28;27.5;26.8;-1.0;
23/02/2025 22:37:09;117;0;304.45;-4;19.75;2.52;755.2;10.40;74271;2836.904;-1800.559;1;316;370;372.6;24.3;24.4;28;27.5;26.8;-1.0;
23/02/2025 22:37:30;117;0;304.68;-4;20.05;2.52;752.9;10.40;74276;2836.906;-1800.562;1;316;370;372.6;24.3;24.4;28;27.5;26.8;-1.0;
23/02/2025 22:37:50;117;0;304.02;-4;19.94;2.43;750.4;10.40;74276;2836.909;-1800.565;1;316;370;374.2;24.3;24.4;30;29.8;26.8;-1.0;
23/02/2025 22:38:10;117;0;303.69;-4;20.19;4.00;747.8;10.40;74267;2836.911;-1800.568;1;316;370;372.6;24.3;24.4;30;30.2;26.8;-1.0;
23/02/2025 22:38:30;117;0;302.50;-4;19.97;4.03;745.4;10.40;74273;2836.913;-1800.571;1;316;370;372.6;24.3;24.6;30;30.2;26.8;-1.0;
23/02/2025 22:38:50;117;0;303.16;-4;19.98;4.03;742.9;10.40;74283;2836.916;-1800.574;1;316;370;372.6;24.3;24.4;30;30.2;26.8;-1.0;
23/02/2025 22:39:10;117;0;303.10;-4;20.28;3.85;740.4;10.40;74276;2836.918;-1800.577;1;316;370;372.6;24.3;24.4;30;30.2;26.8;-1.0;
23/02/2025 22:39:30;117;0;303.32;-4;20.30;3.98;737.9;10.40;74278;2836.920;-1800.580;1;316;370;372.6;24.3;24.4;30;30.2;26.8;-1.0;
23/02/2025 22:39:50;117;0;304.28;-4;20.38;3.98;735.3;10.40;74275;2836.923;-1800.584;1;316;370;372.6;24.3;24.6;30;30.2;26.8;-1.0;
23/02/2025 22:40:10;117;0;304.95;-4;19.96;3.97;732.7;10.40;74292;2836.925;-1800.587;1;316;370;372.6;24.3;24.4;30;30.2;26.8;-1.0;
23/02/2025 22:40:30;117;0;306.48;-4;19.81;4.00;730.0;10.40;74275;2836.928;-1800.590;1;316;370;372.6;24.3;24.4;30;30.2;26.8;-1.0;
23/02/2025 22:40:50;117;0;309.19;-4;19.77;3.92;727.4;10.40;74296;2836.930;-1800.593;1;316;370;372.6;24.3;24.6;30;30.2;26.8;-1.0;
23/02/2025 22:41:10;117;0;311.23;-4;19.97;3.96;724.8;10.40;74295;2836.933;-1800.596;1;316;370;371.0;24.3;24.4;30;30.2;26.8;-1.0;
23/02/2025 22:41:30;117;0;311.70;-4;20.05;4.05;722.2;10.40;74296;2836.936;-1800.599;1;316;370;372.6;24.3;24.6;30;30.2;26.8;-1.0;
23/02/2025 22:41:50;117;0;312.06;-4;20.01;3.91;719.6;10.40;74292;2836.939;-1800.602;1;316;370;372.6;24.3;24.6;30;30.2;26.8;-1.0;
23/02/2025 22:42:10;117;0;313.26;-4;19.81;3.81;716.8;10.40;74298;2836.942;-1800.605;1;316;370;372.6;24.3;24.4;30;30.2;26.8;-1.0;
23/02/2025 22:42:30;117;0;313.03;-4;19.74;3.91;714.2;10.40;74301;2836.945;-1800.608;1;316;370;372.6;24.3;24.4;30;30.2;26.8;-1.0;
23/02/2025 22:42:50;117;0;313.52;-4;19.65;3.99;711.7;10.40;74301;2836.948;-1800.611;1;316;370;372.6;24.3;24.6;30;30.2;26.8;-1.0;
23/02/2025 22:43:10;117;0;314.16;-4;19.82;4.07;709.1;10.50;74308;2836.950;-1800.614;1;316;370;372.6;24.3;24.4;30;30.2;26.8;-1.0;
23/02/2025 22:43:30;117;0;316.29;-4;19.81;3.97;706.4;10.50;74306;2836.954;-1800.616;1;316;370;372.6;24.3;24.4;28;28.0;26.8;-1.0;
23/02/2025 22:43:50;117;0;316.39;-4;19.79;2.82;703.8;10.50;74303;2836.956;-1800.619;1;316;370;372.6;24.3;24.4;28;28.0;26.8;-1.0;
23/02/2025 22:44:10;117;0;316.08;-4;19.80;2.81;701.1;10.50;74311;2836.960;-1800.622;1;316;370;372.6;24.3;24.4;28;28.0;26.8;-1.0;
23/02/2025 22:44:30;117;0;315.03;-4;19.65;2.84;698.5;10.50;74303;2836.963;-1800.625;1;316;370;372.6;24.3;24.4;28;28.0;26.8;-1.0;
23/02/2025 22:44:50;117;0;314.19;-4;19.63;2.83;695.9;10.50;74305;2836.965;-1800.628;1;316;370;372.6;24.3;24.6;28;28.0;26.8;-1.0;
23/02/2025 22:45:10;117;0;313.48;-4;19.66;2.81;693.3;10.50;74297;2836.968;-1800.631;1;316;370;372.6;24.3;24.6;28;28.0;26.8;-1.0;
23/02/2025 22:45:30;117;0;313.45;-4;19.63;2.84;690.6;10.50;74292;2836.971;-1800.633;1;316;370;372.6;24.3;24.4;28;28.0;26.8;-1.0;
23/02/2025 22:45:50;117;0;313.74;-4;19.79;2.74;688.1;10.50;74301;2836.974;-1800.636;1;316;370;372.6;24.3;24.4;28;28.0;26.8;-1.0;
23/02/2025 22:46:10;117;0;315.30;-4;19.94;2.79;685.4;10.50;74296;2836.977;-1800.639;1;316;370;372.6;24.3;24.4;28;28.0;26.8;-1.0;
23/02/2025 22:46:30;117;0;316.45;-4;19.69;2.73;682.7;10.50;74296;2836.980;-1800.642;1;316;370;372.6;24.3;24.4;28;28.0;26.8;-1.0;
23/02/2025 22:46:50;117;0;315.87;-4;19.65;2.87;680.1;10.50;74312;2836.983;-1800.645;1;316;370;372.6;24.3;24.4;28;28.0;26.8;-1.0;
23/02/2025 22:47:10;117;0;316.08;-4;20.01;2.79;677.5;10.50;74327;2836.986;-1800.647;1;316;370;374.2;24.3;24.4;28;28.0;26.8;-1.0;
23/02/2025 22:47:30;117;0;316.34;-4;19.77;2.78;674.7;10.60;74338;2836.989;-1800.650;1;316;370;371.0;24.3;24.6;28;28.0;26.8;-1.0;
23/02/2025 22:47:50;117;0;316.84;-4;19.54;2.51;671.9;10.60;74340;2836.992;-1800.653;1;316;370;372.6;24.3;24.4;28;28.0;26.9;-1.0;
23/02/2025 22:48:10;117;0;317.99;-4;19.61;2.93;669.4;10.60;74342;2836.995;-1800.656;1;316;370;374.2;24.3;24.4;28;28.0;26.8;-1.0;
23/02/2025 22:48:30;117;0;316.96;-4;19.69;2.88;666.7;10.60;74347;2836.999;-1800.659;1;316;370;372.6;24.3;24.6;28;28.0;26.8;-1.0;
23/02/2025 22:48:50;117;0;316.80;-4;19.87;2.84;664.2;10.60;74355;2837.001;-1800.661;1;316;370;372.6;24.3;24.6;28;28.0;26.8;-1.0;
23/02/2025 22:49:10;117;0;315.19;-4;19.61;2.81;661.6;10.60;74343;2837.004;-1800.664;1;316;370;371.0;24.3;24.4;28;28.0;26.8;-1.0;
23/02/2025 22:49:30;117;0;314.90;-4;19.67;3.06;659.0;10.60;74343;2837.007;-1800.667;1;316;370;374.2;24.3;24.4;28;28.0;26.8;-1.0;
23/02/2025 22:49:50;117;0;314.52;-4;20.23;2.65;656.4;10.60;74345;2837.010;-1800.670;1;316;370;372.6;24.3;24.4;28;28.0;26.8;-1.0;
23/02/2025 22:50:10;117;0;312.54;-4;19.91;2.75;653.7;10.60;74345;2837.013;-1800.673;1;316;370;371.0;24.3;24.4;28;28.0;26.8;-1.0;
23/02/2025 22:50:30;117;0;312.21;-4;19.54;2.62;651.1;10.60;74345;2837.016;-1800.676;1;316;370;372.6;24.3;24.4;28;28.0;26.8;-1.0;
23/02/2025 22:50:50;117;0;313.43;-4;20.19;2.75;648.6;10.60;74358;2837.019;-1800.678;1;316;370;372.6;24.3;24.6;28;28.0;26.8;-1.0;
23/02/2025 22:51:10;117;0;313.67;-4;19.77;2.68;645.8;10.60;74366;2837.022;-1800.681;1;316;370;374.2;24.3;24.4;28;28.0;26.8;-1.0;
23/02/2025 22:51:30;117;0;314.66;-4;19.41;2.76;643.1;10.70;74373;2837.025;-1800.684;1;316;370;372.6;24.3;24.6;28;28.0;26.8;-1.0;
23/02/2025 22:51:50;117;0;315.08;-4;19.42;2.66;640.4;10.70;74378;2837.028;-1800.687;1;316;370;372.6;24.3;24.6;28;28.0;26.8;-1.0;
23/02/2025 22:52:10;117;0;316.43;-4;19.77;2.74;637.8;10.70;74372;2837.031;-1800.690;1;316;370;374.2;24.3;24.6;28;28.0;26.8;-1.0;
23/02/2025 22:52:30;117;0;316.68;-4;19.47;2.82;635.1;10.70;74374;2837.034;-1800.693;1;316;370;372.6;24.3;24.6;28;28.0;26.8;-1.0;
23/02/2025 22:52:50;117;0;315.44;-4;19.53;2.73;632.6;10.70;74379;2837.037;-1800.696;1;316;370;374.2;24.3;24.4;28;28.0;26.8;-1.0;
23/02/2025 22:53:10;117;0;316.61;-4;19.55;2.89;629.9;10.70;74389;2837.040;-1800.698;1;316;370;372.6;24.3;24.4;28;28.0;26.8;-1.0;
23/02/2025 22:53:30;117;0;315.48;-4;19.85;2.24;627.3;10.70;74391;2837.043;-1800.701;1;316;370;372.6;24.3;24.4;28;28.0;26.8;-1.0;
23/02/2025 22:53:50;117;0;317.76;-4;19.40;2.97;624.7;10.70;74380;2837.046;-1800.704;1;316;370;375.8;24.3;24.4;28;28.0;26.8;-1.0;
23/02/2025 22:54:10;117;0;315.21;-4;19.06;3.02;621.9;10.80;74385;2837.049;-1800.707;1;316;370;372.6;24.3;24.4;28;28.0;26.8;-1.0;
23/02/2025 22:54:30;117;0;314.58;-4;19.41;2.75;619.3;10.80;74381;2837.053;-1800.710;1;316;370;372.6;24.3;24.4;28;28.0;26.8;-1.0;
23/02/2025 22:54:50;117;0;313.38;-4;19.37;2.77;616.7;10.80;74381;2837.055;-1800.713;1;316;370;372.6;24.3;24.4;28;28.0;26.8;-1.0;
23/02/2025 22:55:10;117;0;312.93;-4;19.42;2.77;614.2;10.80;74380;2837.058;-1800.716;1;316;370;372.6;24.3;24.4;28;28.0;26.8;-1.0;
23/02/2025 22:55:30;117;0;312.99;-4;19.44;2.85;611.6;10.80;74380;2837.061;-1800.719;1;316;370;372.6;24.3;24.4;28;28.0;26.8;-1.0;
23/02/2025 22:55:50;117;0;312.86;-4;19.52;2.79;609.0;10.80;74384;2837.064;-1800.722;1;316;370;374.2;24.3;24.4;28;28.0;26.8;-1.0;
23/02/2025 22:56:10;117;0;311.49;-4;19.47;2.80;606.4;10.80;74389;2837.067;-1800.725;1;316;370;374.2;24.3;24.6;28;28.0;26.8;-1.0;
23/02/2025 22:56:30;117;0;310.37;-4;19.31;2.83;603.8;10.80;74398;2837.070;-1800.728;1;316;370;372.6;24.3;24.6;28;28.0;26.8;-1.0;
23/02/2025 22:56:50;117;0;308.92;-4;19.48;2.84;601.2;10.80;74397;2837.072;-1800.731;1;316;370;372.6;24.3;24.4;28;28.0;26.8;-1.0;
23/02/2025 22:57:10;117;0;308.14;-4;19.39;2.85;598.6;10.90;74399;2837.075;-1800.734;1;316;370;372.6;24.3;24.4;28;28.0;26.8;-1.0;
23/02/2025 22:57:30;117;0;306.79;-4;19.31;2.85;596.1;10.90;74401;2837.078;-1800.737;1;316;370;372.6;24.3;24.6;28;28.0;26.8;-1.0;
23/02/2025 22:57:50;117;0;306.25;-4;19.48;2.84;593.6;10.90;74398;2837.080;-1800.740;1;316;370;374.2;24.3;24.6;28;28.0;26.8;-1.0;
23/02/2025 22:58:10;117;0;304.84;-4;19.38;2.82;591.1;10.90;74403;2837.083;-1800.744;1;316;370;371.0;24.3;24.4;28;28.4;26.8;-1.0;
23/02/2025 22:58:30;117;0;303.02;-4;19.24;2.80;588.6;10.90;74405;2837.085;-1800.747;1;316;370;374.2;24.3;24.4;28;28.0;26.8;-1.0;
23/02/2025 22:58:50;117;0;301.32;-4;19.39;2.88;586.1;10.90;74413;2837.088;-1800.750;1;316;370;374.2;24.3;24.4;30;29.8;26.8;-1.0;
23/02/2025 22:59:10;117;0;301.25;-4;19.49;4.00;583.6;10.90;74422;2837.090;-1800.754;1;316;370;372.6;24.3;24.4;30;30.2;26.8;-1.0;
23/02/2025 22:59:30;117;0;301.13;-4;19.51;3.93;581.1;10.90;74422;2837.092;-1800.757;1;316;370;372.6;24.3;24.6;30;30.2;26.8;-1.0;
23/02/2025 22:59:50;117;0;301.42;-4;19.52;3.95;578.5;10.90;74417;2837.094;-1800.760;1;316;370;374.2;24.3;24.6;30;30.2;26.8;-1.0;
23/02/2025 23:00:10;117;0;302.10;-4;19.55;3.87;576.0;11.00;74410;2837.097;-1800.763;1;316;370;374.2;24.3;24.6;30;30.2;26.8;-1.0;
23/02/2025 23:00:30;117;0;304.37;-4;19.62;4.03;573.5;11.00;74429;2837.099;-1800.767;1;316;370;374.2;24.3;24.4;30;30.2;26.8;-1.0;
23/02/2025 23:00:50;117;0;306.24;-4;19.57;3.91;570.8;11.00;74423;2837.102;-1800.770;1;316;370;372.6;24.3;24.6;30;30.2;26.8;-1.0;
23/02/2025 23:01:10;117;0;308.16;-4;19.60;3.89;568.3;11.00;74426;2837.104;-1800.773;1;316;370;374.2;24.3;24.6;28;28.0;26.8;-1.0;
23/02/2025 23:01:30;117;0;309.49;-4;19.50;2.73;565.7;11.00;74430;2837.107;-1800.776;1;316;370;374.2;24.3;24.4;28;28.0;26.8;-1.0;
23/02/2025 23:01:50;117;0;310.51;-4;19.33;2.73;563.2;11.00;74435;2837.110;-1800.779;1;316;370;374.2;24.3;24.6;28;28.0;26.8;-1.0;
23/02/2025 23:02:10;117;0;311.56;-4;19.33;2.73;560.8;11.00;74437;2837.112;-1800.782;1;316;370;371.0;24.3;24.4;28;28.0;26.8;-1.0;
23/02/2025 23:02:30;117;0;311.24;-4;19.31;2.72;558.4;11.00;74437;2837.115;-1800.785;1;316;370;372.6;24.3;24.4;28;28.0;26.8;-1.0;
23/02/2025 23:02:50;117;0;311.05;-4;19.29;2.79;555.9;11.00;74436;2837.118;-1800.787;1;316;370;374.2;24.3;24.6;28;28.0;26.8;-1.0;
23/02/2025 23:03:10;117;0;310.13;-4;19.19;2.75;553.5;11.10;74442;2837.120;-1800.790;1;316;370;374.2;24.3;24.4;28;28.0;26.8;-1.0;
23/02/2025 23:03:30;117;0;309.40;-4;19.15;2.78;551.2;11.10;74447;2837.123;-1800.793;1;316;370;374.2;24.3;24.6;28;28.0;26.8;-1.0;
23/02/2025 23:03:50;117;0;310.28;-4;19.15;2.68;548.9;11.10;74439;2837.126;-1800.796;1;316;370;374.2;24.3;24.6;28;28.0;26.8;-1.0;
23/02/2025 23:04:10;117;0;310.79;-4;19.38;2.72;546.7;11.10;74457;2837.128;-1800.799;1;316;370;374.2;24.3;24.4;28;28.0;26.8;-1.0;
23/02/2025 23:04:30;117;0;311.27;-4;19.28;2.78;544.5;11.10;74448;2837.131;-1800.801;1;316;370;374.2;24.3;24.6;28;28.0;26.8;-1.0;
23/02/2025 23:04:50;117;0;311.62;-4;19.35;2.77;542.3;11.10;74451;2837.133;-1800.804;1;316;370;374.2;24.3;24.6;28;28.0;26.8;-1.0;
23/02/2025 23:05:10;117;0;312.05;-4;19.43;2.80;540.0;11.10;74458;2837.136;-1800.806;1;316;370;374.2;24.3;24.4;28;28.0;26.8;-1.0;
23/02/2025 23:05:30;117;0;313.41;-4;19.29;2.68;537.8;11.10;74451;2837.138;-1800.809;1;316;370;374.2;24.3;24.4;28;28.0;26.8;-1.0;
23/02/2025 23:05:50;117;0;314.68;-4;19.12;3.00;535.5;11.10;74455;2837.141;-1800.811;1;316;370;372.6;24.3;24.4;28;28.0;26.8;-1.0;
23/02/2025 23:06:10;117;0;314.53;-4;18.99;2.76;533.3;11.20;74459;2837.144;-1800.814;1;316;370;374.2;24.0;24.0;28;28.0;26.8;-1.0;
23/02/2025 23:06:30;117;0;315.07;-4;20.24;2.96;531.0;11.20;74469;2837.146;-1800.816;1;316;370;374.2;24.0;23.4;28;28.0;26.8;-1.0;
23/02/2025 23:06:50;117;0;316.15;-4;21.14;2.91;528.7;11.20;74474;2837.149;-1800.819;1;316;370;372.6;24.0;23.4;28;28.0;26.8;-1.0;
23/02/2025 23:07:10;117;0;315.85;-4;20.90;2.74;526.2;11.20;74473;2837.152;-1800.821;1;316;370;374.2;24.0;23.3;28;28.0;26.8;-1.0;
23/02/2025 23:07:30;117;0;316.34;-4;20.68;2.62;523.7;11.20;74486;2837.155;-1800.824;1;316;370;374.2;24.0;23.4;28;28.0;26.8;-1.0;
23/02/2025 23:07:50;117;0;317.44;-4;20.66;2.64;521.2;11.20;74482;2837.157;-1800.826;1;316;370;374.2;24.0;23.4;28;28.0;26.8;-1.0;
23/02/2025 23:08:10;117;0;318.41;-4;20.92;2.69;518.8;11.20;74490;2837.160;-1800.829;1;316;370;375.8;24.0;23.4;26;26.2;26.8;-1.0;
23/02/2025 23:08:30;117;0;319.19;-4;20.75;1.51;516.3;11.30;74481;2837.163;-1800.831;1;316;370;374.2;24.0;23.4;26;26.2;26.8;-1.0;
23/02/2025 23:08:50;117;0;319.87;-4;20.80;1.61;513.9;11.30;74487;2837.166;-1800.833;1;316;370;374.2;24.0;24.0;24;23.5;26.8;-1.0;
23/02/2025 23:09:10;117;0;318.96;-4;19.84;0.30;511.6;11.30;74480;2837.169;-1800.836;1;316;370;374.2;24.0;24.2;24;23.5;26.8;-1.0;
23/02/2025 23:09:30;117;0;319.07;-4;19.77;0.24;509.4;11.30;74485;2837.171;-1800.838;1;316;370;374.2;24.0;24.2;24;23.5;26.8;-1.0;
23/02/2025 23:09:50;117;0;318.15;-4;19.64;0.35;507.1;11.30;74482;2837.174;-1800.840;1;316;370;372.6;24.0;24.2;24;23.5;26.8;-1.0;
23/02/2025 23:10:10;117;0;316.40;-4;19.58;0.33;505.0;11.30;74503;2837.177;-1800.843;1;316;370;374.2;24.0;24.2;27;27.1;26.8;-1.0;
23/02/2025 23:10:30;117;0;315.56;-4;19.95;2.66;502.8;11.30;74502;2837.179;-1800.845;1;316;370;372.6;24.0;24.2;27;27.5;26.8;-1.0;
23/02/2025 23:10:50;117;0;316.00;-4;19.95;2.65;500.5;11.30;74493;2837.182;-1800.847;1;316;370;375.8;24.0;24.3;27;27.5;26.8;-1.0;
23/02/2025 23:11:10;117;0;315.95;-4;19.91;2.58;498.1;11.40;74501;2837.185;-1800.850;1;316;370;374.2;24.0;24.2;27;27.5;26.8;-1.0;
23/02/2025 23:11:30;117;0;315.47;-4;19.95;2.63;495.8;11.40;74498;2837.188;-1800.852;1;316;370;374.2;24.0;24.2;27;27.5;26.8;-1.0;
23/02/2025 23:11:50;117;0;315.73;-4;19.64;2.65;493.4;11.40;74505;2837.190;-1800.855;1;316;370;374.2;24.0;24.2;27;27.5;26.8;-1.0;
23/02/2025 23:12:10;117;0;313.93;-4;19.83;2.82;490.9;11.40;74507;2837.193;-1800.858;1;316;370;374.2;24.0;24.2;27;27.5;26.8;-1.0;
23/02/2025 23:12:30;117;0;314.70;-4;19.62;2.64;488.5;11.40;74507;2837.196;-1800.860;1;316;370;372.6;24.0;24.2;27;28.0;26.8;-1.0;
23/02/2025 23:12:50;117;0;313.39;-4;19.84;2.54;485.9;11.40;74511;2837.199;-1800.863;1;316;370;372.6;24.0;24.2;27;27.5;26.8;-1.0;
23/02/2025 23:13:11;117;0;312.03;-4;19.45;2.56;483.4;11.40;74509;2837.202;-1800.866;1;316;370;374.2;24.0;24.3;27;27.5;26.8;-1.0;
23/02/2025 23:13:31;117;0;310.92;-4;19.53;2.48;480.9;11.40;74516;2837.204;-1800.869;1;316;370;374.2;24.0;24.2;27;27.5;26.8;-1.0;
23/02/2025 23:13:51;117;0;310.82;-4;19.51;2.62;478.4;11.50;74508;2837.207;-1800.872;1;316;370;374.2;24.0;24.2;27;27.5;26.8;-1.0;
23/02/2025 23:14:11;117;0;308.85;-4;19.58;2.64;475.8;11.50;74520;2837.210;-1800.875;1;316;370;374.2;24.0;24.2;27;27.5;26.8;-1.0;
23/02/2025 23:14:31;117;0;308.10;-4;19.56;2.60;473.3;11.50;74533;2837.212;-1800.878;1;316;370;374.2;24.0;24.3;27;27.5;26.8;-1.0;
23/02/2025 23:14:51;117;0;308.09;-4;19.75;2.62;470.8;11.50;74527;2837.215;-1800.881;1;316;370;374.2;24.0;24.2;27;27.5;26.8;-1.0;
23/02/2025 23:15:11;117;0;306.95;-4;19.86;2.64;468.2;11.50;74534;2837.217;-1800.884;1;316;370;374.2;24.0;24.2;27;27.5;26.8;-1.0;
23/02/2025 23:15:31;117;0;306.69;-4;19.82;2.65;465.5;11.50;74536;2837.220;-1800.887;1;316;370;374.2;24.0;24.3;27;27.5;26.8;-1.0;
23/02/2025 23:15:51;117;0;304.81;-4;19.81;2.67;463.0;11.50;74541;2837.222;-1800.890;1;316;370;374.2;24.0;24.2;27;27.5;26.8;-1.0;
23/02/2025 23:16:11;117;0;303.65;-4;19.67;2.68;460.4;11.50;74528;2837.225;-1800.894;1;316;370;374.2;24.0;24.2;29;28.9;26.8;-1.0;
23/02/2025 23:16:31;117;0;304.20;-4;19.65;3.50;457.7;11.60;74543;2837.227;-1800.897;1;316;370;374.2;24.0;24.2;29;29.3;26.8;-1.0;
23/02/2025 23:16:51;117;0;305.81;-4;20.08;3.61;455.0;11.60;74545;2837.230;-1800.900;1;316;370;374.2;24.0;24.2;29;29.3;26.8;-1.0;
23/02/2025 23:17:11;117;0;306.48;-4;19.82;3.58;452.3;11.60;74546;2837.232;-1800.903;1;316;370;372.6;24.0;24.2;29;29.3;26.8;-1.0;
23/02/2025 23:17:31;117;0;307.23;-4;19.81;3.57;449.5;11.60;74547;2837.235;-1800.907;1;316;370;374.2;24.0;24.2;29;29.3;26.8;-1.0;
23/02/2025 23:17:51;117;0;308.18;-4;19.82;3.68;446.8;11.60;74550;2837.238;-1800.910;1;316;370;374.2;24.0;24.2;29;29.3;26.8;-1.0;
23/02/2025 23:18:11;117;0;308.67;-4;19.93;3.52;444.0;11.60;74552;2837.241;-1800.913;1;316;370;374.2;24.0;24.2;29;29.8;26.8;-1.0;
23/02/2025 23:18:31;117;0;308.86;-4;19.89;3.61;441.2;11.70;74559;2837.244;-1800.917;1;316;370;374.2;24.0;24.2;29;29.3;26.8;-1.0;
23/02/2025 23:18:51;117;0;308.57;-4;19.74;3.56;438.4;11.70;74557;2837.246;-1800.920;1;316;370;374.2;24.0;24.2;29;29.8;26.8;-1.0;
23/02/2025 23:19:11;117;0;308.44;-4;19.84;3.60;435.7;11.70;74553;2837.249;-1800.923;1;316;370;374.2;24.0;24.2;29;29.3;26.8;-1.0;
23/02/2025 23:19:31;117;0;308.75;-4;19.88;3.54;432.8;11.70;74558;2837.252;-1800.926;1;316;370;375.8;24.0;24.2;29;29.8;26.8;-1.0;
23/02/2025 23:19:51;117;0;308.08;-4;19.79;3.62;430.0;11.70;74558;2837.255;-1800.930;1;316;370;374.2;24.0;24.2;29;29.8;26.8;-1.0;
23/02/2025 23:20:11;117;0;307.34;-4;19.51;3.68;427.3;11.70;74568;2837.258;-1800.933;1;316;370;372.6;24.0;24.2;29;29.3;26.8;-1.0;
23/02/2025 23:20:31;117;0;309.52;-4;19.69;3.65;424.6;11.70;74569;2837.260;-1800.936;1;316;370;374.2;24.0;24.2;29;29.8;26.8;-1.0;
23/02/2025 23:20:51;117;0;311.99;-4;19.86;3.54;421.9;11.70;74578;2837.263;-1800.939;1;316;370;374.2;24.0;24.3;29;29.8;26.8;-1.0;
23/02/2025 23:21:11;117;0;313.47;-4;19.75;3.54;419.1;11.80;74582;2837.266;-1800.942;1;316;370;372.6;24.0;24.2;29;29.3;26.8;-1.0;
23/02/2025 23:21:31;117;0;314.78;-4;19.52;3.49;416.4;11.80;74584;2837.269;-1800.945;1;316;370;372.6;24.0;24.2;29;29.3;26.8;-1.0;
23/02/2025 23:21:51;117;0;315.79;-4;19.66;3.58;413.8;11.80;74577;2837.272;-1800.948;1;316;370;374.2;24.0;24.2;27;27.1;26.8;-1.0;
23/02/2025 23:22:11;117;0;312.72;-4;19.30;2.23;411.2;11.80;74585;2837.275;-1800.951;1;316;370;374.2;24.0;24.2;27;26.6;26.8;-1.0;
23/02/2025 23:22:31;117;0;311.65;-4;19.39;1.96;408.6;11.80;74590;2837.278;-1800.954;1;316;370;374.2;24.0;24.2;27;26.6;26.8;-1.0;
23/02/2025 23:22:51;117;0;311.63;-4;19.47;2.07;406.0;11.80;74595;2837.281;-1800.957;1;316;370;374.2;24.0;24.2;27;26.6;26.8;-1.0;
23/02/2025 23:23:11;117;0;310.09;-4;19.42;2.01;403.5;11.80;74602;2837.284;-1800.960;1;316;370;374.2;24.0;24.3;27;26.6;26.8;-1.0;
23/02/2025 23:23:31;117;0;309.60;-4;19.52;2.00;401.0;11.90;74607;2837.286;-1800.963;1;316;370;374.2;24.0;24.2;27;26.6;26.8;-1.0;
23/02/2025 23:23:51;117;0;307.98;-4;19.33;2.01;398.4;11.90;74609;2837.289;-1800.966;1;316;370;374.2;24.0;24.2;27;26.6;26.8;-1.0;
23/02/2025 23:24:11;117;0;307.36;-4;19.34;2.01;395.8;11.90;74616;2837.292;-1800.969;1;316;370;374.2;24.0;24.2;27;26.6;26.8;-1.0;
23/02/2025 23:24:31;117;0;306.24;-4;19.38;1.97;393.2;11.90;74624;2837.294;-1800.973;1;316;370;374.2;24.0;24.2;27;26.6;26.8;-1.0;
23/02/2025 23:24:51;117;0;306.08;-4;19.21;2.02;390.6;11.90;74624;2837.297;-1800.976;1;316;370;372.6;24.0;24.2;27;26.6;26.8;-1.0;
23/02/2025 23:25:11;117;0;307.19;-4;19.42;2.00;388.1;11.90;74634;2837.299;-1800.979;1;316;370;374.2;24.0;24.2;27;26.6;26.8;-1.0;
23/02/2025 23:25:31;117;0;307.98;-4;19.34;1.98;385.6;12.00;74638;2837.302;-1800.982;1;316;370;374.2;24.0;24.3;27;26.6;26.8;-1.0;
23/02/2025 23:25:51;117;0;308.74;-4;19.51;1.94;383.1;12.00;74649;2837.305;-1800.985;1;316;370;374.2;24.0;24.2;27;26.6;26.8;-1.0;
23/02/2025 23:26:11;117;0;309.11;-4;19.46;1.95;380.5;12.00;74641;2837.307;-1800.988;1;316;370;374.2;24.0;24.2;27;26.6;26.8;-1.0;
23/02/2025 23:26:31;117;0;309.79;-4;19.47;1.91;378.0;12.00;74660;2837.310;-1800.991;1;316;370;374.2;24.0;24.3;27;26.6;26.8;-1.0;
23/02/2025 23:26:51;117;0;308.35;-4;19.38;2.07;375.6;12.00;74665;2837.313;-1800.994;1;316;370;374.2;24.0;24.2;27;26.6;26.8;-1.0;
23/02/2025 23:27:11;117;0;305.94;-4;19.20;1.98;373.0;12.10;74668;2837.315;-1800.998;1;316;370;374.2;24.0;24.2;27;26.6;26.8;-1.0;
23/02/2025 23:27:31;117;0;304.28;-4;19.16;2.07;370.4;12.10;74666;2837.318;-1801.001;1;316;370;374.2;24.0;24.2;29;28.9;26.8;-1.0;
23/02/2025 23:27:51;117;0;304.29;-4;19.70;3.57;367.8;12.10;74683;2837.320;-1801.004;1;316;370;375.8;24.0;24.2;29;29.3;26.8;-1.0;
23/02/2025 23:28:11;117;0;305.17;-4;19.38;3.65;365.2;12.10;74678;2837.323;-1801.007;1;316;370;374.2;24.0;24.2;29;29.3;26.8;-1.0;
23/02/2025 23:28:31;117;0;305.66;-4;19.53;3.54;362.6;12.10;74690;2837.325;-1801.011;1;316;370;374.2;24.0;24.2;29;29.3;26.8;-1.0;
23/02/2025 23:28:51;117;0;305.16;-4;19.47;3.61;360.0;12.20;74691;2837.328;-1801.014;1;316;370;374.2;24.0;24.2;29;29.3;26.8;-1.0;
23/02/2025 23:29:11;117;0;304.61;-4;19.42;3.61;357.3;12.20;74677;2837.330;-1801.017;1;316;370;372.6;24.0;24.3;29;29.3;26.8;-1.0;
23/02/2025 23:29:31;117;0;305.59;-4;19.52;3.62;354.7;12.20;74692;2837.333;-1801.021;1;316;370;374.2;24.0;24.2;29;29.3;26.8;-1.0;
23/02/2025 23:29:51;117;0;307.60;-4;19.51;3.56;352.0;12.20;74708;2837.336;-1801.024;1;316;370;374.2;24.0;24.2;29;29.3;26.8;-1.0;
23/02/2025 23:30:11;117;0;308.45;-4;19.51;3.61;349.3;12.20;74717;2837.338;-1801.027;1;316;370;374.2;24.0;24.2;29;29.3;26.8;-1.0;
23/02/2025 23:30:31;117;0;310.14;-4;19.47;3.49;346.6;12.30;74712;2837.341;-1801.030;1;316;370;374.2;24.0;24.2;29;29.3;26.8;-1.0;
23/02/2025 23:30:51;117;0;310.13;-4;19.42;3.60;343.9;12.30;74728;2837.344;-1801.034;1;316;370;371.0;24.0;24.2;29;29.3;26.8;-1.0;
23/02/2025 23:31:11;117;0;310.93;-4;19.44;3.61;341.2;12.30;74728;2837.347;-1801.037;1;316;370;374.2;24.0;24.2;29;29.3;26.8;-1.0;
23/02/2025 23:31:31;117;0;313.52;-4;19.63;3.50;338.6;12.30;74732;2837.350;-1801.039;1;316;370;374.2;24.0;24.2;29;29.3;26.8;-1.0;
23/02/2025 23:31:51;117;0;313.65;-4;19.45;3.60;336.0;12.30;74742;2837.353;-1801.042;1;316;370;374.2;24.0;24.2;29;29.3;26.8;-1.0;
23/02/2025 23:32:11;117;0;314.07;-4;19.38;3.59;333.4;12.40;74738;2837.356;-1801.045;1;316;370;374.2;24.0;24.3;29;29.3;26.8;-1.0;
23/02/2025 23:32:31;117;0;314.06;-4;19.28;3.65;330.8;12.40;74740;2837.359;-1801.048;1;316;370;375.8;24.0;24.2;29;29.3;26.8;-1.0;
23/02/2025 23:32:51;117;0;314.96;-4;19.27;3.62;328.4;12.40;74756;2837.362;-1801.051;1;316;370;374.2;24.0;24.2;29;29.3;26.8;-1.0;
23/02/2025 23:33:11;117;0;316.13;-4;19.37;3.58;326.0;12.40;74760;2837.365;-1801.054;1;316;370;374.2;24.0;24.2;27;27.1;26.8;-1.0;
23/02/2025 23:33:31;117;0;318.40;-4;19.31;1.92;323.5;12.50;74767;2837.368;-1801.056;1;316;370;374.2;24.0;24.2;27;26.6;26.8;-1.0;
23/02/2025 23:33:51;117;0;320.97;-4;19.35;1.84;321.1;12.50;74776;2837.371;-1801.059;1;316;370;374.2;24.0;24.2;24;23.5;26.8;-1.0;
23/02/2025 23:34:11;117;0;321.90;-4;19.12;0.36;318.8;12.50;74785;2837.374;-1801.061;1;316;370;375.8;24.0;24.2;24;23.0;26.8;-1.0;
23/02/2025 23:34:31;117;0;320.22;-4;19.14;0.18;316.5;12.50;74787;2837.377;-1801.063;1;316;370;374.2;24.0;24.2;24;23.5;26.8;-1.0;
23/02/2025 23:34:51;117;0;318.95;-4;18.90;0.23;314.3;12.50;74803;2837.380;-1801.066;1;316;370;374.2;23.7;23.7;26;26.2;26.8;-1.0;
23/02/2025 23:35:11;117;0;318.11;-4;19.41;1.94;312.0;12.60;74804;2837.382;-1801.068;1;316;370;374.2;23.7;23.6;26;26.6;26.8;-1.0;
23/02/2025 23:35:31;117;0;317.48;-4;19.58;1.94;309.7;12.60;74811;2837.385;-1801.070;1;316;370;374.2;23.7;23.6;26;26.6;26.8;-1.0;
23/02/2025 23:35:51;117;0;317.72;-4;19.51;1.85;307.4;12.60;74816;2837.388;-1801.073;1;316;370;374.2;23.7;23.6;26;26.2;26.8;-1.0;
23/02/2025 23:36:11;117;0;316.56;-4;19.69;1.91;305.2;12.60;74818;2837.390;-1801.075;1;316;370;374.2;23.7;23.6;26;26.6;26.8;-1.0;
23/02/2025 23:36:31;117;0;315.32;-4;19.72;1.91;302.8;12.70;74828;2837.393;-1801.078;1;316;370;371.0;23.7;23.6;26;26.6;26.8;-1.0;
23/02/2025 23:36:51;117;0;314.77;-4;19.77;1.90;300.5;12.70;74834;2837.396;-1801.080;1;316;370;374.2;23.7;23.6;26;26.6;26.8;-1.0;
23/02/2025 23:37:11;117;0;313.84;-4;19.59;1.95;298.2;12.70;74839;2837.399;-1801.083;1;316;370;374.2;23.7;23.6;26;26.2;26.8;-1.0;
23/02/2025 23:37:31;117;0;312.30;-4;19.58;1.91;295.8;12.80;74861;2837.401;-1801.085;1;316;370;374.2;23.7;23.6;28;28.4;26.8;-1.0;
23/02/2025 23:37:51;117;0;310.02;-4;19.71;3.17;293.4;12.80;74858;2837.404;-1801.088;1;316;370;374.2;23.7;23.6;28;28.9;26.8;-1.0;
23/02/2025 23:38:11;117;0;308.62;-4;19.80;3.14;291.0;12.80;74871;2837.406;-1801.091;1;316;370;374.2;23.7;23.4;28;28.9;26.8;-1.0;
23/02/2025 23:38:31;117;0;307.78;-4;19.84;3.16;288.6;12.80;74883;2837.409;-1801.094;1;316;370;374.2;23.7;23.4;28;28.9;26.8;-1.0;
23/02/2025 23:38:51;117;0;308.31;-4;19.93;3.10;286.2;12.90;74898;2837.411;-1801.097;1;316;370;374.2;23.7;23.6;28;28.9;26.8;-1.0;
23/02/2025 23:39:11;117;0;308.14;-4;19.86;3.24;283.6;12.90;74908;2837.414;-1801.100;1;316;370;374.2;23.7;23.6;28;28.9;26.8;-1.0;
23/02/2025 23:39:31;117;0;308.30;-4;20.14;3.11;281.0;12.90;74912;2837.416;-1801.103;1;316;370;374.2;23.7;23.6;28;28.9;26.8;-1.0;
23/02/2025 23:39:51;117;0;309.07;-4;19.83;3.18;278.4;13.00;74921;2837.419;-1801.106;1;316;370;374.2;23.7;23.6;28;28.9;26.8;-1.0;
23/02/2025 23:40:11;117;0;309.86;-4;20.03;3.23;275.8;13.00;74920;2837.422;-1801.109;1;316;370;374.2;23.7;23.7;28;28.9;26.8;-1.0;
23/02/2025 23:40:31;117;0;310.35;-4;20.26;2.93;273.2;13.00;74930;2837.425;-1801.112;1;316;370;374.2;23.7;23.6;28;28.9;26.8;-1.0;
23/02/2025 23:40:51;117;0;310.88;-4;19.93;3.07;270.6;13.00;74939;2837.427;-1801.115;1;316;370;374.2;23.7;23.6;28;28.9;26.8;-1.0;
23/02/2025 23:41:11;117;0;311.27;-4;19.92;3.13;267.9;13.10;74954;2837.430;-1801.118;1;316;370;374.2;23.7;23.6;28;28.9;26.8;-1.0;
23/02/2025 23:41:31;117;0;311.90;-4;19.96;3.17;265.3;13.10;74955;2837.433;-1801.121;1;316;370;374.2;23.7;23.6;28;28.9;26.8;-1.0;
23/02/2025 23:41:51;117;0;312.44;-4;20.08;3.15;262.5;13.10;74970;2837.436;-1801.124;1;316;370;374.2;23.7;23.4;28;28.9;26.8;-1.0;
23/02/2025 23:42:11;117;0;312.00;-4;19.79;3.19;259.8;13.20;74967;2837.439;-1801.127;1;316;370;372.6;23.7;23.6;28;28.9;26.8;-1.0;
23/02/2025 23:42:31;117;0;310.13;-4;19.73;3.21;257.1;13.20;74978;2837.442;-1801.130;1;316;370;374.2;23.7;23.6;28;28.9;26.8;-1.0;
23/02/2025 23:42:51;117;0;309.55;-4;19.86;3.20;254.3;13.20;74984;2837.445;-1801.133;1;316;370;374.2;23.7;23.6;28;28.9;26.8;-1.0;
23/02/2025 23:43:11;117;0;310.32;-4;19.94;3.22;251.6;13.30;75002;2837.447;-1801.136;1;316;370;372.6;23.7;23.6;28;28.9;26.8;-1.0;
23/02/2025 23:43:31;117;0;310.59;-4;19.77;3.14;248.6;13.30;75006;2837.450;-1801.140;1;316;370;374.2;23.7;23.6;28;28.9;26.8;-1.0;
23/02/2025 23:43:51;117;0;310.53;-4;19.73;3.19;245.9;13.30;75009;2837.453;-1801.143;1;316;370;374.2;23.7;23.6;28;28.9;26.8;-1.0;
23/02/2025 23:44:11;117;0;310.67;-4;20.06;3.18;243.1;13.30;75014;2837.456;-1801.146;1;316;370;374.2;23.7;23.6;28;28.9;26.8;-1.0;
23/02/2025 23:44:31;117;0;310.90;-4;19.41;3.20;240.3;13.40;75023;2837.459;-1801.150;1;316;370;374.2;23.7;23.6;28;28.9;26.8;-1.0;
23/02/2025 23:44:51;117;0;310.53;-4;19.43;3.41;237.5;13.40;75032;2837.462;-1801.153;1;316;370;374.2;23.7;23.6;28;28.9;26.8;-1.0;
23/02/2025 23:45:11;117;0;311.48;-4;19.49;3.14;234.8;13.40;75042;2837.465;-1801.156;1;316;370;374.2;23.7;23.6;28;28.9;26.8;-1.0;
23/02/2025 23:45:31;117;0;311.86;-4;19.52;3.24;232.1;13.50;75047;2837.468;-1801.159;1;316;370;374.2;23.7;23.4;28;28.9;26.8;-1.0;
23/02/2025 23:45:51;117;0;311.96;-4;19.67;3.20;229.4;13.50;75045;2837.471;-1801.162;1;316;370;374.2;23.7;23.6;28;28.9;26.8;-1.0;
23/02/2025 23:46:11;117;0;311.73;-4;19.59;3.23;226.9;13.50;75054;2837.474;-1801.165;1;316;370;374.2;23.7;23.6;28;28.9;26.8;-1.0;
23/02/2025 23:46:31;117;0;310.92;-4;19.47;3.10;224.2;13.60;75064;2837.477;-1801.168;1;316;370;374.2;23.7;23.6;28;28.9;26.8;-1.0;
23/02/2025 23:46:51;117;0;310.37;-4;19.58;3.13;221.7;13.60;75078;2837.479;-1801.171;1;316;370;374.2;23.7;23.6;28;28.9;26.8;-1.0;
23/02/2025 23:47:11;117;0;310.05;-4;19.65;3.20;219.2;13.60;75080;2837.482;-1801.174;1;316;370;372.6;23.7;23.6;28;28.9;26.8;-1.0;
23/02/2025 23:47:31;117;0;310.40;-4;19.61;3.15;216.8;13.70;75092;2837.484;-1801.177;1;316;370;375.8;23.7;23.6;28;28.9;26.8;-1.0;
23/02/2025 23:47:51;117;0;310.24;-4;19.49;3.21;214.3;13.70;75094;2837.487;-1801.180;1;316;370;374.2;23.7;23.6;28;28.9;26.8;-1.0;
23/02/2025 23:48:11;117;0;311.53;-4;19.44;3.15;211.9;13.70;75098;2837.490;-1801.183;1;316;370;374.2;23.7;23.6;28;28.9;26.8;-1.0;
23/02/2025 23:48:32;117;0;311.08;-4;19.46;3.20;209.5;13.80;75113;2837.493;-1801.185;1;316;370;374.2;23.7;23.6;28;28.9;26.8;-1.0;
23/02/2025 23:48:52;117;0;310.91;-4;19.51;3.23;207.2;13.80;75122;2837.495;-1801.188;1;316;370;374.2;23.7;23.4;28;28.9;26.8;-1.0;
23/02/2025 23:49:12;117;0;311.03;-4;19.62;3.33;205.0;13.80;75120;2837.497;-1801.191;1;316;370;372.6;23.7;23.6;28;28.9;26.8;-1.0;
23/02/2025 23:49:32;117;0;309.68;-4;18.99;3.24;202.9;13.90;75138;2837.500;-1801.193;1;316;370;374.2;23.3;23.4;28;28.9;26.8;-1.0;
23/02/2025 23:49:52;117;0;310.16;-4;19.61;3.18;200.8;13.90;75140;2837.502;-1801.196;1;316;370;374.2;23.3;23.4;28;28.9;26.8;-1.0;
23/02/2025 23:50:12;117;0;310.46;-4;19.73;3.19;198.6;13.90;75149;2837.505;-1801.198;1;316;370;374.2;23.3;23.4;28;28.9;26.8;-1.0;
23/02/2025 23:50:32;117;0;310.19;-4;19.62;3.30;196.6;13.90;75149;2837.507;-1801.200;1;316;370;374.2;23.3;23.6;28;28.9;26.8;-1.0;
23/02/2025 23:50:52;117;0;309.76;-4;19.38;3.16;194.5;14.00;75160;2837.509;-1801.203;1;316;370;374.2;23.3;23.6;28;28.9;26.8;-1.0;
23/02/2025 23:51:12;117;0;309.20;-4;19.50;3.17;192.5;14.00;75172;2837.511;-1801.205;1;316;390;395.2;23.3;23.6;28;28.9;26.8;-1.0;
23/02/2025 23:51:32;117;0;314.43;-4;19.11;3.19;190.4;14.00;75132;2837.514;-1801.208;1;316;390;395.2;23.3;23.4;28;28.9;26.8;-1.0;
23/02/2025 23:51:52;117;0;313.93;-4;18.88;3.37;188.6;14.10;75135;2837.516;-1801.210;1;316;410;411.3;23.0;22.8;28;28.9;26.8;-1.0;
23/02/2025 23:52:12;117;0;307.71;-4;20.37;3.26;186.5;14.10;75108;2837.518;-1801.212;1;316;410;411.3;23.0;22.4;28;28.9;26.8;-1.0;
23/02/2025 23:52:32;117;0;308.45;-4;20.79;3.25;184.3;14.10;75126;2837.521;-1801.215;1;316;410;411.3;23.0;22.4;28;28.9;26.8;-1.0;
23/02/2025 23:52:52;117;0;310.67;-4;20.86;3.26;182.0;14.20;75143;2837.523;-1801.217;1;316;410;411.3;23.0;22.4;28;28.9;26.8;-1.0;
23/02/2025 23:53:12;117;0;312.02;-4;20.75;3.29;179.7;14.20;75139;2837.526;-1801.220;1;316;410;412.9;23.0;22.5;28;28.9;26.8;-1.0;
23/02/2025 23:53:32;117;0;312.25;-4;20.87;3.27;177.3;14.20;75157;2837.528;-1801.223;1;316;410;411.3;23.0;22.4;28;28.9;26.8;-1.0;
23/02/2025 23:53:52;117;0;311.26;-4;20.83;3.30;174.8;14.30;75159;2837.531;-1801.225;1;316;410;411.3;23.0;22.5;28;28.9;26.8;-1.0;
23/02/2025 23:54:12;117;0;310.65;-4;20.78;3.28;172.3;14.30;75171;2837.533;-1801.228;1;316;410;412.9;23.0;22.4;28;28.9;26.8;-1.0;
23/02/2025 23:54:32;117;0;309.92;-4;20.58;3.28;169.7;14.40;75180;2837.536;-1801.231;1;316;410;411.3;23.0;22.4;28;28.9;26.8;-1.0;
23/02/2025 23:54:52;117;0;309.70;-4;20.77;3.27;167.1;14.40;75188;2837.539;-1801.234;1;316;410;412.9;23.0;22.4;28;28.9;26.8;-1.0;
23/02/2025 23:55:12;117;0;315.13;-4;20.92;3.24;164.3;14.40;75202;2837.542;-1801.237;1;316;410;411.3;23.0;22.4;28;28.9;26.8;-1.0;
23/02/2025 23:55:32;117;0;314.83;-4;20.89;3.30;161.5;14.50;75225;2837.545;-1801.240;1;316;410;412.9;23.0;22.4;28;28.9;26.8;-1.0;
23/02/2025 23:55:52;117;0;313.38;-4;20.76;3.27;158.7;14.50;75231;2837.548;-1801.243;1;316;410;412.9;23.0;22.4;28;28.9;26.8;-1.0;
23/02/2025 23:56:12;117;0;313.83;-4;20.70;3.26;156.0;14.60;75267;2837.551;-1801.246;1;316;410;411.3;23.0;22.4;28;28.9;26.8;-1.0;
23/02/2025 23:56:32;117;0;312.95;-4;20.63;3.31;153.0;14.60;75274;2837.554;-1801.249;1;316;410;412.9;23.0;22.4;28;28.9;26.8;-1.0;
23/02/2025 23:56:52;117;0;313.60;-4;20.41;3.20;150.0;14.60;75294;2837.557;-1801.252;1;316;410;411.3;23.0;22.4;28;28.9;26.8;-1.0;
23/02/2025 23:57:12;117;0;314.14;-4;20.57;3.36;147.0;14.70;75293;2837.560;-1801.255;1;316;410;411.3;23.0;22.4;28;28.9;26.8;-1.0;
23/02/2025 23:57:32;117;0;313.80;-4;20.53;3.27;143.9;14.70;75312;2837.563;-1801.258;1;316;410;412.9;23.0;22.4;28;28.9;26.8;-1.0;
23/02/2025 23:57:52;117;0;314.26;-4;20.51;3.23;140.9;14.80;75330;2837.566;-1801.261;1;316;410;411.3;23.0;22.4;28;28.9;26.8;-1.0;
23/02/2025 23:58:12;117;0;315.06;-4;20.50;3.28;137.8;14.80;75330;2837.570;-1801.265;1;316;410;411.3;23.0;22.4;28;28.9;26.8;-1.0;
23/02/2025 23:58:32;117;0;316.29;-4;20.45;3.24;134.7;14.80;75351;2837.573;-1801.268;1;316;410;411.3;23.0;22.4;28;28.9;26.8;-1.0;
23/02/2025 23:58:52;117;0;315.84;-4;20.34;3.30;131.7;14.90;75354;2837.577;-1801.271;1;316;410;411.3;23.0;22.4;28;28.9;26.8;-1.0;
23/02/2025 23:59:12;117;0;314.19;-4;20.36;3.32;128.6;14.90;75355;2837.580;-1801.274;1;316;410;411.3;23.0;22.4;28;28.9;26.8;-1.0;
23/02/2025 23:59:32;117;0;314.21;-4;20.49;3.15;125.4;15.00;75364;2837.583;-1801.278;1;316;410;411.3;23.0;22.4;28;28.9;26.8;-1.0;
23/02/2025 23:59:52;117;0;314.42;-4;20.23;3.30;122.3;15.00;75373;2837.587;-1801.281;1;316;410;411.3;23.0;22.4;28;28.9;26.8;-1.0;
24/02/2025 00:00:12;117;0;314.86;-4;20.19;3.27;119.3;15.00;75388;2837.590;-1801.284;1;316;410;409.7;23.0;22.5;28;28.9;26.8;-1.0;
24/02/2025 00:00:32;117;0;315.23;-4;20.24;3.27;116.3;15.10;75402;2837.593;-1801.288;1;316;410;411.3;23.0;22.4;28;28.9;26.8;-1.0;
24/02/2025 00:00:52;117;0;314.48;-4;20.64;3.31;113.3;15.10;75411;2837.596;-1801.291;1;316;410;409.7;23.0;22.4;28;28.9;26.8;-1.0;
24/02/2025 00:01:12;117;0;314.68;-4;20.13;3.39;110.3;15.20;75427;2837.600;-1801.294;1;316;410;411.3;23.0;22.5;28;28.9;26.8;-1.0;
24/02/2025 00:01:32;117;0;317.11;-4;20.63;3.39;107.4;15.20;75429;2837.603;-1801.297;1;316;410;414.5;23.0;23.0;26;25.7;26.8;-1.0;
24/02/2025 00:01:52;117;0;317.42;-4;19.86;1.60;104.5;15.30;75435;2837.606;-1801.300;1;316;410;411.3;23.0;23.1;26;25.7;26.8;-1.0;
24/02/2025 00:02:12;117;0;318.39;-4;19.18;1.70;101.8;15.30;75430;2837.610;-1801.303;1;316;410;414.5;23.0;23.1;26;25.7;26.8;-1.0;
24/02/2025 00:02:32;117;0;316.76;-4;19.56;1.62;99.0;15.30;75459;2837.613;-1801.306;1;316;410;411.3;23.0;23.1;26;25.7;26.8;-1.0;
24/02/2025 00:02:52;117;0;314.76;-4;19.46;1.74;96.4;15.40;75470;2837.616;-1801.308;1;316;410;411.3;23.0;23.1;26;25.7;26.8;-1.0;
24/02/2025 00:03:12;117;0;314.01;-4;19.70;1.64;93.7;15.40;75484;2837.619;-1801.311;1;316;410;411.3;23.0;23.1;26;25.7;26.8;-1.0;
24/02/2025 00:03:32;117;0;312.30;-4;19.62;1.75;91.0;15.50;75485;2837.622;-1801.314;1;316;410;411.3;23.0;23.1;26;25.7;26.8;-1.0;
24/02/2025 00:03:52;117;0;311.26;-4;19.56;1.75;88.3;15.50;75504;2837.624;-1801.317;1;316;410;411.3;23.0;23.1;26;25.7;26.8;-1.0;
24/02/2025 00:04:12;117;0;309.32;-4;19.46;1.72;85.5;15.60;75511;2837.627;-1801.321;1;316;410;412.9;23.0;23.1;26;25.7;26.8;-1.0;
24/02/2025 00:04:32;117;0;311.28;-4;19.78;1.78;82.8;15.60;75520;2837.630;-1801.324;1;316;410;411.3;23.0;23.1;26;25.7;26.8;-1.0;
24/02/2025 00:04:52;117;0;312.91;-4;19.85;1.57;80.0;15.60;75555;2837.633;-1801.327;1;316;410;411.3;23.0;23.1;26;25.7;26.8;-1.0;
24/02/2025 00:05:12;117;0;310.27;-4;19.44;1.71;77.2;15.70;75564;2837.636;-1801.330;1;316;410;412.9;23.0;23.1;26;25.7;26.8;-1.0;
24/02/2025 00:05:32;117;0;308.19;-4;19.12;1.85;74.6;15.80;75603;2837.639;-1801.334;1;316;410;411.3;23.0;23.3;26;25.7;26.8;-1.0;
24/02/2025 00:05:52;117;0;304.52;-4;19.42;1.84;72.0;15.80;75602;2837.642;-1801.337;1;316;410;409.7;23.0;23.1;28;28.0;26.8;-1.0;
24/02/2025 00:06:12;117;0;303.49;-4;19.44;3.11;69.3;15.90;75620;2837.644;-1801.340;1;316;410;412.9;23.0;23.3;28;28.4;26.8;-1.0;
24/02/2025 00:06:32;117;0;302.56;-4;19.54;3.13;66.6;15.90;75624;2837.646;-1801.344;1;316;410;411.3;23.0;23.1;28;28.4;26.8;-1.0;
24/02/2025 00:06:52;117;0;300.32;-4;19.47;3.21;63.9;16.00;75649;2837.649;-1801.347;1;316;410;411.3;23.0;23.1;31;31.6;26.8;-1.0;
24/02/2025 00:07:12;117;0;300.87;-4;19.59;4.99;61.2;16.00;75663;2837.651;-1801.351;1;316;410;411.3;23.0;23.1;31;32.0;26.8;-1.0;
24/02/2025 00:07:32;117;0;300.72;-4;19.78;5.12;58.7;16.10;75691;2837.653;-1801.354;1;316;410;412.9;23.0;23.1;31;32.0;26.8;-1.0;
24/02/2025 00:07:52;117;0;301.20;-4;19.80;4.92;56.0;16.10;75700;2837.656;-1801.358;1;316;410;412.9;23.0;23.1;29;28.9;26.8;-1.0;
24/02/2025 00:08:12;117;0;300.89;-4;19.40;3.25;53.3;16.20;75725;2837.658;-1801.361;1;316;410;411.3;23.0;23.0;29;28.9;26.8;-1.0;
24/02/2025 00:08:32;117;0;300.13;-4;19.42;3.31;50.6;16.20;75742;2837.661;-1801.365;1;316;410;411.3;23.0;23.1;31;31.6;26.8;-1.0;
24/02/2025 00:08:52;117;0;301.09;-4;19.44;4.98;47.9;16.30;75760;2837.663;-1801.368;1;316;410;412.9;23.0;23.1;31;32.0;26.8;-1.0;
24/02/2025 00:09:12;117;0;302.37;-4;19.48;4.96;45.1;16.30;75763;2837.666;-1801.372;1;316;410;411.3;23.0;23.1;29;28.9;26.8;-1.0;
24/02/2025 00:09:32;117;0;303.58;-4;19.47;3.16;42.3;16.40;75775;2837.668;-1801.376;1;316;410;411.3;23.0;23.1;29;28.9;26.8;-1.0;
24/02/2025 00:09:52;117;0;304.07;-4;19.20;3.21;39.5;16.40;75788;2837.671;-1801.379;1;316;410;411.3;23.0;23.1;29;28.9;26.8;-1.0;
24/02/2025 00:10:12;117;0;303.39;-4;19.46;3.20;36.8;16.50;75786;2837.673;-1801.383;1;316;410;412.9;23.0;23.1;29;28.9;26.8;-1.0;
24/02/2025 00:10:32;117;0;303.86;-4;19.25;3.20;33.9;16.50;75798;2837.676;-1801.387;1;316;410;411.3;23.0;23.1;29;28.9;26.8;-1.0;
24/02/2025 00:10:52;117;0;303.90;-4;19.10;3.14;31.4;16.60;75804;2837.679;-1801.390;1;316;410;412.9;23.0;23.0;29;28.4;26.8;-1.0;
24/02/2025 00:11:12;117;0;304.65;-4;19.23;3.47;28.6;16.60;75815;2837.681;-1801.394;1;316;410;411.3;23.0;23.1;29;28.9;26.8;-1.0;
24/02/2025 00:11:32;117;0;303.79;-4;19.64;3.09;25.8;16.70;75812;2837.684;-1801.397;1;316;410;412.9;23.0;23.1;29;28.4;26.8;-1.0;
24/02/2025 00:11:52;117;0;304.95;-4;19.19;3.15;23.0;16.80;75840;2837.687;-1801.401;1;316;410;412.9;23.0;23.1;29;28.9;26.8;-1.0;
24/02/2025 00:12:12;117;0;304.58;-4;19.60;3.15;20.3;16.80;75833;2837.689;-1801.404;1;316;410;411.3;23.0;23.1;29;28.9;26.8;-1.0;
24/02/2025 00:12:32;117;0;305.22;-4;19.30;3.21;17.6;16.80;75853;2837.692;-1801.407;1;316;410;412.9;23.0;23.1;29;28.9;26.8;-1.0;
24/02/2025 00:12:52;117;0;304.67;-4;19.66;3.27;14.9;16.90;75851;2837.694;-1801.411;1;316;410;412.9;23.0;23.1;29;28.9;26.8;-1.0;
24/02/2025 00:13:12;117;0;306.03;-4;19.22;3.19;12.0;16.90;75855;2837.697;-1801.414;1;316;410;412.9;23.0;23.1;29;28.9;26.8;-1.0;
24/02/2025 00:13:32;117;0;308.50;-4;18.76;3.30;9.4;17.00;75858;2837.700;-1801.418;1;316;410;411.3;22.6;22.7;29;28.9;26.8;-1.0;
24/02/2025 00:13:52;117;0;311.13;-4;19.58;3.12;6.6;17.00;75866;2837.703;-1801.421;1;316;410;412.9;22.6;22.7;29;28.9;26.8;-1.0;
24/02/2025 00:14:12;117;0;309.85;-4;19.53;3.14;3.7;17.10;75887;2837.706;-1801.424;1;316;410;411.3;22.6;22.7;29;28.9;26.8;-1.0;
24/02/2025 00:14:17;115;0;311.07;-4;19.10;3.27;3.1;17.10;75875;2837.706;-1801.425;1;316;500;417.7;100.0;64.5;0;0.0;26.8;-1.0;
24/02/2025 00:14:27;115;0;321.00;-4;4.18;-11.35;2.0;17.10;75851;2837.707;-1801.426;1;316;500;508.1;100.0;100.1;0;0.0;26.5;-1.0;
24/02/2025 00:14:37;115;0;293.09;-4;-64.15;-10.31;2.5;17.10;75655;2837.708;-1801.426;1;316;500;508.1;100.0;100.6;0;-0.5;26.8;-1.0;
24/02/2025 00:14:47;115;0;285.35;-4;-60.87;-13.17;0.4;17.10;75665;2837.708;-1801.427;1;316;500;506.5;100.0;100.7;0;0.0;26.8;-1.0;
24/02/2025 00:15:07;119;0;304.23;-4;-55.19;-20.85;0.1;17.20;75692;2837.708;-1801.427;1;316;500;508.1;100.0;100.6;0;0.0;26.8;-1.0;
24/02/2025 00:15:17;119;0;311.82;-4;-48.16;-14.56;-0.2;17.20;75685;2837.806;-1801.513;0;316;500;508.1;100.0;100.6;0;0.0;26.8;-1.0;
