PLD_REALTIMECLOCK;NAV_RESOURCE;NAV_LONGITUDE;NAV_LATITUDE;NAV_DEPTH;NAV_HEADING;SD_CARD_USAGE;SSD_USAGE;ACQUISITION_FREQ;RECORDING;LEGATO_CONDUCTIVITY;LEGATO_TEMPERATURE;LEGATO_PRESSURE;LEGATO_SALINITY;LEGATO_CONDTEMP;LEGATO_CODA_DO;LEGATO_CODA_TEMPERATURE;LEGATO_CODA_CORR_PHASE;LEGATO_SOUND_VELOCITY;FLBBCD_CHL_COUNT;FLBBCD_CHL_SCALED;FLBBCD_CDOM_COUNT;FLBBCD_CDOM_SCALED;FLBBCD_BB_700_COUNT;FLBBCD_BB_700_SCALED;User_Field1;User_Field2;User_Field3;User_Field4;User_Field5;User_Field6;User_Field7;User_Field8;User_Field9;User_Field10;BS_HEADING;BS_ZB;BS_ZT;BS_PU;BS_PD;BS_BU;BS_BD;BS_SR;BS_ALTIMETER.ENABLE;BS_ALTIMETER.VALUE;BS_CURRENT.CORRECTION.ENABLE
20/02/2025 06:12:29.905;119;-1758.507;2837.441;0.100;126.000;248013.16;248013.16;192000;0;50.2821;20.0390;1.5953;36.9113;19.9079;240.8193;20.0451;22.7775;1523.7356;59;0.0847;71;1.8180;105;0.000168410;0;9999;9999;9999;9999;9999;9999;9999;9999;9999;9999;9999;9999;9999;9999;9999;9999;9999;9999;9999;9999
20/02/2025 06:12:59.124;116;-1758.508;2837.443;-0.000;108.000;248013.26;247934.47;192000;0;50.2797;20.0401;1.5035;36.9084;19.9176;241.1089;20.0386;22.7689;1523.7338;59;0.0847;69;1.6362;101;0.000156162;0;9999;9999;9999;9999;9999;9999;9999;9999;9999;9999;9999;9999;9999;9999;9999;9999;9999;9999;9999;9999
20/02/2025 06:13:29.115;116;-1758.510;2837.443;-0.100;131.000;248013.2;248013.2;192000;0;50.2717;20.0325;1.4790;36.9084;19.9253;239.6261;20.0306;22.8261;1523.7125;60;0.0968;69;1.6362;100;0.000153100;0;9999;9999;9999;9999;9999;9999;9999;9999;9999;9999;9999;9999;9999;9999;9999;9999;9999;9999;9999;9999
20/02/2025 06:13:59.127;116;-1758.510;2837.445;-0.100;133.000;248013.24;-1;192000;0;50.2725;20.0323;1.4823;36.9093;19.9331;240.1121;20.0285;22.8086;1523.7130;59;0.0847;70;1.7271;99;0.000150038;0;9999;9999;9999;9999;9999;9999;9999;9999;9999;9999;9999;9999;9999;9999;9999;9999;9999;9999;9999;9999
20/02/2025 06:14:29.119;116;-1758.512;2837.447;-0.000;126.000;248013.28;-1;192000;0;50.2605;20.0239;1.4926;36.9067;19.9370;240.7738;20.0327;22.7829;1523.6872;57;0.0605;69;1.6362;101;0.000156162;0;9999;9999;9999;9999;9999;9999;9999;9999;9999;9999;9999;9999;9999;9999;9999;9999;9999;9999;9999;9999
20/02/2025 06:14:59.120;116;-1758.512;2837.447;-0.000;126.000;248013.31;-1;192000;0;50.2616;20.0270;1.4926;36.9049;19.9467;240.3966;20.0368;22.7957;1523.6937;57;0.0605;71;1.8180;98;0.000146976;0;9999;9999;9999;9999;9999;9999;9999;9999;9999;9999;9999;9999;9999;9999;9999;9999;9999;9999;9999;9999
20/02/2025 06:15:29.116;116;-1758.514;2837.449;-0.100;127.000;248013.35;-1;192000;0;50.2727;20.0306;1.6752;36.9109;19.9506;241.7178;20.0471;22.7437;1523.7134;57;0.0605;70;1.7271;100;0.000153100;0;9999;9999;9999;9999;9999;9999;9999;9999;9999;9999;9999;9999;9999;9999;9999;9999;9999;9999;9999;9999
20/02/2025 06:15:59.126;116;-1758.517;2837.450;-0.000;130.000;248013.38;-1;192000;0;50.2720;20.0371;1.4838;36.9046;19.9526;240.5857;20.0428;22.7871;1523.7210;59;0.0847;70;1.7271;106;0.000171472;0;9999;9999;9999;9999;9999;9999;9999;9999;9999;9999;9999;9999;9999;9999;9999;9999;9999;9999;9999;9999
20/02/2025 06:16:29.107;116;-1758.517;2837.450;0.000;127.000;248013.42;-1;192000;0;50.2732;20.0351;1.3902;36.9074;19.9622;240.3473;20.0384;22.7970;1523.7171;64;0.1452;70;1.7271;115;0.000199030;0;9999;9999;9999;9999;9999;9999;9999;9999;9999;9999;9999;9999;9999;9999;9999;9999;9999;9999;9999;9999
20/02/2025 06:16:59.124;116;-1758.517;2837.450;0.000;127.000;248013.46;-1;192000;0;50.2678;20.0259;1.4459;36.9110;19.9681;240.1430;20.0298;22.8069;1523.6967;58;0.0726;70;1.7271;102;0.000159224;0;9999;9999;9999;9999;9999;9999;9999;9999;9999;9999;9999;9999;9999;9999;9999;9999;9999;9999;9999;9999
20/02/2025 06:17:29.122;116;-1758.517;2837.450;0.000;127.000;248013.48;248013.48;192000;0;50.2698;20.0297;1.6256;36.9092;19.9700;241.1777;20.0343;22.7675;1523.7082;58;0.0726;69;1.6362;106;0.000171472;0;9999;9999;9999;9999;9999;9999;9999;9999;9999;9999;9999;9999;9999;9999;9999;9999;9999;9999;9999;9999
20/02/2025 06:17:59.118;116;-1758.520;2837.453;-0.000;114.000;248013.5;248013.5;192000;0;50.2700;20.0292;1.5552;36.9100;19.9797;240.7551;20.0331;22.7834;1523.7065;59;0.0847;70;1.7271;99;0.000150038;0;9999;9999;9999;9999;9999;9999;9999;9999;9999;9999;9999;9999;9999;9999;9999;9999;9999;9999;9999;9999
20/02/2025 06:18:29.129;116;-1758.523;2837.456;-0.100;130.000;248013.57;248013.57;192000;0;50.2653;20.0242;1.4822;36.9105;19.9856;242.3080;20.0286;22.7274;1523.6921;57;0.0605;70;1.7271;100;0.000153100;0;9999;9999;9999;9999;9999;9999;9999;9999;9999;9999;9999;9999;9999;9999;9999;9999;9999;9999;9999;9999
20/02/2025 06:18:59.107;110;-1758.524;2837.457;0.600;152.000;248013.6;248013.6;192000;0;50.2686;20.0287;2.5152;36.9089;19.9875;241.9441;20.0329;22.7400;1523.7199;56;0.0484;71;1.8180;101;0.000156162;0;9999;9999;9999;9999;9999;9999;9999;9999;9999;9999;9999;9999;9999;9999;9999;9999;9999;9999;9999;9999
20/02/2025 06:19:29.122;110;-1758.525;2837.457;1.700;134.000;248013.64;248013.65;192000;0;50.2825;20.0407;5.6945;36.9086;19.9933;241.0836;20.0417;22.7701;1523.8056;58;0.0726;69;1.6362;102;0.000159224;0;9999;9999;9999;9999;9999;9999;9999;9999;9999;9999;9999;9999;9999;9999;9999;9999;9999;9999;9999;9999
20/02/2025 06:19:59.116;100;-1758.523;2837.454;8.800;155.000;248013.68;248013.68;192000;0;50.2922;20.0474;10.8619;36.9088;19.9991;241.5100;20.0485;22.7539;1523.9103;59;0.0847;71;1.8180;104;0.000165348;0;9999;9999;9999;9999;9999;9999;9999;9999;9999;9999;9999;9999;9999;9999;9999;9999;9999;9999;9999;9999
20/02/2025 06:20:29.129;100;-1758.523;2837.452;12.300;157.000;248013.72;248013.72;192000;0;50.2922;20.0478;16.4161;36.9063;20.0069;241.3266;20.0500;22.7619;1524.0012;59;0.0847;71;1.8180;100;0.000153100;0;9999;9999;9999;9999;9999;9999;9999;9999;9999;9999;9999;9999;9999;9999;9999;9999;9999;9999;9999;9999
20/02/2025 06:20:59.115;100;-1758.521;2837.448;19.900;155.000;248013.75;248013.75;192000;0;50.2270;20.0027;22.2830;36.8899;20.0108;241.2254;19.9986;22.7830;1523.9566;58;0.0726;69;1.6362;101;0.000156162;0;9999;9999;9999;9999;9999;9999;9999;9999;9999;9999;9999;9999;9999;9999;9999;9999;9999;9999;9999;9999
20/02/2025 06:21:29.125;100;-1758.521;2837.446;23.600;160.000;248013.78;-1;192000;0;50.2105;19.9793;28.2159;36.8946;20.0069;242.1787;19.9803;22.7546;1523.9964;58;0.0726;71;1.8180;103;0.000162286;0;9999;9999;9999;9999;9999;9999;9999;9999;9999;9999;9999;9999;9999;9999;9999;9999;9999;9999;9999;9999
20/02/2025 06:21:59.122;100;-1758.519;2837.441;31.700;159.000;248013.83;-1;192000;0;50.2096;19.9760;34.3624;36.8944;20.0030;242.8228;19.9775;22.7335;1524.0895;59;0.0847;71;1.8180;104;0.000165348;0;9999;9999;9999;9999;9999;9999;9999;9999;9999;9999;9999;9999;9999;9999;9999;9999;9999;9999;9999;9999
20/02/2025 06:22:29.115;100;-1758.519;2837.439;35.500;160.000;248013.86;-1;192000;0;50.1969;19.9657;40.3698;36.8908;19.9972;243.4808;19.9654;22.7148;1524.1572;61;0.1089;70;1.7271;102;0.000159224;0;9999;9999;9999;9999;9999;9999;9999;9999;9999;9999;9999;9999;9999;9999;9999;9999;9999;9999;9999;9999
20/02/2025 06:22:59.115;100;-1758.518;2837.434;43.300;166.000;248013.9;-1;192000;0;50.0833;19.8745;46.3850;36.8747;19.9914;242.2814;19.8773;22.7866;1523.9879;70;0.2178;72;1.9089;111;0.000186782;0;9999;9999;9999;9999;9999;9999;9999;9999;9999;9999;9999;9999;9999;9999;9999;9999;9999;9999;9999;9999
20/02/2025 06:23:29.115;100;-1758.518;2837.431;47.300;166.000;248013.94;-1;192000;0;49.8682;19.7077;52.4198;36.8407;19.9603;240.9910;19.7099;22.8861;1523.5886;96;0.5324;72;1.9089;125;0.000229650;0;9999;9999;9999;9999;9999;9999;9999;9999;9999;9999;9999;9999;9999;9999;9999;9999;9999;9999;9999;9999
20/02/2025 06:23:59.125;100;-1758.518;2837.427;54.500;161.000;248013.98;248013.98;192000;0;49.8420;19.6857;57.8549;36.8363;19.9215;240.3862;19.6864;22.9171;1523.6131;103;0.6171;73;1.9998;124;0.000226588;0;9999;9999;9999;9999;9999;9999;9999;9999;9999;9999;9999;9999;9999;9999;9999;9999;9999;9999;9999;9999
20/02/2025 06:24:29.122;100;-1758.517;2837.425;58.000;161.000;248014.01;248014.01;192000;0;49.8449;19.6856;63.4185;36.8368;19.8904;240.4618;19.6861;22.9159;1523.7061;102;0.6050;73;1.9998;125;0.000229650;0;9999;9999;9999;9999;9999;9999;9999;9999;9999;9999;9999;9999;9999;9999;9999;9999;9999;9999;9999;9999
20/02/2025 06:24:59.129;100;-1758.517;2837.421;65.100;163.000;248014.05;248014.05;192000;0;49.7317;19.5891;68.8606;36.8255;19.8671;236.5720;19.5902;23.0916;1523.5158;97;0.5445;72;1.9089;117;0.000205154;0;9999;9999;9999;9999;9999;9999;9999;9999;9999;9999;9999;9999;9999;9999;9999;9999;9999;9999;9999;9999
20/02/2025 06:25:29.108;100;-1758.516;2837.419;68.700;163.000;248014.08;248014.08;192000;0;49.6581;19.5275;74.4895;36.8164;19.8282;233.8541;19.5267;23.2157;1523.4277;83;0.3751;73;1.9998;109;0.000180658;0;9999;9999;9999;9999;9999;9999;9999;9999;9999;9999;9999;9999;9999;9999;9999;9999;9999;9999;9999;9999
20/02/2025 06:25:59.117;100;-1758.515;2837.415;76.000;159.000;248014.12;248014.12;192000;0;49.6250;19.4958;80.1181;36.8147;19.7873;232.5489;19.4964;23.2764;1523.4311;77;0.3025;73;1.9998;104;0.000165348;0;9999;9999;9999;9999;9999;9999;9999;9999;9999;9999;9999;9999;9999;9999;9999;9999;9999;9999;9999;9999
20/02/2025 06:26:29.124;100;-1758.515;2837.413;79.600;160.000;248014.15;248014.15;192000;0;49.6290;19.4963;85.7071;36.8155;19.7581;232.6717;19.4965;23.2732;1523.5265;75;0.2783;73;1.9998;106;0.000171472;0;9999;9999;9999;9999;9999;9999;9999;9999;9999;9999;9999;9999;9999;9999;9999;9999;9999;9999;9999;9999
20/02/2025 06:26:59.126;100;-1758.514;2837.408;86.800;160.000;248014.19;248014.19;192000;0;49.6127;19.4839;91.2881;36.8107;19.7328;231.7914;19.4841;23.3127;1523.5794;74;0.2662;73;1.9998;111;0.000186782;0;9999;9999;9999;9999;9999;9999;9999;9999;9999;9999;9999;9999;9999;9999;9999;9999;9999;9999;9999;9999
20/02/2025 06:27:29.125;100;-1758.513;2837.406;90.400;160.000;248014.24;-1;192000;0;49.6029;19.4714;96.8466;36.8115;19.7055;231.6102;19.4738;23.3243;1523.6380;71;0.2299;73;1.9998;99;0.000150038;0;9999;9999;9999;9999;9999;9999;9999;9999;9999;9999;9999;9999;9999;9999;9999;9999;9999;9999;9999;9999
20/02/2025 06:27:59.128;100;-1758.513;2837.402;97.700;163.000;248014.27;-1;192000;0;49.4116;19.3432;102.5550;36.7626;19.6782;230.8291;19.3293;23.4017;1523.3193;69;0.2057;73;1.9998;102;0.000159224;0;9999;9999;9999;9999;9999;9999;9999;9999;9999;9999;9999;9999;9999;9999;9999;9999;9999;9999;9999;9999
20/02/2025 06:28:29.125;100;-1758.512;2837.400;101.500;156.000;248014.3;-1;192000;0;49.2459;19.1999;108.4598;36.7482;19.6236;228.7305;19.2018;23.5238;1522.9988;63;0.1331;74;2.0907;96;0.000140852;0;9999;9999;9999;9999;9999;9999;9999;9999;9999;9999;9999;9999;9999;9999;9999;9999;9999;9999;9999;9999
20/02/2025 06:28:59.102;100;-1758.510;2837.396;109.000;147.000;248014.35;-1;192000;0;49.0668;19.0614;114.1392;36.7183;19.5651;225.3208;19.0632;23.7038;1522.6691;63;0.1331;73;1.9998;99;0.000150038;0;9999;9999;9999;9999;9999;9999;9999;9999;9999;9999;9999;9999;9999;9999;9999;9999;9999;9999;9999;9999
20/02/2025 06:29:29.126;100;-1758.509;2837.394;112.500;146.000;248014.39;-1;192000;0;48.9902;19.0076;119.8713;36.6993;19.5007;225.0544;19.0013;23.7358;1522.5910;61;0.1089;74;2.0907;116;0.000202092;0;9999;9999;9999;9999;9999;9999;9999;9999;9999;9999;9999;9999;9999;9999;9999;9999;9999;9999;9999;9999
20/02/2025 06:29:59.100;100;-1758.507;2837.390;120.100;151.000;248014.42;-1;192000;0;48.8643;18.9031;125.7906;36.6834;19.4400;223.3213;18.9007;23.8385;1522.3754;61;0.1089;73;1.9998;99;0.000150038;0;9999;9999;9999;9999;9999;9999;9999;9999;9999;9999;9999;9999;9999;9999;9999;9999;9999;9999;9999;9999
20/02/2025 06:30:29.114;100;-1758.505;2837.389;123.900;147.000;248014.45;248014.45;192000;0;48.4765;18.6019;131.5048;36.6205;19.3618;219.7401;18.5999;24.0812;1521.5411;58;0.0726;75;2.1816;97;0.000143914;0;9999;9999;9999;9999;9999;9999;9999;9999;9999;9999;9999;9999;9999;9999;9999;9999;9999;9999;9999;9999
20/02/2025 06:30:59.113;100;-1758.503;2837.385;131.100;147.000;248014.5;248014.5;192000;0;48.2038;18.3803;137.1201;36.5836;19.2462;217.9687;18.3816;24.2251;1520.9567;54;0.0242;76;2.2725;93;0.000131666;0;9999;9999;9999;9999;9999;9999;9999;9999;9999;9999;9999;9999;9999;9999;9999;9999;9999;9999;9999;9999
20/02/2025 06:31:29.119;100;-1758.502;2837.383;134.900;150.000;248014.54;248014.54;192000;0;48.1087;18.3058;143.1645;36.5665;19.1324;217.6259;18.3044;24.2658;1520.8231;56;0.0484;77;2.3634;94;0.000134728;0;9999;9999;9999;9999;9999;9999;9999;9999;9999;9999;9999;9999;9999;9999;9999;9999;9999;9999;9999;9999
20/02/2025 06:31:59.122;100;-1758.500;2837.379;142.800;155.000;248014.57;248014.57;192000;0;47.9208;18.1537;149.4584;36.5391;19.0302;218.5080;18.1534;24.2786;1520.4570;57;0.0605;76;2.2725;92;0.000128604;0;9999;9999;9999;9999;9999;9999;9999;9999;9999;9999;9999;9999;9999;9999;9999;9999;9999;9999;9999;9999
20/02/2025 06:32:29.113;100;-1758.499;2837.377;147.000;155.000;248014.61;248014.61;192000;0;47.9020;18.1371;155.8969;36.5353;18.9278;218.3313;18.1373;24.2930;1520.5117;57;0.0605;76;2.2725;91;0.000125542;0;9999;9999;9999;9999;9999;9999;9999;9999;9999;9999;9999;9999;9999;9999;9999;9999;9999;9999;9999;9999
20/02/2025 06:32:59.113;100;-1758.497;2837.372;155.400;153.000;248014.64;248014.64;192000;0;47.7853;18.0435;162.4511;36.5163;18.8352;218.9632;18.0390;24.2999;1520.3274;55;0.0363;76;2.2725;97;0.000143914;0;9999;9999;9999;9999;9999;9999;9999;9999;9999;9999;9999;9999;9999;9999;9999;9999;9999;9999;9999;9999
20/02/2025 06:33:29.122;100;-1758.496;2837.370;159.800;147.000;248014.68;-1;192000;0;47.4760;17.7869;169.1367;36.4771;18.7346;218.1250;17.7862;24.4174;1519.6458;54;0.0242;77;2.3634;91;0.000125542;0;9999;9999;9999;9999;9999;9999;9999;9999;9999;9999;9999;9999;9999;9999;9999;9999;9999;9999;9999;9999
20/02/2025 06:33:59.117;100;-1758.492;2837.367;168.000;137.000;248014.72;-1;192000;0;47.3874;17.7180;175.4649;36.4598;18.6239;217.9972;17.7151;24.4477;1519.5294;54;0.0242;77;2.3634;90;0.000122480;0;9999;9999;9999;9999;9999;9999;9999;9999;9999;9999;9999;9999;9999;9999;9999;9999;9999;9999;9999;9999
20/02/2025 06:34:29.122;100;-1758.490;2837.365;171.900;139.000;248014.75;-1;192000;0;47.3439;17.6747;181.6728;36.4587;18.5210;218.2627;17.6730;24.4515;1519.5044;54;0.0242;76;2.2725;106;0.000171472;0;9999;9999;9999;9999;9999;9999;9999;9999;9999;9999;9999;9999;9999;9999;9999;9999;9999;9999;9999;9999
20/02/2025 06:34:59.116;100;-1758.487;2837.361;179.900;151.000;248014.79;-1;192000;0;47.2127;17.5664;187.9035;36.4399;18.4238;218.5917;17.5636;24.4747;1519.2681;54;0.0242;76;2.2725;112;0.000189844;0;9999;9999;9999;9999;9999;9999;9999;9999;9999;9999;9999;9999;9999;9999;9999;9999;9999;9999;9999;9999
20/02/2025 06:35:29.114;100;-1758.486;2837.359;184.000;147.000;248014.83;-1;192000;0;46.7744;17.2112;194.0630;36.3757;18.3226;216.9809;17.2076;24.6597;1518.2465;52;0.0000;77;2.3634;116;0.000202092;0;9999;9999;9999;9999;9999;9999;9999;9999;9999;9999;9999;9999;9999;9999;9999;9999;9999;9999;9999;9999
20/02/2025 06:35:59.099;100;-1758.483;2837.355;191.500;144.000;248014.86;-1;192000;0;46.5236;16.9923;199.8754;36.3514;18.1754;215.5666;16.9918;24.7912;1517.6628;50;-0.0242;77;2.3634;85;0.000107170;0;9999;9999;9999;9999;9999;9999;9999;9999;9999;9999;9999;9999;9999;9999;9999;9999;9999;9999;9999;9999
20/02/2025 06:36:29.125;100;-1758.482;2837.353;195.200;144.000;248014.9;248014.9;192000;0;46.2226;16.7507;205.6176;36.3029;18.0318;213.7844;16.7471;24.9503;1516.9779;50;-0.0242;77;2.3634;80;0.000091860;0;9999;9999;9999;9999;9999;9999;9999;9999;9999;9999;9999;9999;9999;9999;9999;9999;9999;9999;9999;9999
20/02/2025 06:36:59.128;118;-1758.479;2837.351;200.600;120.000;248014.95;248014.95;192000;0;46.1627;16.6889;207.1425;36.3055;17.8880;213.2172;16.6852;24.9950;1516.8201;50;-0.0242;77;2.3634;82;0.000097984;0;9999;9999;9999;9999;9999;9999;9999;9999;9999;9999;9999;9999;9999;9999;9999;9999;9999;9999;9999;9999
20/02/2025 06:37:29.115;118;-1758.478;2837.351;198.900;137.000;248014.99;248014.99;192000;0;46.3031;16.8065;203.7643;36.3240;17.7720;215.0889;16.8057;24.8736;1517.1391;50;-0.0242;77;2.3634;86;0.000110232;0;9999;9999;9999;9999;9999;9999;9999;9999;9999;9999;9999;9999;9999;9999;9999;9999;9999;9999;9999;9999
20/02/2025 06:37:59.127;117;-1758.476;2837.349;194.000;135.000;248015.03;248015.03;192000;0;46.4826;16.9570;200.1690;36.3472;17.6938;214.5386;16.9532;24.8480;1517.5573;50;-0.0242;78;2.4543;89;0.000119418;0;9999;9999;9999;9999;9999;9999;9999;9999;9999;9999;9999;9999;9999;9999;9999;9999;9999;9999;9999;9999
20/02/2025 06:38:29.125;117;-1758.476;2837.349;191.500;138.000;248015.06;248015.07;192000;0;46.5532;17.0105;196.0764;36.3624;17.6437;215.4128;17.0072;24.7912;1517.6667;50;-0.0242;77;2.3634;88;0.000116356;0;9999;9999;9999;9999;9999;9999;9999;9999;9999;9999;9999;9999;9999;9999;9999;9999;9999;9999;9999;9999
20/02/2025 06:38:59.123;117;-1758.474;2837.347;186.000;138.000;248015.11;248015.11;192000;0;46.7536;17.1833;192.0257;36.3834;17.6115;216.8917;17.1837;24.6699;1518.1386;52;0.0000;78;2.4543;132;0.000251084;0;9999;9999;9999;9999;9999;9999;9999;9999;9999;9999;9999;9999;9999;9999;9999;9999;9999;9999;9999;9999
20/02/2025 06:39:29.116;117;-1758.473;2837.346;183.400;140.000;248015.15;248015.15;192000;0;47.0844;17.4555;188.2376;36.4280;17.6175;217.7557;17.4539;24.5449;1518.9332;55;0.0363;76;2.2725;106;0.000171472;0;9999;9999;9999;9999;9999;9999;9999;9999;9999;9999;9999;9999;9999;9999;9999;9999;9999;9999;9999;9999
20/02/2025 06:39:59.129;117;-1758.472;2837.345;178.700;145.000;248015.19;248015.19;192000;0;47.2590;17.5992;184.6753;36.4518;17.6517;217.8491;17.5925;24.4953;1519.3246;52;0.0000;76;2.2725;103;0.000162286;0;9999;9999;9999;9999;9999;9999;9999;9999;9999;9999;9999;9999;9999;9999;9999;9999;9999;9999;9999;9999
20/02/2025 06:40:29.124;117;-1758.472;2837.344;176.400;145.000;248015.22;248015.22;192000;0;47.3408;17.6597;181.1886;36.4697;17.6798;218.2122;17.6642;24.4555;1519.4648;55;0.0363;77;2.3634;102;0.000159224;0;9999;9999;9999;9999;9999;9999;9999;9999;9999;9999;9999;9999;9999;9999;9999;9999;9999;9999;9999;9999
20/02/2025 06:40:59.124;117;-1758.471;2837.343;172.000;138.000;248015.25;-1;192000;0;47.3765;17.7029;177.7417;36.4632;17.7099;217.7148;17.7006;24.4645;1519.5269;53;0.0121;76;2.2725;93;0.000131666;0;9999;9999;9999;9999;9999;9999;9999;9999;9999;9999;9999;9999;9999;9999;9999;9999;9999;9999;9999;9999
20/02/2025 06:41:29.123;117;-1758.470;2837.342;169.700;138.000;248015.29;-1;192000;0;47.4323;17.7504;174.2220;36.4702;17.7399;216.9867;17.7493;24.4786;1519.6156;54;0.0242;75;2.1816;93;0.000131666;0;9999;9999;9999;9999;9999;9999;9999;9999;9999;9999;9999;9999;9999;9999;9999;9999;9999;9999;9999;9999
20/02/2025 06:41:59.124;117;-1758.469;2837.341;165.200;144.000;248015.33;-1;192000;0;47.5314;17.8233;170.7209;36.4916;17.7720;217.4528;17.8339;24.4303;1519.7951;52;0.0000;76;2.2725;93;0.000131666;0;9999;9999;9999;9999;9999;9999;9999;9999;9999;9999;9999;9999;9999;9999;9999;9999;9999;9999;9999;9999
20/02/2025 06:42:29.128;117;-1758.469;2837.340;163.000;151.000;248015.36;-1;192000;0;47.7016;17.9614;167.2256;36.5160;17.8120;217.1931;17.9633;24.3989;1520.1676;53;0.0121;76;2.2725;92;0.000128604;0;9999;9999;9999;9999;9999;9999;9999;9999;9999;9999;9999;9999;9999;9999;9999;9999;9999;9999;9999;9999
20/02/2025 06:42:59.104;117;-1758.469;2837.338;158.600;159.000;248015.41;-1;192000;0;47.7526;18.0084;163.8346;36.5190;17.8541;217.9176;18.0117;24.3523;1520.2515;56;0.0484;76;2.2725;94;0.000134728;0;9999;9999;9999;9999;9999;9999;9999;9999;9999;9999;9999;9999;9999;9999;9999;9999;9999;9999;9999;9999
20/02/2025 06:43:29.128;117;-1758.469;2837.337;156.400;161.000;248015.43;248015.43;192000;0;47.8412;18.0847;160.4511;36.5283;17.9020;217.5067;18.0845;24.3456;1520.4275;54;0.0242;76;2.2725;103;0.000162286;0;9999;9999;9999;9999;9999;9999;9999;9999;9999;9999;9999;9999;9999;9999;9999;9999;9999;9999;9999;9999
20/02/2025 06:43:59.127;117;-1758.469;2837.335;152.000;162.000;248015.47;248015.47;192000;0;47.8706;18.1120;156.9531;36.5304;17.9440;217.0173;18.1123;24.3565;1520.4509;55;0.0363;77;2.3634;107;0.000174534;0;9999;9999;9999;9999;9999;9999;9999;9999;9999;9999;9999;9999;9999;9999;9999;9999;9999;9999;9999;9999
20/02/2025 06:44:29.125;117;-1758.470;2837.334;149.700;161.000;248015.52;248015.52;192000;0;47.8812;18.1191;153.3505;36.5346;17.9819;217.5783;18.1203;24.3291;1520.4163;55;0.0363;75;2.1816;92;0.000128604;0;9999;9999;9999;9999;9999;9999;9999;9999;9999;9999;9999;9999;9999;9999;9999;9999;9999;9999;9999;9999
20/02/2025 06:44:59.102;117;-1758.470;2837.332;144.900;157.000;248015.55;248015.55;192000;0;47.8865;18.1255;149.5604;36.5348;18.0059;216.5094;18.1283;24.3706;1520.3721;55;0.0363;76;2.2725;93;0.000131666;0;9999;9999;9999;9999;9999;9999;9999;9999;9999;9999;9999;9999;9999;9999;9999;9999;9999;9999;9999;9999
20/02/2025 06:45:29.124;117;-1758.469;2837.331;142.400;154.000;248015.6;248015.6;192000;0;48.0340;18.2389;145.7214;36.5613;18.0339;214.9055;18.2435;24.4004;1520.6666;56;0.0484;76;2.2725;93;0.000131666;0;9999;9999;9999;9999;9999;9999;9999;9999;9999;9999;9999;9999;9999;9999;9999;9999;9999;9999;9999;9999
20/02/2025 06:45:59.126;117;-1758.469;2837.329;137.300;145.000;248015.63;248015.63;192000;0;48.1340;18.3257;141.6143;36.5710;18.0777;216.0855;18.3258;24.3234;1520.8598;56;0.0484;76;2.2725;92;0.000128604;0;9999;9999;9999;9999;9999;9999;9999;9999;9999;9999;9999;9999;9999;9999;9999;9999;9999;9999;9999;9999
20/02/2025 06:46:29.110;117;-1758.468;2837.328;134.700;143.000;248015.67;248015.67;192000;0;48.2102;18.3784;137.5023;36.5906;18.1216;216.3204;18.3860;24.2926;1520.9655;58;0.0726;75;2.1816;95;0.000137790;0;9999;9999;9999;9999;9999;9999;9999;9999;9999;9999;9999;9999;9999;9999;9999;9999;9999;9999;9999;9999
20/02/2025 06:46:59.124;117;-1758.467;2837.326;129.200;140.000;248015.72;-1;192000;0;48.5346;18.6405;133.0945;36.6349;18.1774;218.2549;18.6408;24.1301;1521.6942;58;0.0726;74;2.0907;106;0.000171472;0;9999;9999;9999;9999;9999;9999;9999;9999;9999;9999;9999;9999;9999;9999;9999;9999;9999;9999;9999;9999
20/02/2025 06:47:29.128;117;-1758.466;2837.325;126.200;139.000;248015.75;-1;192000;0;48.6203;18.7071;128.6487;36.6501;18.2569;218.8546;18.7153;24.0803;1521.8276;61;0.1089;75;2.1816;97;0.000143914;0;9999;9999;9999;9999;9999;9999;9999;9999;9999;9999;9999;9999;9999;9999;9999;9999;9999;9999;9999;9999
20/02/2025 06:47:59.129;117;-1758.464;2837.323;120.600;147.000;248015.78;-1;192000;0;48.7342;18.7994;124.3332;36.6661;18.3325;222.0846;18.7995;23.9198;1522.0369;58;0.0726;76;2.2725;95;0.000137790;0;9999;9999;9999;9999;9999;9999;9999;9999;9999;9999;9999;9999;9999;9999;9999;9999;9999;9999;9999;9999
20/02/2025 06:48:29.117;117;-1758.464;2837.322;117.800;145.000;248015.82;-1;192000;0;48.7331;18.8027;120.0544;36.6639;18.3980;221.6879;18.8034;23.9336;1521.9726;61;0.1089;74;2.0907;102;0.000159224;0;9999;9999;9999;9999;9999;9999;9999;9999;9999;9999;9999;9999;9999;9999;9999;9999;9999;9999;9999;9999
20/02/2025 06:48:59.124;117;-1758.462;2837.321;112.400;135.000;248015.85;-1;192000;0;49.0150;19.0169;115.7502;36.7134;18.4575;224.7301;19.0197;23.7413;1522.5646;63;0.1331;74;2.0907;104;0.000165348;0;9999;9999;9999;9999;9999;9999;9999;9999;9999;9999;9999;9999;9999;9999;9999;9999;9999;9999;9999;9999
20/02/2025 06:49:29.119;117;-1758.461;2837.320;109.600;136.000;248015.89;-1;192000;0;49.2299;19.1817;111.4124;36.7498;18.5467;226.6897;19.1832;23.6109;1522.9986;63;0.1331;74;2.0907;98;0.000146976;0;9999;9999;9999;9999;9999;9999;9999;9999;9999;9999;9999;9999;9999;9999;9999;9999;9999;9999;9999;9999
20/02/2025 06:49:59.122;117;-1758.460;2837.318;104.300;144.000;248015.93;248015.93;192000;0;49.3532;19.2800;107.3379;36.7678;18.6377;228.1867;19.2795;23.5209;1523.2274;68;0.1936;73;1.9998;105;0.000168410;0;9999;9999;9999;9999;9999;9999;9999;9999;9999;9999;9999;9999;9999;9999;9999;9999;9999;9999;9999;9999
20/02/2025 06:50:29.129;117;-1758.459;2837.317;101.800;147.000;248015.97;248015.97;192000;0;49.4097;19.3237;103.4975;36.7779;18.7266;229.0642;19.3236;23.4716;1523.2975;68;0.1936;74;2.0907;107;0.000174534;0;9999;9999;9999;9999;9999;9999;9999;9999;9999;9999;9999;9999;9999;9999;9999;9999;9999;9999;9999;9999
20/02/2025 06:50:59.104;117;-1758.458;2837.316;97.000;149.000;248016.0;248016.0;192000;0;49.4769;19.3760;99.7551;36.7893;18.7997;230.4693;19.3747;23.3999;1523.3946;74;0.2662;72;1.9089;113;0.000192906;0;9999;9999;9999;9999;9999;9999;9999;9999;9999;9999;9999;9999;9999;9999;9999;9999;9999;9999;9999;9999
20/02/2025 06:51:29.126;117;-1758.458;2837.315;94.500;147.000;248016.04;248016.04;192000;0;49.5230;19.4140;95.8658;36.7958;18.8707;230.9073;19.4160;23.3691;1523.4435;80;0.3388;73;1.9998;110;0.000183720;0;9999;9999;9999;9999;9999;9999;9999;9999;9999;9999;9999;9999;9999;9999;9999;9999;9999;9999;9999;9999
20/02/2025 06:51:59.109;117;-1758.457;2837.313;89.700;146.000;248016.07;248016.07;192000;0;49.5805;19.4622;92.1559;36.8027;18.9377;231.4459;19.4575;23.3347;1523.5243;82;0.3630;74;2.0907;126;0.000232712;0;9999;9999;9999;9999;9999;9999;9999;9999;9999;9999;9999;9999;9999;9999;9999;9999;9999;9999;9999;9999
20/02/2025 06:52:29.123;117;-1758.457;2837.312;87.500;142.000;248016.11;248016.11;192000;0;49.6093;19.4778;88.4337;36.8143;18.9987;232.5265;19.4849;23.2829;1523.5189;86;0.4114;73;1.9998;115;0.000199030;0;9999;9999;9999;9999;9999;9999;9999;9999;9999;9999;9999;9999;9999;9999;9999;9999;9999;9999;9999;9999
20/02/2025 06:52:59.125;117;-1758.455;2837.311;82.400;137.000;248016.14;248016.14;192000;0;49.6317;19.4998;84.5039;36.8150;19.0557;233.3854;19.5039;23.2432;1523.5156;88;0.4356;73;1.9998;112;0.000189844;0;9999;9999;9999;9999;9999;9999;9999;9999;9999;9999;9999;9999;9999;9999;9999;9999;9999;9999;9999;9999
20/02/2025 06:53:29.125;117;-1758.455;2837.311;80.000;136.000;248016.18;-1;192000;0;49.7226;19.5772;80.6999;36.8240;19.1088;235.7515;19.5800;23.1291;1523.6782;97;0.5445;74;2.0907;118;0.000208216;0;9999;9999;9999;9999;9999;9999;9999;9999;9999;9999;9999;9999;9999;9999;9999;9999;9999;9999;9999;9999
20/02/2025 06:53:59.124;117;-1758.454;2837.309;75.100;145.000;248016.23;-1;192000;0;49.7596;19.6081;76.9969;36.8290;19.1599;236.7035;19.6090;23.0833;1523.7081;106;0.6534;73;1.9998;122;0.000220464;0;9999;9999;9999;9999;9999;9999;9999;9999;9999;9999;9999;9999;9999;9999;9999;9999;9999;9999;9999;9999
20/02/2025 06:54:29.114;117;-1758.453;2837.308;72.800;148.000;248016.26;-1;192000;0;49.8055;19.6476;73.2740;36.8338;19.2109;238.7699;19.6516;22.9919;1523.7614;108;0.6776;72;1.9089;130;0.000244960;0;9999;9999;9999;9999;9999;9999;9999;9999;9999;9999;9999;9999;9999;9999;9999;9999;9999;9999;9999;9999
20/02/2025 06:54:59.117;117;-1758.452;2837.306;67.800;150.000;248016.31;-1;192000;0;49.8577;19.6904;69.4188;36.8409;19.2619;239.7024;19.6937;22.9434;1523.8240;106;0.6534;73;1.9998;129;0.000241898;0;9999;9999;9999;9999;9999;9999;9999;9999;9999;9999;9999;9999;9999;9999;9999;9999;9999;9999;9999;9999
20/02/2025 06:55:29.114;117;-1758.452;2837.305;65.500;150.000;248016.34;-1;192000;0;49.9185;19.7420;65.8277;36.8474;19.3148;241.3287;19.7474;22.8662;1523.9146;89;0.4477;72;1.9089;121;0.000217402;0;9999;9999;9999;9999;9999;9999;9999;9999;9999;9999;9999;9999;9999;9999;9999;9999;9999;9999;9999;9999
20/02/2025 06:55:59.116;117;-1758.452;2837.304;61.200;145.000;248016.38;-1;192000;0;49.9971;19.8046;62.4695;36.8586;19.3618;240.3674;19.8080;22.8827;1524.0446;85;0.3993;72;1.9089;119;0.000211278;0;9999;9999;9999;9999;9999;9999;9999;9999;9999;9999;9999;9999;9999;9999;9999;9999;9999;9999;9999;9999
20/02/2025 06:56:29.102;117;-1758.451;2837.303;58.900;143.000;248016.41;-1;192000;0;50.0433;19.8416;59.0739;36.8656;19.4146;241.2920;19.8429;22.8371;1524.0982;82;0.3630;71;1.8180;115;0.000199030;0;9999;9999;9999;9999;9999;9999;9999;9999;9999;9999;9999;9999;9999;9999;9999;9999;9999;9999;9999;9999
20/02/2025 06:56:59.115;117;-1758.450;2837.302;54.500;138.000;248016.46;248016.46;192000;0;50.1414;19.9157;55.5294;36.8830;19.4655;242.8601;19.9221;22.7546;1524.2633;72;0.2420;70;1.7271;110;0.000183720;0;9999;9999;9999;9999;9999;9999;9999;9999;9999;9999;9999;9999;9999;9999;9999;9999;9999;9999;9999;9999
20/02/2025 06:57:29.125;117;-1758.450;2837.302;52.100;136.000;248016.48;248016.48;192000;0;50.2251;19.9850;51.7895;36.8928;19.5202;242.6558;19.9889;22.7414;1524.4029;64;0.1452;70;1.7271;104;0.000165348;0;9999;9999;9999;9999;9999;9999;9999;9999;9999;9999;9999;9999;9999;9999;9999;9999;9999;9999;9999;9999
20/02/2025 06:57:59.123;117;-1758.448;2837.300;47.100;137.000;248016.52;248016.52;192000;0;50.2788;20.0259;47.8521;36.9027;19.5748;242.3482;20.0268;22.7401;1524.4610;62;0.1210;70;1.7271;105;0.000168410;0;9999;9999;9999;9999;9999;9999;9999;9999;9999;9999;9999;9999;9999;9999;9999;9999;9999;9999;9999;9999
20/02/2025 06:58:29.119;117;-1758.447;2837.300;44.700;139.000;248016.56;248016.56;192000;0;50.2953;20.0401;44.1020;36.9053;19.6256;242.7853;20.0418;22.7186;1524.4404;60;0.0968;71;1.8180;106;0.000171472;0;9999;9999;9999;9999;9999;9999;9999;9999;9999;9999;9999;9999;9999;9999;9999;9999;9999;9999;9999;9999
20/02/2025 06:58:59.115;117;-1758.446;2837.298;40.000;139.000;248016.6;248016.6;192000;0;50.3133;20.0550;40.4978;36.9084;19.6626;242.6964;20.0564;22.7165;1524.4247;60;0.0968;71;1.8180;102;0.000159224;0;9999;9999;9999;9999;9999;9999;9999;9999;9999;9999;9999;9999;9999;9999;9999;9999;9999;9999;9999;9999
20/02/2025 06:59:29.127;117;-1758.446;2837.298;37.700;140.000;248016.63;248016.63;192000;0;50.3053;20.0494;36.8705;36.9080;19.7016;242.8681;20.0546;22.7097;1524.3485;58;0.0726;71;1.8180;102;0.000159224;0;9999;9999;9999;9999;9999;9999;9999;9999;9999;9999;9999;9999;9999;9999;9999;9999;9999;9999;9999;9999
20/02/2025 06:59:59.125;117;-1758.445;2837.296;32.900;143.000;248016.67;248016.67;192000;0;50.3461;20.0816;33.1441;36.9149;19.7406;241.3512;20.0834;22.7557;1524.3825;57;0.0605;70;1.7271;106;0.000171472;0;9999;9999;9999;9999;9999;9999;9999;9999;9999;9999;9999;9999;9999;9999;9999;9999;9999;9999;9999;9999
20/02/2025 07:00:29.128;117;-1758.444;2837.296;30.600;145.000;248016.71;-1;192000;0;50.3469;20.0812;29.5144;36.9172;19.7717;242.6767;20.0841;22.7057;1524.3235;58;0.0726;70;1.7271;103;0.000162286;0;9999;9999;9999;9999;9999;9999;9999;9999;9999;9999;9999;9999;9999;9999;9999;9999;9999;9999;9999;9999
20/02/2025 07:00:59.124;117;-1758.443;2837.294;25.700;145.000;248016.74;-1;192000;0;50.3465;20.0826;25.6685;36.9171;19.7990;240.7195;20.0851;22.7762;1524.2631;60;0.0968;71;1.8180;103;0.000162286;0;9999;9999;9999;9999;9999;9999;9999;9999;9999;9999;9999;9999;9999;9999;9999;9999;9999;9999;9999;9999
20/02/2025 07:01:29.126;117;-1758.443;2837.293;23.200;147.000;248016.78;-1;192000;0;50.3485;20.0846;21.7633;36.9184;19.8243;240.9644;20.0879;22.7652;1524.2050;58;0.0726;70;1.7271;102;0.000159224;0;9999;9999;9999;9999;9999;9999;9999;9999;9999;9999;9999;9999;9999;9999;9999;9999;9999;9999;9999;9999
20/02/2025 07:01:59.113;117;-1758.442;2837.291;18.100;147.000;248016.81;-1;192000;0;50.3459;20.0835;17.9755;36.9187;19.8476;241.9296;20.0853;22.7294;1524.1391;56;0.0484;69;1.6362;101;0.000156162;0;9999;9999;9999;9999;9999;9999;9999;9999;9999;9999;9999;9999;9999;9999;9999;9999;9999;9999;9999;9999
20/02/2025 07:02:29.126;117;-1758.441;2837.290;16.000;147.000;248016.85;248016.85;192000;0;50.3381;20.0773;14.6088;36.9190;19.8671;241.4186;20.0791;22.7490;1524.0663;59;0.0847;70;1.7271;103;0.000162286;0;9999;9999;9999;9999;9999;9999;9999;9999;9999;9999;9999;9999;9999;9999;9999;9999;9999;9999;9999;9999
20/02/2025 07:02:59.125;117;-1758.441;2837.289;11.600;149.000;248016.89;248016.89;192000;0;50.3337;20.0743;11.0402;36.9193;19.8865;240.0114;20.0774;22.8004;1523.9989;56;0.0484;69;1.6362;102;0.000159224;0;9999;9999;9999;9999;9999;9999;9999;9999;9999;9999;9999;9999;9999;9999;9999;9999;9999;9999;9999;9999
20/02/2025 07:03:29.129;117;-1758.441;2837.288;9.100;148.000;248016.92;248016.92;192000;0;50.3372;20.0803;7.1326;36.9184;19.8981;240.6288;20.0828;22.7749;1523.9493;57;0.0605;71;1.8180;101;0.000156162;0;9999;9999;9999;9999;9999;9999;9999;9999;9999;9999;9999;9999;9999;9999;9999;9999;9999;9999;9999;9999
20/02/2025 07:03:59.128;117;-1758.440;2837.286;3.800;150.000;248016.97;248016.97;192000;0;50.3191;20.0688;3.1324;36.9150;19.9137;240.3287;20.0724;22.7881;1523.8472;58;0.0726;70;1.7271;103;0.000162286;0;9999;9999;9999;9999;9999;9999;9999;9999;9999;9999;9999;9999;9999;9999;9999;9999;9999;9999;9999;9999
20/02/2025 07:04:29.124;115;-1758.439;2837.285;2.700;136.000;248017.0;248017.0;192000;0;50.3183;20.0657;4.1595;36.9167;19.9253;241.1820;20.0711;22.7571;1523.8577;58;0.0726;69;1.6362;109;0.000180658;0;9999;9999;9999;9999;9999;9999;9999;9999;9999;9999;9999;9999;9999;9999;9999;9999;9999;9999;9999;9999
20/02/2025 07:04:59.114;115;-1758.438;2837.284;-0.100;143.000;248017.05;248017.05;192000;0;50.3132;20.0593;1.7946;36.9191;19.9351;240.2160;20.0635;22.7941;1523.8034;59;0.0847;71;1.8180;100;0.000153100;0;9999;9999;9999;9999;9999;9999;9999;9999;9999;9999;9999;9999;9999;9999;9999;9999;9999;9999;9999;9999
20/02/2025 07:05:20.051;119;-1758.396;2837.237;0.300;133.000;248017.07;-1;192000;0;50.3119;20.0583;1.7241;36.9188;19.9370;240.1313;20.0625;22.7976;1523.7991;58;0.0726;70;1.7271;102;0.000159224;0;9999;9999;9999;9999;9999;9999;9999;9999;9999;9999;9999;9999;9999;9999;9999;9999;9999;9999;9999;9999
