Timestamp;NavState;SecurityLevel;Heading;Declination;Pitch;Roll;Depth;Temperature;Pa;Lat;Lon;DeadReckoning;DesiredH;BallastCmd;BallastPos;LinCmd;LinPos;AngCmd;AngPos;Voltage;Altitude;
03/03/2025 18:59:31;119;0;34.78;-4;-46.37;-7.11;-0.1;16.50;75539;2836.625;-1800.921;0;310;500;498.4;100.0;100.4;0;-0.5;25.1;-1.0;
03/03/2025 18:59:40;116;0;54.86;-4;-56.59;-28.37;0.0;16.60;75548;2836.633;-1800.916;0;310;500;496.8;100.0;100.4;0;-0.5;25.1;-1.0;
03/03/2025 19:00:05;116;0;36.49;-4;-59.16;-9.29;-0.2;16.60;75550;2836.612;-1800.961;0;310;500;498.4;100.0;100.6;0;-0.5;25.1;-1.0;
03/03/2025 19:00:32;116;0;63.52;-4;-51.83;-13.41;-0.1;16.70;75555;2836.614;-1800.960;0;310;500;498.4;100.0;100.6;0;-0.5;24.9;-1.0;
03/03/2025 19:00:52;116;0;66.00;-4;-62.67;-4.00;-0.0;16.80;75568;2836.616;-1800.963;0;326;500;498.4;100.0;100.4;0;-0.5;25.1;-1.0;
03/03/2025 19:01:05;116;0;44.74;-4;-53.62;-9.85;-0.2;16.80;75572;2836.614;-1800.964;0;326;500;498.4;100.0;100.4;0;-0.5;25.1;-1.0;
03/03/2025 19:02:08;116;0;38.87;-4;-60.00;-16.07;-0.0;17.00;75598;2836.619;-1800.977;0;326;500;498.4;100.0;100.4;0;-0.5;25.1;-1.0;
03/03/2025 19:03:20;116;0;89.10;-4;-55.88;-18.08;-0.1;17.30;75633;2836.627;-1800.987;0;326;500;498.4;100.0;100.4;0;-0.5;25.1;-1.0;
03/03/2025 19:05:36;116;0;25.18;-4;-57.10;-21.38;-0.1;17.90;75669;2836.639;-1801.011;0;326;500;498.4;100.0;100.4;0;-0.5;25.1;-1.0;
03/03/2025 19:05:50;116;0;10.02;-4;-50.77;0.08;0.1;18.00;75685;2836.640;-1801.015;0;326;500;498.4;100.0;100.4;0;0.0;25.1;-1.0;
03/03/2025 19:06:10;110;0;22.33;-4;-53.40;-10.54;-0.2;18.10;75695;2836.640;-1801.015;0;326;-110;377.4;100.0;99.9;-7;-7.2;25.1;-1.0;
03/03/2025 19:06:20;110;0;14.90;-4;-52.49;-13.63;-0.1;18.10;76039;2836.640;-1801.015;1;326;-110;230.6;100.0;99.9;-7;-7.2;25.1;-1.0;
03/03/2025 19:06:30;110;0;20.78;-4;-57.32;-20.86;0.3;18.10;76270;2836.640;-1801.015;1;326;-110;82.3;100.0;99.7;-7;-7.2;25.1;-1.0;
03/03/2025 19:06:40;110;0;19.15;-4;-62.92;-21.66;0.4;18.20;76584;2836.640;-1801.015;1;326;-110;-74.2;100.0;99.9;-7;-7.2;25.1;-1.0;
03/03/2025 19:06:50;110;0;26.49;-4;-68.01;-5.94;0.9;18.30;76913;2836.640;-1801.015;1;326;-110;-108.1;43.1;55.8;-7;-7.2;25.0;-1.0;
03/03/2025 19:07:00;110;0;27.95;-4;-59.02;-13.99;2.2;18.30;76942;2836.641;-1801.015;1;326;-110;-109.7;43.1;43.0;-7;-7.2;25.1;-1.0;
03/03/2025 19:07:20;100;0;36.46;-4;-23.89;-14.91;5.9;18.30;76948;2836.644;-1801.013;1;326;-110;-104.8;43.1;42.7;-7;-7.2;25.1;-1.0;
03/03/2025 19:07:40;100;0;40.27;-4;-19.35;-15.65;8.9;18.40;76968;2836.647;-1801.011;1;326;-110;-103.2;43.1;42.7;70;69.9;25.1;-1.0;
03/03/2025 19:08:00;100;0;36.88;-4;-24.68;24.61;11.9;18.40;76973;2836.649;-1801.009;1;326;-110;-103.2;41.7;41.7;70;69.9;25.1;-1.0;
03/03/2025 19:08:20;100;0;25.44;-4;-21.94;23.75;14.5;18.40;76986;2836.652;-1801.008;1;326;-110;-101.6;41.7;41.4;70;69.9;25.1;0.0;
03/03/2025 19:08:40;100;0;15.38;-4;-21.93;23.40;17.3;18.40;76983;2836.655;-1801.008;1;326;-110;-103.2;41.7;41.5;64;64.1;25.1;0.0;
03/03/2025 19:09:00;100;0;6.66;-4;-20.75;20.11;19.9;18.50;76985;2836.658;-1801.008;1;326;-110;-103.2;41.7;41.4;53;52.8;25.1;0.0;
03/03/2025 19:09:20;100;0;359.33;-4;-20.52;14.49;22.6;18.50;76980;2836.661;-1801.008;1;326;-110;-103.2;41.7;41.4;41;40.6;25.1;0.0;
03/03/2025 19:09:40;100;0;352.99;-4;-19.79;8.36;25.3;18.50;76996;2836.665;-1801.009;1;326;-110;-103.2;41.7;41.4;30;29.3;25.1;0.0;
03/03/2025 19:10:00;100;0;350.76;-4;-19.66;2.86;27.9;18.50;76995;2836.668;-1801.010;1;326;-110;-101.6;41.7;41.4;27;26.6;25.1;0.0;
03/03/2025 19:10:20;100;0;346.44;-4;-19.16;1.51;30.5;18.50;76994;2836.671;-1801.012;1;326;-110;-101.6;41.7;41.4;21;21.2;25.1;0.0;
03/03/2025 19:10:40;100;0;342.72;-4;-19.41;-1.33;33.0;18.60;77015;2836.674;-1801.014;1;326;-110;-101.6;41.7;41.4;17;17.1;25.1;0.0;
03/03/2025 19:11:00;100;0;340.82;-4;-18.33;-3.34;35.5;18.60;77005;2836.677;-1801.015;1;326;-110;-101.6;42.2;42.3;17;16.7;25.1;0.0;
03/03/2025 19:11:20;100;0;339.75;-4;-20.01;-3.50;38.1;18.60;77005;2836.680;-1801.017;1;326;-110;-103.2;42.2;42.6;17;16.7;25.1;0.0;
03/03/2025 19:11:40;100;0;339.03;-4;-19.95;-3.33;40.9;18.60;77016;2836.683;-1801.019;1;326;-110;-101.6;42.2;42.6;17;16.7;25.1;0.0;
03/03/2025 19:12:00;100;0;339.19;-4;-20.23;-3.36;43.5;18.60;77024;2836.686;-1801.021;1;326;-110;-101.6;42.2;42.6;17;16.7;25.1;0.0;
03/03/2025 19:12:20;100;0;338.05;-4;-20.47;-3.44;46.2;18.60;77027;2836.689;-1801.023;1;326;-110;-101.6;42.2;42.6;17;16.7;25.1;0.0;
03/03/2025 19:12:40;100;0;337.17;-4;-20.09;-3.38;48.9;18.60;77029;2836.692;-1801.025;1;326;-110;-101.6;42.2;42.7;15;14.9;25.1;0.0;
03/03/2025 19:13:00;100;0;336.50;-4;-19.97;-4.35;51.6;18.60;77029;2836.695;-1801.027;1;326;-110;-101.6;42.2;42.6;15;14.9;25.1;0.0;
03/03/2025 19:13:20;100;0;336.40;-4;-20.16;-4.34;54.2;18.70;77035;2836.698;-1801.029;1;326;-110;-101.6;42.2;42.6;15;14.9;25.1;0.0;
03/03/2025 19:13:40;100;0;337.27;-4;-19.68;-4.32;56.7;18.70;77053;2836.701;-1801.031;1;326;-110;-103.2;42.2;42.6;15;14.9;25.1;0.0;
03/03/2025 19:14:00;100;0;338.26;-4;-19.85;-4.36;59.3;18.70;77040;2836.704;-1801.033;1;326;-110;-101.6;42.2;42.6;15;14.4;25.1;0.0;
03/03/2025 19:14:20;100;0;338.97;-4;-20.06;-4.37;61.9;18.70;77051;2836.707;-1801.035;1;326;-110;-101.6;42.2;42.6;15;14.9;25.1;0.0;
03/03/2025 19:14:40;100;0;339.58;-4;-19.72;-4.30;64.6;18.70;77053;2836.710;-1801.037;1;326;-110;-101.6;42.2;42.6;15;14.9;25.1;0.0;
03/03/2025 19:15:00;100;0;340.22;-4;-20.18;-4.28;67.2;18.70;77057;2836.713;-1801.039;1;326;-110;-101.6;42.2;42.6;15;14.9;25.1;0.0;
03/03/2025 19:15:20;100;0;340.62;-4;-19.94;-4.30;69.9;18.70;77061;2836.716;-1801.041;1;326;-110;-101.6;42.2;42.6;15;14.9;25.1;0.0;
03/03/2025 19:15:40;100;0;341.05;-4;-20.11;-4.31;72.5;18.70;77062;2836.719;-1801.043;1;326;-110;-101.6;42.2;42.6;17;17.1;25.1;0.0;
03/03/2025 19:16:00;100;0;339.92;-4;-19.74;-2.91;75.0;18.70;77058;2836.722;-1801.044;1;326;-110;-103.2;42.2;42.6;17;17.6;25.1;0.0;
03/03/2025 19:16:20;100;0;337.87;-4;-20.11;-2.85;77.5;18.70;77053;2836.725;-1801.046;1;326;-110;-103.2;42.2;42.6;17;17.6;25.1;0.0;
03/03/2025 19:16:40;100;0;338.91;-4;-20.34;-2.76;80.1;18.70;77050;2836.728;-1801.048;1;326;-110;-100.0;42.2;42.6;17;17.6;25.1;0.0;
03/03/2025 19:17:00;100;0;341.29;-4;-20.37;-2.69;82.8;18.70;77041;2836.731;-1801.050;1;326;-110;-101.6;42.2;42.7;17;17.6;25.1;0.0;
03/03/2025 19:17:20;100;0;340.84;-4;-19.67;-2.81;85.3;18.70;77024;2836.734;-1801.052;1;326;-110;-101.6;42.2;42.6;17;17.6;25.1;0.0;
03/03/2025 19:17:40;100;0;333.84;-4;-19.43;-2.93;87.5;18.70;77009;2836.737;-1801.054;1;326;-110;-101.6;42.2;42.6;17;17.6;25.1;0.0;
03/03/2025 19:18:00;100;0;330.80;-4;-19.49;-2.78;89.8;18.70;76995;2836.739;-1801.056;1;326;-110;-101.6;42.2;42.6;15;14.9;25.1;0.0;
03/03/2025 19:18:20;100;0;328.70;-4;-19.59;-4.33;92.1;18.70;76984;2836.741;-1801.058;1;326;-110;-100.0;42.2;42.6;15;14.4;25.1;0.0;
03/03/2025 19:18:40;100;0;322.18;-4;-20.23;-4.46;94.2;18.70;76968;2836.743;-1801.061;1;326;-110;-104.8;42.2;42.6;8;8.1;25.1;0.0;
03/03/2025 19:19:00;100;0;318.45;-4;-19.66;-7.72;96.7;18.70;76966;2836.746;-1801.064;1;326;-110;-101.6;42.2;42.6;6;5.9;25.1;0.0;
03/03/2025 19:19:20;100;0;315.46;-4;-19.34;-9.00;99.0;18.60;76948;2836.748;-1801.067;1;326;-110;-100.0;42.2;42.6;-1;-0.9;25.1;0.0;
03/03/2025 19:19:40;100;0;319.04;-4;-18.62;-12.24;101.4;18.60;76945;2836.750;-1801.070;1;326;-110;-104.8;42.6;42.6;7;7.2;25.1;0.0;
03/03/2025 19:20:00;100;0;324.82;-4;-18.95;-7.92;103.8;18.60;76931;2836.752;-1801.072;1;326;-110;-101.6;42.9;43.3;12;12.2;25.1;0.0;
03/03/2025 19:20:20;100;0;325.59;-4;-20.83;-5.21;106.3;18.60;76923;2836.755;-1801.075;1;326;-110;-101.6;42.9;43.3;12;12.6;25.1;0.0;
03/03/2025 19:20:40;100;0;328.71;-4;-21.00;-5.20;108.6;18.60;76916;2836.757;-1801.077;1;326;-110;-103.2;42.9;43.3;15;14.9;25.1;0.0;
03/03/2025 19:21:00;100;0;334.99;-4;-20.84;-4.08;111.3;18.60;76908;2836.760;-1801.079;1;326;-110;-101.6;42.9;43.3;15;14.9;25.1;0.0;
03/03/2025 19:21:20;100;0;337.08;-4;-20.50;-4.10;113.9;18.50;76900;2836.763;-1801.081;1;326;-110;-101.6;42.9;43.3;15;14.9;25.1;0.0;
03/03/2025 19:21:40;100;0;338.30;-4;-20.41;-4.14;116.2;18.50;76891;2836.766;-1801.083;1;326;-110;-104.8;42.9;43.3;15;15.3;25.1;0.0;
03/03/2025 19:22:00;100;0;340.22;-4;-20.53;-4.09;118.5;18.50;76886;2836.768;-1801.085;1;326;-110;-101.6;42.9;43.3;15;14.9;25.1;0.0;
03/03/2025 19:22:20;100;0;337.57;-4;-20.95;-4.12;120.8;18.50;76874;2836.771;-1801.086;1;326;-110;-101.6;42.9;43.4;15;14.9;25.1;0.0;
03/03/2025 19:22:40;100;0;338.27;-4;-21.09;-4.05;123.1;18.50;76875;2836.773;-1801.088;1;326;-110;-101.6;42.9;43.3;15;15.3;25.1;0.0;
03/03/2025 19:23:00;100;0;340.18;-4;-20.84;-3.99;125.4;18.40;76845;2836.776;-1801.090;1;326;-110;-101.6;42.9;43.3;15;14.9;25.1;0.0;
03/03/2025 19:23:20;100;0;343.98;-4;-20.90;-3.96;127.8;18.40;76863;2836.778;-1801.091;1;326;-110;-101.6;42.9;43.3;18;18.1;25.1;0.0;
03/03/2025 19:23:40;100;0;346.20;-4;-21.22;-2.46;130.2;18.40;76844;2836.781;-1801.093;1;326;-110;-101.6;42.9;43.3;20;19.9;25.1;0.0;
03/03/2025 19:24:01;100;0;347.27;-4;-21.56;-1.41;132.6;18.40;76845;2836.784;-1801.094;1;326;-110;-101.6;42.9;43.3;20;19.9;25.1;0.0;
03/03/2025 19:24:21;100;0;347.20;-4;-21.65;-1.45;135.2;18.30;76838;2836.786;-1801.095;1;326;-110;-101.6;42.9;43.3;20;19.9;25.1;0.0;
03/03/2025 19:24:41;100;0;347.34;-4;-21.72;-1.40;137.5;18.30;76821;2836.789;-1801.096;1;326;-110;-101.6;42.9;43.3;20;19.9;25.1;0.0;
03/03/2025 19:25:01;100;0;348.04;-4;-21.63;-1.50;140.0;18.30;76813;2836.792;-1801.098;1;326;-110;-101.6;42.9;43.3;22;22.1;25.1;0.0;
03/03/2025 19:25:21;100;0;348.07;-4;-21.70;-0.30;142.7;18.20;76810;2836.795;-1801.099;1;326;-110;-101.6;42.9;43.3;22;22.6;25.1;0.0;
03/03/2025 19:25:41;100;0;347.24;-4;-21.55;-0.27;145.3;18.20;76812;2836.798;-1801.100;1;326;-110;-101.6;42.9;43.3;22;22.1;25.1;0.0;
03/03/2025 19:26:01;100;0;345.09;-4;-21.34;-0.30;147.7;18.20;76797;2836.800;-1801.102;1;326;-110;-101.6;42.9;43.3;19;19.0;25.1;0.0;
03/03/2025 19:26:21;100;0;340.90;-4;-21.40;-2.35;150.4;18.20;76790;2836.803;-1801.103;1;326;-110;-101.6;42.9;43.3;17;17.1;25.1;0.0;
03/03/2025 19:26:41;100;0;336.49;-4;-21.68;-3.37;153.1;18.10;76788;2836.806;-1801.105;1;326;-110;-103.2;42.9;43.4;17;16.7;25.1;0.0;
03/03/2025 19:27:01;100;0;333.81;-4;-21.33;-3.29;155.6;18.10;76778;2836.809;-1801.108;1;326;-110;-103.2;42.9;43.3;17;16.7;25.1;0.0;
03/03/2025 19:27:21;100;0;331.36;-4;-21.03;-3.30;158.3;18.10;76756;2836.812;-1801.110;1;326;-110;-101.6;42.9;43.3;17;16.7;25.1;0.0;
03/03/2025 19:27:41;100;0;332.35;-4;-20.47;-3.31;161.0;18.00;76746;2836.815;-1801.112;1;326;-110;-103.2;42.9;43.3;17;16.7;25.1;0.0;
03/03/2025 19:28:01;100;0;332.99;-4;-20.75;-3.39;163.5;18.00;76747;2836.817;-1801.114;1;326;-110;-101.6;42.9;43.3;17;16.7;25.1;0.0;
03/03/2025 19:28:21;100;0;334.50;-4;-20.74;-3.35;166.2;18.00;76728;2836.820;-1801.117;1;326;-110;-101.6;42.9;43.3;17;16.7;25.1;0.0;
03/03/2025 19:28:41;100;0;335.72;-4;-20.82;-3.32;168.9;17.90;76728;2836.823;-1801.119;1;326;-110;-101.6;42.9;43.4;17;16.7;25.1;0.0;
03/03/2025 19:29:01;100;0;338.15;-4;-20.69;-3.40;171.7;17.90;76712;2836.826;-1801.121;1;326;-110;-101.6;42.9;43.3;17;16.7;25.1;0.0;
03/03/2025 19:29:21;100;0;336.84;-4;-20.30;-3.37;174.5;17.90;76700;2836.829;-1801.123;1;326;-110;-101.6;42.9;43.4;17;16.7;25.1;0.0;
03/03/2025 19:29:41;100;0;336.62;-4;-20.01;-3.25;177.2;17.80;76704;2836.832;-1801.125;1;326;-110;-101.6;42.9;43.3;17;16.7;25.1;0.0;
03/03/2025 19:30:01;100;0;334.92;-4;-20.12;-3.38;179.9;17.80;76698;2836.835;-1801.127;1;326;-110;-101.6;42.9;43.3;17;16.7;25.1;0.0;
03/03/2025 19:30:21;100;0;335.42;-4;-19.89;-3.34;182.8;17.80;76685;2836.838;-1801.129;1;326;-110;-101.6;42.9;43.3;17;16.7;25.1;0.0;
03/03/2025 19:30:41;100;0;336.05;-4;-21.15;-3.34;185.4;17.80;76683;2836.841;-1801.132;1;326;-110;-101.6;42.9;43.3;17;16.7;25.1;0.0;
03/03/2025 19:31:01;100;0;337.03;-4;-20.17;-3.59;188.6;17.70;76674;2836.845;-1801.134;1;326;-110;-101.6;42.9;43.4;17;16.7;25.1;0.0;
03/03/2025 19:31:21;100;0;334.94;-4;-20.74;-3.19;191.5;17.70;76671;2836.848;-1801.136;1;326;-110;-101.6;42.9;43.3;17;16.7;25.1;0.0;
03/03/2025 19:31:41;100;0;336.67;-4;-20.58;-3.38;194.5;17.60;76672;2836.851;-1801.138;1;326;-110;-101.6;42.9;43.4;17;16.7;25.1;0.0;
03/03/2025 19:32:01;100;0;338.82;-4;-20.33;-3.45;197.1;17.60;76662;2836.854;-1801.140;1;326;-110;-101.6;42.9;43.4;17;16.7;25.1;0.0;
03/03/2025 19:32:21;100;0;342.01;-4;-19.41;-2.91;200.1;17.60;76663;2836.858;-1801.142;1;326;-110;-101.6;42.9;43.3;17;16.7;25.1;0.0;
03/03/2025 19:32:41;100;0;340.01;-4;-20.26;-3.29;202.9;17.60;76654;2836.861;-1801.144;1;326;-110;-100.0;42.9;43.3;17;16.7;25.1;0.0;
03/03/2025 19:33:01;100;0;336.75;-4;-20.47;-3.43;205.6;17.50;76654;2836.864;-1801.146;1;326;-110;-101.6;42.9;43.3;17;16.7;25.1;0.0;
03/03/2025 19:33:21;100;0;335.10;-4;-20.62;-3.28;208.3;17.50;76659;2836.867;-1801.148;1;326;-110;-101.6;42.9;43.3;17;16.7;25.1;0.0;
03/03/2025 19:33:41;100;0;330.67;-4;-20.56;-3.41;211.1;17.50;76652;2836.870;-1801.151;1;326;-110;-101.6;42.9;43.3;17;16.7;25.1;0.0;
03/03/2025 19:34:01;100;0;328.08;-4;-20.71;-3.33;213.8;17.40;76640;2836.873;-1801.153;1;326;-110;-101.6;42.9;43.3;15;14.4;25.1;0.0;
03/03/2025 19:34:21;100;0;324.08;-4;-20.46;-4.53;216.6;17.40;76638;2836.875;-1801.156;1;326;-110;-103.2;42.9;43.3;13;13.1;25.1;0.0;
03/03/2025 19:34:41;100;0;324.50;-4;-20.10;-5.37;219.2;17.40;76637;2836.878;-1801.159;1;326;-110;-103.2;42.9;43.3;13;12.6;25.1;0.0;
03/03/2025 19:35:01;100;0;326.11;-4;-20.46;-5.27;222.0;17.40;76638;2836.881;-1801.162;1;326;-110;-103.2;42.9;43.4;13;12.6;25.1;0.0;
03/03/2025 19:35:21;100;0;326.89;-4;-20.48;-5.32;224.7;17.30;76626;2836.884;-1801.165;1;326;-110;-101.6;42.9;43.3;15;14.9;25.1;0.0;
03/03/2025 19:35:41;100;0;325.69;-4;-20.56;-4.14;227.2;17.30;76625;2836.886;-1801.167;1;326;-110;-103.2;42.9;43.4;13;13.1;25.1;0.0;
03/03/2025 19:36:01;100;0;326.35;-4;-20.38;-5.40;230.0;17.30;76628;2836.889;-1801.170;1;326;-110;-101.6;42.9;43.3;13;12.6;25.1;0.0;
03/03/2025 19:36:21;100;0;330.59;-4;-20.61;-5.31;232.3;17.20;76627;2836.891;-1801.172;1;326;-110;-101.6;42.9;43.3;15;14.9;25.1;0.0;
03/03/2025 19:36:41;100;0;332.10;-4;-20.62;-3.86;234.9;17.20;76617;2836.894;-1801.174;1;326;-110;-101.6;42.9;43.3;15;15.3;25.1;0.0;
03/03/2025 19:37:01;100;0;331.54;-4;-20.75;-3.92;237.4;17.20;76618;2836.897;-1801.177;1;326;-110;-103.2;42.9;43.3;15;15.3;25.1;0.0;
03/03/2025 19:37:21;100;0;335.12;-4;-20.62;-3.85;239.9;17.20;76606;2836.899;-1801.179;1;326;-110;-101.6;42.9;43.3;15;15.3;25.1;0.0;
03/03/2025 19:37:41;100;0;336.71;-4;-20.38;-3.91;242.4;17.10;76596;2836.902;-1801.181;1;326;-110;-103.2;42.9;43.3;15;15.3;25.1;0.0;
03/03/2025 19:38:01;100;0;338.70;-4;-20.30;-3.92;244.9;17.10;76588;2836.905;-1801.182;1;326;-110;-103.2;42.9;43.3;15;15.3;25.1;0.0;
03/03/2025 19:38:21;100;0;340.93;-4;-20.21;-3.91;247.3;17.10;76579;2836.908;-1801.184;1;326;-110;-101.6;42.9;43.3;17;17.1;25.1;0.0;
03/03/2025 19:38:41;100;0;341.00;-4;-20.67;-2.87;249.5;17.10;76577;2836.910;-1801.186;1;326;-110;-100.0;42.9;43.4;17;17.6;25.1;0.0;
03/03/2025 19:39:01;100;0;342.83;-4;-20.68;-2.76;252.0;17.00;76582;2836.913;-1801.187;1;326;-110;-103.2;42.9;43.4;17;17.6;25.1;0.0;
03/03/2025 19:39:21;100;0;343.12;-4;-20.61;-2.79;254.4;17.00;76579;2836.916;-1801.189;1;326;-110;-103.2;42.9;43.3;17;17.6;25.1;0.0;
03/03/2025 19:39:41;100;0;345.49;-4;-20.85;-2.69;256.6;17.00;76564;2836.918;-1801.190;1;326;-110;-103.2;42.9;43.3;19;19.0;25.1;0.0;
03/03/2025 19:40:01;100;0;342.77;-4;-20.89;-2.04;259.1;16.90;76563;2836.921;-1801.192;1;326;-110;-101.6;42.9;43.3;19;19.0;25.1;0.0;
03/03/2025 19:40:21;100;0;341.52;-4;-20.82;-2.00;261.3;16.90;76554;2836.923;-1801.193;1;326;-110;-101.6;42.9;43.3;17;17.1;25.1;0.0;
03/03/2025 19:40:41;100;0;342.12;-4;-20.53;-3.10;263.5;16.90;76544;2836.926;-1801.195;1;326;-110;-101.6;42.9;43.4;17;17.1;25.1;0.0;
03/03/2025 19:41:01;100;0;341.19;-4;-21.00;-3.12;265.8;16.90;76547;2836.928;-1801.196;1;326;-110;-101.6;42.9;43.3;17;17.1;25.1;0.0;
03/03/2025 19:41:21;100;0;338.83;-4;-21.06;-3.10;268.2;16.80;76537;2836.931;-1801.198;1;326;-110;-103.2;42.9;43.3;17;17.1;25.1;0.0;
03/03/2025 19:41:41;100;0;334.59;-4;-21.44;-3.14;270.6;16.80;76519;2836.934;-1801.200;1;326;-110;-101.6;42.9;43.3;17;17.1;25.1;0.0;
03/03/2025 19:42:01;100;0;333.18;-4;-20.48;-3.05;272.9;16.80;76504;2836.936;-1801.202;1;326;-110;-101.6;42.9;43.3;17;17.1;25.1;0.0;
03/03/2025 19:42:21;100;0;334.25;-4;-20.42;-3.10;275.1;16.70;76495;2836.938;-1801.204;1;326;-110;-103.2;42.9;43.3;17;17.1;25.1;0.0;
03/03/2025 19:42:41;100;0;335.08;-4;-20.42;-3.20;277.2;16.70;76480;2836.941;-1801.206;1;326;-110;-101.6;42.9;43.3;17;17.1;25.1;0.0;
03/03/2025 19:43:01;100;0;333.29;-4;-21.10;-3.00;279.6;16.70;76482;2836.943;-1801.208;1;326;-110;-100.0;42.9;43.3;17;17.1;25.1;0.0;
03/03/2025 19:43:21;100;0;330.41;-4;-20.69;-3.18;281.8;16.60;76481;2836.945;-1801.210;1;326;-110;-101.6;42.9;43.3;15;14.9;25.1;0.0;
03/03/2025 19:43:41;100;0;330.58;-4;-20.68;-3.96;284.1;16.60;76474;2836.948;-1801.212;1;326;-110;-104.8;42.9;43.3;15;14.4;25.1;0.0;
03/03/2025 19:44:01;100;0;328.79;-4;-20.51;-4.18;286.3;16.60;76489;2836.950;-1801.214;1;326;-110;-101.6;42.9;43.4;15;14.4;25.1;0.0;
03/03/2025 19:44:21;100;0;325.50;-4;-20.83;-4.26;288.5;16.60;76448;2836.952;-1801.217;1;326;-110;-100.0;42.9;43.3;12;12.2;25.1;0.0;
03/03/2025 19:44:41;100;0;323.92;-4;-20.87;-5.60;290.8;16.50;76458;2836.954;-1801.219;1;326;-110;-104.8;42.9;43.3;12;12.2;25.1;0.0;
03/03/2025 19:45:01;100;0;326.00;-4;-19.75;-5.63;293.3;16.50;76445;2836.957;-1801.222;1;326;-110;-101.6;42.9;43.3;14;14.0;25.1;0.0;
03/03/2025 19:45:21;100;0;327.80;-4;-20.06;-4.40;295.5;16.50;76435;2836.959;-1801.224;1;326;-110;-101.6;42.9;43.3;14;14.4;25.1;0.0;
03/03/2025 19:45:41;100;0;328.84;-4;-19.87;-4.35;297.5;16.40;76434;2836.961;-1801.226;1;326;-110;-103.2;42.9;43.3;14;14.4;25.1;0.0;
03/03/2025 19:46:01;100;0;331.89;-4;-19.70;-4.44;299.8;16.40;76443;2836.963;-1801.228;1;326;-110;-104.8;42.9;43.3;16;15.8;25.1;0.0;
03/03/2025 19:46:21;100;0;332.17;-4;-20.38;-3.49;301.6;16.40;76424;2836.965;-1801.230;1;326;-130;-132.3;42.9;43.3;16;16.2;25.1;0.0;
03/03/2025 19:46:41;100;0;334.20;-4;-19.59;-3.43;304.1;16.30;76488;2836.968;-1801.232;1;326;-130;-133.9;42.9;43.3;16;16.2;25.1;0.0;
03/03/2025 19:47:01;100;0;333.19;-4;-19.35;-3.35;306.6;16.30;76488;2836.971;-1801.234;1;326;-130;-133.9;42.9;43.3;16;16.2;25.1;0.0;
03/03/2025 19:47:21;100;0;332.47;-4;-19.62;-3.47;308.9;16.30;76487;2836.973;-1801.236;1;326;-130;-133.9;42.9;43.4;16;16.2;25.1;0.0;
03/03/2025 19:47:41;100;0;330.70;-4;-19.57;-3.43;311.2;16.30;76483;2836.976;-1801.239;1;326;-130;-135.5;42.9;43.3;16;16.2;25.1;0.0;
03/03/2025 19:48:01;100;0;328.63;-4;-19.75;-3.32;313.5;16.20;76476;2836.978;-1801.241;1;326;-130;-133.9;42.9;43.4;16;16.2;25.1;0.0;
03/03/2025 19:48:21;100;0;326.43;-4;-19.69;-3.42;316.4;16.20;76469;2836.981;-1801.244;1;326;-130;-133.9;42.9;43.3;16;16.2;25.1;0.0;
03/03/2025 19:48:41;100;0;325.01;-4;-19.56;-3.25;318.4;16.20;76467;2836.983;-1801.246;1;326;-130;-133.9;42.9;43.3;12;12.2;25.1;0.0;
03/03/2025 19:49:01;100;0;324.85;-4;-19.47;-5.67;321.0;16.10;76457;2836.986;-1801.249;1;326;-130;-132.3;42.9;43.4;12;11.7;25.1;0.0;
03/03/2025 19:49:21;100;0;326.02;-4;-19.49;-5.66;323.4;16.10;76454;2836.988;-1801.251;1;326;-130;-135.5;42.9;43.3;14;14.4;25.1;0.0;
03/03/2025 19:49:41;100;0;326.39;-4;-19.63;-4.26;325.7;16.10;76463;2836.991;-1801.254;1;326;-130;-133.9;42.9;43.4;14;14.4;25.1;0.0;
03/03/2025 19:50:01;100;0;325.73;-4;-19.61;-4.29;328.4;16.10;76440;2836.993;-1801.256;1;326;-130;-133.9;42.9;43.4;14;14.4;25.1;0.0;
03/03/2025 19:50:21;100;0;325.37;-4;-19.73;-4.26;330.8;16.00;76438;2836.996;-1801.259;1;326;-130;-133.9;42.9;43.3;14;14.4;25.1;0.0;
03/03/2025 19:50:41;100;0;325.73;-4;-19.50;-4.23;333.4;16.00;76436;2836.998;-1801.262;1;326;-130;-133.9;42.9;43.4;14;14.4;25.1;0.0;
03/03/2025 19:51:01;100;0;326.14;-4;-19.44;-4.28;335.7;16.00;76437;2837.001;-1801.264;1;326;-130;-133.9;42.9;43.3;14;14.4;25.1;0.0;
03/03/2025 19:51:21;100;0;327.98;-4;-19.37;-4.31;338.2;16.00;76430;2837.004;-1801.267;1;326;-130;-133.9;42.9;43.3;14;14.4;25.1;0.0;
03/03/2025 19:51:41;100;0;329.41;-4;-19.37;-4.29;340.7;15.90;76415;2837.006;-1801.269;1;326;-130;-133.9;42.9;43.3;14;14.4;25.1;0.0;
03/03/2025 19:52:01;100;0;330.20;-4;-19.42;-4.32;343.3;15.90;76415;2837.009;-1801.272;1;326;-130;-135.5;42.9;43.3;14;14.4;25.1;0.0;
03/03/2025 19:52:21;100;0;328.78;-4;-19.37;-4.30;345.8;15.90;76417;2837.012;-1801.274;1;326;-130;-133.9;42.9;43.4;14;14.4;25.1;0.0;
03/03/2025 19:52:41;100;0;327.13;-4;-19.36;-4.26;348.4;15.90;76414;2837.015;-1801.277;1;326;-130;-133.9;42.9;43.3;14;14.4;25.1;0.0;
03/03/2025 19:53:01;100;0;327.22;-4;-19.38;-4.27;351.1;15.80;76395;2837.017;-1801.280;1;326;-130;-133.9;42.9;43.4;14;14.4;25.1;0.0;
03/03/2025 19:53:21;100;0;330.06;-4;-19.32;-4.25;353.6;15.80;76398;2837.020;-1801.282;1;326;-130;-133.9;42.9;43.3;14;14.4;25.1;0.0;
03/03/2025 19:53:41;100;0;330.89;-4;-19.41;-4.31;356.2;15.80;76386;2837.023;-1801.285;1;326;-130;-133.9;42.9;43.3;14;14.4;25.1;0.0;
03/03/2025 19:54:01;100;0;329.97;-4;-19.53;-4.26;358.9;15.70;76366;2837.026;-1801.287;1;326;-130;-137.1;42.9;43.4;14;14.4;25.1;0.0;
03/03/2025 19:54:21;100;0;329.69;-4;-19.60;-4.20;361.7;15.70;76376;2837.029;-1801.290;1;326;-130;-135.5;42.9;43.3;14;14.4;25.1;0.0;
03/03/2025 19:54:41;100;0;328.86;-4;-19.77;-4.28;364.4;15.70;76365;2837.032;-1801.292;1;326;-130;-132.3;42.9;43.3;14;14.4;25.1;0.0;
03/03/2025 19:55:01;100;0;327.64;-4;-19.77;-4.24;366.8;15.70;76353;2837.034;-1801.295;1;326;-130;-133.9;42.9;43.4;14;14.4;25.1;0.0;
03/03/2025 19:55:21;100;0;326.70;-4;-19.69;-4.26;369.4;15.60;76348;2837.037;-1801.297;1;326;-130;-133.9;42.9;43.3;14;14.4;25.1;0.0;
03/03/2025 19:55:41;100;0;326.56;-4;-19.76;-4.19;371.9;15.60;76349;2837.039;-1801.300;1;326;-130;-133.9;42.9;43.3;14;14.4;25.1;0.0;
03/03/2025 19:56:01;100;0;326.65;-4;-19.77;-4.28;374.4;15.60;76335;2837.042;-1801.302;1;326;-130;-135.5;42.9;43.4;14;14.4;25.1;0.0;
03/03/2025 19:56:21;100;0;327.36;-4;-19.72;-4.20;377.0;15.60;76339;2837.045;-1801.305;1;326;-130;-133.9;42.9;43.3;14;14.4;25.1;0.0;
03/03/2025 19:56:41;100;0;326.40;-4;-19.74;-4.20;379.3;15.50;76332;2837.047;-1801.307;1;326;-130;-133.9;42.9;43.3;14;14.4;25.1;0.0;
03/03/2025 19:57:01;100;0;326.95;-4;-19.77;-4.19;381.6;15.50;76320;2837.049;-1801.310;1;326;-130;-133.9;42.9;43.3;14;14.4;25.1;0.0;
03/03/2025 19:57:21;100;0;327.58;-4;-19.83;-4.23;384.1;15.50;76314;2837.052;-1801.312;1;326;-130;-133.9;42.9;43.3;14;14.4;25.1;0.0;
03/03/2025 19:57:41;100;0;327.69;-4;-19.92;-4.22;386.3;15.40;76313;2837.054;-1801.315;1;326;-130;-133.9;42.9;43.4;14;14.4;25.1;0.0;
03/03/2025 19:58:01;100;0;329.39;-4;-19.81;-4.21;388.6;15.40;76303;2837.056;-1801.317;1;326;-130;-133.9;42.9;43.3;14;14.4;25.1;0.0;
03/03/2025 19:58:21;100;0;328.42;-4;-19.58;-4.24;390.8;15.40;76299;2837.059;-1801.319;1;326;-130;-133.9;42.9;43.3;14;14.4;25.1;0.0;
03/03/2025 19:58:42;100;0;328.22;-4;-19.67;-4.16;393.1;15.30;76292;2837.061;-1801.321;1;326;-130;-135.5;42.9;43.3;14;14.4;25.1;0.0;
03/03/2025 19:59:02;100;0;329.35;-4;-19.73;-4.26;395.3;15.30;76285;2837.063;-1801.323;1;326;-130;-133.9;42.9;43.3;14;14.4;25.1;0.0;
03/03/2025 19:59:22;100;0;332.02;-4;-19.50;-4.24;397.5;15.30;76289;2837.066;-1801.326;1;326;-130;-132.3;42.9;43.4;14;14.4;25.1;0.0;
03/03/2025 19:59:42;100;0;333.56;-4;-19.39;-4.22;399.8;15.30;76282;2837.068;-1801.328;1;326;-130;-133.9;42.9;43.4;14;14.4;25.1;0.0;
03/03/2025 20:00:02;100;0;333.39;-4;-19.37;-4.26;402.0;15.20;76269;2837.071;-1801.330;1;326;-130;-133.9;42.9;43.3;14;14.4;25.1;0.0;
03/03/2025 20:00:22;100;0;333.74;-4;-19.36;-4.30;404.0;15.20;76268;2837.073;-1801.332;1;326;-130;-135.5;42.9;43.3;14;14.4;25.1;0.0;
03/03/2025 20:00:42;100;0;334.67;-4;-19.32;-4.27;406.2;15.20;76258;2837.076;-1801.334;1;326;-130;-133.9;42.9;43.3;14;14.4;25.1;0.0;
03/03/2025 20:01:02;100;0;335.78;-4;-19.37;-4.28;408.2;15.20;76262;2837.078;-1801.335;1;326;-150;-150.0;42.9;43.3;14;14.4;25.1;0.0;
03/03/2025 20:01:22;100;0;335.66;-4;-18.99;-4.20;410.4;15.10;76295;2837.080;-1801.337;1;326;-150;-151.6;43.2;43.3;14;14.4;25.1;0.0;
03/03/2025 20:01:42;100;0;336.01;-4;-19.12;-4.20;412.8;15.10;76290;2837.083;-1801.339;1;326;-150;-151.6;43.2;43.3;14;14.4;25.1;0.0;
03/03/2025 20:02:02;100;0;336.39;-4;-19.09;-4.16;415.0;15.10;76286;2837.086;-1801.341;1;326;-150;-151.6;43.2;43.4;14;14.4;25.1;0.0;
03/03/2025 20:02:22;100;0;336.20;-4;-19.21;-4.23;417.4;15.10;76290;2837.089;-1801.343;1;326;-150;-153.2;43.2;43.3;14;14.4;25.1;0.0;
03/03/2025 20:02:42;100;0;335.42;-4;-19.32;-4.16;419.7;15.00;76277;2837.091;-1801.345;1;326;-150;-151.6;43.2;43.3;14;14.4;25.1;0.0;
03/03/2025 20:03:02;100;0;336.70;-4;-19.06;-4.16;422.2;15.00;76273;2837.094;-1801.347;1;326;-150;-153.2;43.2;43.4;14;14.4;25.1;0.0;
03/03/2025 20:03:22;100;0;342.33;-4;-19.43;-4.31;424.6;15.00;76266;2837.097;-1801.349;1;326;-150;-153.2;43.2;43.3;16;15.8;25.1;0.0;
03/03/2025 20:03:42;100;0;347.38;-4;-19.59;-3.42;427.0;15.00;76261;2837.100;-1801.350;1;326;-150;-151.6;43.2;43.3;20;19.9;25.1;0.0;
03/03/2025 20:04:02;100;0;346.85;-4;-19.11;-1.38;429.3;14.90;76251;2837.103;-1801.351;1;326;-150;-154.8;43.2;43.3;20;19.9;25.1;0.0;
03/03/2025 20:04:22;100;0;345.01;-4;-19.19;-1.33;431.5;14.90;76247;2837.105;-1801.353;1;326;-150;-151.6;43.2;43.3;18;18.1;25.1;0.0;
03/03/2025 20:04:42;100;0;343.90;-4;-19.52;-2.52;434.0;14.90;76230;2837.108;-1801.354;1;326;-150;-153.2;43.2;43.4;18;17.6;25.1;0.0;
03/03/2025 20:05:02;100;0;341.29;-4;-19.22;-2.80;436.4;14.90;76225;2837.111;-1801.356;1;326;-150;-153.2;43.2;43.3;16;15.8;25.1;0.0;
03/03/2025 20:05:22;100;0;339.76;-4;-18.75;-3.69;438.9;14.80;76218;2837.114;-1801.358;1;326;-150;-151.6;43.6;43.6;16;15.3;25.1;0.0;
03/03/2025 20:05:42;100;0;339.57;-4;-19.60;-3.77;441.4;14.80;76212;2837.117;-1801.360;1;326;-150;-153.2;43.6;43.9;16;15.8;25.1;0.0;
03/03/2025 20:06:02;100;0;340.86;-4;-20.14;-3.76;444.0;14.80;76205;2837.120;-1801.362;1;326;-150;-153.2;43.6;43.9;16;15.8;25.1;0.0;
03/03/2025 20:06:22;100;0;340.55;-4;-19.63;-3.62;446.6;14.80;76200;2837.123;-1801.363;1;326;-150;-151.6;43.6;43.9;16;15.8;25.1;0.0;
03/03/2025 20:06:42;100;0;340.40;-4;-20.17;-3.59;449.4;14.70;76194;2837.126;-1801.365;1;326;-150;-151.6;43.6;43.9;16;15.8;25.1;0.0;
03/03/2025 20:07:02;100;0;339.04;-4;-20.24;-3.67;452.1;14.70;76186;2837.129;-1801.367;1;326;-150;-151.6;43.6;43.9;16;15.8;25.1;0.0;
03/03/2025 20:07:22;100;0;338.69;-4;-19.66;-3.74;455.0;14.70;76190;2837.133;-1801.369;1;326;-150;-151.6;43.6;43.9;16;15.8;25.1;0.0;
03/03/2025 20:07:42;100;0;336.73;-4;-20.14;-3.52;457.9;14.60;76181;2837.136;-1801.372;1;326;-150;-151.6;43.6;43.9;16;15.3;25.1;0.0;
03/03/2025 20:08:02;100;0;337.52;-4;-20.17;-3.77;460.9;14.60;76176;2837.139;-1801.374;1;326;-150;-153.2;43.6;43.9;16;15.8;25.1;0.0;
03/03/2025 20:08:22;100;0;337.36;-4;-20.28;-3.68;463.9;14.60;76173;2837.143;-1801.376;1;326;-150;-151.6;43.6;43.9;16;15.8;25.1;0.0;
03/03/2025 20:08:42;100;0;337.75;-4;-19.76;-3.72;466.9;14.60;76170;2837.146;-1801.378;1;326;-150;-151.6;43.6;43.9;16;15.8;25.1;0.0;
03/03/2025 20:09:02;100;0;339.83;-4;-20.34;-3.69;470.0;14.50;76160;2837.150;-1801.380;1;326;-150;-153.2;43.6;43.9;16;15.8;25.1;0.0;
03/03/2025 20:09:22;100;0;340.47;-4;-20.50;-3.60;473.2;14.50;76159;2837.153;-1801.382;1;326;-150;-153.2;43.6;43.9;16;15.8;25.1;0.0;
03/03/2025 20:09:42;100;0;340.84;-4;-20.39;-3.66;476.4;14.50;76154;2837.157;-1801.384;1;326;-150;-151.6;43.6;43.9;16;15.8;25.1;0.0;
03/03/2025 20:10:02;100;0;341.34;-4;-20.16;-3.56;479.7;14.50;76150;2837.161;-1801.387;1;326;-150;-153.2;43.6;43.9;16;15.8;25.1;0.0;
03/03/2025 20:10:22;100;0;343.21;-4;-20.13;-3.64;482.9;14.40;76140;2837.165;-1801.388;1;326;-150;-151.6;43.6;43.9;20;19.9;25.1;0.0;
03/03/2025 20:10:42;100;0;341.66;-4;-20.50;-1.38;486.2;14.40;76137;2837.169;-1801.390;1;326;-150;-151.6;43.6;43.9;17;17.1;25.1;0.0;
03/03/2025 20:11:02;100;0;340.86;-4;-20.58;-2.72;489.6;14.40;76133;2837.172;-1801.393;1;326;-150;-151.6;43.6;43.9;17;17.1;25.1;0.0;
03/03/2025 20:11:22;100;0;340.41;-4;-20.47;-2.88;493.1;14.40;76128;2837.177;-1801.395;1;326;-150;-153.2;43.6;43.9;17;17.1;25.1;0.0;
03/03/2025 20:11:42;100;0;335.73;-4;-20.43;-2.95;496.5;14.30;76116;2837.180;-1801.397;1;326;-150;-153.2;43.6;43.9;17;17.1;25.1;0.0;
03/03/2025 20:12:02;100;0;333.15;-4;-20.33;-2.89;500.1;14.30;76119;2837.184;-1801.400;1;326;-150;-153.2;43.6;43.9;15;14.9;25.1;0.0;
03/03/2025 20:12:22;100;0;331.24;-4;-20.06;-4.15;503.5;14.30;76110;2837.188;-1801.403;1;326;-150;-153.2;43.6;43.9;15;14.9;25.1;0.0;
03/03/2025 20:12:42;100;0;330.39;-4;-19.87;-4.22;506.9;14.30;76097;2837.192;-1801.406;1;326;-150;-151.6;43.6;44.0;15;14.4;25.1;0.0;
03/03/2025 20:13:02;100;0;328.40;-4;-19.82;-4.22;510.3;14.20;76096;2837.195;-1801.409;1;326;-150;-151.6;43.6;43.9;15;14.4;25.1;0.0;
03/03/2025 20:13:22;100;0;324.06;-4;-19.56;-4.12;513.7;14.20;76085;2837.199;-1801.413;1;326;-150;-153.2;43.6;43.9;15;14.4;25.1;0.0;
03/03/2025 20:13:42;100;0;322.09;-4;-19.82;-4.16;517.0;14.20;76078;2837.202;-1801.416;1;326;-150;-151.6;43.6;43.9;12;11.7;25.1;0.0;
03/03/2025 20:14:02;100;0;319.95;-4;-19.87;-5.57;520.7;14.20;76079;2837.205;-1801.420;1;326;-150;-151.6;43.6;43.9;10;9.9;25.1;0.0;
03/03/2025 20:14:22;100;0;318.71;-4;-19.50;-6.55;524.2;14.10;76073;2837.209;-1801.424;1;326;-150;-153.2;43.6;43.9;10;9.9;25.1;0.0;
03/03/2025 20:14:42;100;0;318.65;-4;-19.65;-6.51;527.6;14.10;76068;2837.212;-1801.428;1;326;-150;-151.6;43.6;43.9;10;9.9;25.1;0.0;
03/03/2025 20:15:02;100;0;319.13;-4;-19.79;-6.43;531.2;14.10;76055;2837.215;-1801.432;1;326;-150;-153.2;43.6;43.9;10;9.9;25.1;0.0;
03/03/2025 20:15:22;100;0;318.43;-4;-19.52;-6.51;534.8;14.00;76050;2837.218;-1801.436;1;326;-150;-151.6;43.6;43.9;8;8.1;25.1;0.0;
03/03/2025 20:15:42;100;0;317.27;-4;-19.51;-7.49;538.3;14.00;76045;2837.222;-1801.440;1;326;-150;-151.6;43.6;43.9;8;8.1;25.1;0.0;
03/03/2025 20:16:02;100;0;319.22;-4;-19.23;-7.46;541.7;14.00;76050;2837.225;-1801.444;1;326;-150;-151.6;43.6;43.9;8;8.1;25.1;0.0;
03/03/2025 20:16:22;100;0;321.54;-4;-19.39;-7.33;545.4;14.00;76047;2837.229;-1801.448;1;326;-150;-153.2;43.6;43.9;12;12.2;25.1;0.0;
03/03/2025 20:16:42;100;0;323.31;-4;-19.49;-5.29;548.8;13.90;76032;2837.232;-1801.452;1;326;-150;-154.8;43.6;43.9;12;12.2;25.1;0.0;
03/03/2025 20:17:02;100;0;324.47;-4;-19.58;-5.12;552.2;13.90;76036;2837.236;-1801.455;1;326;-150;-151.6;43.6;43.9;14;14.0;25.1;0.0;
03/03/2025 20:17:22;100;0;323.80;-4;-19.15;-4.25;555.6;13.90;76034;2837.239;-1801.459;1;326;-150;-154.8;43.6;43.9;14;14.0;25.1;0.0;
03/03/2025 20:17:42;100;0;324.03;-4;-19.41;-4.34;559.1;13.90;76029;2837.243;-1801.462;1;326;-150;-151.6;43.6;43.9;14;14.4;25.1;0.0;
03/03/2025 20:18:02;100;0;324.71;-4;-19.60;-4.32;562.4;13.80;76025;2837.246;-1801.466;1;326;-150;-153.2;43.6;43.9;14;14.0;25.1;0.0;
03/03/2025 20:18:22;100;0;323.58;-4;-19.33;-4.34;565.9;13.80;76026;2837.250;-1801.470;1;326;-150;-151.6;43.6;43.9;14;14.0;25.1;0.0;
03/03/2025 20:18:42;100;0;323.95;-4;-19.25;-4.42;569.3;13.80;76024;2837.253;-1801.473;1;326;-150;-153.2;43.6;43.9;14;14.0;25.1;0.0;
03/03/2025 20:19:02;100;0;328.30;-4;-19.31;-4.29;572.6;13.80;76007;2837.257;-1801.476;1;326;-150;-153.2;43.6;43.9;14;14.4;25.1;0.0;
03/03/2025 20:19:22;100;0;330.06;-4;-19.16;-4.38;575.8;13.80;76013;2837.260;-1801.479;1;326;-150;-151.6;43.6;43.9;14;14.0;25.1;0.0;
03/03/2025 20:19:42;100;0;332.26;-4;-19.32;-4.64;579.2;13.70;75996;2837.264;-1801.482;1;326;-150;-156.5;43.6;43.9;14;14.4;25.1;0.0;
03/03/2025 20:20:02;100;0;334.67;-4;-19.36;-4.36;582.4;13.70;75999;2837.268;-1801.485;1;326;-150;-153.2;43.6;43.9;14;14.0;25.1;0.0;
03/03/2025 20:20:22;100;0;337.22;-4;-19.32;-4.34;585.7;13.70;75985;2837.272;-1801.487;1;326;-150;-153.2;43.6;43.9;14;14.0;25.1;0.0;
03/03/2025 20:20:42;100;0;341.05;-4;-19.30;-4.39;588.9;13.70;75993;2837.276;-1801.489;1;326;-150;-153.2;43.6;43.9;17;17.1;25.1;0.0;
03/03/2025 20:21:02;100;0;343.66;-4;-19.54;-2.89;592.0;13.60;75981;2837.279;-1801.491;1;326;-150;-153.2;43.6;43.9;19;19.0;25.1;0.0;
03/03/2025 20:21:22;100;0;344.95;-4;-19.54;-1.81;595.1;13.60;75988;2837.283;-1801.493;1;326;-150;-151.6;43.6;43.9;19;19.4;25.1;0.0;
03/03/2025 20:21:42;100;0;344.78;-4;-19.23;-1.77;598.3;13.60;75978;2837.287;-1801.495;1;326;-150;-153.2;43.6;43.9;21;21.7;25.1;0.0;
03/03/2025 20:22:02;100;0;343.41;-4;-19.53;-0.50;601.3;13.60;75968;2837.290;-1801.496;1;326;-150;-153.2;43.6;43.9;18;17.6;25.1;0.0;
03/03/2025 20:22:22;100;0;341.99;-4;-19.59;-2.77;604.2;13.50;75958;2837.294;-1801.498;1;326;-150;-151.6;43.6;43.9;18;17.6;25.1;0.0;
03/03/2025 20:22:42;100;0;339.12;-4;-19.72;-2.77;607.4;13.50;75959;2837.298;-1801.500;1;326;-150;-153.2;43.6;43.9;16;15.8;25.1;0.0;
03/03/2025 20:23:02;100;0;336.86;-4;-19.67;-3.72;610.6;13.50;75950;2837.301;-1801.503;1;326;-150;-153.2;43.6;43.9;16;15.8;25.1;0.0;
03/03/2025 20:23:22;100;0;333.55;-4;-19.82;-3.70;613.9;13.40;75943;2837.305;-1801.506;1;326;-150;-151.6;43.6;43.9;16;15.8;25.1;0.0;
03/03/2025 20:23:42;100;0;331.34;-4;-19.84;-3.67;617.2;13.40;75938;2837.308;-1801.508;1;326;-150;-151.6;43.6;43.9;16;15.3;25.1;0.0;
03/03/2025 20:24:02;100;0;326.04;-4;-19.31;-3.61;620.7;13.40;75942;2837.312;-1801.512;1;326;-150;-153.2;43.6;43.9;14;14.0;25.1;0.0;
03/03/2025 20:24:22;100;0;321.71;-4;-19.56;-4.56;623.9;13.40;75933;2837.315;-1801.515;1;326;-150;-151.6;43.6;43.9;11;10.8;25.1;0.0;
03/03/2025 20:24:42;100;0;321.22;-4;-19.19;-6.07;627.4;13.40;75922;2837.319;-1801.519;1;326;-150;-153.2;43.6;43.9;11;10.8;25.1;0.0;
03/03/2025 20:25:02;100;0;318.83;-4;-19.39;-6.05;630.7;13.30;75913;2837.322;-1801.523;1;326;-150;-153.2;43.6;43.9;9;9.0;25.1;0.0;
03/03/2025 20:25:22;100;0;319.52;-4;-18.93;-6.92;634.0;13.30;75913;2837.325;-1801.527;1;326;-150;-153.2;43.9;43.9;9;9.0;25.1;0.0;
03/03/2025 20:25:42;100;0;322.55;-4;-18.75;-7.19;637.5;13.30;75912;2837.329;-1801.531;1;326;-150;-151.6;44.3;44.5;12;12.2;25.1;0.0;
03/03/2025 20:26:02;100;0;325.90;-4;-20.40;-5.11;640.9;13.30;75899;2837.332;-1801.534;1;326;-150;-153.2;44.3;44.5;14;14.0;25.1;0.0;
03/03/2025 20:26:22;100;0;329.49;-4;-20.21;-4.17;644.5;13.20;75900;2837.336;-1801.537;1;326;-150;-151.6;44.3;44.6;14;14.0;25.1;0.0;
03/03/2025 20:26:42;100;0;331.94;-4;-20.74;-4.29;648.0;13.20;75895;2837.340;-1801.540;1;326;-150;-151.6;44.3;44.6;14;14.4;25.1;0.0;
03/03/2025 20:27:02;100;0;335.36;-4;-20.36;-4.30;651.2;13.20;75881;2837.343;-1801.542;1;326;-150;-153.2;44.3;44.6;14;14.0;25.1;0.0;
03/03/2025 20:27:22;100;0;338.47;-4;-20.56;-4.19;654.7;13.20;75889;2837.347;-1801.545;1;326;-150;-153.2;44.3;44.6;16;16.2;25.1;0.0;
03/03/2025 20:27:42;100;0;338.62;-4;-20.81;-3.22;658.2;13.10;75875;2837.351;-1801.547;1;326;-150;-151.6;44.3;44.8;16;16.7;25.1;0.0;
03/03/2025 20:28:02;100;0;336.84;-4;-20.79;-3.25;661.5;13.10;75874;2837.355;-1801.550;1;326;-150;-153.2;44.3;44.6;16;16.7;25.1;0.0;
03/03/2025 20:28:22;100;0;334.58;-4;-21.02;-3.26;664.9;13.10;75867;2837.358;-1801.552;1;326;-150;-151.6;44.3;44.6;16;16.2;25.1;0.0;
03/03/2025 20:28:42;100;0;332.33;-4;-20.90;-3.28;668.3;13.10;75864;2837.362;-1801.555;1;326;-150;-151.6;44.3;44.6;16;16.2;25.1;0.0;
03/03/2025 20:29:02;100;0;330.80;-4;-20.85;-3.21;671.8;13.00;75855;2837.365;-1801.558;1;326;-150;-151.6;44.3;44.6;16;16.2;25.1;0.0;
03/03/2025 20:29:22;100;0;328.96;-4;-20.67;-3.25;675.3;13.00;75848;2837.369;-1801.561;1;326;-150;-153.2;44.3;44.6;16;16.7;25.1;0.0;
03/03/2025 20:29:42;100;0;329.48;-4;-20.39;-3.27;678.4;13.00;75854;2837.372;-1801.564;1;326;-150;-151.6;44.3;44.6;16;16.2;25.1;0.0;
03/03/2025 20:30:02;100;0;330.06;-4;-20.65;-3.09;681.5;13.00;75842;2837.376;-1801.567;1;326;-150;-154.8;44.3;44.6;16;16.2;25.1;0.0;
03/03/2025 20:30:22;100;0;328.94;-4;-20.86;-3.28;684.8;13.00;75832;2837.379;-1801.569;1;326;-150;-153.2;44.3;44.6;16;16.2;25.1;0.0;
03/03/2025 20:30:42;100;0;327.33;-4;-20.69;-3.33;687.9;12.90;75825;2837.382;-1801.572;1;326;-150;-153.2;44.3;44.6;14;14.0;25.1;0.0;
03/03/2025 20:31:02;100;0;329.02;-4;-20.26;-4.83;690.9;12.90;75824;2837.385;-1801.575;1;326;-150;-151.6;44.3;44.6;14;13.5;25.1;0.0;
03/03/2025 20:31:22;100;0;330.64;-4;-20.28;-4.82;694.1;12.90;75816;2837.389;-1801.578;1;326;-150;-151.6;44.3;44.6;14;13.5;25.1;0.0;
03/03/2025 20:31:42;100;0;330.80;-4;-20.51;-4.72;697.0;12.90;75806;2837.392;-1801.581;1;326;-150;-151.6;44.3;44.6;14;13.5;25.1;0.0;
03/03/2025 20:32:02;100;0;331.38;-4;-20.95;-4.65;700.1;12.80;75799;2837.395;-1801.583;1;326;-150;-151.6;44.3;44.6;14;13.5;25.1;0.0;
03/03/2025 20:32:22;100;0;331.42;-4;-20.67;-4.66;703.2;12.80;75787;2837.398;-1801.586;1;326;-150;-151.6;44.3;44.6;14;13.5;25.1;0.0;
03/03/2025 20:32:42;100;0;330.81;-4;-20.49;-4.75;706.1;12.80;75777;2837.401;-1801.588;1;326;-150;-153.2;44.3;44.6;14;13.5;25.1;0.0;
03/03/2025 20:33:03;100;0;331.52;-4;-20.52;-4.71;709.1;12.80;75788;2837.404;-1801.591;1;326;-150;-151.6;44.3;44.6;14;13.5;25.1;0.0;
03/03/2025 20:33:23;100;0;330.70;-4;-20.70;-4.69;712.1;12.70;75773;2837.407;-1801.594;1;326;-150;-151.6;44.3;44.6;14;13.5;25.1;0.0;
03/03/2025 20:33:43;100;0;330.72;-4;-20.82;-4.74;715.1;12.70;75772;2837.410;-1801.596;1;326;-150;-153.2;44.3;44.6;14;13.5;25.1;0.0;
03/03/2025 20:34:03;100;0;331.44;-4;-20.91;-4.55;718.1;12.70;75774;2837.414;-1801.599;1;326;-150;-153.2;44.3;44.6;14;13.5;25.1;0.0;
03/03/2025 20:34:23;100;0;330.39;-4;-20.69;-4.78;721.2;12.70;75763;2837.417;-1801.601;1;326;-150;-151.6;44.3;44.6;14;13.5;25.1;0.0;
03/03/2025 20:34:43;100;0;330.77;-4;-20.38;-4.68;724.2;12.60;75759;2837.420;-1801.604;1;326;-150;-151.6;44.3;44.6;14;13.5;25.1;0.0;
03/03/2025 20:35:03;100;0;333.00;-4;-20.27;-4.71;727.1;12.60;75760;2837.423;-1801.607;1;326;-150;-153.2;44.3;44.6;14;13.5;25.1;0.0;
03/03/2025 20:35:23;100;0;335.19;-4;-20.03;-4.78;730.0;12.60;75752;2837.426;-1801.609;1;326;-150;-151.6;44.3;44.6;14;13.5;25.1;0.0;
03/03/2025 20:35:43;100;0;338.33;-4;-19.92;-4.78;732.8;12.60;75740;2837.430;-1801.611;1;326;-150;-151.6;44.3;44.6;14;13.5;25.1;0.0;
03/03/2025 20:36:03;100;0;339.56;-4;-20.11;-4.82;735.5;12.50;75729;2837.433;-1801.613;1;326;-150;-153.2;44.3;44.6;14;13.5;25.1;0.0;
03/03/2025 20:36:23;100;0;342.22;-4;-20.13;-4.78;738.2;12.50;75710;2837.436;-1801.615;1;326;-150;-153.2;44.3;44.6;17;17.1;25.1;0.0;
03/03/2025 20:36:43;100;0;343.26;-4;-20.38;-2.71;741.1;12.50;75693;2837.439;-1801.616;1;326;-150;-153.2;44.3;44.6;17;17.6;25.1;0.0;
03/03/2025 20:37:03;100;0;344.31;-4;-20.46;-2.77;743.8;12.40;75703;2837.442;-1801.618;1;326;-150;-151.6;44.3;44.6;17;17.6;25.1;0.0;
03/03/2025 20:37:23;100;0;345.51;-4;-20.38;-2.75;746.7;12.40;75690;2837.446;-1801.620;1;326;-150;-153.2;44.3;44.6;21;21.2;25.1;0.0;
03/03/2025 20:37:43;100;0;342.77;-4;-20.72;-0.69;749.4;12.40;75686;2837.449;-1801.621;1;326;-150;-153.2;44.3;44.6;17;17.1;25.1;0.0;
03/03/2025 20:38:03;100;0;336.70;-4;-20.36;-3.18;752.2;12.40;75682;2837.452;-1801.623;1;326;-150;-151.6;44.3;44.6;15;14.9;25.1;0.0;
03/03/2025 20:38:23;100;0;335.15;-4;-20.48;-4.26;755.3;12.30;75664;2837.456;-1801.626;1;326;-150;-153.2;44.3;44.6;15;14.4;25.1;0.0;
03/03/2025 20:38:43;100;0;332.87;-4;-20.95;-4.21;758.2;12.30;75650;2837.459;-1801.628;1;326;-150;-151.6;44.3;44.6;15;14.4;25.1;0.0;
03/03/2025 20:39:03;100;0;330.63;-4;-20.69;-4.20;761.3;12.30;75631;2837.462;-1801.631;1;326;-150;-151.6;44.3;44.6;15;14.4;25.1;0.0;
03/03/2025 20:39:23;100;0;329.93;-4;-20.96;-4.26;764.5;12.20;75622;2837.465;-1801.634;1;326;-150;-153.2;44.3;44.6;15;14.4;25.1;0.0;
03/03/2025 20:39:43;100;0;328.73;-4;-20.63;-4.23;767.7;12.20;75612;2837.468;-1801.637;1;326;-150;-153.2;44.3;44.6;15;14.4;25.1;0.0;
03/03/2025 20:40:03;100;0;327.96;-4;-20.58;-4.22;771.0;12.20;75603;2837.472;-1801.640;1;326;-150;-153.2;44.3;44.6;15;14.4;25.1;0.0;
03/03/2025 20:40:23;100;0;328.19;-4;-20.37;-4.21;774.1;12.20;75601;2837.475;-1801.643;1;326;-150;-151.6;44.3;44.6;15;14.4;25.1;0.0;
03/03/2025 20:40:43;100;0;329.33;-4;-20.08;-4.22;777.2;12.10;75597;2837.478;-1801.645;1;326;-150;-153.2;44.3;44.6;15;14.4;25.1;0.0;
03/03/2025 20:41:03;100;0;329.35;-4;-20.54;-4.23;780.3;12.10;75594;2837.481;-1801.648;1;326;-150;-153.2;44.3;44.6;15;14.4;25.1;0.0;
03/03/2025 20:41:23;100;0;329.20;-4;-20.34;-4.22;783.5;12.00;75575;2837.485;-1801.651;1;326;-150;-153.2;44.3;44.6;15;14.4;25.1;0.0;
03/03/2025 20:41:43;100;0;330.39;-4;-20.23;-4.26;786.6;12.00;75576;2837.488;-1801.654;1;326;-150;-151.6;44.3;44.6;15;14.4;25.1;0.0;
03/03/2025 20:42:03;100;0;330.68;-4;-20.40;-4.26;789.6;12.00;75566;2837.491;-1801.657;1;326;-150;-153.2;44.3;44.8;15;14.4;25.1;0.0;
03/03/2025 20:42:23;100;0;330.98;-4;-20.35;-4.27;792.7;12.00;75554;2837.495;-1801.659;1;326;-150;-151.6;44.3;44.6;15;14.4;25.1;0.0;
03/03/2025 20:42:43;100;0;332.82;-4;-20.11;-4.18;795.7;11.90;75556;2837.498;-1801.662;1;326;-150;-153.2;44.3;44.6;15;14.4;25.1;0.0;
03/03/2025 20:43:03;100;0;332.63;-4;-20.00;-4.31;798.9;11.90;75557;2837.501;-1801.665;1;326;-150;-153.2;44.3;44.6;15;14.4;25.1;0.0;
03/03/2025 20:43:23;100;0;333.98;-4;-20.05;-4.30;801.9;11.90;75550;2837.505;-1801.667;1;326;-150;-153.2;44.3;44.6;15;14.4;25.1;0.0;
03/03/2025 20:43:43;100;0;334.51;-4;-20.26;-4.25;804.9;11.90;75546;2837.508;-1801.669;1;326;-150;-151.6;44.3;44.6;15;14.4;25.1;0.0;
03/03/2025 20:44:03;100;0;333.48;-4;-20.42;-4.19;808.0;11.80;75547;2837.511;-1801.672;1;326;-150;-153.2;44.3;44.6;15;14.4;25.1;0.0;
03/03/2025 20:44:23;100;0;332.97;-4;-20.35;-4.28;811.1;11.80;75545;2837.515;-1801.675;1;326;-150;-153.2;44.3;44.6;15;14.4;25.1;0.0;
03/03/2025 20:44:43;100;0;331.74;-4;-20.76;-4.23;814.0;11.80;75539;2837.518;-1801.677;1;326;-150;-151.6;44.3;44.6;15;14.4;25.1;0.0;
03/03/2025 20:45:03;100;0;330.66;-4;-20.80;-4.26;817.1;11.80;75529;2837.521;-1801.680;1;326;-150;-151.6;44.3;44.6;15;14.4;25.1;0.0;
03/03/2025 20:45:23;100;0;328.79;-4;-20.83;-4.14;820.1;11.70;75524;2837.524;-1801.682;1;326;-150;-153.2;44.3;44.6;15;14.4;25.1;0.0;
03/03/2025 20:45:43;100;0;326.26;-4;-20.18;-4.28;823.4;11.70;75518;2837.527;-1801.686;1;326;-150;-151.6;44.3;44.6;15;14.4;25.1;0.0;
03/03/2025 20:46:03;100;0;325.53;-4;-20.47;-4.19;826.3;11.70;75518;2837.530;-1801.689;1;326;-150;-151.6;44.3;44.6;13;13.1;25.1;0.0;
03/03/2025 20:46:23;100;0;324.09;-4;-20.34;-5.14;829.4;11.70;75514;2837.534;-1801.692;1;326;-150;-151.6;44.3;44.6;13;12.6;25.1;0.0;
03/03/2025 20:46:43;100;0;326.31;-4;-20.13;-5.14;832.4;11.60;75495;2837.537;-1801.695;1;326;-150;-151.6;44.3;44.6;13;12.6;25.1;0.0;
03/03/2025 20:47:03;100;0;327.13;-4;-19.35;-5.17;835.4;11.60;75497;2837.540;-1801.698;1;326;-150;-153.2;44.3;44.6;13;12.6;25.1;0.0;
03/03/2025 20:47:23;100;0;327.57;-4;-19.83;-5.17;838.1;11.60;75496;2837.543;-1801.701;1;326;-150;-151.6;44.3;44.6;13;12.6;25.1;0.0;
03/03/2025 20:47:43;100;0;328.33;-4;-20.54;-5.18;840.9;11.60;75499;2837.545;-1801.703;1;326;-150;-151.6;44.3;44.6;13;12.6;25.1;0.0;
03/03/2025 20:48:03;100;0;334.44;-4;-21.15;-5.28;843.8;11.50;75494;2837.548;-1801.705;1;326;-150;-153.2;44.3;44.6;15;14.9;25.1;0.0;
03/03/2025 20:48:23;100;0;336.80;-4;-20.34;-3.92;846.9;11.50;75472;2837.552;-1801.708;1;326;-150;-153.2;44.3;44.6;15;14.9;25.1;0.0;
03/03/2025 20:48:43;100;0;336.94;-4;-19.82;-3.93;849.7;11.50;75480;2837.555;-1801.710;1;326;-150;-151.6;44.3;44.6;15;15.3;25.1;0.0;
03/03/2025 20:49:03;100;0;338.45;-4;-19.97;-3.85;852.5;11.50;75468;2837.558;-1801.712;1;326;-150;-151.6;44.3;44.6;15;15.3;25.1;0.0;
03/03/2025 20:49:23;100;0;340.47;-4;-19.87;-3.89;855.2;11.40;75464;2837.561;-1801.714;1;326;-150;-153.2;44.3;44.6;15;15.3;25.1;0.0;
03/03/2025 20:49:43;100;0;341.85;-4;-19.89;-3.89;858.0;11.40;75458;2837.565;-1801.716;1;326;-150;-153.2;44.3;44.6;15;15.3;25.1;0.0;
03/03/2025 20:50:03;100;0;342.24;-4;-19.86;-3.90;860.6;11.40;75442;2837.568;-1801.717;1;326;-150;-153.2;44.3;44.6;17;17.1;25.1;0.0;
03/03/2025 20:50:23;100;0;343.48;-4;-19.97;-2.72;863.4;11.40;75448;2837.571;-1801.719;1;326;-150;-151.6;44.3;44.6;17;17.6;25.1;0.0;
03/03/2025 20:50:43;100;0;343.74;-4;-19.81;-2.85;865.9;11.30;75439;2837.574;-1801.721;1;326;-150;-153.2;44.3;44.8;17;17.6;25.1;0.0;
03/03/2025 20:51:03;100;0;344.84;-4;-19.37;-2.92;868.5;11.30;75424;2837.577;-1801.722;1;326;-150;-151.6;44.3;44.6;19;19.4;25.1;0.0;
03/03/2025 20:51:23;100;0;345.04;-4;-20.50;-1.58;871.0;11.30;75425;2837.580;-1801.724;1;326;-150;-153.2;44.3;44.6;19;19.9;25.1;0.0;
03/03/2025 20:51:43;100;0;342.58;-4;-20.26;-1.86;873.6;11.20;75426;2837.583;-1801.725;1;326;-150;-153.2;44.3;44.6;17;17.1;25.1;0.0;
03/03/2025 20:52:03;100;0;340.83;-4;-19.52;-3.16;876.3;11.20;75427;2837.586;-1801.727;1;326;-150;-153.2;44.3;44.6;17;17.1;25.1;0.0;
03/03/2025 20:52:23;100;0;340.41;-4;-20.55;-3.32;878.8;11.20;75422;2837.589;-1801.729;1;326;-150;-153.2;44.3;44.6;17;17.1;25.1;0.0;
03/03/2025 20:52:43;100;0;338.90;-4;-19.42;-2.44;881.6;11.20;75411;2837.592;-1801.731;1;326;-150;-153.2;44.3;44.6;17;16.7;25.1;0.0;
03/03/2025 20:53:03;100;0;337.16;-4;-20.41;-3.09;884.2;11.10;75409;2837.595;-1801.733;1;326;-150;-153.2;44.3;44.6;15;14.9;25.1;0.0;
03/03/2025 20:53:23;100;0;336.54;-4;-19.73;-4.18;887.1;11.10;75402;2837.599;-1801.735;1;326;-150;-151.6;44.3;44.6;15;14.9;25.1;0.0;
03/03/2025 20:53:43;100;0;335.74;-4;-17.96;-3.90;890.0;11.10;75414;2837.602;-1801.738;1;326;-150;-153.2;44.9;44.9;15;14.4;25.1;0.0;
03/03/2025 20:54:03;100;0;337.85;-4;-20.19;-4.20;892.5;11.10;75399;2837.605;-1801.739;1;326;-150;-151.6;44.9;45.2;15;14.9;25.1;0.0;
03/03/2025 20:54:23;100;0;340.17;-4;-20.89;-4.20;895.2;11.10;75405;2837.608;-1801.741;1;326;-150;-151.6;44.9;45.1;15;14.9;25.1;0.0;
03/03/2025 20:54:43;100;0;339.23;-4;-20.92;-4.08;897.9;11.10;75411;2837.611;-1801.743;1;326;-150;-153.2;44.9;45.2;15;14.9;25.1;0.0;
03/03/2025 20:55:03;100;0;340.70;-4;-20.23;-4.25;900.9;11.00;75389;2837.614;-1801.745;1;326;-150;-151.6;44.9;45.1;17;17.1;25.1;0.0;
03/03/2025 20:55:23;100;0;341.15;-4;-21.21;-2.43;904.0;11.00;75402;2837.618;-1801.747;1;326;-150;-151.6;44.9;45.1;17;17.6;25.1;0.0;
03/03/2025 20:55:43;100;0;337.89;-4;-20.44;-2.86;907.0;11.00;75389;2837.621;-1801.749;1;326;-150;-151.6;44.9;45.2;17;17.6;25.1;0.0;
03/03/2025 20:56:03;100;0;336.67;-4;-21.18;-2.54;909.9;11.00;75381;2837.624;-1801.752;1;326;-150;-151.6;44.9;45.2;15;14.9;25.1;0.0;
03/03/2025 20:56:23;100;0;336.51;-4;-21.00;-4.33;913.0;10.90;75384;2837.628;-1801.754;1;326;-150;-153.2;44.9;45.2;15;14.4;25.1;0.0;
03/03/2025 20:56:43;100;0;336.39;-4;-20.76;-4.37;916.2;10.90;75374;2837.631;-1801.756;1;326;-150;-153.2;44.9;45.1;15;14.4;25.1;0.0;
03/03/2025 20:57:03;100;0;336.14;-4;-20.40;-4.37;919.3;10.90;75362;2837.635;-1801.759;1;326;-150;-151.6;44.9;45.2;15;14.4;25.1;0.0;
03/03/2025 20:57:23;100;0;337.30;-4;-20.63;-4.31;922.5;10.90;75371;2837.638;-1801.761;1;326;-150;-151.6;44.9;45.2;15;14.4;25.1;0.0;
03/03/2025 20:57:43;100;0;338.90;-4;-21.15;-4.25;925.4;10.90;75361;2837.641;-1801.763;1;326;-150;-153.2;44.9;45.2;15;14.4;25.1;0.0;
03/03/2025 20:58:03;100;0;340.75;-4;-20.70;-4.18;928.4;10.80;75363;2837.645;-1801.765;1;326;-150;-153.2;44.9;45.2;17;17.1;25.1;0.0;
03/03/2025 20:58:23;100;0;344.27;-4;-20.83;-2.75;931.6;10.80;75348;2837.648;-1801.766;1;326;-150;-151.6;44.9;45.2;20;19.9;25.1;0.0;
03/03/2025 20:58:43;100;0;344.47;-4;-21.10;-1.62;934.7;10.80;75353;2837.652;-1801.768;1;326;-150;-153.2;44.9;45.2;20;20.3;25.1;0.0;
03/03/2025 20:59:03;100;0;342.09;-4;-21.54;-1.42;937.8;10.80;75357;2837.655;-1801.770;1;326;-150;-153.2;44.9;45.2;18;18.1;25.1;0.0;
03/03/2025 20:59:23;100;0;339.25;-4;-21.31;-2.63;941.0;10.80;75347;2837.659;-1801.772;1;326;-150;-151.6;44.9;45.2;16;15.8;25.1;0.0;
03/03/2025 20:59:43;100;0;341.38;-4;-20.57;-3.70;944.2;10.70;75348;2837.663;-1801.774;1;326;-150;-153.2;44.9;45.2;16;15.3;25.1;0.0;
03/03/2025 21:00:03;100;0;343.93;-4;-20.75;-3.79;947.2;10.70;75333;2837.666;-1801.776;1;326;-150;-151.6;44.9;45.2;19;19.0;25.1;0.0;
03/03/2025 21:00:23;100;0;342.83;-4;-20.89;-1.88;950.3;10.70;75328;2837.670;-1801.778;1;326;-150;-153.2;44.9;45.2;19;19.4;25.1;0.0;
03/03/2025 21:00:43;100;0;340.56;-4;-21.05;-1.94;953.3;10.70;75343;2837.673;-1801.780;1;326;-150;-151.6;44.9;45.2;17;17.1;25.1;0.0;
03/03/2025 21:01:03;100;0;340.30;-4;-21.29;-3.15;956.5;10.70;75333;2837.676;-1801.782;1;326;-150;-151.6;44.9;45.2;17;17.1;25.1;0.0;
03/03/2025 21:01:23;100;0;339.39;-4;-21.06;-2.71;959.5;10.60;75323;2837.680;-1801.784;1;326;-150;-151.6;44.9;45.2;17;17.1;25.1;0.0;
03/03/2025 21:01:43;100;0;338.28;-4;-21.08;-2.97;962.4;10.60;75327;2837.683;-1801.786;1;326;-150;-153.2;44.9;45.2;17;17.1;25.1;0.0;
03/03/2025 21:02:03;100;0;337.52;-4;-20.80;-3.06;965.5;10.60;75319;2837.686;-1801.788;1;326;-150;-151.6;44.9;45.2;17;17.1;25.1;0.0;
03/03/2025 21:02:23;100;0;337.14;-4;-20.82;-3.14;968.3;10.60;75312;2837.689;-1801.790;1;326;-150;-153.2;44.9;45.2;17;17.1;25.1;0.0;
03/03/2025 21:02:43;100;0;336.86;-4;-21.07;-3.14;971.1;10.50;75319;2837.693;-1801.792;1;326;-150;-151.6;44.9;45.2;17;17.1;25.1;0.0;
03/03/2025 21:03:03;100;0;337.24;-4;-21.39;-3.13;974.1;10.50;75305;2837.696;-1801.794;1;326;-150;-153.2;44.9;45.2;17;17.1;25.1;0.0;
03/03/2025 21:03:23;100;0;336.95;-4;-20.83;-3.12;977.1;10.50;75307;2837.699;-1801.797;1;326;-150;-153.2;44.9;45.2;17;17.1;25.1;0.0;
03/03/2025 21:03:43;100;0;336.97;-4;-21.05;-3.13;980.0;10.50;75299;2837.702;-1801.799;1;326;-150;-153.2;44.9;45.2;17;17.1;25.1;0.0;
03/03/2025 21:04:03;100;0;337.60;-4;-21.19;-2.98;982.8;10.50;75290;2837.705;-1801.801;1;326;-150;-151.6;44.9;45.2;17;17.1;25.1;0.0;
03/03/2025 21:04:23;100;0;336.54;-4;-21.08;-3.04;985.8;10.40;75299;2837.709;-1801.803;1;326;-150;-153.2;44.9;45.2;17;17.1;25.1;0.0;
03/03/2025 21:04:43;100;0;334.86;-4;-21.00;-3.15;988.7;10.40;75286;2837.712;-1801.805;1;326;-150;-151.6;44.9;45.2;17;17.1;25.1;0.0;
03/03/2025 21:05:03;100;0;333.46;-4;-20.87;-3.11;991.6;10.40;75274;2837.715;-1801.808;1;326;-150;-154.8;44.9;45.2;17;17.1;25.1;0.0;
03/03/2025 21:05:23;100;0;332.84;-4;-21.27;-3.12;994.3;10.40;75288;2837.718;-1801.810;1;326;-150;-153.2;44.9;45.1;17;16.7;25.1;0.0;
03/03/2025 21:05:43;100;0;332.30;-4;-20.90;-2.98;997.3;10.40;75272;2837.721;-1801.812;1;326;-150;-153.2;44.9;45.2;17;17.1;25.1;0.0;
03/03/2025 21:05:54;118;0;332.34;-4;-20.78;-3.10;998.8;10.40;75281;2837.722;-1801.814;1;326;450;-148.4;21.1;21.1;6;5.4;25.1;0.0;
03/03/2025 21:06:04;118;0;52.36;-4;-7.24;-9.64;1000.0;10.40;75265;2837.724;-1801.812;1;326;450;-21.0;21.1;20.8;6;5.4;23.6;-1.0;
03/03/2025 21:06:14;118;0;44.22;-4;20.43;-9.50;1000.0;10.40;74994;2837.723;-1801.812;1;326;450;103.2;21.1;21.1;6;5.4;23.4;-1.0;
03/03/2025 21:06:24;118;0;36.85;-4;30.19;-10.03;999.2;10.40;74732;2837.724;-1801.812;1;326;450;227.4;21.1;21.2;6;5.4;23.4;-1.0;
03/03/2025 21:06:34;118;0;37.41;-4;29.95;-9.89;997.7;10.40;74496;2837.725;-1801.811;1;326;450;350.0;21.1;21.2;6;5.4;23.5;-1.0;
03/03/2025 21:06:45;118;0;36.06;-4;27.98;-9.20;996.2;10.40;74248;2837.726;-1801.811;1;326;450;451.6;21.1;21.2;6;5.4;23.5;-1.0;
03/03/2025 21:06:55;118;0;326.94;-4;25.25;-8.01;994.3;10.40;74036;2837.728;-1801.812;1;326;450;451.6;21.1;21.2;6;5.4;25.0;-1.0;
03/03/2025 21:07:05;118;0;323.94;-4;22.95;-8.54;992.2;10.40;74037;2837.730;-1801.814;1;326;450;451.6;21.1;21.2;6;5.4;25.0;-1.0;
03/03/2025 21:07:25;117;0;315.44;-4;21.01;-8.50;988.5;10.50;74029;2837.733;-1801.818;1;326;450;450.0;21.1;21.2;6;5.4;25.0;-1.0;
03/03/2025 21:07:45;117;0;306.11;-4;20.34;-8.65;984.7;10.50;74038;2837.735;-1801.823;1;326;450;451.6;21.1;21.2;55;55.1;25.0;-1.0;
03/03/2025 21:08:05;117;0;315.23;-4;22.21;17.12;981.0;10.50;74034;2837.738;-1801.827;1;326;450;451.6;21.7;21.9;40;40.2;25.1;-1.0;
03/03/2025 21:08:25;117;0;320.22;-4;22.20;9.51;977.2;10.60;74035;2837.742;-1801.831;1;326;450;453.2;22.4;22.5;33;32.9;25.1;-1.0;
03/03/2025 21:08:45;117;0;321.40;-4;21.41;5.38;973.5;10.60;74032;2837.745;-1801.835;1;326;450;451.6;22.4;22.5;33;32.5;25.1;-1.0;
03/03/2025 21:09:05;117;0;322.32;-4;20.78;5.35;969.8;10.60;74035;2837.749;-1801.839;1;326;450;451.6;22.4;22.5;33;32.5;25.1;-1.0;
03/03/2025 21:09:25;117;0;324.01;-4;20.95;5.34;966.3;10.50;74030;2837.752;-1801.842;1;326;450;451.6;22.4;22.5;30;29.8;25.0;-1.0;
03/03/2025 21:09:45;117;0;325.11;-4;20.58;3.93;962.4;10.50;74017;2837.756;-1801.846;1;326;450;451.6;22.4;22.5;30;29.8;25.1;-1.0;
03/03/2025 21:10:05;117;0;325.39;-4;20.16;4.07;959.0;10.50;74023;2837.759;-1801.849;1;326;450;451.6;22.4;22.7;30;29.8;25.1;-1.0;
03/03/2025 21:10:25;117;0;325.65;-4;20.33;3.95;955.4;10.50;74021;2837.763;-1801.853;1;326;450;451.6;22.4;22.5;30;29.8;25.1;-1.0;
03/03/2025 21:10:45;117;0;326.58;-4;20.54;3.80;951.9;10.50;74017;2837.766;-1801.856;1;326;450;451.6;22.4;22.5;30;29.8;25.1;-1.0;
03/03/2025 21:11:05;117;0;325.42;-4;20.58;3.78;948.4;10.50;74014;2837.770;-1801.859;1;326;450;451.6;22.4;22.5;30;29.8;25.1;-1.0;
03/03/2025 21:11:25;117;0;326.02;-4;20.88;3.86;944.6;10.40;74016;2837.774;-1801.863;1;326;450;451.6;22.4;22.5;30;29.8;25.1;-1.0;
03/03/2025 21:11:45;117;0;325.48;-4;20.09;4.00;940.8;10.40;74008;2837.777;-1801.867;1;326;450;450.0;22.4;22.7;30;29.8;25.1;-1.0;
03/03/2025 21:12:05;117;0;326.16;-4;20.11;3.90;937.3;10.40;74006;2837.781;-1801.870;1;326;450;451.6;22.4;22.5;30;29.8;25.1;-1.0;
03/03/2025 21:12:25;117;0;326.94;-4;20.74;4.28;933.6;10.40;74005;2837.785;-1801.873;1;326;450;451.6;22.4;22.5;30;29.8;25.1;-1.0;
03/03/2025 21:12:45;117;0;329.40;-4;20.48;3.90;929.7;10.40;74008;2837.789;-1801.877;1;326;450;451.6;22.4;22.5;30;29.8;25.1;-1.0;
03/03/2025 21:13:05;117;0;330.03;-4;20.14;3.89;925.9;10.40;73998;2837.793;-1801.880;1;326;450;451.6;22.4;22.5;30;29.8;25.1;-1.0;
03/03/2025 21:13:25;117;0;330.70;-4;20.36;3.83;922.1;10.40;74001;2837.797;-1801.883;1;326;450;450.0;22.4;22.5;30;29.8;25.1;-1.0;
03/03/2025 21:13:45;117;0;329.50;-4;20.34;4.03;918.3;10.30;73986;2837.801;-1801.887;1;326;450;453.2;22.4;22.7;30;29.8;25.1;-1.0;
03/03/2025 21:14:05;117;0;329.44;-4;20.02;3.84;914.5;10.30;73990;2837.805;-1801.890;1;326;450;451.6;22.4;22.5;30;29.8;25.1;-1.0;
03/03/2025 21:14:25;117;0;329.95;-4;20.49;3.71;910.5;10.30;73985;2837.809;-1801.894;1;326;450;451.6;22.4;22.7;30;29.8;25.1;-1.0;
03/03/2025 21:14:45;117;0;330.30;-4;20.24;3.93;906.7;10.30;73980;2837.814;-1801.897;1;326;450;451.6;22.4;22.5;30;29.8;25.1;-1.0;
03/03/2025 21:15:05;117;0;330.15;-4;20.15;3.96;902.9;10.30;73991;2837.818;-1801.900;1;326;450;453.2;22.4;22.5;30;29.8;25.1;-1.0;
03/03/2025 21:15:25;117;0;331.88;-4;20.01;3.75;899.1;10.30;73986;2837.822;-1801.903;1;326;450;451.6;22.4;22.5;30;29.8;25.1;-1.0;
03/03/2025 21:15:45;117;0;332.61;-4;20.23;3.96;895.2;10.20;73975;2837.826;-1801.907;1;326;450;450.0;22.4;22.5;30;29.8;25.1;-1.0;
03/03/2025 21:16:05;117;0;333.31;-4;19.90;3.85;891.7;10.20;73977;2837.830;-1801.909;1;326;450;451.6;22.4;22.5;30;29.8;25.1;-1.0;
03/03/2025 21:16:25;117;0;332.65;-4;20.34;3.95;888.2;10.20;73989;2837.834;-1801.912;1;326;450;451.6;22.4;22.5;30;29.8;25.1;-1.0;
03/03/2025 21:16:45;117;0;331.81;-4;19.86;3.77;884.5;10.20;73981;2837.838;-1801.915;1;326;450;451.6;22.4;22.5;30;29.8;25.1;-1.0;
03/03/2025 21:17:05;117;0;332.14;-4;19.81;3.95;881.0;10.20;73974;2837.842;-1801.918;1;326;450;451.6;22.4;22.5;30;29.8;25.0;-1.0;
03/03/2025 21:17:25;117;0;332.53;-4;19.81;3.92;877.5;10.20;73976;2837.846;-1801.921;1;326;450;451.6;22.4;22.5;30;29.8;25.1;-1.0;
03/03/2025 21:17:45;117;0;333.53;-4;20.29;3.93;874.1;10.20;73974;2837.849;-1801.924;1;326;450;450.0;22.4;22.7;30;29.8;25.1;-1.0;
03/03/2025 21:18:05;117;0;334.25;-4;19.45;3.83;870.6;10.20;73969;2837.853;-1801.927;1;326;450;451.6;22.4;22.7;30;29.8;25.1;-1.0;
03/03/2025 21:18:25;117;0;336.02;-4;19.97;3.85;867.2;10.20;73967;2837.857;-1801.929;1;326;450;450.0;22.4;22.7;30;29.8;25.1;-1.0;
03/03/2025 21:18:45;117;0;335.45;-4;19.70;3.72;863.7;10.20;73967;2837.861;-1801.932;1;326;450;451.6;22.4;22.5;30;29.8;25.1;-1.0;
03/03/2025 21:19:05;117;0;335.79;-4;20.19;3.96;860.5;10.10;73968;2837.865;-1801.935;1;326;450;451.6;22.4;22.5;30;29.8;25.1;-1.0;
03/03/2025 21:19:25;117;0;339.17;-4;20.14;3.88;857.1;10.10;73958;2837.869;-1801.937;1;326;450;451.6;22.4;22.7;28;28.0;25.1;-1.0;
03/03/2025 21:19:45;117;0;339.30;-4;19.69;2.90;853.8;10.10;73948;2837.873;-1801.939;1;326;450;451.6;22.4;22.5;28;28.0;25.1;-1.0;
03/03/2025 21:20:05;117;0;339.32;-4;19.76;2.89;850.7;10.10;73950;2837.876;-1801.941;1;326;450;451.6;22.4;22.7;28;28.0;25.1;-1.0;
03/03/2025 21:20:25;117;0;339.04;-4;19.71;2.92;847.6;10.10;73952;2837.880;-1801.943;1;326;450;451.6;22.4;22.5;28;28.0;25.1;-1.0;
03/03/2025 21:20:45;117;0;338.42;-4;19.57;2.75;844.4;10.10;73944;2837.883;-1801.946;1;326;450;451.6;22.4;22.5;28;28.0;25.1;-1.0;
03/03/2025 21:21:05;117;0;337.78;-4;20.03;3.21;841.5;10.10;73957;2837.887;-1801.948;1;326;450;450.0;22.4;22.5;28;27.5;25.1;-1.0;
03/03/2025 21:21:25;117;0;337.26;-4;20.05;2.78;838.5;10.10;73945;2837.890;-1801.950;1;326;450;453.2;22.4;22.7;28;28.0;25.1;-1.0;
03/03/2025 21:21:45;117;0;336.29;-4;20.29;2.77;835.5;10.10;73947;2837.894;-1801.952;1;326;450;451.6;22.4;22.7;28;28.0;25.0;-1.0;
03/03/2025 21:22:05;117;0;335.43;-4;19.19;2.88;832.4;10.00;73931;2837.897;-1801.955;1;326;450;450.0;22.4;22.5;28;28.0;25.1;-1.0;
03/03/2025 21:22:25;117;0;336.55;-4;20.12;3.07;829.6;10.00;73943;2837.900;-1801.957;1;326;450;451.6;22.4;22.5;28;28.0;25.1;-1.0;
03/03/2025 21:22:45;117;0;334.90;-4;20.15;2.79;826.7;10.00;73940;2837.903;-1801.959;1;326;450;451.6;22.4;22.7;28;28.0;25.1;-1.0;
03/03/2025 21:23:05;117;0;333.95;-4;19.87;2.89;823.8;10.00;73944;2837.907;-1801.962;1;326;450;451.6;22.4;22.5;28;28.0;25.1;-1.0;
03/03/2025 21:23:25;117;0;333.19;-4;19.77;3.00;821.0;10.00;73930;2837.910;-1801.964;1;326;450;451.6;22.4;22.5;28;28.0;25.1;-1.0;
03/03/2025 21:23:45;117;0;332.55;-4;19.89;2.94;818.2;10.00;73943;2837.913;-1801.967;1;326;450;451.6;22.4;22.7;28;28.0;25.1;-1.0;
03/03/2025 21:24:05;117;0;330.47;-4;19.74;2.97;815.6;10.00;73950;2837.916;-1801.969;1;326;450;453.2;22.4;22.5;28;28.0;25.1;-1.0;
03/03/2025 21:24:25;117;0;330.13;-4;19.88;2.95;812.8;10.00;73937;2837.919;-1801.972;1;326;450;451.6;22.4;22.7;28;28.0;25.1;-1.0;
03/03/2025 21:24:45;117;0;331.59;-4;19.86;2.63;810.2;10.00;73939;2837.921;-1801.974;1;326;450;451.6;22.4;22.5;28;28.0;25.1;-1.0;
03/03/2025 21:25:05;117;0;333.63;-4;20.30;2.96;807.6;10.00;73949;2837.924;-1801.976;1;326;450;451.6;22.4;22.5;28;28.0;25.1;-1.0;
03/03/2025 21:25:25;117;0;333.93;-4;19.67;3.12;805.1;10.00;73949;2837.927;-1801.978;1;326;450;451.6;22.4;22.7;28;28.0;25.1;-1.0;
03/03/2025 21:25:45;117;0;333.28;-4;19.95;3.08;802.6;10.00;73957;2837.930;-1801.980;1;326;450;453.2;22.4;22.7;28;28.0;25.1;-1.0;
03/03/2025 21:26:05;117;0;332.77;-4;19.80;2.97;800.3;10.00;73963;2837.932;-1801.983;1;326;450;451.6;22.4;22.5;28;28.0;25.1;-1.0;
03/03/2025 21:26:25;117;0;331.77;-4;19.76;3.05;797.7;10.00;73960;2837.935;-1801.985;1;326;450;453.2;22.4;22.5;28;28.0;25.1;-1.0;
03/03/2025 21:26:45;117;0;332.49;-4;19.29;2.58;795.4;10.00;73961;2837.938;-1801.987;1;326;450;451.6;22.4;22.5;28;28.0;25.1;-1.0;
03/03/2025 21:27:05;117;0;332.63;-4;20.11;2.64;792.9;10.00;73952;2837.940;-1801.989;1;326;450;451.6;22.4;22.5;28;28.0;25.1;-1.0;
03/03/2025 21:27:25;117;0;333.95;-4;19.67;2.84;790.3;10.00;73953;2837.943;-1801.991;1;326;450;453.2;22.4;22.7;28;28.0;25.1;-1.0;
03/03/2025 21:27:45;117;0;334.24;-4;20.04;2.66;787.9;10.00;73955;2837.946;-1801.994;1;326;450;451.6;22.4;22.5;28;28.0;25.1;-1.0;
03/03/2025 21:28:05;117;0;334.74;-4;19.90;2.83;785.3;10.00;73949;2837.949;-1801.996;1;326;450;453.2;22.4;22.5;28;28.0;25.1;-1.0;
03/03/2025 21:28:25;117;0;335.21;-4;19.89;2.94;782.7;10.00;73953;2837.951;-1801.998;1;326;450;453.2;22.4;22.7;28;28.0;25.1;-1.0;
03/03/2025 21:28:45;117;0;335.21;-4;19.93;2.93;780.0;10.00;73956;2837.954;-1802.000;1;326;450;453.2;22.4;22.5;28;28.0;25.1;-1.0;
03/03/2025 21:29:05;117;0;335.26;-4;20.04;2.95;777.3;10.00;73966;2837.958;-1802.002;1;326;450;453.2;22.4;22.5;28;28.0;25.1;-1.0;
03/03/2025 21:29:25;117;0;336.95;-4;20.08;2.79;774.5;10.00;73977;2837.961;-1802.004;1;326;450;453.2;22.4;22.7;28;28.0;25.0;-1.0;
03/03/2025 21:29:45;117;0;339.48;-4;20.25;2.79;771.2;10.00;73977;2837.964;-1802.007;1;326;450;453.2;22.4;22.5;28;28.0;25.1;-1.0;
03/03/2025 21:30:05;117;0;341.53;-4;20.21;2.72;768.3;10.00;73991;2837.968;-1802.008;1;326;450;453.2;22.4;22.7;28;28.0;25.1;-1.0;
03/03/2025 21:30:25;117;0;344.41;-4;19.98;2.69;765.1;10.00;73996;2837.972;-1802.010;1;326;450;453.2;22.4;22.5;24;23.9;25.1;-1.0;
03/03/2025 21:30:45;117;0;342.03;-4;19.61;0.49;762.0;10.00;73988;2837.975;-1802.012;1;326;450;451.6;22.4;22.5;26;26.2;25.1;-1.0;
03/03/2025 21:31:05;117;0;342.11;-4;19.37;2.38;758.7;10.00;74000;2837.979;-1802.014;1;326;450;453.2;22.4;22.5;26;26.6;25.1;-1.0;
03/03/2025 21:31:25;117;0;340.47;-4;19.25;2.42;755.4;10.00;73998;2837.983;-1802.016;1;326;450;453.2;22.4;22.5;26;26.6;25.1;-1.0;
03/03/2025 21:31:45;117;0;339.89;-4;19.29;2.25;752.4;10.00;74007;2837.987;-1802.019;1;326;450;453.2;22.4;22.5;26;26.6;25.1;-1.0;
03/03/2025 21:32:05;117;0;338.87;-4;19.28;2.40;749.2;10.00;73991;2837.991;-1802.021;1;326;450;451.6;22.4;22.5;26;26.6;25.1;-1.0;
03/03/2025 21:32:25;117;0;337.75;-4;19.12;2.44;746.1;10.00;74014;2837.994;-1802.023;1;326;450;453.2;22.4;22.5;28;28.0;25.1;-1.0;
03/03/2025 21:32:45;117;0;337.20;-4;19.31;3.18;742.9;10.00;74011;2837.998;-1802.026;1;326;450;451.6;22.4;22.5;28;28.0;25.1;-1.0;
03/03/2025 21:33:05;117;0;335.78;-4;19.48;3.21;739.6;10.00;74011;2838.002;-1802.028;1;326;450;453.2;22.4;22.5;28;28.4;25.1;-1.0;
03/03/2025 21:33:25;117;0;334.57;-4;19.56;3.19;736.2;10.00;74016;2838.006;-1802.031;1;326;450;453.2;22.4;22.7;28;28.0;25.1;-1.0;
03/03/2025 21:33:45;117;0;334.14;-4;19.61;3.19;733.0;10.00;74019;2838.009;-1802.033;1;326;450;453.2;22.4;22.7;28;28.4;25.1;-1.0;
03/03/2025 21:34:05;117;0;335.48;-4;19.61;3.24;729.6;10.10;74029;2838.013;-1802.036;1;326;450;451.6;22.4;22.7;28;28.4;25.1;-1.0;
03/03/2025 21:34:25;117;0;337.08;-4;19.71;3.22;726.1;10.10;74035;2838.017;-1802.039;1;326;450;453.2;22.4;22.7;28;28.4;25.1;-1.0;
03/03/2025 21:34:45;117;0;337.20;-4;19.55;3.25;722.7;10.10;74037;2838.021;-1802.041;1;326;450;453.2;22.4;22.7;28;28.4;25.1;-1.0;
03/03/2025 21:35:05;117;0;338.23;-4;19.41;3.20;719.3;10.10;74042;2838.025;-1802.044;1;326;450;453.2;22.4;22.7;28;28.0;25.1;-1.0;
03/03/2025 21:35:25;117;0;339.19;-4;19.37;3.17;716.0;10.10;74042;2838.029;-1802.046;1;326;450;453.2;22.4;22.7;28;28.4;25.1;-1.0;
03/03/2025 21:35:45;117;0;340.07;-4;19.46;3.21;712.7;10.10;74042;2838.033;-1802.048;1;326;450;453.2;22.4;22.7;28;28.4;25.1;-1.0;
03/03/2025 21:36:05;117;0;340.19;-4;19.61;3.19;709.5;10.10;74044;2838.037;-1802.050;1;326;450;453.2;22.4;22.5;28;28.4;25.1;-1.0;
03/03/2025 21:36:25;117;0;340.10;-4;19.48;3.17;706.3;10.10;74048;2838.041;-1802.052;1;326;450;453.2;22.4;22.7;28;28.4;25.1;-1.0;
03/03/2025 21:36:45;117;0;339.15;-4;19.54;3.21;702.9;10.10;74055;2838.045;-1802.055;1;326;450;454.8;22.4;22.5;28;28.0;25.1;-1.0;
03/03/2025 21:37:05;117;0;338.77;-4;19.51;3.21;699.7;10.10;74051;2838.048;-1802.057;1;326;450;453.2;22.4;22.7;28;28.4;25.1;-1.0;
03/03/2025 21:37:25;117;0;338.70;-4;19.52;3.22;696.4;10.20;74061;2838.052;-1802.059;1;326;450;453.2;22.4;22.7;28;28.4;25.1;-1.0;
03/03/2025 21:37:45;117;0;339.32;-4;19.55;3.11;693.3;10.20;74066;2838.056;-1802.061;1;326;450;453.2;22.4;22.5;28;28.4;25.1;-1.0;
03/03/2025 21:38:05;117;0;340.39;-4;19.45;3.17;689.9;10.20;74074;2838.060;-1802.064;1;326;450;451.6;22.4;22.5;26;26.2;25.0;-1.0;
03/03/2025 21:38:25;117;0;339.67;-4;19.39;1.96;686.8;10.20;74080;2838.064;-1802.066;1;326;450;454.8;22.4;22.7;26;25.7;25.1;-1.0;
03/03/2025 21:38:45;117;0;338.12;-4;19.20;1.95;683.6;10.20;74084;2838.067;-1802.068;1;326;450;453.2;22.4;22.5;26;25.7;25.1;-1.0;
03/03/2025 21:39:05;117;0;336.57;-4;19.06;1.87;680.3;10.20;74084;2838.071;-1802.071;1;326;450;451.6;22.4;22.5;28;28.0;25.1;-1.0;
03/03/2025 21:39:25;117;0;336.19;-4;19.31;3.21;677.1;10.20;74083;2838.075;-1802.073;1;326;450;453.2;22.4;22.7;28;28.4;25.1;-1.0;
03/03/2025 21:39:45;117;0;335.85;-4;19.55;3.22;673.8;10.20;74086;2838.079;-1802.076;1;326;450;451.6;22.4;22.5;28;28.4;25.1;-1.0;
03/03/2025 21:40:05;117;0;336.33;-4;19.27;3.32;670.4;10.30;74087;2838.083;-1802.078;1;326;450;453.2;22.4;22.5;28;28.4;25.1;-1.0;
03/03/2025 21:40:25;117;0;336.39;-4;19.38;3.26;667.1;10.30;74092;2838.087;-1802.081;1;326;450;453.2;22.4;22.7;28;28.4;25.1;-1.0;
03/03/2025 21:40:45;117;0;336.51;-4;19.39;3.23;663.7;10.30;74091;2838.091;-1802.084;1;326;450;451.6;22.4;22.7;28;28.0;25.1;-1.0;
03/03/2025 21:41:05;117;0;337.22;-4;19.30;3.20;660.4;10.30;74096;2838.094;-1802.086;1;326;450;453.2;22.4;22.7;28;28.4;25.1;-1.0;
03/03/2025 21:41:26;117;0;338.66;-4;19.48;3.23;657.1;10.30;74096;2838.098;-1802.088;1;326;450;453.2;22.4;22.7;28;28.4;25.1;-1.0;
03/03/2025 21:41:46;117;0;339.95;-4;19.41;3.24;653.8;10.30;74090;2838.102;-1802.091;1;326;450;453.2;22.4;22.7;26;26.2;25.1;-1.0;
03/03/2025 21:42:06;117;0;339.19;-4;19.32;1.86;650.5;10.30;74103;2838.106;-1802.093;1;326;450;453.2;22.4;22.5;26;25.7;25.1;-1.0;
03/03/2025 21:42:26;117;0;338.14;-4;19.11;1.91;647.2;10.30;74105;2838.110;-1802.095;1;326;450;453.2;22.4;22.5;26;25.7;25.1;-1.0;
03/03/2025 21:42:46;117;0;335.58;-4;19.01;1.89;644.1;10.40;74107;2838.114;-1802.098;1;326;450;453.2;22.4;22.7;28;28.0;25.1;-1.0;
03/03/2025 21:43:06;117;0;334.58;-4;19.18;3.17;640.8;10.40;74120;2838.118;-1802.100;1;326;450;453.2;22.4;22.5;28;28.4;25.1;-1.0;
03/03/2025 21:43:26;117;0;334.82;-4;19.11;3.19;637.6;10.40;74108;2838.121;-1802.103;1;326;450;453.2;22.4;22.5;28;28.0;25.1;-1.0;
03/03/2025 21:43:46;117;0;334.80;-4;19.11;3.19;634.3;10.40;74117;2838.125;-1802.106;1;326;450;453.2;22.4;22.7;28;28.0;25.1;-1.0;
03/03/2025 21:44:06;117;0;336.87;-4;19.18;3.09;631.1;10.40;74123;2838.129;-1802.108;1;326;450;453.2;22.4;22.7;28;28.0;25.1;-1.0;
03/03/2025 21:44:26;117;0;338.85;-4;19.19;2.96;628.1;10.40;74130;2838.133;-1802.110;1;326;450;453.2;22.4;22.7;28;28.0;25.1;-1.0;
03/03/2025 21:44:46;117;0;339.95;-4;19.12;3.17;624.8;10.40;74136;2838.137;-1802.113;1;326;450;453.2;22.4;22.5;26;26.2;25.1;-1.0;
03/03/2025 21:45:06;117;0;339.09;-4;19.06;2.13;621.8;10.50;74146;2838.140;-1802.115;1;326;450;453.2;22.4;22.5;26;26.2;25.1;-1.0;
03/03/2025 21:45:26;117;0;339.78;-4;18.92;2.21;618.7;10.50;74143;2838.144;-1802.117;1;326;450;453.2;22.1;21.9;26;26.2;25.1;-1.0;
03/03/2025 21:45:46;117;0;340.41;-4;20.28;2.00;615.7;10.50;74144;2838.147;-1802.119;1;326;450;453.2;22.1;21.4;26;26.2;25.1;-1.0;
03/03/2025 21:46:06;117;0;340.65;-4;20.81;2.08;612.6;10.50;74159;2838.151;-1802.121;1;326;450;453.2;22.1;21.4;26;26.2;25.1;-1.0;
03/03/2025 21:46:26;117;0;338.70;-4;20.54;2.09;609.4;10.50;74164;2838.154;-1802.123;1;326;450;453.2;22.1;21.4;26;26.2;25.1;-1.0;
03/03/2025 21:46:46;117;0;335.33;-4;20.52;2.06;606.3;10.50;74170;2838.158;-1802.126;1;326;450;453.2;22.1;21.4;26;26.2;25.1;-1.0;
03/03/2025 21:47:06;117;0;333.27;-4;20.50;2.17;603.2;10.60;74168;2838.161;-1802.128;1;326;450;453.2;22.1;21.4;26;26.2;25.1;-1.0;
03/03/2025 21:47:26;117;0;330.98;-4;20.59;2.07;600.1;10.60;74175;2838.164;-1802.131;1;326;450;453.2;22.1;22.2;28;28.4;25.1;-1.0;
03/03/2025 21:47:46;117;0;329.53;-4;20.04;3.37;597.0;10.60;74180;2838.168;-1802.134;1;326;450;453.2;22.1;22.2;28;28.9;25.1;-1.0;
03/03/2025 21:48:06;117;0;328.00;-4;19.82;3.49;594.0;10.60;74184;2838.171;-1802.136;1;326;450;453.2;22.1;22.2;28;28.9;25.1;-1.0;
03/03/2025 21:48:26;117;0;326.83;-4;19.70;3.50;591.1;10.60;74195;2838.174;-1802.139;1;326;450;453.2;22.1;22.2;28;28.4;25.1;-1.0;
03/03/2025 21:48:46;117;0;325.32;-4;19.71;3.55;588.1;10.60;74189;2838.177;-1802.142;1;326;450;451.6;22.1;22.2;28;28.9;25.1;-1.0;
03/03/2025 21:49:06;117;0;323.92;-4;19.77;3.42;585.0;10.70;74199;2838.180;-1802.145;1;326;450;453.2;22.1;22.2;30;29.8;25.1;-1.0;
03/03/2025 21:49:26;117;0;323.53;-4;19.72;4.27;582.1;10.70;74195;2838.183;-1802.149;1;326;450;451.6;22.1;22.4;30;30.2;25.1;-1.0;
03/03/2025 21:49:46;117;0;323.72;-4;19.83;4.22;579.0;10.70;74197;2838.186;-1802.152;1;326;450;453.2;22.1;22.2;30;30.2;25.1;-1.0;
03/03/2025 21:50:06;117;0;324.01;-4;19.71;4.29;576.0;10.70;74210;2838.189;-1802.155;1;326;450;453.2;22.1;22.2;30;30.2;25.1;-1.0;
03/03/2025 21:50:26;117;0;324.89;-4;20.06;4.08;572.8;10.70;74207;2838.192;-1802.158;1;326;450;451.6;22.1;22.4;30;30.2;25.1;-1.0;
03/03/2025 21:50:46;117;0;326.01;-4;19.52;4.28;569.8;10.70;74212;2838.195;-1802.161;1;326;450;453.2;22.1;22.2;30;30.2;25.1;-1.0;
03/03/2025 21:51:06;117;0;327.01;-4;19.80;4.20;566.9;10.80;74222;2838.198;-1802.164;1;326;450;453.2;22.1;22.4;30;30.2;25.1;-1.0;
03/03/2025 21:51:26;117;0;327.94;-4;19.89;4.22;563.9;10.80;74222;2838.201;-1802.167;1;326;450;453.2;22.1;22.4;28;28.0;25.1;-1.0;
03/03/2025 21:51:46;117;0;326.80;-4;19.80;2.97;560.7;10.80;74224;2838.204;-1802.170;1;326;450;453.2;22.1;22.2;28;28.0;25.1;-1.0;
03/03/2025 21:52:06;117;0;326.21;-4;19.69;2.88;557.5;10.80;74222;2838.208;-1802.173;1;326;450;454.8;22.1;22.2;28;27.5;25.1;-1.0;
03/03/2025 21:52:26;117;0;326.85;-4;19.64;2.85;554.3;10.80;74227;2838.211;-1802.176;1;326;450;453.2;22.1;22.2;28;28.0;25.1;-1.0;
03/03/2025 21:52:46;117;0;328.12;-4;19.81;2.81;551.1;10.90;74228;2838.214;-1802.179;1;326;450;453.2;22.1;22.4;28;27.5;25.1;-1.0;
03/03/2025 21:53:06;117;0;329.29;-4;19.65;2.63;548.0;10.90;74247;2838.217;-1802.182;1;326;450;450.0;22.1;22.2;28;28.0;25.1;-1.0;
03/03/2025 21:53:26;117;0;330.15;-4;19.50;2.92;544.8;10.90;74238;2838.221;-1802.185;1;326;450;453.2;22.1;22.2;28;27.5;25.1;-1.0;
03/03/2025 21:53:46;117;0;331.86;-4;19.64;2.93;541.6;10.90;74246;2838.225;-1802.188;1;326;450;453.2;22.1;22.4;28;27.5;25.1;-1.0;
03/03/2025 21:54:06;117;0;334.39;-4;19.88;2.94;538.5;10.90;74257;2838.228;-1802.190;1;326;450;453.2;22.1;22.4;28;28.0;25.1;-1.0;
03/03/2025 21:54:26;117;0;335.98;-4;19.72;2.89;534.9;10.90;74252;2838.232;-1802.193;1;326;450;454.8;22.1;22.4;28;28.0;25.1;-1.0;
03/03/2025 21:54:46;117;0;335.94;-4;19.41;2.90;531.8;11.00;74256;2838.236;-1802.195;1;326;450;453.2;22.1;22.2;28;28.0;25.0;-1.0;
03/03/2025 21:55:06;117;0;337.77;-4;19.39;2.79;528.5;11.00;74258;2838.240;-1802.198;1;326;450;451.6;22.1;22.2;28;28.0;25.1;-1.0;
03/03/2025 21:55:26;117;0;338.14;-4;19.58;2.95;525.3;11.00;74263;2838.243;-1802.200;1;326;450;453.2;22.1;22.2;28;28.0;25.1;-1.0;
03/03/2025 21:55:46;117;0;338.94;-4;19.52;2.91;522.0;11.00;74273;2838.247;-1802.202;1;326;450;453.2;22.1;22.4;28;28.0;25.1;-1.0;
03/03/2025 21:56:06;117;0;340.56;-4;19.73;2.87;518.8;11.00;74269;2838.251;-1802.204;1;326;450;454.8;22.1;22.2;26;26.2;25.1;-1.0;
03/03/2025 21:56:26;117;0;341.22;-4;19.54;1.89;515.5;11.10;74270;2838.255;-1802.207;1;326;450;454.8;22.1;22.2;26;25.7;25.1;-1.0;
03/03/2025 21:56:46;117;0;341.79;-4;19.33;1.91;512.3;11.10;74278;2838.259;-1802.209;1;326;450;453.2;22.1;22.2;26;25.7;25.1;-1.0;
03/03/2025 21:57:06;117;0;342.14;-4;19.40;2.12;509.2;11.10;74272;2838.262;-1802.211;1;326;450;453.2;22.1;22.2;26;25.7;25.1;-1.0;
03/03/2025 21:57:26;117;0;342.51;-4;19.39;1.91;505.9;11.10;74282;2838.266;-1802.213;1;326;450;453.2;22.1;22.2;24;23.9;25.1;-1.0;
03/03/2025 21:57:46;117;0;340.97;-4;19.31;0.74;502.9;11.10;74295;2838.270;-1802.215;1;326;450;454.8;22.1;22.2;26;26.2;25.1;-1.0;
03/03/2025 21:58:06;117;0;339.77;-4;19.32;2.31;499.8;11.10;74278;2838.274;-1802.217;1;326;450;453.2;22.1;22.2;26;26.6;25.1;-1.0;
03/03/2025 21:58:26;117;0;338.60;-4;19.37;2.26;496.6;11.20;74290;2838.278;-1802.219;1;326;450;454.8;22.1;22.2;26;26.6;25.1;-1.0;
03/03/2025 21:58:46;117;0;338.02;-4;19.56;2.29;493.3;11.20;74310;2838.281;-1802.221;1;326;450;454.8;22.1;22.2;26;26.6;25.1;-1.0;
03/03/2025 21:59:06;117;0;338.43;-4;19.36;2.33;490.3;11.20;74296;2838.285;-1802.224;1;326;450;453.2;22.1;22.2;26;26.6;25.1;-1.0;
03/03/2025 21:59:26;117;0;337.18;-4;19.27;2.42;486.9;11.20;74303;2838.289;-1802.226;1;326;450;453.2;22.1;22.2;26;26.2;25.1;-1.0;
03/03/2025 21:59:46;117;0;336.12;-4;19.35;2.17;483.7;11.20;74307;2838.293;-1802.229;1;326;450;454.8;22.1;22.2;26;26.2;25.1;-1.0;
03/03/2025 22:00:06;117;0;335.31;-4;19.43;2.39;480.4;11.30;74314;2838.297;-1802.231;1;326;450;453.2;22.1;22.2;26;26.6;25.1;-1.0;
03/03/2025 22:00:26;117;0;334.14;-4;19.00;2.18;477.2;11.30;74320;2838.300;-1802.234;1;326;450;453.2;22.1;22.2;26;26.6;25.1;-1.0;
03/03/2025 22:00:46;117;0;333.66;-4;19.27;2.40;474.0;11.30;74320;2838.304;-1802.237;1;326;450;453.2;22.1;22.2;26;26.6;25.1;-1.0;
03/03/2025 22:01:06;117;0;333.11;-4;19.09;2.20;470.7;11.30;74318;2838.308;-1802.240;1;326;450;454.8;22.1;22.2;26;26.6;25.1;-1.0;
03/03/2025 22:01:26;117;0;332.52;-4;19.22;2.23;467.6;11.30;74325;2838.311;-1802.242;1;326;450;453.2;22.1;22.2;26;26.6;25.1;-1.0;
03/03/2025 22:01:46;117;0;331.48;-4;19.33;2.28;464.3;11.40;74332;2838.315;-1802.245;1;326;450;450.0;22.1;22.4;26;26.6;25.1;-1.0;
03/03/2025 22:02:06;117;0;329.87;-4;19.16;2.31;461.1;11.40;74332;2838.319;-1802.248;1;326;450;454.8;22.1;22.2;28;28.0;25.1;-1.0;
03/03/2025 22:02:26;117;0;329.78;-4;19.11;3.35;457.9;11.40;74322;2838.322;-1802.251;1;326;450;454.8;22.1;22.4;28;28.4;25.1;-1.0;
03/03/2025 22:02:46;117;0;329.38;-4;19.20;3.41;454.8;11.40;74327;2838.325;-1802.254;1;326;450;451.6;22.1;22.4;28;28.4;25.1;-1.0;
03/03/2025 22:03:06;117;0;328.67;-4;19.21;3.36;451.7;11.40;74334;2838.329;-1802.257;1;326;450;453.2;22.1;22.4;28;28.4;25.1;-1.0;
03/03/2025 22:03:26;117;0;328.04;-4;19.08;3.35;448.4;11.40;74341;2838.332;-1802.260;1;326;450;453.2;22.1;22.4;28;28.9;25.1;-1.0;
03/03/2025 22:03:46;117;0;327.88;-4;19.27;3.30;445.4;11.50;74347;2838.336;-1802.263;1;326;450;454.8;22.1;22.2;28;28.4;25.1;-1.0;
03/03/2025 22:04:06;117;0;328.29;-4;19.16;3.31;442.3;11.50;74353;2838.339;-1802.266;1;326;450;454.8;22.1;22.4;28;28.4;25.1;-1.0;
03/03/2025 22:04:26;117;0;328.50;-4;19.09;3.31;439.3;11.50;74360;2838.342;-1802.269;1;326;450;451.6;22.1;22.4;28;28.4;25.1;-1.0;
03/03/2025 22:04:46;117;0;328.01;-4;19.08;3.42;436.2;11.50;74352;2838.346;-1802.272;1;326;450;454.8;22.1;22.2;28;28.4;25.1;-1.0;
03/03/2025 22:05:06;117;0;328.71;-4;18.94;3.22;433.3;11.50;74356;2838.349;-1802.275;1;326;450;453.2;21.8;21.8;28;28.4;25.1;-1.0;
03/03/2025 22:05:26;117;0;328.91;-4;19.68;3.09;430.3;11.50;74363;2838.352;-1802.278;1;326;450;454.8;21.8;21.8;28;28.4;25.1;-1.0;
03/03/2025 22:05:46;117;0;329.84;-4;19.36;3.22;427.3;11.60;74368;2838.355;-1802.281;1;326;450;451.6;21.8;21.8;28;28.4;25.1;-1.0;
03/03/2025 22:06:06;117;0;331.32;-4;19.21;3.09;424.3;11.60;74370;2838.359;-1802.283;1;326;450;454.8;21.8;21.9;28;28.4;25.1;-1.0;
03/03/2025 22:06:26;117;0;333.80;-4;19.69;3.27;421.6;11.60;74369;2838.362;-1802.286;1;326;450;453.2;21.8;21.8;28;28.4;25.1;-1.0;
03/03/2025 22:06:46;117;0;334.94;-4;19.72;3.35;418.8;11.60;74374;2838.365;-1802.288;1;326;450;453.2;21.8;21.8;28;28.4;25.1;-1.0;
03/03/2025 22:07:06;117;0;334.53;-4;19.66;3.30;415.9;11.60;74389;2838.368;-1802.290;1;326;450;454.8;21.8;21.8;28;28.4;25.0;-1.0;
03/03/2025 22:07:26;117;0;334.40;-4;19.49;3.32;413.0;11.70;74396;2838.371;-1802.293;1;326;450;453.2;21.8;21.8;28;28.4;25.1;-1.0;
03/03/2025 22:07:46;117;0;333.61;-4;19.37;3.35;410.1;11.70;74392;2838.375;-1802.295;1;326;450;454.8;21.8;21.8;28;28.9;25.1;-1.0;
03/03/2025 22:08:06;117;0;333.26;-4;19.47;3.34;407.3;11.70;74386;2838.378;-1802.298;1;326;450;453.2;21.8;21.8;28;28.4;25.1;-1.0;
03/03/2025 22:08:26;117;0;333.24;-4;19.43;3.32;404.4;11.70;74409;2838.381;-1802.300;1;326;450;454.8;21.8;21.9;28;28.4;25.1;-1.0;
03/03/2025 22:08:46;117;0;334.09;-4;19.53;3.27;401.4;11.70;74411;2838.384;-1802.303;1;326;450;454.8;21.8;21.8;28;28.4;25.1;-1.0;
03/03/2025 22:09:06;117;0;334.52;-4;19.34;3.29;398.5;11.80;74407;2838.388;-1802.305;1;326;450;454.8;21.8;21.8;28;28.4;25.0;-1.0;
03/03/2025 22:09:26;117;0;334.69;-4;19.33;3.30;395.6;11.80;74401;2838.391;-1802.307;1;326;450;451.6;21.8;21.9;28;28.4;25.1;-1.0;
03/03/2025 22:09:46;117;0;334.54;-4;19.35;3.32;392.8;11.80;74417;2838.394;-1802.310;1;326;450;453.2;21.8;21.8;28;28.4;25.1;-1.0;
03/03/2025 22:10:06;117;0;333.20;-4;19.45;3.23;389.8;11.80;74410;2838.398;-1802.312;1;326;450;453.2;21.8;21.8;28;28.4;25.1;-1.0;
03/03/2025 22:10:26;117;0;332.88;-4;19.39;3.39;386.8;11.80;74412;2838.401;-1802.315;1;326;450;454.8;21.8;21.8;28;28.4;25.1;-1.0;
03/03/2025 22:10:46;117;0;332.36;-4;19.39;3.30;383.7;11.80;74419;2838.405;-1802.318;1;326;450;454.8;21.8;21.8;28;28.4;25.1;-1.0;
03/03/2025 22:11:06;117;0;332.84;-4;19.40;3.23;380.9;11.90;74427;2838.408;-1802.320;1;326;450;453.2;21.8;21.8;28;28.4;25.1;-1.0;
03/03/2025 22:11:26;117;0;332.83;-4;19.29;3.24;377.9;11.90;74431;2838.411;-1802.323;1;326;450;454.8;21.8;21.8;28;28.4;25.1;-1.0;
03/03/2025 22:11:46;117;0;332.69;-4;19.37;3.35;374.9;11.90;74440;2838.415;-1802.325;1;326;450;454.8;21.8;21.8;28;28.4;25.0;-1.0;
03/03/2025 22:12:06;117;0;332.78;-4;19.23;3.25;372.0;11.90;74435;2838.418;-1802.328;1;326;450;453.2;21.8;21.8;28;28.4;25.1;-1.0;
03/03/2025 22:12:26;117;0;333.72;-4;19.41;3.46;369.1;12.00;74443;2838.421;-1802.330;1;326;450;453.2;21.8;21.8;28;28.4;25.1;-1.0;
03/03/2025 22:12:46;117;0;335.37;-4;19.71;3.28;366.3;12.00;74443;2838.424;-1802.333;1;326;450;454.8;21.8;21.8;28;28.4;25.1;-1.0;
03/03/2025 22:13:06;117;0;336.27;-4;19.58;3.28;363.1;12.00;74457;2838.428;-1802.335;1;326;450;454.8;21.8;21.8;28;28.4;25.1;-1.0;
03/03/2025 22:13:26;117;0;337.01;-4;19.46;3.29;360.1;12.00;74463;2838.432;-1802.337;1;326;450;453.2;21.8;21.8;28;28.4;25.1;-1.0;
03/03/2025 22:13:46;117;0;337.01;-4;19.28;3.08;357.2;12.00;74466;2838.435;-1802.340;1;326;450;453.2;21.8;21.9;28;28.4;25.1;-1.0;
03/03/2025 22:14:06;117;0;337.03;-4;19.27;3.29;354.3;12.00;74468;2838.438;-1802.342;1;326;450;454.8;21.8;21.8;28;28.4;25.1;-1.0;
03/03/2025 22:14:26;117;0;338.37;-4;19.25;3.25;351.5;12.10;74473;2838.442;-1802.344;1;326;450;454.8;21.8;21.9;28;28.4;25.1;-1.0;
03/03/2025 22:14:46;117;0;339.55;-4;19.27;3.25;348.6;12.10;74480;2838.445;-1802.346;1;326;450;451.6;21.8;21.9;28;28.9;25.1;-1.0;
03/03/2025 22:15:06;117;0;340.18;-4;19.37;3.25;346.1;12.10;74480;2838.448;-1802.348;1;326;450;454.8;21.8;21.8;28;28.4;25.1;-1.0;
03/03/2025 22:15:26;117;0;341.66;-4;19.35;3.28;343.0;12.10;74492;2838.452;-1802.350;1;326;450;454.8;21.8;21.6;25;24.8;25.1;-1.0;
03/03/2025 22:15:46;117;0;339.81;-4;19.30;1.15;340.3;12.10;74503;2838.455;-1802.352;1;326;450;453.2;21.8;21.6;25;24.4;25.1;-1.0;
03/03/2025 22:16:06;117;0;336.80;-4;18.96;1.10;337.5;12.20;74520;2838.458;-1802.354;1;326;450;454.8;21.4;21.2;27;27.1;25.0;-1.0;
03/03/2025 22:16:26;117;0;335.89;-4;19.81;2.78;334.9;12.20;74522;2838.461;-1802.356;1;326;450;454.8;21.4;21.2;27;27.5;25.1;-1.0;
03/03/2025 22:16:46;117;0;334.69;-4;20.22;2.83;332.0;12.20;74531;2838.464;-1802.359;1;326;450;453.2;21.4;21.2;27;27.5;25.1;-1.0;
03/03/2025 22:17:07;117;0;333.75;-4;20.27;2.81;329.2;12.30;74535;2838.468;-1802.361;1;326;450;453.2;21.4;21.2;27;27.5;25.1;-1.0;
03/03/2025 22:17:27;117;0;332.37;-4;20.30;2.71;326.3;12.30;74542;2838.471;-1802.363;1;326;450;456.5;21.4;21.2;27;27.5;25.1;-1.0;
03/03/2025 22:17:47;117;0;331.46;-4;20.32;2.71;323.5;12.30;74557;2838.474;-1802.366;1;326;450;454.8;21.4;21.4;27;27.5;25.1;-1.0;
03/03/2025 22:18:07;117;0;329.99;-4;20.26;2.68;320.5;12.30;74569;2838.477;-1802.369;1;326;450;453.2;21.4;21.2;27;27.5;25.1;-1.0;
03/03/2025 22:18:27;117;0;328.23;-4;20.19;2.74;317.5;12.40;74568;2838.480;-1802.372;1;326;450;454.8;21.4;21.2;27;27.5;25.1;-1.0;
03/03/2025 22:18:47;117;0;327.15;-4;20.11;2.66;314.7;12.40;74579;2838.483;-1802.374;1;326;450;454.8;21.4;21.2;29;28.9;25.1;-1.0;
03/03/2025 22:19:07;117;0;324.94;-4;20.20;3.52;311.7;12.40;74586;2838.486;-1802.377;1;326;450;454.8;21.4;21.4;29;29.3;25.1;-1.0;
03/03/2025 22:19:27;117;0;324.38;-4;20.39;3.60;308.9;12.40;74597;2838.489;-1802.380;1;326;450;454.8;21.4;21.2;29;29.3;25.1;-1.0;
03/03/2025 22:19:47;117;0;322.97;-4;20.47;3.80;306.1;12.50;74597;2838.492;-1802.383;1;326;450;454.8;21.4;21.2;32;32.0;25.1;-1.0;
03/03/2025 22:20:07;117;0;323.46;-4;20.60;5.13;302.9;12.50;74614;2838.495;-1802.387;1;326;450;454.8;21.4;21.2;30;29.8;25.1;-1.0;
03/03/2025 22:20:27;117;0;322.80;-4;20.44;3.85;299.9;12.50;74629;2838.497;-1802.390;1;326;450;454.8;21.4;21.2;30;29.3;25.1;-1.0;
03/03/2025 22:20:47;117;0;322.65;-4;20.64;3.74;296.7;12.60;74633;2838.500;-1802.393;1;326;450;454.8;21.4;21.2;30;29.3;25.1;-1.0;
03/03/2025 22:21:07;117;0;321.81;-4;20.50;3.81;293.6;12.60;74643;2838.503;-1802.396;1;326;450;454.8;21.4;21.2;32;32.0;25.1;-1.0;
03/03/2025 22:21:27;117;0;324.00;-4;20.74;5.56;290.4;12.60;74656;2838.506;-1802.400;1;326;450;454.8;21.4;21.2;30;29.8;25.1;-1.0;
03/03/2025 22:21:47;117;0;323.95;-4;20.62;3.68;287.0;12.60;74662;2838.510;-1802.403;1;326;450;453.2;21.4;21.2;30;29.3;25.1;-1.0;
03/03/2025 22:22:07;117;0;323.28;-4;20.39;3.80;284.0;12.70;74677;2838.513;-1802.406;1;326;450;453.2;21.4;21.2;30;29.3;25.1;-1.0;
03/03/2025 22:22:27;117;0;323.77;-4;20.33;3.58;280.5;12.70;74680;2838.516;-1802.410;1;326;450;454.8;21.4;21.2;30;29.3;25.1;-1.0;
03/03/2025 22:22:47;117;0;324.62;-4;20.74;3.76;277.4;12.70;74694;2838.519;-1802.413;1;326;450;454.8;21.4;21.2;30;29.3;25.1;-1.0;
03/03/2025 22:23:07;117;0;326.52;-4;20.52;4.01;274.2;12.80;74699;2838.522;-1802.416;1;326;450;454.8;21.4;21.2;30;29.3;25.1;-1.0;
03/03/2025 22:23:27;117;0;327.22;-4;21.23;3.43;270.8;12.80;74703;2838.526;-1802.419;1;326;450;454.8;21.4;21.2;28;28.0;25.1;-1.0;
03/03/2025 22:23:47;117;0;328.94;-4;20.74;3.04;267.7;12.80;74712;2838.529;-1802.422;1;326;450;454.8;21.4;21.2;28;28.0;25.1;-1.0;
03/03/2025 22:24:07;117;0;329.88;-4;20.40;3.07;264.3;12.90;74724;2838.533;-1802.425;1;326;450;454.8;21.4;21.2;28;28.0;25.1;-1.0;
03/03/2025 22:24:27;117;0;331.38;-4;20.26;2.85;261.2;12.90;74733;2838.536;-1802.427;1;326;450;454.8;21.4;21.2;28;28.0;25.1;-1.0;
03/03/2025 22:24:47;117;0;330.80;-4;20.33;2.92;258.1;12.90;74732;2838.539;-1802.430;1;326;450;453.2;21.4;21.1;28;28.0;25.1;-1.0;
03/03/2025 22:25:07;117;0;330.21;-4;20.27;2.96;254.8;13.00;74744;2838.543;-1802.433;1;326;450;454.8;21.4;21.2;28;28.0;25.1;-1.0;
03/03/2025 22:25:27;117;0;330.28;-4;20.37;2.93;251.4;13.00;74756;2838.546;-1802.436;1;326;450;453.2;21.4;21.2;28;28.0;25.0;-1.0;
03/03/2025 22:25:47;117;0;330.77;-4;20.38;2.84;248.0;13.00;74759;2838.550;-1802.439;1;326;450;454.8;21.4;21.2;28;28.0;25.1;-1.0;
03/03/2025 22:26:07;117;0;330.77;-4;20.42;2.96;244.8;13.10;74766;2838.553;-1802.442;1;326;450;454.8;21.4;21.2;28;28.0;25.1;-1.0;
03/03/2025 22:26:27;117;0;330.99;-4;20.39;2.82;241.6;13.10;74772;2838.557;-1802.445;1;326;450;454.8;21.4;21.2;28;28.0;25.1;-1.0;
03/03/2025 22:26:47;117;0;329.83;-4;20.18;3.04;238.1;13.20;74792;2838.561;-1802.448;1;326;450;454.8;21.4;21.2;28;28.0;25.1;-1.0;
03/03/2025 22:27:07;117;0;327.87;-4;20.27;2.92;234.8;13.20;74776;2838.564;-1802.451;1;326;450;454.8;21.4;21.2;28;28.0;25.1;-1.0;
03/03/2025 22:27:27;117;0;326.16;-4;20.20;2.85;231.2;13.20;74797;2838.568;-1802.454;1;326;450;454.8;21.4;21.2;28;28.0;25.1;-1.0;
03/03/2025 22:27:47;117;0;323.73;-4;20.24;3.00;228.2;13.30;74811;2838.571;-1802.458;1;326;450;453.2;21.4;21.2;31;31.1;25.1;-1.0;
03/03/2025 22:28:07;117;0;324.19;-4;20.09;4.88;224.8;13.30;74824;2838.574;-1802.461;1;326;450;454.8;21.4;21.4;31;31.6;25.0;-1.0;
03/03/2025 22:28:27;117;0;327.50;-4;20.09;4.68;221.3;13.30;74814;2838.578;-1802.464;1;326;450;453.2;21.4;21.2;28;27.5;25.1;-1.0;
03/03/2025 22:28:47;117;0;327.14;-4;20.23;2.88;217.9;13.30;74821;2838.581;-1802.468;1;326;450;456.5;21.4;21.2;28;27.1;25.1;-1.0;
03/03/2025 22:29:07;117;0;327.36;-4;20.18;2.98;214.6;13.40;74836;2838.585;-1802.471;1;326;450;454.8;21.4;21.2;28;27.5;25.1;-1.0;
03/03/2025 22:29:27;117;0;327.02;-4;20.46;2.38;211.2;13.40;74839;2838.588;-1802.474;1;326;450;454.8;21.4;21.2;28;27.5;25.1;-1.0;
03/03/2025 22:29:47;117;0;326.64;-4;20.29;2.99;207.9;13.40;74846;2838.592;-1802.477;1;326;450;454.8;21.4;21.2;28;27.5;25.1;-1.0;
03/03/2025 22:30:07;117;0;325.88;-4;19.68;2.54;204.6;13.50;74850;2838.595;-1802.480;1;326;450;454.8;21.4;21.2;28;27.1;25.1;-1.0;
03/03/2025 22:30:27;117;0;327.37;-4;20.65;2.55;201.3;13.50;74868;2838.598;-1802.483;1;326;450;454.8;21.4;21.2;28;27.5;25.1;-1.0;
03/03/2025 22:30:47;117;0;326.67;-4;20.58;2.66;197.9;13.50;74866;2838.602;-1802.487;1;326;450;454.8;21.4;21.2;28;27.1;25.1;-1.0;
03/03/2025 22:31:07;117;0;324.84;-4;19.77;2.93;194.5;13.60;74879;2838.605;-1802.490;1;326;450;454.8;21.4;21.2;30;29.8;25.0;-1.0;
03/03/2025 22:31:27;117;0;324.23;-4;20.16;4.24;191.1;13.60;74888;2838.609;-1802.493;1;326;450;456.5;21.4;21.2;30;30.2;25.1;-1.0;
03/03/2025 22:31:47;117;0;323.50;-4;20.32;4.08;187.8;13.70;74888;2838.612;-1802.497;1;326;450;454.8;21.4;21.4;30;30.2;25.1;-1.0;
03/03/2025 22:32:07;117;0;322.16;-4;20.28;4.24;184.3;13.70;74899;2838.615;-1802.500;1;326;450;454.8;21.4;21.2;30;30.2;25.0;-1.0;
03/03/2025 22:32:27;117;0;321.57;-4;20.13;4.21;181.1;13.70;74911;2838.618;-1802.504;1;326;450;454.8;21.4;21.2;33;33.4;25.1;-1.0;
03/03/2025 22:32:47;117;0;322.62;-4;20.22;5.97;177.6;13.80;74911;2838.622;-1802.508;1;326;450;456.5;21.4;21.2;31;31.1;25.1;-1.0;
03/03/2025 22:33:07;117;0;324.29;-4;20.19;4.51;174.2;13.80;74923;2838.625;-1802.511;1;326;450;454.8;21.4;21.2;31;31.1;25.1;-1.0;
03/03/2025 22:33:27;117;0;323.39;-4;20.09;4.45;171.1;13.80;74938;2838.628;-1802.514;1;326;450;454.8;21.4;21.4;31;30.7;25.1;-1.0;
03/03/2025 22:33:47;117;0;323.80;-4;20.08;4.45;167.9;13.90;74958;2838.631;-1802.518;1;326;450;456.5;21.4;21.2;31;30.7;25.1;-1.0;
03/03/2025 22:34:07;117;0;323.50;-4;20.12;4.52;164.8;13.90;74972;2838.634;-1802.521;1;326;450;454.8;21.4;21.2;31;30.7;25.1;-1.0;
03/03/2025 22:34:27;117;0;323.76;-4;20.16;4.45;161.7;13.90;74976;2838.637;-1802.524;1;326;450;454.8;21.4;21.2;31;31.1;25.1;-1.0;
03/03/2025 22:34:47;117;0;324.61;-4;20.24;4.42;158.4;14.00;74990;2838.641;-1802.527;1;326;450;454.8;21.4;21.2;31;30.7;25.1;-1.0;
03/03/2025 22:35:07;117;0;323.38;-4;20.19;4.37;155.3;14.00;74992;2838.644;-1802.531;1;326;450;454.8;21.4;21.2;31;30.7;25.1;-1.0;
03/03/2025 22:35:27;117;0;322.79;-4;20.12;4.46;152.1;14.10;75011;2838.647;-1802.534;1;326;450;454.8;21.4;21.2;31;30.7;25.1;-1.0;
03/03/2025 22:35:47;117;0;321.84;-4;20.07;4.47;149.0;14.10;75026;2838.650;-1802.537;1;326;450;454.8;21.4;21.2;33;33.4;25.1;-1.0;
03/03/2025 22:36:07;117;0;326.35;-4;20.43;5.78;145.8;14.10;75035;2838.653;-1802.540;1;326;450;454.8;21.4;21.2;30;29.3;25.0;-1.0;
03/03/2025 22:36:27;117;0;328.49;-4;20.02;3.11;142.8;14.20;75055;2838.656;-1802.543;1;326;450;454.8;21.4;21.2;30;28.9;25.1;-1.0;
03/03/2025 22:36:47;117;0;330.73;-4;20.51;3.88;139.9;14.20;75064;2838.659;-1802.546;1;326;450;454.8;21.4;21.2;30;29.3;25.1;-1.0;
03/03/2025 22:37:07;117;0;332.76;-4;20.30;3.67;136.8;14.30;75077;2838.663;-1802.548;1;326;450;454.8;21.4;21.2;30;29.3;25.1;-1.0;
03/03/2025 22:37:27;117;0;333.42;-4;19.88;3.99;133.9;14.30;75088;2838.666;-1802.551;1;326;450;454.8;21.4;21.2;30;29.3;25.1;-1.0;
03/03/2025 22:37:47;117;0;335.43;-4;19.96;3.43;130.9;14.30;75103;2838.669;-1802.553;1;326;450;454.8;21.4;21.2;30;28.9;25.1;-1.0;
03/03/2025 22:38:07;117;0;337.10;-4;20.03;3.20;127.8;14.40;75095;2838.673;-1802.556;1;326;450;453.2;21.4;21.2;30;29.3;25.1;-1.0;
03/03/2025 22:38:27;117;0;337.94;-4;20.04;3.71;125.0;14.40;75113;2838.676;-1802.558;1;326;450;454.8;21.4;21.2;30;29.3;25.0;-1.0;
03/03/2025 22:38:47;117;0;338.19;-4;19.47;3.39;122.0;14.50;75130;2838.680;-1802.560;1;326;450;454.8;21.4;21.2;28;28.0;25.1;-1.0;
03/03/2025 22:39:07;117;0;339.28;-4;20.36;2.95;119.1;14.50;75133;2838.683;-1802.562;1;326;450;454.8;21.4;21.2;28;27.5;25.1;-1.0;
03/03/2025 22:39:27;117;0;339.24;-4;20.00;2.82;116.2;14.60;75145;2838.686;-1802.564;1;326;450;454.8;21.4;21.2;28;27.5;25.1;-1.0;
03/03/2025 22:39:47;117;0;339.20;-4;20.04;2.81;113.2;14.60;75155;2838.690;-1802.566;1;326;450;454.8;21.4;21.2;28;27.5;25.1;-1.0;
03/03/2025 22:40:07;117;0;336.69;-4;19.68;2.87;110.2;14.60;75171;2838.693;-1802.568;1;326;450;454.8;21.4;21.4;28;27.5;25.1;-1.0;
03/03/2025 22:40:27;117;0;334.33;-4;19.66;2.81;107.2;14.70;75188;2838.696;-1802.571;1;326;450;456.5;21.4;21.2;28;27.5;25.1;-1.0;
03/03/2025 22:40:47;117;0;333.10;-4;19.80;2.81;104.3;14.70;75200;2838.700;-1802.573;1;326;450;454.8;21.4;21.2;28;27.5;25.1;-1.0;
03/03/2025 22:41:07;117;0;332.85;-4;19.90;2.87;101.3;14.80;75234;2838.703;-1802.576;1;326;450;454.8;21.4;21.2;28;27.5;25.1;-1.0;
03/03/2025 22:41:27;117;0;332.25;-4;19.58;2.81;98.2;14.80;75247;2838.706;-1802.578;1;326;450;454.8;21.4;21.2;28;27.5;25.1;-1.0;
03/03/2025 22:41:47;117;0;332.54;-4;19.55;2.72;95.2;14.90;75269;2838.709;-1802.581;1;326;450;454.8;21.4;21.2;28;27.5;25.1;-1.0;
03/03/2025 22:42:07;117;0;333.15;-4;19.63;2.86;92.2;14.90;75281;2838.713;-1802.584;1;326;450;453.2;21.4;21.2;28;27.5;25.1;-1.0;
03/03/2025 22:42:27;117;0;334.03;-4;19.41;2.49;89.1;15.00;75303;2838.716;-1802.586;1;326;450;454.8;21.4;21.2;28;27.5;25.1;-1.0;
03/03/2025 22:42:47;117;0;332.02;-4;19.59;2.78;86.0;15.00;75327;2838.720;-1802.589;1;326;450;454.8;21.4;21.2;28;27.5;25.1;-1.0;
03/03/2025 22:43:07;117;0;329.74;-4;19.71;3.14;82.9;15.10;75340;2838.723;-1802.592;1;326;450;454.8;21.4;21.2;28;27.5;25.1;-1.0;
03/03/2025 22:43:27;117;0;326.72;-4;19.27;2.77;79.8;15.20;75359;2838.726;-1802.595;1;326;450;454.8;21.4;21.2;28;27.5;25.1;-1.0;
03/03/2025 22:43:47;117;0;323.65;-4;19.22;2.85;76.6;15.20;75377;2838.730;-1802.598;1;326;450;453.2;21.4;21.2;31;31.6;25.1;-1.0;
03/03/2025 22:44:07;117;0;323.64;-4;19.75;5.09;73.4;15.20;75394;2838.733;-1802.601;1;326;450;456.5;21.4;21.2;31;32.0;25.1;-1.0;
03/03/2025 22:44:27;117;0;323.89;-4;19.83;4.97;70.2;15.30;75421;2838.736;-1802.605;1;326;450;454.8;21.4;21.2;31;31.6;25.1;-1.0;
03/03/2025 22:44:47;117;0;325.97;-4;19.70;5.02;67.0;15.40;75446;2838.739;-1802.608;1;326;450;454.8;21.4;21.2;31;32.0;25.1;-1.0;
03/03/2025 22:45:07;117;0;328.86;-4;19.78;4.99;63.8;15.40;75471;2838.743;-1802.611;1;326;450;454.8;21.4;21.2;29;28.9;25.1;-1.0;
03/03/2025 22:45:27;117;0;328.29;-4;19.82;3.22;60.5;15.50;75487;2838.746;-1802.614;1;326;450;454.8;21.4;21.4;29;28.4;25.1;-1.0;
03/03/2025 22:45:47;117;0;328.15;-4;19.67;3.22;57.2;15.60;75503;2838.750;-1802.617;1;326;450;454.8;21.4;21.2;29;28.4;25.1;-1.0;
03/03/2025 22:46:07;117;0;327.75;-4;19.48;3.18;53.9;15.60;75506;2838.753;-1802.620;1;326;450;454.8;21.4;21.2;29;28.4;25.1;-1.0;
03/03/2025 22:46:27;117;0;326.55;-4;19.54;3.30;50.7;15.70;75518;2838.756;-1802.623;1;326;450;454.8;21.4;21.2;29;28.4;25.1;-1.0;
03/03/2025 22:46:47;117;0;325.06;-4;19.64;3.20;47.6;15.80;75532;2838.760;-1802.627;1;326;450;454.8;21.4;21.2;31;31.1;25.1;-1.0;
03/03/2025 22:47:07;117;0;326.11;-4;19.80;5.03;44.2;15.80;75541;2838.763;-1802.630;1;326;450;454.8;21.4;21.2;31;31.6;25.1;-1.0;
03/03/2025 22:47:27;117;0;328.25;-4;19.72;4.98;40.9;15.90;75559;2838.766;-1802.633;1;326;450;454.8;21.4;21.2;29;28.9;25.1;-1.0;
03/03/2025 22:47:47;117;0;328.18;-4;19.57;3.20;37.4;15.90;75557;2838.770;-1802.636;1;326;450;454.8;21.4;21.2;29;28.4;25.1;-1.0;
03/03/2025 22:48:07;117;0;328.97;-4;19.33;3.19;34.2;16.00;75565;2838.774;-1802.639;1;326;450;454.8;21.4;21.2;29;28.0;25.0;-1.0;
03/03/2025 22:48:27;117;0;329.50;-4;19.37;3.15;31.0;16.10;75576;2838.777;-1802.642;1;326;450;456.5;21.4;21.2;29;28.0;25.1;-1.0;
03/03/2025 22:48:47;117;0;327.57;-4;18.94;3.17;27.7;16.10;75585;2838.781;-1802.645;1;326;450;454.8;21.1;20.9;29;28.4;25.0;-1.0;
03/03/2025 22:49:07;117;0;327.17;-4;19.38;3.69;24.8;16.10;75596;2838.784;-1802.648;1;326;450;456.5;21.1;20.5;29;28.4;25.1;-1.0;
03/03/2025 22:49:27;117;0;327.13;-4;21.58;3.09;21.2;16.20;75604;2838.787;-1802.651;1;326;450;454.8;21.1;20.5;29;28.4;25.0;-1.0;
03/03/2025 22:49:47;117;0;326.32;-4;21.53;3.47;17.7;16.30;75619;2838.791;-1802.655;1;326;450;453.2;21.1;20.5;29;28.4;25.1;-1.0;
03/03/2025 22:50:07;117;0;325.66;-4;21.08;3.56;14.0;16.30;75629;2838.794;-1802.658;1;326;450;454.8;21.1;20.5;29;28.0;25.1;-1.0;
03/03/2025 22:50:27;117;0;327.04;-4;21.79;3.31;10.4;16.40;75625;2838.798;-1802.661;1;326;450;453.2;21.1;20.5;29;28.4;25.1;-1.0;
03/03/2025 22:50:47;117;0;323.69;-4;21.13;3.33;7.1;16.40;75642;2838.801;-1802.665;1;326;450;454.8;21.1;21.4;32;32.0;25.1;-1.0;
03/03/2025 22:51:07;117;0;321.49;-4;21.61;5.91;3.7;16.50;75647;2838.804;-1802.668;1;326;450;454.8;21.1;21.4;34;33.8;25.1;-1.0;
03/03/2025 22:51:11;115;0;324.87;-4;20.53;6.80;3.1;16.50;75649;2838.805;-1802.669;1;326;500;461.3;100.0;60.1;0;-0.5;25.0;-1.0;
03/03/2025 22:51:22;115;0;333.15;-4;7.75;-13.02;1.7;16.50;75617;2838.807;-1802.670;1;326;500;504.8;100.0;100.0;0;-0.5;24.8;-1.0;
03/03/2025 22:51:32;115;0;302.55;-4;-61.78;-2.39;2.0;16.50;75539;2838.807;-1802.670;1;326;500;504.8;100.0;100.4;0;-0.5;25.1;-1.0;
03/03/2025 22:51:52;119;0;15.68;-4;-28.09;-8.47;-0.3;16.60;75554;2838.807;-1802.670;1;326;500;504.8;100.0;100.4;0;-0.5;25.1;-1.0;
03/03/2025 22:52:02;119;0;25.19;-4;-51.34;-12.41;0.2;16.60;75553;2838.807;-1802.670;1;326;500;504.8;100.0;100.4;0;-0.5;25.1;-1.0;
03/03/2025 22:52:12;119;0;25.37;-4;-45.58;-2.19;-0.1;16.70;75559;2838.714;-1802.780;0;326;500;504.8;100.0;100.4;0;-0.5;25.1;-1.0;
