Timestamp;NavState;SecurityLevel;Heading;Declination;Pitch;Roll;Depth;Temperature;Pa;Lat;Lon;DeadReckoning;DesiredH;BallastCmd;BallastPos;LinCmd;LinPos;AngCmd;AngPos;Voltage;Altitude;
27/02/2025 17:18:56;119;0;178.58;-4;-58.50;-20.16;-0.2;16.80;75580;2835.059;-1758.676;0;145;500;506.5;100.0;100.6;0;-0.5;25.8;-1.0;
27/02/2025 17:19:06;116;0;195.87;-4;-53.41;-7.97;-0.2;16.90;75596;2835.061;-1758.677;0;145;500;504.8;100.0;100.6;0;-0.5;25.8;-1.0;
27/02/2025 17:19:31;116;0;287.16;-4;-55.35;-13.95;-0.1;16.90;75605;2835.063;-1758.679;0;145;500;504.8;100.0;100.6;0;-0.5;25.8;-1.0;
27/02/2025 17:19:55;116;0;322.81;-4;-53.84;-12.38;-0.0;17.00;75626;2835.063;-1758.680;0;145;500;504.8;100.0;100.6;0;-0.5;25.8;-1.0;
27/02/2025 17:20:15;116;0;317.15;-4;-55.27;-10.18;-0.1;17.10;75638;2835.065;-1758.683;0;317;500;504.8;100.0;100.6;0;-0.5;25.8;-1.0;
27/02/2025 17:20:26;116;0;325.89;-4;-49.54;-11.12;-0.1;17.10;75633;2835.067;-1758.684;0;317;500;504.8;100.0;100.6;0;-0.5;25.7;-1.0;
27/02/2025 17:21:29;116;0;325.03;-4;-53.15;-12.55;0.0;17.40;75668;2835.078;-1758.687;0;317;500;504.8;100.0;100.7;0;-0.5;25.8;-1.0;
27/02/2025 17:22:45;116;0;340.34;-4;-53.61;-10.22;0.1;17.70;75701;2835.091;-1758.689;0;317;500;504.8;100.0;100.7;0;-0.5;25.7;-1.0;
27/02/2025 17:23:54;116;0;332.47;-4;-54.43;-14.79;0.1;18.00;75727;2835.102;-1758.690;0;317;500;504.8;100.0;100.6;0;-0.5;25.8;-1.0;
27/02/2025 17:24:14;110;0;323.31;-4;-57.71;-12.65;-0.0;18.10;75730;2835.102;-1758.690;0;317;-90;383.9;100.0;99.9;-7;-7.7;25.8;-1.0;
27/02/2025 17:24:24;110;0;325.52;-4;-49.82;-19.02;0.1;18.20;76104;2835.102;-1758.690;1;317;-90;235.5;100.0;99.7;-7;-7.7;25.7;-1.0;
27/02/2025 17:24:34;110;0;330.86;-4;-59.46;-16.77;0.6;18.20;76343;2835.103;-1758.690;1;317;-90;75.8;100.0;99.7;-7;-7.7;25.7;-1.0;
27/02/2025 17:24:44;110;0;327.20;-4;-69.66;-14.60;0.6;18.30;76662;2835.103;-1758.690;1;317;-90;-75.8;100.0;99.7;-7;-7.7;25.7;-1.0;
27/02/2025 17:24:54;110;0;326.59;-4;-62.93;-19.83;0.9;18.30;77001;2835.103;-1758.690;1;317;-90;-88.7;40.7;52.1;-7;-7.7;25.7;-1.0;
27/02/2025 17:25:04;110;0;332.27;-4;-52.57;-14.96;2.0;18.40;76976;2835.104;-1758.690;1;317;-90;-91.9;40.7;40.5;-7;-7.7;25.7;-1.0;
27/02/2025 17:25:24;100;0;348.21;-4;-17.32;-15.56;4.7;18.40;76969;2835.108;-1758.691;1;317;-90;-83.9;40.7;40.1;-7;-7.7;25.8;-1.0;
27/02/2025 17:25:44;100;0;355.14;-4;-14.87;-15.77;6.7;18.50;76961;2835.111;-1758.691;1;317;-90;-82.3;42.2;42.7;66;65.9;25.8;-1.0;
27/02/2025 17:26:04;100;0;352.70;-4;-21.72;21.38;8.8;18.50;76971;2835.114;-1758.692;1;317;-90;-82.3;42.2;42.7;66;66.3;25.8;-1.0;
27/02/2025 17:26:24;100;0;340.32;-4;-22.64;21.54;11.4;18.50;76981;2835.117;-1758.693;1;317;-90;-80.6;41.4;41.1;46;46.0;25.8;-1.0;
27/02/2025 17:26:44;100;0;329.83;-4;-19.45;11.03;13.8;18.50;76967;2835.120;-1758.694;1;317;-90;-82.3;41.4;41.1;27;26.6;25.8;0.0;
27/02/2025 17:27:04;100;0;325.14;-4;-17.83;1.52;16.1;18.60;76968;2835.123;-1758.696;1;317;-90;-82.3;42.1;42.3;21;21.2;25.7;0.0;
27/02/2025 17:27:24;100;0;323.12;-4;-19.40;-1.33;18.2;18.60;76970;2835.125;-1758.698;1;317;-90;-82.3;42.1;42.3;19;19.0;25.8;0.0;
27/02/2025 17:27:44;100;0;318.08;-4;-19.62;-2.62;20.6;18.60;76983;2835.128;-1758.701;1;317;-90;-82.3;42.1;42.3;16;15.8;25.8;0.0;
27/02/2025 17:28:05;100;0;315.67;-4;-19.51;-4.10;22.8;18.60;76985;2835.130;-1758.703;1;317;-90;-83.9;42.1;42.4;16;15.3;25.8;0.0;
27/02/2025 17:28:25;100;0;312.78;-4;-19.48;-4.25;25.3;18.60;76982;2835.133;-1758.705;1;317;-90;-83.9;42.1;42.3;16;15.3;25.7;0.0;
27/02/2025 17:28:45;100;0;311.53;-4;-19.15;-4.20;27.6;18.70;76992;2835.135;-1758.708;1;317;-90;-82.3;42.1;42.3;16;15.3;25.7;0.0;
27/02/2025 17:29:05;100;0;310.01;-4;-19.47;-4.24;30.0;18.70;76983;2835.138;-1758.711;1;317;-90;-82.3;42.1;42.3;16;15.3;25.8;0.0;
27/02/2025 17:29:25;100;0;308.65;-4;-19.38;-4.13;32.5;18.70;76988;2835.140;-1758.714;1;317;-90;-82.3;42.1;42.4;16;15.3;25.8;0.0;
27/02/2025 17:29:45;100;0;307.29;-4;-19.13;-4.19;34.8;18.70;77002;2835.142;-1758.716;1;317;-90;-82.3;42.1;42.3;14;14.0;25.8;0.0;
27/02/2025 17:30:05;100;0;307.53;-4;-19.04;-4.98;37.3;18.70;77004;2835.144;-1758.719;1;317;-90;-82.3;42.1;42.3;14;13.5;25.8;0.0;
27/02/2025 17:30:25;100;0;308.77;-4;-19.08;-4.95;39.7;18.70;77003;2835.147;-1758.722;1;317;-90;-82.3;42.1;42.3;14;13.5;25.8;0.0;
27/02/2025 17:30:45;100;0;309.44;-4;-19.37;-4.94;42.2;18.70;77008;2835.149;-1758.725;1;317;-90;-85.5;42.1;42.3;14;13.5;25.8;0.0;
27/02/2025 17:31:05;100;0;310.05;-4;-19.24;-4.99;44.6;18.80;77011;2835.151;-1758.727;1;317;-90;-82.3;42.1;42.4;14;13.5;25.8;0.0;
27/02/2025 17:31:25;100;0;310.93;-4;-18.98;-4.94;47.2;18.80;77016;2835.154;-1758.730;1;317;-90;-82.3;42.4;42.4;14;13.5;25.8;0.0;
27/02/2025 17:31:45;100;0;311.57;-4;-19.65;-4.99;49.5;18.80;77016;2835.156;-1758.733;1;317;-90;-82.3;42.4;42.4;14;13.5;25.8;0.0;
27/02/2025 17:32:05;100;0;311.82;-4;-19.68;-5.04;51.9;18.80;77032;2835.159;-1758.735;1;317;-90;-82.3;42.4;42.6;14;13.5;25.8;0.0;
27/02/2025 17:32:25;100;0;313.49;-4;-19.51;-4.95;54.4;18.80;77035;2835.161;-1758.738;1;317;-90;-80.6;42.4;42.4;14;13.5;25.8;0.0;
27/02/2025 17:32:45;100;0;313.76;-4;-19.40;-4.97;56.8;18.80;77029;2835.164;-1758.741;1;317;-90;-83.9;42.4;42.6;14;13.5;25.7;0.0;
27/02/2025 17:33:05;100;0;313.33;-4;-19.46;-4.98;59.1;18.80;77029;2835.166;-1758.743;1;317;-90;-83.9;42.4;42.6;14;13.5;25.8;0.0;
27/02/2025 17:33:25;100;0;313.36;-4;-19.44;-4.99;61.6;18.80;77039;2835.169;-1758.746;1;317;-90;-82.3;42.4;42.6;14;13.5;25.7;0.0;
27/02/2025 17:33:45;100;0;312.76;-4;-19.55;-5.01;64.0;18.80;77042;2835.171;-1758.748;1;317;-90;-82.3;42.4;42.6;14;13.5;25.8;0.0;
27/02/2025 17:34:05;100;0;313.21;-4;-19.55;-4.96;66.3;18.80;77042;2835.173;-1758.751;1;317;-90;-82.3;42.4;42.6;14;13.5;25.8;0.0;
27/02/2025 17:34:25;100;0;313.55;-4;-19.36;-4.93;68.7;18.80;77050;2835.176;-1758.753;1;317;-90;-82.3;42.4;42.6;14;13.5;25.8;0.0;
27/02/2025 17:34:45;100;0;313.63;-4;-19.37;-4.96;71.0;18.80;77050;2835.178;-1758.756;1;317;-90;-82.3;42.4;42.6;14;13.5;25.7;0.0;
27/02/2025 17:35:05;100;0;313.97;-4;-19.49;-4.92;73.2;18.80;77053;2835.181;-1758.758;1;317;-90;-83.9;42.4;42.6;14;13.5;25.8;0.0;
27/02/2025 17:35:25;100;0;314.97;-4;-19.47;-4.97;75.6;18.80;77058;2835.183;-1758.760;1;317;-90;-82.3;42.4;42.6;14;13.5;25.8;0.0;
27/02/2025 17:35:45;100;0;313.99;-4;-19.38;-4.98;77.9;18.80;77061;2835.186;-1758.763;1;317;-90;-82.3;42.4;42.4;14;13.5;25.8;0.0;
27/02/2025 17:36:05;100;0;312.20;-4;-19.45;-5.02;80.2;18.90;77066;2835.188;-1758.765;1;317;-90;-82.3;42.4;42.6;14;13.5;25.8;0.0;
27/02/2025 17:36:25;100;0;313.36;-4;-19.84;-4.93;82.6;18.90;77068;2835.190;-1758.768;1;317;-90;-82.3;42.4;42.4;14;13.5;25.8;0.0;
27/02/2025 17:36:45;100;0;308.06;-4;-19.96;-4.94;85.0;18.90;77060;2835.192;-1758.771;1;317;-90;-82.3;42.4;42.6;14;13.5;25.8;0.0;
27/02/2025 17:37:05;100;0;304.39;-4;-19.01;-4.99;87.2;18.90;77046;2835.194;-1758.773;1;317;-90;-82.3;42.4;42.6;14;13.5;25.7;0.0;
27/02/2025 17:37:25;100;0;306.75;-4;-18.82;-4.98;89.3;18.90;77020;2835.196;-1758.776;1;317;-90;-83.9;42.8;43.0;14;13.5;25.7;0.0;
27/02/2025 17:37:45;100;0;303.59;-4;-20.27;-5.08;91.6;18.80;77000;2835.198;-1758.778;1;317;-90;-80.6;42.8;43.2;14;13.5;25.7;0.0;
27/02/2025 17:38:05;100;0;299.53;-4;-20.49;-4.97;93.7;18.80;76994;2835.200;-1758.781;1;317;-90;-82.3;42.8;43.2;9;9.0;25.8;0.0;
27/02/2025 17:38:25;100;0;292.53;-4;-20.53;-7.30;96.1;18.80;76986;2835.201;-1758.784;1;317;-90;-82.3;42.8;43.0;-1;-0.9;25.8;0.0;
27/02/2025 17:38:45;100;0;291.20;-4;-20.07;-12.38;98.3;18.80;76959;2835.203;-1758.787;1;317;-90;-82.3;42.8;43.2;-3;-3.2;25.8;0.0;
27/02/2025 17:39:05;100;0;294.44;-4;-19.65;-13.41;100.8;18.80;76950;2835.204;-1758.790;1;317;-90;-83.9;42.8;43.2;0;0.0;25.7;0.0;
27/02/2025 17:39:25;100;0;298.74;-4;-19.44;-11.43;102.9;18.80;76935;2835.206;-1758.793;1;317;-90;-82.3;42.8;43.2;8;8.1;25.8;0.0;
27/02/2025 17:39:45;100;0;302.92;-4;-20.11;-7.53;105.3;18.80;76933;2835.208;-1758.796;1;317;-90;-82.3;42.8;43.2;12;12.6;25.8;0.0;
27/02/2025 17:40:05;100;0;306.20;-4;-20.53;-5.25;107.6;18.70;76920;2835.210;-1758.798;1;317;-90;-82.3;42.8;43.2;14;14.0;25.8;0.0;
27/02/2025 17:40:25;100;0;309.75;-4;-20.86;-4.54;110.2;18.70;76909;2835.212;-1758.801;1;317;-90;-82.3;42.8;43.2;14;14.4;25.8;0.0;
27/02/2025 17:40:45;100;0;312.40;-4;-20.94;-4.51;112.7;18.70;76907;2835.215;-1758.804;1;317;-90;-83.9;42.8;43.2;14;14.4;25.8;0.0;
27/02/2025 17:41:05;100;0;315.25;-4;-21.03;-4.53;115.1;18.70;76900;2835.217;-1758.806;1;317;-90;-82.3;42.8;43.2;14;14.4;25.8;0.0;
27/02/2025 17:41:25;100;0;319.13;-4;-20.15;-4.54;117.8;18.60;76885;2835.220;-1758.809;1;317;-90;-82.3;42.8;43.2;14;14.4;25.8;0.0;
27/02/2025 17:41:45;100;0;321.91;-4;-20.64;-4.54;120.4;18.60;76885;2835.223;-1758.811;1;317;-90;-82.3;42.8;43.2;17;17.1;25.8;0.0;
27/02/2025 17:42:05;100;0;321.39;-4;-20.68;-2.78;123.0;18.60;76886;2835.226;-1758.813;1;317;-90;-82.3;42.8;43.2;17;17.6;25.8;0.0;
27/02/2025 17:42:25;100;0;319.38;-4;-20.52;-2.83;125.5;18.60;76871;2835.228;-1758.815;1;317;-90;-83.9;42.8;43.2;17;17.6;25.8;0.0;
27/02/2025 17:42:45;100;0;314.96;-4;-20.29;-2.84;128.0;18.60;76863;2835.231;-1758.818;1;317;-90;-83.9;42.8;43.2;15;14.9;25.8;0.0;
27/02/2025 17:43:05;100;0;309.77;-4;-20.43;-4.59;130.5;18.50;76862;2835.233;-1758.821;1;317;-90;-82.3;42.8;43.2;15;14.4;25.8;0.0;
27/02/2025 17:43:25;100;0;309.66;-4;-20.41;-4.51;133.1;18.50;76859;2835.236;-1758.823;1;317;-90;-82.3;42.8;43.2;15;14.4;25.7;0.0;
27/02/2025 17:43:45;100;0;308.91;-4;-20.81;-4.48;135.9;18.50;76851;2835.238;-1758.826;1;317;-90;-82.3;42.8;43.2;15;14.4;25.8;0.0;
27/02/2025 17:44:05;100;0;307.29;-4;-20.85;-4.47;138.8;18.50;76846;2835.240;-1758.829;1;317;-90;-82.3;42.8;43.2;15;14.4;25.8;0.0;
27/02/2025 17:44:25;100;0;302.42;-4;-20.68;-4.53;141.5;18.40;76830;2835.243;-1758.833;1;317;-90;-82.3;42.8;43.2;11;10.8;25.8;0.0;
27/02/2025 17:44:45;100;0;300.63;-4;-20.64;-6.46;144.5;18.40;76829;2835.245;-1758.836;1;317;-90;-85.5;42.8;43.2;9;9.0;25.8;0.0;
27/02/2025 17:45:05;100;0;298.88;-4;-20.77;-7.32;147.4;18.40;76826;2835.247;-1758.840;1;317;-90;-82.3;42.8;43.2;7;7.2;25.7;0.0;
27/02/2025 17:45:25;100;0;294.55;-4;-20.15;-8.42;150.3;18.40;76808;2835.249;-1758.843;1;317;-90;-82.3;42.8;43.2;0;0.0;25.8;0.0;
27/02/2025 17:45:45;100;0;295.51;-4;-19.51;-11.97;153.0;18.30;76798;2835.250;-1758.847;1;317;-90;-83.9;42.8;43.2;2;1.8;25.7;0.0;
27/02/2025 17:46:05;100;0;298.66;-4;-19.43;-10.41;155.8;18.30;76791;2835.252;-1758.851;1;317;-90;-83.9;42.8;43.0;7;7.2;25.8;0.0;
27/02/2025 17:46:25;100;0;301.71;-4;-19.72;-8.03;158.5;18.30;76786;2835.255;-1758.854;1;317;-90;-82.3;42.8;43.2;10;9.9;25.8;0.0;
27/02/2025 17:46:45;100;0;305.43;-4;-19.88;-6.55;161.2;18.30;76777;2835.257;-1758.857;1;317;-90;-80.6;42.8;43.2;13;13.1;25.8;0.0;
27/02/2025 17:47:05;100;0;309.59;-4;-20.09;-4.79;163.8;18.20;76770;2835.259;-1758.860;1;317;-90;-82.3;42.8;43.2;13;14.0;25.8;0.0;
27/02/2025 17:47:25;100;0;314.43;-4;-19.97;-4.83;166.4;18.20;76771;2835.262;-1758.863;1;317;-90;-82.3;42.8;43.2;13;14.0;25.8;0.0;
27/02/2025 17:47:45;100;0;320.07;-4;-19.72;-4.80;169.0;18.20;76767;2835.265;-1758.865;1;317;-90;-82.3;42.8;43.0;16;15.8;25.8;0.0;
27/02/2025 17:48:05;100;0;321.62;-4;-20.06;-3.41;171.4;18.10;76755;2835.267;-1758.867;1;317;-90;-83.9;42.8;43.2;16;16.2;25.8;0.0;
27/02/2025 17:48:25;100;0;322.93;-4;-19.73;-3.70;173.9;18.10;76751;2835.270;-1758.869;1;317;-90;-82.3;42.8;43.2;18;18.1;25.8;0.0;
27/02/2025 17:48:45;100;0;325.64;-4;-19.73;-2.39;176.4;18.10;76738;2835.273;-1758.871;1;317;-90;-82.3;42.8;43.2;20;19.9;25.8;0.0;
27/02/2025 17:49:05;100;0;326.26;-4;-20.33;-1.71;179.0;18.00;76737;2835.276;-1758.873;1;317;-90;-82.3;42.8;43.2;20;20.3;25.8;0.0;
27/02/2025 17:49:25;100;0;326.30;-4;-20.01;-1.54;181.3;18.00;76733;2835.279;-1758.875;1;317;-90;-82.3;42.8;43.2;23;23.0;25.8;0.0;
27/02/2025 17:49:45;100;0;325.20;-4;-20.12;-0.15;183.7;18.00;76731;2835.282;-1758.877;1;317;-90;-83.9;42.8;43.2;20;19.9;25.7;0.0;
27/02/2025 17:50:05;100;0;323.27;-4;-20.50;-1.85;186.3;18.00;76716;2835.285;-1758.879;1;317;-90;-82.3;42.8;43.2;18;18.1;25.8;0.0;
27/02/2025 17:50:25;100;0;313.98;-4;-20.22;-3.07;188.5;17.90;76703;2835.287;-1758.881;1;317;-90;-82.3;42.8;43.2;15;14.9;25.8;0.0;
27/02/2025 17:50:45;100;0;310.55;-4;-20.19;-4.54;191.0;17.90;76694;2835.289;-1758.884;1;317;-90;-82.3;42.8;43.2;15;14.4;25.8;0.0;
27/02/2025 17:51:05;100;0;309.69;-4;-20.19;-4.51;193.6;17.90;76686;2835.292;-1758.887;1;317;-90;-82.3;42.8;43.2;15;14.4;25.8;0.0;
27/02/2025 17:51:25;100;0;309.16;-4;-20.07;-4.49;195.8;17.80;76668;2835.294;-1758.889;1;317;-90;-82.3;42.8;43.2;15;14.4;25.8;0.0;
27/02/2025 17:51:45;100;0;307.99;-4;-20.40;-4.49;198.8;17.80;76664;2835.297;-1758.893;1;317;-90;-82.3;42.8;43.2;15;14.4;25.8;0.0;
27/02/2025 17:52:05;100;0;309.48;-4;-20.43;-4.55;201.4;17.80;76665;2835.299;-1758.896;1;317;-90;-82.3;42.8;43.2;15;14.4;25.7;0.0;
27/02/2025 17:52:25;100;0;311.80;-4;-20.20;-4.42;203.9;17.70;76647;2835.301;-1758.898;1;317;-90;-82.3;42.8;43.2;15;14.4;25.7;0.0;
27/02/2025 17:52:45;100;0;314.54;-4;-20.53;-4.52;206.7;17.70;76646;2835.304;-1758.901;1;317;-90;-83.9;42.8;43.2;15;14.4;25.8;0.0;
27/02/2025 17:53:05;100;0;307.29;-4;-19.39;-4.50;209.4;17.70;76639;2835.307;-1758.904;1;317;-90;-83.9;42.8;43.2;15;14.4;25.7;0.0;
27/02/2025 17:53:25;100;0;302.04;-4;-19.37;-4.48;211.9;17.60;76625;2835.309;-1758.907;1;317;-90;-82.3;42.8;43.2;11;10.8;25.8;0.0;
27/02/2025 17:53:45;100;0;302.74;-4;-19.54;-6.56;214.3;17.60;76617;2835.311;-1758.910;1;317;-90;-82.3;42.8;43.2;11;10.4;25.8;0.0;
27/02/2025 17:54:05;100;0;305.83;-4;-19.77;-6.72;216.7;17.60;76616;2835.313;-1758.913;1;317;-90;-82.3;42.8;43.2;14;14.0;25.8;0.0;
27/02/2025 17:54:25;100;0;307.24;-4;-20.27;-4.51;219.3;17.50;76613;2835.315;-1758.916;1;317;-90;-82.3;42.8;43.2;14;14.4;25.8;0.0;
27/02/2025 17:54:45;100;0;307.11;-4;-20.35;-4.66;222.0;17.50;76603;2835.317;-1758.919;1;317;-90;-83.9;42.8;43.2;14;14.4;25.8;0.0;
27/02/2025 17:55:05;100;0;308.64;-4;-19.80;-4.50;224.5;17.50;76596;2835.320;-1758.922;1;317;-90;-82.3;42.8;43.0;14;14.4;25.8;0.0;
27/02/2025 17:55:25;100;0;309.80;-4;-19.87;-4.57;227.2;17.40;76592;2835.322;-1758.925;1;317;-90;-83.9;42.8;43.2;14;14.4;25.8;0.0;
27/02/2025 17:55:45;100;0;310.32;-4;-20.37;-4.65;230.0;17.40;76589;2835.325;-1758.928;1;317;-90;-82.3;42.8;43.2;14;14.0;25.7;0.0;
27/02/2025 17:56:05;100;0;305.55;-4;-20.29;-4.62;232.8;17.40;76573;2835.327;-1758.931;1;317;-90;-83.9;42.8;43.0;14;14.4;25.8;0.0;
27/02/2025 17:56:25;100;0;303.40;-4;-20.35;-4.50;235.8;17.30;76560;2835.330;-1758.935;1;317;-90;-82.3;42.8;43.2;12;12.2;25.8;0.0;
27/02/2025 17:56:45;100;0;303.60;-4;-19.95;-5.96;238.8;17.30;76553;2835.332;-1758.938;1;317;-90;-83.9;42.8;43.2;12;11.7;25.8;0.0;
27/02/2025 17:57:05;100;0;303.97;-4;-20.10;-6.17;241.8;17.30;76535;2835.335;-1758.942;1;317;-90;-82.3;42.8;43.2;12;11.7;25.7;0.0;
27/02/2025 17:57:25;100;0;303.99;-4;-20.24;-5.85;244.8;17.20;76533;2835.337;-1758.945;1;317;-90;-80.6;42.8;43.2;12;11.7;25.8;0.0;
27/02/2025 17:57:45;100;0;304.39;-4;-20.12;-5.85;247.9;17.20;76532;2835.339;-1758.949;1;317;-90;-82.3;42.8;43.2;12;11.7;25.8;0.0;
27/02/2025 17:58:05;100;0;303.99;-4;-19.84;-5.91;251.1;17.20;76517;2835.342;-1758.953;1;317;-90;-82.3;42.8;43.2;12;11.7;25.8;0.0;
27/02/2025 17:58:25;100;0;303.12;-4;-20.01;-5.93;253.9;17.10;76519;2835.344;-1758.956;1;317;-90;-82.3;42.8;43.2;12;11.7;25.8;0.0;
27/02/2025 17:58:45;100;0;300.11;-4;-20.01;-5.93;256.8;17.10;76506;2835.346;-1758.960;1;317;-90;-85.5;42.8;43.2;8;8.1;25.8;0.0;
27/02/2025 17:59:05;100;0;301.24;-4;-19.69;-7.91;259.8;17.10;76498;2835.349;-1758.963;1;317;-90;-82.3;42.8;43.2;8;7.7;25.8;0.0;
27/02/2025 17:59:25;100;0;304.93;-4;-19.53;-7.92;262.7;17.00;76489;2835.351;-1758.967;1;317;-90;-82.3;42.8;43.0;12;12.2;25.7;0.0;
27/02/2025 17:59:45;100;0;304.28;-4;-19.67;-5.47;265.5;17.00;76479;2835.354;-1758.970;1;317;-90;-82.3;42.8;43.2;12;12.2;25.8;0.0;
27/02/2025 18:00:05;100;0;305.15;-4;-19.49;-5.44;268.3;17.00;76486;2835.356;-1758.974;1;317;-90;-82.3;42.8;43.2;12;12.6;25.8;0.0;
27/02/2025 18:00:25;100;0;305.30;-4;-19.65;-5.52;271.1;16.90;76465;2835.358;-1758.977;1;317;-90;-82.3;42.8;43.2;12;12.6;25.8;0.0;
27/02/2025 18:00:45;100;0;305.87;-4;-19.83;-5.52;274.0;16.90;76459;2835.361;-1758.980;1;317;-90;-82.3;42.8;43.2;12;12.2;25.8;0.0;
27/02/2025 18:01:05;100;0;307.21;-4;-19.82;-5.45;276.7;16.90;76455;2835.363;-1758.983;1;317;-90;-85.5;42.8;43.2;12;12.6;25.8;0.0;
27/02/2025 18:01:25;100;0;308.15;-4;-19.54;-5.35;279.5;16.80;76457;2835.366;-1758.986;1;317;-90;-82.3;42.8;43.2;12;12.6;25.8;0.0;
27/02/2025 18:01:45;100;0;309.21;-4;-20.47;-5.47;282.3;16.80;76444;2835.368;-1758.990;1;317;-90;-83.9;42.8;43.2;14;14.0;25.8;0.0;
27/02/2025 18:02:05;100;0;307.76;-4;-19.69;-4.55;285.1;16.80;76449;2835.371;-1758.993;1;317;-90;-83.9;42.8;43.3;14;14.4;25.7;0.0;
27/02/2025 18:02:25;100;0;310.42;-4;-19.98;-4.54;287.8;16.70;76433;2835.373;-1758.996;1;317;-90;-82.3;42.8;43.2;14;14.4;25.7;0.0;
27/02/2025 18:02:45;100;0;310.11;-4;-20.25;-4.49;290.5;16.70;76426;2835.376;-1758.999;1;317;-90;-82.3;42.8;43.2;14;14.4;25.8;0.0;
27/02/2025 18:03:06;100;0;310.11;-4;-19.64;-4.53;293.1;16.70;76428;2835.378;-1759.001;1;317;-90;-82.3;42.8;43.2;14;14.4;25.8;0.0;
27/02/2025 18:03:26;100;0;309.01;-4;-19.24;-4.70;295.9;16.60;76413;2835.381;-1759.005;1;317;-90;-82.3;42.8;43.2;14;14.4;25.8;0.0;
27/02/2025 18:03:46;100;0;310.38;-4;-18.89;-4.17;298.6;16.60;76415;2835.384;-1759.008;1;317;-90;-82.3;43.1;43.2;14;14.4;25.8;0.0;
27/02/2025 18:04:06;100;0;311.94;-4;-18.95;-4.48;300.9;16.60;76419;2835.386;-1759.010;1;317;-90;-82.3;43.4;43.4;14;14.4;25.7;0.0;
27/02/2025 18:04:26;100;0;313.24;-4;-20.87;-4.42;303.5;16.50;76417;2835.388;-1759.013;1;317;-90;-83.9;43.4;43.6;14;14.4;25.8;0.0;
27/02/2025 18:04:46;100;0;312.59;-4;-20.56;-4.55;306.1;16.50;76404;2835.391;-1759.015;1;317;-90;-82.3;43.4;43.7;14;14.4;25.8;0.0;
27/02/2025 18:05:06;100;0;306.98;-4;-20.25;-4.58;308.7;16.50;76400;2835.393;-1759.018;1;317;-90;-83.9;43.4;43.7;14;14.4;25.8;0.0;
27/02/2025 18:05:26;100;0;307.65;-4;-20.11;-4.57;311.0;16.40;76378;2835.395;-1759.021;1;317;-90;-82.3;43.4;43.6;14;14.4;25.8;0.0;
27/02/2025 18:05:46;100;0;306.32;-4;-20.48;-4.53;313.1;16.40;76376;2835.397;-1759.023;1;317;-90;-82.3;43.4;43.7;14;14.4;25.8;0.0;
27/02/2025 18:06:06;100;0;305.99;-4;-20.52;-4.56;315.5;16.40;76361;2835.399;-1759.026;1;317;-90;-82.3;43.4;43.7;14;14.4;25.7;0.0;
27/02/2025 18:06:26;100;0;305.04;-4;-20.32;-4.53;317.8;16.40;76360;2835.401;-1759.029;1;317;-90;-82.3;43.4;43.6;12;12.2;25.8;0.0;
27/02/2025 18:06:46;100;0;302.56;-4;-20.26;-5.98;320.0;16.30;76350;2835.403;-1759.031;1;317;-90;-82.3;43.4;43.6;12;11.7;25.7;0.0;
27/02/2025 18:07:06;100;0;302.47;-4;-20.52;-5.90;322.3;16.30;76335;2835.405;-1759.034;1;317;-90;-82.3;43.4;43.7;12;11.7;25.8;0.0;
27/02/2025 18:07:26;100;0;304.26;-4;-20.33;-5.89;324.6;16.30;76333;2835.407;-1759.037;1;317;-90;-83.9;43.4;43.7;12;11.7;25.7;0.0;
27/02/2025 18:07:46;100;0;307.47;-4;-20.31;-5.86;326.9;16.20;76327;2835.409;-1759.039;1;317;-90;-82.3;43.4;43.6;12;11.7;25.7;0.0;
27/02/2025 18:08:06;100;0;309.39;-4;-20.07;-5.87;329.0;16.20;76320;2835.411;-1759.042;1;317;-90;-82.3;43.4;43.7;12;11.7;25.8;0.0;
27/02/2025 18:08:26;100;0;307.34;-4;-20.73;-5.89;331.2;16.20;76315;2835.413;-1759.044;1;317;-90;-82.3;43.4;43.7;12;11.7;25.8;0.0;
27/02/2025 18:08:46;100;0;304.69;-4;-20.03;-5.98;333.5;16.10;76309;2835.415;-1759.047;1;317;-90;-82.3;43.4;43.6;12;11.7;25.8;0.0;
27/02/2025 18:09:06;100;0;304.79;-4;-21.10;-5.93;335.7;16.10;76308;2835.417;-1759.049;1;317;-90;-83.9;43.4;43.6;12;11.7;25.8;0.0;
27/02/2025 18:09:26;100;0;308.58;-4;-20.59;-5.86;338.0;16.10;76306;2835.419;-1759.052;1;317;-90;-82.3;43.4;43.6;12;11.7;25.8;0.0;
27/02/2025 18:09:46;100;0;309.72;-4;-20.45;-5.88;340.7;16.00;76294;2835.421;-1759.055;1;317;-90;-82.3;43.4;43.6;12;11.7;25.8;0.0;
27/02/2025 18:10:06;100;0;313.87;-4;-20.51;-5.83;343.2;16.00;76293;2835.424;-1759.057;1;317;-90;-82.3;43.4;43.6;12;11.7;25.7;0.0;
27/02/2025 18:10:26;100;0;319.42;-4;-20.31;-5.89;345.7;16.00;76280;2835.426;-1759.059;1;317;-90;-82.3;43.4;43.6;14;14.0;25.8;0.0;
27/02/2025 18:10:46;100;0;322.50;-4;-20.42;-4.69;348.4;15.90;76275;2835.429;-1759.062;1;317;-90;-82.3;43.4;43.7;16;15.8;25.7;0.0;
27/02/2025 18:11:06;100;0;322.95;-4;-20.65;-3.69;351.0;15.90;76266;2835.432;-1759.064;1;317;-90;-82.3;43.4;43.7;16;15.8;25.8;0.0;
27/02/2025 18:11:26;100;0;322.11;-4;-20.60;-3.73;353.7;15.90;76256;2835.435;-1759.066;1;317;-90;-82.3;43.4;43.6;16;16.2;25.7;0.0;
27/02/2025 18:11:46;100;0;322.44;-4;-20.75;-3.69;356.3;15.90;76255;2835.438;-1759.068;1;317;-90;-82.3;43.4;43.7;16;16.2;25.8;0.0;
27/02/2025 18:12:06;100;0;323.82;-4;-20.78;-3.62;358.8;15.80;76254;2835.441;-1759.070;1;317;-90;-82.3;43.4;43.7;18;18.1;25.8;0.0;
27/02/2025 18:12:26;100;0;327.39;-4;-21.08;-2.48;361.4;15.80;76247;2835.444;-1759.072;1;317;-90;-83.9;43.4;43.7;22;22.1;25.8;0.0;
27/02/2025 18:12:46;100;0;327.33;-4;-21.09;-0.42;364.0;15.80;76246;2835.447;-1759.074;1;317;-90;-82.3;43.4;43.7;22;22.6;25.8;0.0;
27/02/2025 18:13:06;100;0;326.44;-4;-21.18;-0.38;366.6;15.70;76229;2835.450;-1759.076;1;317;-90;-82.3;43.4;43.7;20;19.4;25.7;0.0;
27/02/2025 18:13:26;100;0;322.05;-4;-20.88;-2.12;369.1;15.70;76225;2835.453;-1759.078;1;317;-90;-82.3;43.4;43.7;17;17.1;25.8;0.0;
27/02/2025 18:13:46;100;0;319.72;-4;-20.80;-3.39;371.6;15.70;76224;2835.455;-1759.080;1;317;-90;-82.3;43.4;43.6;15;14.9;25.8;0.0;
27/02/2025 18:14:06;100;0;317.80;-4;-20.64;-4.34;374.1;15.60;76219;2835.458;-1759.083;1;317;-90;-82.3;43.4;43.7;15;14.9;25.7;0.0;
27/02/2025 18:14:26;100;0;316.70;-4;-20.59;-4.35;376.4;15.60;76199;2835.460;-1759.085;1;317;-90;-82.3;43.4;43.7;15;14.9;25.8;0.0;
27/02/2025 18:14:46;100;0;317.77;-4;-20.45;-4.37;378.7;15.60;76194;2835.463;-1759.087;1;317;-90;-83.9;43.4;43.7;15;14.4;25.8;0.0;
27/02/2025 18:15:06;100;0;316.25;-4;-20.58;-4.27;381.0;15.50;76179;2835.465;-1759.089;1;317;-90;-83.9;43.4;43.7;15;14.9;25.8;0.0;
27/02/2025 18:15:26;100;0;314.49;-4;-20.37;-4.43;383.3;15.50;76189;2835.467;-1759.092;1;317;-90;-82.3;43.4;43.7;15;14.9;25.8;0.0;
27/02/2025 18:15:46;100;0;312.75;-4;-20.45;-4.47;385.6;15.50;76174;2835.470;-1759.094;1;317;-90;-83.9;43.4;43.7;15;14.9;25.7;0.0;
27/02/2025 18:16:06;100;0;311.94;-4;-20.56;-4.40;388.0;15.50;76186;2835.472;-1759.096;1;317;-90;-82.3;43.4;43.7;15;14.9;25.8;0.0;
27/02/2025 18:16:26;100;0;312.04;-4;-20.57;-4.38;390.2;15.40;76173;2835.474;-1759.099;1;317;-90;-82.3;43.4;43.6;15;14.9;25.8;0.0;
27/02/2025 18:16:46;100;0;312.31;-4;-20.55;-4.36;392.3;15.40;76161;2835.476;-1759.101;1;317;-90;-82.3;43.4;43.6;15;14.9;25.8;0.0;
27/02/2025 18:17:06;100;0;312.03;-4;-20.53;-4.40;394.5;15.40;76171;2835.478;-1759.103;1;317;-90;-82.3;43.4;43.7;15;14.9;25.8;0.0;
27/02/2025 18:17:26;100;0;313.06;-4;-20.56;-4.42;396.6;15.30;76158;2835.480;-1759.105;1;317;-90;-82.3;43.4;43.7;15;14.9;25.8;0.0;
27/02/2025 18:17:46;100;0;315.19;-4;-20.54;-4.33;399.0;15.30;76140;2835.483;-1759.107;1;317;-90;-82.3;43.4;43.7;15;14.9;25.7;0.0;
27/02/2025 18:18:06;100;0;316.59;-4;-20.42;-4.40;401.0;15.30;76145;2835.485;-1759.109;1;317;-110;-109.7;43.4;43.7;15;14.9;25.8;0.0;
27/02/2025 18:18:26;100;0;318.41;-4;-20.22;-4.42;403.3;15.30;76202;2835.487;-1759.111;1;317;-110;-111.3;43.4;43.7;15;14.9;25.7;0.0;
27/02/2025 18:18:46;100;0;318.44;-4;-19.80;-4.34;405.7;15.20;76204;2835.490;-1759.114;1;317;-110;-111.3;43.4;43.7;15;14.9;25.7;0.0;
27/02/2025 18:19:06;100;0;316.51;-4;-19.97;-4.20;408.0;15.20;76200;2835.492;-1759.116;1;317;-110;-112.9;43.4;43.7;15;14.9;25.8;0.0;
27/02/2025 18:19:26;100;0;317.35;-4;-20.10;-4.21;410.5;15.20;76208;2835.495;-1759.118;1;317;-110;-111.3;43.4;43.7;15;14.9;25.8;0.0;
27/02/2025 18:19:46;100;0;315.75;-4;-19.98;-4.34;412.8;15.20;76185;2835.497;-1759.121;1;317;-110;-111.3;43.4;43.6;15;14.9;25.8;0.0;
27/02/2025 18:20:06;100;0;315.84;-4;-20.02;-4.26;415.2;15.10;76195;2835.500;-1759.123;1;317;-110;-111.3;43.4;43.9;15;14.9;25.8;0.0;
27/02/2025 18:20:26;100;0;315.03;-4;-20.07;-4.27;417.7;15.10;76190;2835.502;-1759.126;1;317;-110;-111.3;43.4;43.7;15;14.9;25.8;0.0;
27/02/2025 18:20:46;100;0;313.86;-4;-20.00;-4.19;420.1;15.10;76182;2835.505;-1759.128;1;317;-110;-111.3;43.4;43.7;15;14.9;25.8;0.0;
27/02/2025 18:21:06;100;0;313.87;-4;-19.92;-4.30;422.4;15.00;76174;2835.507;-1759.130;1;317;-110;-111.3;43.4;43.7;15;14.9;25.8;0.0;
27/02/2025 18:21:26;100;0;314.87;-4;-19.60;-4.30;424.7;15.00;76172;2835.510;-1759.133;1;317;-110;-112.9;43.4;43.7;15;14.9;25.8;0.0;
27/02/2025 18:21:46;100;0;316.49;-4;-19.92;-4.27;426.9;15.00;76174;2835.512;-1759.135;1;317;-110;-109.7;43.4;43.7;15;14.9;25.8;0.0;
27/02/2025 18:22:06;100;0;319.09;-4;-20.44;-4.26;429.3;15.00;76160;2835.515;-1759.137;1;317;-110;-112.9;43.4;43.7;15;14.9;25.7;0.0;
27/02/2025 18:22:26;100;0;324.11;-4;-20.15;-4.26;431.6;14.90;76154;2835.517;-1759.139;1;317;-110;-111.3;43.4;43.6;19;19.0;25.8;0.0;
27/02/2025 18:22:46;100;0;323.50;-4;-20.56;-1.83;434.1;14.90;76154;2835.520;-1759.141;1;317;-110;-111.3;43.4;43.7;19;19.4;25.7;0.0;
27/02/2025 18:23:06;100;0;320.82;-4;-20.48;-1.87;436.5;14.90;76150;2835.523;-1759.143;1;317;-110;-111.3;43.4;43.6;16;15.8;25.8;0.0;
27/02/2025 18:23:26;100;0;319.05;-4;-20.34;-3.96;439.1;14.90;76145;2835.526;-1759.146;1;317;-110;-111.3;43.4;43.6;16;15.3;25.8;0.0;
27/02/2025 18:23:46;100;0;316.62;-4;-20.48;-3.94;441.8;14.80;76137;2835.528;-1759.148;1;317;-110;-111.3;43.4;43.7;14;14.0;25.7;0.0;
27/02/2025 18:24:06;100;0;318.33;-4;-19.89;-4.70;444.4;14.80;76139;2835.531;-1759.151;1;317;-110;-111.3;43.4;43.7;14;13.5;25.8;0.0;
27/02/2025 18:24:26;100;0;318.68;-4;-19.73;-4.69;447.0;14.80;76128;2835.534;-1759.153;1;317;-110;-111.3;43.4;43.6;14;14.0;25.8;0.0;
27/02/2025 18:24:46;100;0;318.99;-4;-19.52;-4.76;449.5;14.80;76132;2835.537;-1759.155;1;317;-110;-109.7;43.4;43.7;14;14.0;25.8;0.0;
27/02/2025 18:25:06;100;0;321.03;-4;-19.63;-4.77;451.9;14.70;76119;2835.539;-1759.158;1;317;-110;-111.3;43.4;43.7;17;17.1;25.8;0.0;
27/02/2025 18:25:26;100;0;321.61;-4;-19.77;-2.88;454.2;14.70;76124;2835.542;-1759.160;1;317;-110;-111.3;43.4;43.6;17;17.6;25.8;0.0;
27/02/2025 18:25:46;100;0;322.26;-4;-19.74;-2.90;456.8;14.70;76116;2835.545;-1759.162;1;317;-110;-111.3;43.4;43.7;17;17.6;25.8;0.0;
27/02/2025 18:26:06;100;0;321.98;-4;-19.77;-2.85;459.1;14.70;76104;2835.548;-1759.164;1;317;-110;-109.7;43.4;43.7;17;17.6;25.8;0.0;
27/02/2025 18:26:26;100;0;321.61;-4;-19.68;-2.85;461.4;14.60;76102;2835.550;-1759.166;1;317;-110;-112.9;43.4;43.6;17;17.6;25.7;0.0;
27/02/2025 18:26:46;100;0;322.26;-4;-19.86;-2.80;463.7;14.60;76095;2835.553;-1759.168;1;317;-110;-111.3;43.4;43.7;17;17.6;25.7;0.0;
27/02/2025 18:27:06;100;0;322.33;-4;-19.97;-2.82;465.9;14.60;76091;2835.555;-1759.170;1;317;-110;-111.3;43.4;43.7;17;17.6;25.8;0.0;
27/02/2025 18:27:26;100;0;322.29;-4;-19.87;-2.81;468.3;14.60;76097;2835.558;-1759.172;1;317;-110;-111.3;43.4;43.7;17;17.6;25.8;0.0;
27/02/2025 18:27:46;100;0;321.78;-4;-19.86;-2.80;470.5;14.60;76089;2835.561;-1759.174;1;317;-110;-111.3;43.4;43.7;17;17.6;25.7;0.0;
27/02/2025 18:28:06;100;0;321.79;-4;-19.74;-2.86;472.7;14.50;76083;2835.563;-1759.176;1;317;-110;-111.3;43.4;43.7;17;17.1;25.8;0.0;
27/02/2025 18:28:26;100;0;322.50;-4;-19.93;-2.84;474.9;14.50;76086;2835.566;-1759.178;1;317;-110;-111.3;43.4;43.7;17;17.6;25.8;0.0;
27/02/2025 18:28:46;100;0;323.03;-4;-19.74;-2.82;477.0;14.50;76079;2835.568;-1759.179;1;317;-110;-111.3;43.4;43.7;19;19.0;25.8;0.0;
27/02/2025 18:29:06;100;0;322.94;-4;-19.76;-1.98;479.1;14.50;76083;2835.570;-1759.181;1;317;-110;-109.7;43.4;43.7;19;19.4;25.8;0.0;
27/02/2025 18:29:26;100;0;325.14;-4;-19.63;-1.96;481.2;14.50;76072;2835.573;-1759.183;1;317;-110;-111.3;43.4;43.6;21;21.2;25.7;0.0;
27/02/2025 18:29:46;100;0;323.04;-4;-20.19;-0.82;483.2;14.40;76065;2835.575;-1759.184;1;317;-110;-111.3;43.4;43.7;19;19.0;25.8;0.0;
27/02/2025 18:30:06;100;0;320.64;-4;-20.29;-2.40;485.4;14.40;76058;2835.578;-1759.186;1;317;-110;-111.3;43.4;43.6;17;17.1;25.8;0.0;
27/02/2025 18:30:26;100;0;319.07;-4;-20.04;-3.23;487.8;14.40;76049;2835.580;-1759.189;1;317;-110;-111.3;43.4;43.7;17;17.1;25.8;0.0;
27/02/2025 18:30:46;100;0;319.16;-4;-20.10;-3.12;489.8;14.40;76046;2835.583;-1759.191;1;317;-110;-112.9;43.4;43.7;17;17.1;25.8;0.0;
27/02/2025 18:31:06;100;0;315.71;-4;-20.01;-3.24;492.1;14.30;76034;2835.585;-1759.193;1;317;-110;-111.3;43.4;43.7;15;14.9;25.8;0.0;
27/02/2025 18:31:26;100;0;315.35;-4;-19.56;-4.45;494.1;14.30;76032;2835.587;-1759.195;1;317;-110;-111.3;43.4;43.7;15;14.4;25.8;0.0;
27/02/2025 18:31:46;100;0;315.62;-4;-19.54;-4.43;496.4;14.30;76025;2835.590;-1759.197;1;317;-110;-111.3;43.4;43.7;15;14.4;25.7;0.0;
27/02/2025 18:32:06;100;0;316.30;-4;-19.14;-4.30;498.4;14.30;76023;2835.592;-1759.199;1;317;-130;-130.6;43.4;43.7;15;14.4;25.8;0.0;
27/02/2025 18:32:26;100;0;316.45;-4;-19.11;-4.34;500.5;14.20;76066;2835.594;-1759.201;1;317;-130;-132.3;43.4;43.6;15;14.4;25.7;0.0;
27/02/2025 18:32:46;100;0;315.52;-4;-19.09;-4.49;502.8;14.20;76062;2835.597;-1759.204;1;317;-130;-132.3;43.4;43.7;15;14.4;25.8;0.0;
27/02/2025 18:33:06;100;0;316.63;-4;-19.22;-4.47;505.0;14.20;76063;2835.599;-1759.206;1;317;-130;-130.6;43.4;43.7;15;14.4;25.8;0.0;
27/02/2025 18:33:26;100;0;316.84;-4;-19.20;-4.36;507.3;14.20;76059;2835.602;-1759.208;1;317;-130;-133.9;43.4;43.7;15;14.4;25.8;0.0;
27/02/2025 18:33:46;100;0;317.39;-4;-19.31;-4.34;509.7;14.10;76041;2835.604;-1759.211;1;317;-130;-132.3;43.4;43.7;15;14.4;25.8;0.0;
27/02/2025 18:34:06;100;0;318.42;-4;-19.44;-4.34;512.0;14.10;76056;2835.607;-1759.213;1;317;-130;-132.3;43.4;43.6;15;14.4;25.8;0.0;
27/02/2025 18:34:26;100;0;319.34;-4;-19.40;-4.33;514.5;14.10;76051;2835.610;-1759.215;1;317;-130;-133.9;43.4;43.7;15;14.4;25.8;0.0;
27/02/2025 18:34:46;100;0;320.01;-4;-19.41;-4.33;516.8;14.10;76038;2835.612;-1759.217;1;317;-130;-130.6;43.4;43.7;17;17.1;25.7;0.0;
27/02/2025 18:35:06;100;0;320.53;-4;-19.54;-2.68;519.3;14.10;76044;2835.615;-1759.220;1;317;-130;-132.3;43.4;43.7;17;17.6;25.7;0.0;
27/02/2025 18:35:26;100;0;321.04;-4;-19.51;-2.66;521.6;14.00;76035;2835.618;-1759.222;1;317;-130;-132.3;43.4;43.9;17;17.6;25.8;0.0;
27/02/2025 18:35:46;100;0;317.57;-4;-19.59;-2.67;524.0;14.00;76033;2835.620;-1759.224;1;317;-130;-132.3;43.4;43.7;17;17.6;25.8;0.0;
27/02/2025 18:36:06;100;0;315.82;-4;-19.41;-2.72;526.4;14.00;76028;2835.623;-1759.226;1;317;-130;-132.3;43.4;43.7;15;14.9;25.8;0.0;
27/02/2025 18:36:26;100;0;314.97;-4;-19.39;-4.29;528.8;14.00;76028;2835.625;-1759.229;1;317;-130;-130.6;43.4;43.7;15;14.4;25.8;0.0;
27/02/2025 18:36:46;100;0;313.65;-4;-19.32;-4.24;531.2;13.90;76018;2835.628;-1759.231;1;317;-130;-132.3;43.4;43.7;15;14.4;25.8;0.0;
27/02/2025 18:37:06;100;0;313.09;-4;-19.48;-4.24;533.7;13.90;76021;2835.630;-1759.234;1;317;-130;-133.9;43.4;43.7;15;14.4;25.8;0.0;
27/02/2025 18:37:26;100;0;312.25;-4;-19.49;-4.21;536.0;13.90;76011;2835.633;-1759.237;1;317;-130;-130.6;43.4;43.7;15;14.9;25.7;0.0;
27/02/2025 18:37:46;100;0;311.77;-4;-19.52;-4.25;538.4;13.90;76006;2835.635;-1759.239;1;317;-130;-132.3;43.4;43.7;15;14.4;25.7;0.0;
27/02/2025 18:38:07;100;0;310.39;-4;-19.61;-4.23;540.7;13.90;76013;2835.637;-1759.242;1;317;-130;-132.3;43.4;43.7;15;14.4;25.7;0.0;
27/02/2025 18:38:27;100;0;307.43;-4;-19.66;-4.19;543.2;13.90;76005;2835.640;-1759.245;1;317;-130;-132.3;43.4;43.7;15;14.9;25.8;0.0;
27/02/2025 18:38:47;100;0;305.89;-4;-19.42;-4.21;545.8;13.80;76000;2835.642;-1759.248;1;317;-130;-130.6;43.4;43.7;15;14.9;25.8;0.0;
27/02/2025 18:39:07;100;0;303.01;-4;-19.43;-4.24;548.2;13.80;75994;2835.644;-1759.251;1;317;-130;-132.3;43.4;43.7;12;12.2;25.7;0.0;
27/02/2025 18:39:27;100;0;300.90;-4;-19.06;-5.70;550.6;13.80;75999;2835.646;-1759.254;1;317;-130;-132.3;43.4;43.7;10;9.9;25.8;0.0;
27/02/2025 18:39:47;100;0;299.69;-4;-19.08;-6.68;552.9;13.80;75986;2835.648;-1759.257;1;317;-130;-132.3;43.4;43.6;10;9.9;25.8;0.0;
27/02/2025 18:40:07;100;0;301.13;-4;-19.19;-6.63;555.3;13.70;75987;2835.649;-1759.260;1;317;-130;-132.3;43.4;43.7;10;9.9;25.8;0.0;
27/02/2025 18:40:27;100;0;302.33;-4;-19.24;-6.67;557.6;13.70;75975;2835.651;-1759.263;1;317;-130;-132.3;43.4;43.7;10;9.9;25.8;0.0;
27/02/2025 18:40:47;100;0;302.69;-4;-18.40;-6.66;560.0;13.70;75975;2835.654;-1759.266;1;317;-130;-130.6;43.9;44.3;12;12.2;25.8;0.0;
27/02/2025 18:41:07;100;0;300.05;-4;-20.46;-5.39;562.4;13.70;75970;2835.655;-1759.269;1;317;-130;-132.3;43.9;44.2;10;9.9;25.8;0.0;
27/02/2025 18:41:27;100;0;297.09;-4;-19.74;-6.55;565.1;13.70;75976;2835.657;-1759.272;1;317;-130;-132.3;43.9;44.2;5;5.0;25.7;0.0;
27/02/2025 18:41:47;100;0;299.88;-4;-20.06;-9.12;567.6;13.60;75964;2835.659;-1759.275;1;317;-130;-132.3;43.9;44.2;9;9.0;25.8;0.0;
27/02/2025 18:42:07;100;0;300.86;-4;-19.66;-6.89;570.1;13.60;75965;2835.661;-1759.278;1;317;-130;-130.6;43.9;44.2;9;9.5;25.8;0.0;
27/02/2025 18:42:27;100;0;305.51;-4;-20.06;-7.26;572.5;13.60;75960;2835.663;-1759.281;1;317;-130;-132.3;43.9;44.3;14;14.0;25.8;0.0;
27/02/2025 18:42:47;100;0;307.03;-4;-20.02;-4.49;574.9;13.60;75958;2835.665;-1759.284;1;317;-130;-132.3;43.9;44.3;14;14.4;25.7;0.0;
27/02/2025 18:43:07;100;0;308.66;-4;-20.18;-4.37;577.3;13.60;75951;2835.667;-1759.286;1;317;-130;-132.3;43.9;44.2;14;14.4;25.7;0.0;
27/02/2025 18:43:27;100;0;311.01;-4;-20.19;-4.28;579.7;13.50;75933;2835.670;-1759.289;1;317;-130;-132.3;43.9;44.2;14;14.4;25.8;0.0;
27/02/2025 18:43:47;100;0;311.78;-4;-19.42;-4.28;582.2;13.50;75944;2835.672;-1759.292;1;317;-130;-133.9;43.9;44.3;14;14.4;25.7;0.0;
27/02/2025 18:44:07;100;0;314.63;-4;-19.75;-4.49;584.6;13.50;75938;2835.675;-1759.294;1;317;-130;-132.3;43.9;44.3;14;14.4;25.8;0.0;
27/02/2025 18:44:27;100;0;315.52;-4;-20.03;-4.39;587.0;13.50;75929;2835.677;-1759.297;1;317;-130;-132.3;43.9;44.3;14;14.4;25.8;0.0;
27/02/2025 18:44:47;100;0;317.95;-4;-18.78;-4.28;589.4;13.50;75938;2835.680;-1759.299;1;317;-130;-132.3;44.2;44.2;14;14.4;25.7;0.0;
27/02/2025 18:45:07;100;0;321.22;-4;-19.65;-4.35;591.7;13.50;75923;2835.683;-1759.301;1;317;-130;-132.3;44.2;44.2;17;17.1;25.8;0.0;
27/02/2025 18:45:27;100;0;321.90;-4;-19.86;-2.86;594.1;13.40;75923;2835.685;-1759.303;1;317;-130;-132.3;44.2;44.2;17;17.6;25.8;0.0;
27/02/2025 18:45:47;100;0;321.22;-4;-20.45;-2.92;596.6;13.40;75916;2835.688;-1759.305;1;317;-130;-132.3;44.2;44.2;17;17.6;25.8;0.0;
27/02/2025 18:46:07;100;0;321.34;-4;-19.83;-2.80;599.0;13.40;75914;2835.691;-1759.307;1;317;-130;-133.9;44.2;44.2;17;17.6;25.8;0.0;
27/02/2025 18:46:27;100;0;321.42;-4;-19.91;-2.84;601.2;13.40;75910;2835.693;-1759.309;1;317;-130;-132.3;44.2;44.2;17;17.6;25.8;0.0;
27/02/2025 18:46:47;100;0;320.59;-4;-19.99;-2.89;603.6;13.40;75896;2835.696;-1759.312;1;317;-130;-132.3;44.2;44.2;17;17.6;25.7;0.0;
27/02/2025 18:47:07;100;0;320.77;-4;-20.14;-2.80;606.0;13.30;75912;2835.699;-1759.314;1;317;-130;-132.3;44.2;44.2;17;17.6;25.8;0.0;
27/02/2025 18:47:27;100;0;321.08;-4;-20.05;-2.78;608.2;13.30;75901;2835.701;-1759.316;1;317;-130;-133.9;44.2;44.2;17;17.6;25.8;0.0;
27/02/2025 18:47:47;100;0;321.22;-4;-20.17;-2.81;610.5;13.30;75899;2835.704;-1759.318;1;317;-130;-132.3;44.2;44.2;17;17.6;25.8;0.0;
27/02/2025 18:48:07;100;0;322.41;-4;-20.25;-2.77;612.7;13.30;75894;2835.706;-1759.319;1;317;-130;-132.3;44.2;44.2;19;19.0;25.7;0.0;
27/02/2025 18:48:27;100;0;320.45;-4;-20.43;-1.90;615.0;13.30;75889;2835.709;-1759.322;1;317;-130;-132.3;44.2;44.2;17;17.1;25.8;0.0;
27/02/2025 18:48:47;100;0;317.15;-4;-20.59;-3.26;617.4;13.30;75899;2835.711;-1759.324;1;317;-130;-132.3;44.2;44.2;17;16.7;25.8;0.0;
27/02/2025 18:49:07;100;0;316.46;-4;-20.43;-3.19;619.9;13.20;75874;2835.714;-1759.326;1;317;-130;-130.6;44.2;44.2;15;14.9;25.8;0.0;
27/02/2025 18:49:27;100;0;316.66;-4;-20.40;-4.20;622.4;13.20;75871;2835.717;-1759.329;1;317;-130;-130.6;44.2;44.2;15;14.9;25.7;0.0;
27/02/2025 18:49:47;100;0;314.00;-4;-20.33;-4.19;624.8;13.20;75873;2835.719;-1759.331;1;317;-130;-132.3;44.2;44.2;15;14.9;25.8;0.0;
27/02/2025 18:50:07;100;0;310.78;-4;-20.34;-4.21;627.4;13.20;75870;2835.721;-1759.334;1;317;-130;-132.3;44.2;44.2;15;14.9;25.8;0.0;
27/02/2025 18:50:27;100;0;309.63;-4;-20.74;-4.12;629.9;13.20;75872;2835.724;-1759.337;1;317;-130;-133.9;44.2;44.2;15;14.9;25.8;0.0;
27/02/2025 18:50:47;100;0;309.98;-4;-20.28;-4.08;632.6;13.10;75855;2835.726;-1759.340;1;317;-130;-132.3;44.2;44.0;15;14.9;25.8;0.0;
27/02/2025 18:51:07;100;0;310.58;-4;-20.06;-4.19;635.2;13.10;75849;2835.729;-1759.342;1;317;-130;-132.3;44.2;44.2;15;14.9;25.7;0.0;
27/02/2025 18:51:27;100;0;309.73;-4;-20.28;-4.14;637.9;13.10;75838;2835.731;-1759.345;1;317;-130;-132.3;44.2;44.2;15;14.9;25.8;0.0;
27/02/2025 18:51:47;100;0;307.92;-4;-20.21;-4.18;640.7;13.10;75837;2835.734;-1759.348;1;317;-130;-133.9;44.2;44.2;15;14.9;25.7;0.0;
27/02/2025 18:52:07;100;0;306.66;-4;-19.91;-4.23;643.6;13.10;75835;2835.736;-1759.352;1;317;-130;-130.6;44.2;44.2;15;14.9;25.8;0.0;
27/02/2025 18:52:27;100;0;301.16;-4;-19.39;-3.97;646.4;13.00;75832;2835.738;-1759.355;1;317;-130;-132.3;44.2;44.2;10;9.9;25.8;0.0;
27/02/2025 18:52:47;100;0;302.91;-4;-19.08;-6.47;649.0;13.00;75827;2835.741;-1759.359;1;317;-130;-132.3;44.2;44.2;12;12.2;25.8;0.0;
27/02/2025 18:53:07;100;0;299.49;-4;-20.03;-5.23;651.7;13.00;75822;2835.743;-1759.362;1;317;-130;-132.3;44.2;44.2;8;8.1;25.8;0.0;
27/02/2025 18:53:27;100;0;298.97;-4;-19.59;-7.44;654.6;13.00;75814;2835.745;-1759.366;1;317;-130;-132.3;44.2;44.2;8;8.1;25.7;0.0;
27/02/2025 18:53:47;100;0;300.63;-4;-19.69;-7.38;657.5;13.00;75811;2835.747;-1759.369;1;317;-130;-132.3;44.2;44.2;10;9.9;25.7;0.0;
27/02/2025 18:54:07;100;0;303.41;-4;-19.57;-6.49;660.3;12.90;75791;2835.749;-1759.373;1;317;-130;-133.9;44.2;44.2;12;12.2;25.8;0.0;
27/02/2025 18:54:27;100;0;306.73;-4;-19.58;-5.23;663.3;12.90;75795;2835.752;-1759.376;1;317;-130;-132.3;44.2;44.2;14;14.0;25.8;0.0;
27/02/2025 18:54:47;100;0;310.88;-4;-19.44;-4.21;666.1;12.90;75790;2835.755;-1759.379;1;317;-130;-133.9;44.2;44.2;14;14.4;25.8;0.0;
27/02/2025 18:55:07;100;0;312.99;-4;-19.49;-4.34;668.9;12.90;75783;2835.757;-1759.382;1;317;-130;-132.3;44.2;44.2;14;14.4;25.7;0.0;
27/02/2025 18:55:27;100;0;316.93;-4;-19.36;-4.29;671.7;12.90;75788;2835.760;-1759.385;1;317;-130;-132.3;44.2;44.2;14;14.4;25.8;0.0;
27/02/2025 18:55:47;100;0;318.55;-4;-19.48;-4.37;674.4;12.80;75779;2835.763;-1759.388;1;317;-130;-132.3;44.2;44.2;16;15.8;25.8;0.0;
27/02/2025 18:56:07;100;0;319.32;-4;-19.65;-3.52;677.2;12.80;75769;2835.766;-1759.390;1;317;-130;-132.3;44.2;44.2;16;16.2;25.8;0.0;
27/02/2025 18:56:27;100;0;319.15;-4;-19.50;-3.50;679.8;12.80;75770;2835.769;-1759.393;1;317;-130;-132.3;44.2;44.2;16;16.2;25.7;0.0;
27/02/2025 18:56:47;100;0;318.77;-4;-19.67;-3.47;682.5;12.80;75760;2835.772;-1759.395;1;317;-130;-132.3;44.2;44.2;16;16.2;25.8;0.0;
27/02/2025 18:57:07;100;0;318.86;-4;-19.75;-3.47;685.1;12.70;75761;2835.775;-1759.398;1;317;-130;-132.3;44.2;44.2;16;16.2;25.8;0.0;
27/02/2025 18:57:27;100;0;318.65;-4;-19.64;-3.57;687.9;12.70;75749;2835.778;-1759.400;1;317;-130;-132.3;44.2;44.2;16;16.2;25.8;0.0;
27/02/2025 18:57:47;100;0;321.56;-4;-19.52;-3.49;690.5;12.70;75745;2835.781;-1759.403;1;317;-130;-130.6;44.2;44.2;16;16.2;25.8;0.0;
27/02/2025 18:58:07;100;0;321.42;-4;-19.73;-3.53;693.1;12.70;75738;2835.784;-1759.405;1;317;-130;-132.3;44.2;44.2;16;16.2;25.7;0.0;
27/02/2025 18:58:27;100;0;320.40;-4;-20.01;-3.45;695.8;12.70;75736;2835.787;-1759.407;1;317;-130;-132.3;44.2;44.2;16;16.2;25.8;0.0;
27/02/2025 18:58:47;100;0;318.48;-4;-20.04;-3.50;698.6;12.60;75727;2835.790;-1759.410;1;317;-130;-132.3;44.2;44.2;16;16.2;25.7;0.0;
27/02/2025 18:59:07;100;0;317.30;-4;-19.99;-3.45;701.5;12.60;75722;2835.793;-1759.413;1;317;-130;-132.3;44.2;44.2;16;16.2;25.8;0.0;
27/02/2025 18:59:27;100;0;317.33;-4;-20.00;-3.42;704.1;12.60;75718;2835.795;-1759.415;1;317;-130;-132.3;44.2;44.2;16;16.2;25.7;0.0;
27/02/2025 18:59:47;100;0;317.63;-4;-20.07;-3.43;706.9;12.60;75710;2835.798;-1759.418;1;317;-130;-133.9;44.2;44.0;16;16.2;25.8;0.0;
27/02/2025 19:00:07;100;0;317.10;-4;-19.98;-3.45;709.7;12.50;75706;2835.801;-1759.421;1;317;-130;-132.3;44.2;44.2;16;16.2;25.8;0.0;
27/02/2025 19:00:27;100;0;315.39;-4;-20.22;-3.42;712.6;12.50;75709;2835.804;-1759.424;1;317;-130;-132.3;44.2;44.2;16;16.2;25.8;0.0;
27/02/2025 19:00:47;100;0;311.06;-4;-20.03;-3.49;715.4;12.50;75693;2835.807;-1759.427;1;317;-130;-132.3;44.2;44.2;16;16.2;25.8;0.0;
27/02/2025 19:01:07;100;0;306.98;-4;-19.77;-3.53;718.2;12.50;75676;2835.809;-1759.430;1;317;-130;-132.3;44.2;44.2;16;16.2;25.8;0.0;
27/02/2025 19:01:27;100;0;304.76;-4;-19.57;-3.44;721.0;12.40;75680;2835.812;-1759.433;1;317;-130;-132.3;44.2;44.2;13;13.1;25.8;0.0;
27/02/2025 19:01:47;100;0;303.04;-4;-19.45;-5.27;723.6;12.40;75662;2835.814;-1759.436;1;317;-130;-132.3;44.2;44.0;13;12.6;25.8;0.0;
27/02/2025 19:02:07;100;0;305.01;-4;-19.39;-5.18;726.3;12.40;75652;2835.816;-1759.440;1;317;-130;-132.3;44.2;44.2;13;12.6;25.8;0.0;
27/02/2025 19:02:27;100;0;309.18;-4;-19.40;-5.18;728.8;12.40;75646;2835.819;-1759.443;1;317;-130;-132.3;44.2;44.2;15;14.9;25.8;0.0;
27/02/2025 19:02:47;100;0;311.67;-4;-19.10;-3.80;731.4;12.30;75638;2835.821;-1759.445;1;317;-130;-133.9;44.2;44.2;15;15.3;25.8;0.0;
27/02/2025 19:03:07;100;0;311.89;-4;-19.33;-3.90;733.7;12.30;75642;2835.824;-1759.448;1;317;-130;-133.9;44.2;44.2;15;15.3;25.8;0.0;
27/02/2025 19:03:27;100;0;311.98;-4;-19.11;-4.00;736.1;12.30;75635;2835.826;-1759.451;1;317;-130;-132.3;44.2;44.2;15;15.8;25.7;0.0;
27/02/2025 19:03:47;100;0;313.02;-4;-19.22;-3.86;738.6;12.30;75631;2835.829;-1759.453;1;317;-130;-132.3;44.2;44.2;15;15.3;25.8;0.0;
27/02/2025 19:04:07;100;0;314.55;-4;-19.45;-3.92;740.8;12.30;75623;2835.831;-1759.456;1;317;-130;-130.6;44.2;44.2;15;15.3;25.8;0.0;
27/02/2025 19:04:27;100;0;317.15;-4;-19.43;-3.88;743.2;12.20;75616;2835.834;-1759.458;1;317;-130;-132.3;44.2;44.2;15;15.3;25.8;0.0;
27/02/2025 19:04:47;100;0;319.06;-4;-19.34;-3.89;745.5;12.20;75610;2835.836;-1759.460;1;317;-130;-132.3;44.2;44.2;15;15.3;25.7;0.0;
27/02/2025 19:05:07;100;0;321.14;-4;-19.38;-3.88;747.8;12.20;75607;2835.839;-1759.462;1;317;-130;-132.3;44.2;44.2;18;18.1;25.8;0.0;
27/02/2025 19:05:27;100;0;323.74;-4;-19.47;-2.34;750.2;12.20;75589;2835.842;-1759.464;1;317;-130;-130.6;44.2;44.2;18;18.5;25.8;0.0;
27/02/2025 19:05:47;100;0;318.46;-4;-19.81;-2.36;752.5;12.10;75587;2835.844;-1759.467;1;317;-130;-132.3;44.2;44.2;16;15.8;25.8;0.0;
27/02/2025 19:06:07;100;0;314.21;-4;-19.77;-3.91;755.0;12.10;75567;2835.847;-1759.469;1;317;-130;-132.3;44.2;44.2;16;15.8;25.8;0.0;
27/02/2025 19:06:27;100;0;312.93;-4;-19.78;-3.85;757.5;12.10;75560;2835.849;-1759.472;1;317;-130;-132.3;44.2;44.2;16;15.3;25.8;0.0;
27/02/2025 19:06:47;100;0;310.96;-4;-19.73;-3.85;760.2;12.10;75550;2835.852;-1759.475;1;317;-130;-132.3;44.2;44.2;16;15.8;25.8;0.0;
27/02/2025 19:07:07;100;0;310.10;-4;-19.55;-3.83;763.0;12.00;75554;2835.854;-1759.478;1;317;-130;-132.3;44.2;44.2;16;15.3;25.8;0.0;
27/02/2025 19:07:27;100;0;309.57;-4;-19.52;-3.91;765.7;12.00;75539;2835.857;-1759.481;1;317;-130;-132.3;44.2;44.3;16;15.3;25.7;0.0;
27/02/2025 19:07:47;100;0;309.75;-4;-19.59;-3.79;768.3;12.00;75529;2835.859;-1759.483;1;317;-130;-133.9;44.2;44.2;16;15.3;25.7;0.0;
27/02/2025 19:08:07;100;0;309.25;-4;-19.48;-3.83;771.2;11.90;75533;2835.862;-1759.487;1;317;-130;-132.3;44.2;44.2;16;15.8;25.7;0.0;
27/02/2025 19:08:27;100;0;307.97;-4;-19.52;-3.85;773.9;11.90;75526;2835.865;-1759.490;1;317;-130;-132.3;44.2;44.2;16;15.3;25.8;0.0;
27/02/2025 19:08:47;100;0;308.62;-4;-19.35;-3.85;776.7;11.90;75519;2835.867;-1759.493;1;317;-130;-132.3;44.2;44.2;16;15.8;25.8;0.0;
27/02/2025 19:09:07;100;0;307.27;-4;-19.56;-3.88;779.5;11.90;75526;2835.870;-1759.496;1;317;-130;-132.3;44.2;44.2;16;15.8;25.8;0.0;
27/02/2025 19:09:27;100;0;306.87;-4;-19.60;-3.81;782.3;11.80;75510;2835.872;-1759.500;1;317;-130;-132.3;44.2;44.2;14;14.0;25.8;0.0;
27/02/2025 19:09:47;100;0;305.60;-4;-19.40;-4.82;785.0;11.80;75511;2835.874;-1759.503;1;317;-130;-132.3;44.2;44.2;14;13.5;25.8;0.0;
27/02/2025 19:10:07;100;0;305.56;-4;-19.29;-4.79;787.8;11.80;75505;2835.877;-1759.506;1;317;-130;-132.3;44.2;44.2;14;13.5;25.8;0.0;
27/02/2025 19:10:27;100;0;305.87;-4;-19.30;-4.81;790.5;11.80;75508;2835.879;-1759.509;1;317;-130;-132.3;44.2;44.2;14;14.0;25.8;0.0;
27/02/2025 19:10:47;100;0;306.24;-4;-19.33;-4.83;793.3;11.80;75505;2835.882;-1759.513;1;317;-130;-132.3;44.2;44.2;14;13.5;25.7;0.0;
27/02/2025 19:11:07;100;0;307.28;-4;-19.41;-4.84;796.0;11.70;75505;2835.884;-1759.516;1;317;-130;-132.3;44.2;44.2;14;13.5;25.7;0.0;
27/02/2025 19:11:27;100;0;307.45;-4;-19.46;-4.83;798.9;11.70;75502;2835.887;-1759.519;1;317;-130;-135.5;44.2;44.2;14;13.5;25.8;0.0;
27/02/2025 19:11:47;100;0;307.91;-4;-19.17;-4.83;801.9;11.70;75489;2835.890;-1759.523;1;317;-130;-132.3;44.2;44.2;14;13.5;25.8;0.0;
27/02/2025 19:12:07;100;0;306.94;-4;-19.25;-4.80;804.6;11.70;75490;2835.892;-1759.526;1;317;-130;-130.6;44.2;44.2;14;13.5;25.8;0.0;
27/02/2025 19:12:27;100;0;299.94;-4;-19.55;-5.03;807.5;11.60;75483;2835.894;-1759.530;1;317;-130;-132.3;44.2;44.2;9;9.0;25.7;0.0;
27/02/2025 19:12:47;100;0;295.02;-4;-19.41;-7.32;810.4;11.60;75479;2835.896;-1759.534;1;317;-130;-133.9;44.2;44.2;2;1.8;25.7;0.0;
27/02/2025 19:13:07;100;0;297.27;-4;-18.52;-10.85;813.4;11.60;75479;2835.898;-1759.538;1;317;-130;-132.3;44.7;44.8;5;5.0;25.8;0.0;
27/02/2025 19:13:27;100;0;300.99;-4;-19.89;-8.87;816.5;11.60;75469;2835.901;-1759.541;1;317;-130;-132.3;44.7;44.8;10;9.9;25.8;0.0;
27/02/2025 19:13:48;100;0;303.12;-4;-20.69;-6.35;819.6;11.60;75460;2835.903;-1759.545;1;317;-130;-132.3;44.7;44.8;12;12.6;25.7;0.0;
27/02/2025 19:14:08;100;0;303.08;-4;-20.36;-5.14;822.9;11.50;75456;2835.906;-1759.549;1;317;-130;-132.3;44.7;44.9;12;12.6;25.8;0.0;
27/02/2025 19:14:28;100;0;304.36;-4;-20.33;-5.01;825.9;11.50;75454;2835.908;-1759.552;1;317;-130;-132.3;44.7;44.8;12;12.6;25.8;0.0;
27/02/2025 19:14:48;100;0;307.64;-4;-18.99;-5.08;829.2;11.50;75450;2835.911;-1759.556;1;317;-130;-132.3;45.0;45.4;14;14.0;25.8;0.0;
27/02/2025 19:15:08;100;0;311.10;-4;-20.67;-4.34;832.3;11.50;75445;2835.914;-1759.560;1;317;-130;-132.3;45.0;45.4;14;14.4;25.8;0.0;
27/02/2025 19:15:28;100;0;311.98;-4;-21.42;-3.95;835.3;11.40;75446;2835.917;-1759.563;1;317;-130;-132.3;45.0;45.4;14;14.4;25.7;0.0;
27/02/2025 19:15:48;100;0;314.26;-4;-20.68;-4.24;838.6;11.40;75437;2835.920;-1759.566;1;317;-130;-133.9;45.0;45.4;14;14.4;25.8;0.0;
27/02/2025 19:16:08;100;0;313.99;-4;-21.25;-4.27;841.8;11.40;75435;2835.923;-1759.569;1;317;-130;-132.3;45.0;45.4;14;14.4;25.7;0.0;
27/02/2025 19:16:28;100;0;316.26;-4;-21.84;-4.46;845.1;11.40;75438;2835.926;-1759.572;1;317;-130;-132.3;45.0;45.4;14;14.4;25.8;0.0;
27/02/2025 19:16:48;100;0;315.56;-4;-22.24;-4.62;848.3;11.40;75434;2835.929;-1759.575;1;317;-130;-132.3;44.3;44.3;14;14.4;25.8;0.0;
27/02/2025 19:17:08;100;0;315.83;-4;-19.87;-4.17;851.8;11.30;75421;2835.932;-1759.579;1;317;-130;-132.3;44.3;44.2;14;14.4;25.8;0.0;
27/02/2025 19:17:28;100;0;313.29;-4;-18.25;-4.25;855.0;11.30;75416;2835.936;-1759.582;1;317;-130;-132.3;44.8;44.9;14;14.4;25.8;0.0;
27/02/2025 19:17:48;100;0;319.02;-4;-20.40;-4.35;857.9;11.30;75430;2835.939;-1759.585;1;317;-130;-133.9;44.8;45.2;14;14.4;25.7;0.0;
27/02/2025 19:18:08;100;0;318.09;-4;-21.23;-4.38;861.2;11.30;75421;2835.942;-1759.588;1;317;-130;-132.3;44.8;45.1;14;14.4;25.8;0.0;
27/02/2025 19:18:28;100;0;318.49;-4;-20.54;-4.31;864.4;11.30;75417;2835.946;-1759.591;1;317;-130;-132.3;44.8;45.1;14;14.4;25.8;0.0;
27/02/2025 19:18:48;100;0;318.78;-4;-20.52;-4.27;867.6;11.20;75415;2835.949;-1759.594;1;317;-130;-132.3;44.8;45.2;14;14.4;25.7;0.0;
27/02/2025 19:19:08;100;0;319.43;-4;-20.40;-4.26;870.8;11.20;75422;2835.952;-1759.597;1;317;-130;-132.3;44.8;45.1;14;14.4;25.8;0.0;
27/02/2025 19:19:28;100;0;318.34;-4;-20.60;-4.29;873.8;11.20;75417;2835.955;-1759.599;1;317;-130;-132.3;44.8;45.1;14;14.4;25.8;0.0;
27/02/2025 19:19:48;100;0;318.44;-4;-20.90;-4.40;877.0;11.20;75415;2835.959;-1759.602;1;317;-130;-133.9;44.8;45.2;14;14.4;25.8;0.0;
27/02/2025 19:20:08;100;0;319.49;-4;-20.98;-4.42;880.3;11.20;75400;2835.962;-1759.605;1;317;-130;-132.3;44.8;45.2;16;15.8;25.7;0.0;
27/02/2025 19:20:28;100;0;319.65;-4;-20.98;-3.46;883.8;11.10;75403;2835.965;-1759.608;1;317;-130;-132.3;44.8;45.1;16;16.2;25.7;0.0;
27/02/2025 19:20:48;100;0;320.23;-4;-21.10;-3.49;887.0;11.10;75405;2835.969;-1759.611;1;317;-130;-132.3;44.8;45.1;16;16.2;25.7;0.0;
27/02/2025 19:21:08;100;0;320.63;-4;-21.09;-3.49;890.4;11.10;75408;2835.972;-1759.614;1;317;-130;-132.3;44.8;45.2;16;16.2;25.8;0.0;
27/02/2025 19:21:28;100;0;320.70;-4;-21.33;-3.55;893.9;11.10;75406;2835.976;-1759.617;1;317;-130;-132.3;44.8;45.2;16;16.2;25.8;0.0;
27/02/2025 19:21:48;100;0;319.68;-4;-21.04;-3.74;897.3;11.10;75402;2835.980;-1759.620;1;317;-130;-135.5;44.8;45.2;16;16.2;25.8;0.0;
27/02/2025 19:22:08;100;0;320.18;-4;-20.15;-3.51;901.0;11.10;75403;2835.983;-1759.624;1;317;-130;-132.3;44.8;45.2;16;16.2;25.8;0.0;
27/02/2025 19:22:28;100;0;319.01;-4;-20.22;-3.53;904.3;11.00;75390;2835.987;-1759.627;1;317;-130;-132.3;44.8;45.2;16;16.2;25.7;0.0;
27/02/2025 19:22:48;100;0;318.77;-4;-20.60;-3.53;907.6;11.00;75401;2835.990;-1759.630;1;317;-130;-132.3;44.8;45.2;16;16.2;25.7;0.0;
27/02/2025 19:23:08;100;0;318.64;-4;-21.19;-3.43;910.8;11.00;75381;2835.994;-1759.633;1;317;-130;-132.3;44.8;45.1;16;16.2;25.8;0.0;
27/02/2025 19:23:28;100;0;316.25;-4;-20.55;-3.44;914.1;11.00;75377;2835.997;-1759.636;1;317;-130;-132.3;44.8;45.2;16;16.2;25.8;0.0;
27/02/2025 19:23:48;100;0;313.45;-4;-21.04;-3.46;917.4;11.00;75377;2836.000;-1759.639;1;317;-130;-132.3;44.8;45.2;16;16.2;25.8;0.0;
27/02/2025 19:24:08;100;0;313.57;-4;-20.78;-3.42;920.8;10.90;75368;2836.003;-1759.643;1;317;-130;-132.3;44.8;45.2;16;16.2;25.8;0.0;
27/02/2025 19:24:28;100;0;313.48;-4;-21.30;-3.57;924.0;10.90;75373;2836.006;-1759.646;1;317;-130;-132.3;44.8;45.2;16;16.2;25.8;0.0;
27/02/2025 19:24:48;100;0;313.27;-4;-21.16;-3.38;927.5;10.90;75368;2836.009;-1759.649;1;317;-130;-132.3;44.8;45.2;16;16.2;25.8;0.0;
27/02/2025 19:25:08;100;0;312.80;-4;-21.05;-3.44;930.9;10.90;75362;2836.013;-1759.653;1;317;-130;-132.3;44.8;45.2;16;16.2;25.8;0.0;
27/02/2025 19:25:28;100;0;309.85;-4;-21.23;-3.55;934.4;10.90;75361;2836.016;-1759.656;1;317;-130;-133.9;44.8;45.2;16;16.2;25.7;0.0;
27/02/2025 19:25:48;100;0;308.31;-4;-20.74;-3.50;937.9;10.90;75353;2836.019;-1759.660;1;317;-130;-132.3;44.8;45.1;14;14.0;25.7;0.0;
27/02/2025 19:26:08;100;0;309.01;-4;-20.57;-4.75;941.2;10.80;75348;2836.021;-1759.664;1;317;-130;-132.3;44.8;45.2;14;14.0;25.7;0.0;
27/02/2025 19:26:28;100;0;308.92;-4;-20.51;-4.83;944.5;10.80;75346;2836.024;-1759.667;1;317;-130;-132.3;44.8;45.1;14;13.5;25.7;0.0;
27/02/2025 19:26:48;100;0;311.29;-4;-20.60;-4.74;947.7;10.80;75334;2836.027;-1759.671;1;317;-130;-132.3;44.8;45.1;14;14.0;25.7;0.0;
27/02/2025 19:27:08;100;0;314.85;-4;-20.58;-4.76;951.1;10.80;75331;2836.030;-1759.674;1;317;-130;-132.3;44.8;45.2;14;14.0;25.8;0.0;
27/02/2025 19:27:28;100;0;315.21;-4;-20.41;-4.75;954.2;10.80;75330;2836.034;-1759.677;1;317;-130;-132.3;44.8;45.2;14;14.0;25.7;0.0;
27/02/2025 19:27:48;100;0;317.40;-4;-20.25;-4.57;957.5;10.70;75325;2836.037;-1759.680;1;317;-130;-132.3;44.8;45.2;14;14.0;25.7;0.0;
27/02/2025 19:28:08;100;0;319.03;-4;-20.41;-4.73;960.6;10.70;75307;2836.040;-1759.683;1;317;-130;-132.3;44.8;45.2;16;15.8;25.8;0.0;
27/02/2025 19:28:28;100;0;319.04;-4;-20.38;-3.39;963.6;10.70;75310;2836.043;-1759.686;1;317;-130;-132.3;44.8;45.2;16;16.7;25.8;0.0;
27/02/2025 19:28:48;100;0;317.46;-4;-20.35;-3.49;966.6;10.70;75303;2836.047;-1759.689;1;317;-130;-133.9;44.8;45.2;16;16.2;25.8;0.0;
27/02/2025 19:29:08;100;0;316.99;-4;-20.34;-3.39;969.4;10.70;75299;2836.049;-1759.692;1;317;-130;-132.3;44.8;45.2;16;16.2;25.8;0.0;
27/02/2025 19:29:28;100;0;317.50;-4;-20.74;-3.45;972.2;10.60;75303;2836.052;-1759.694;1;317;-130;-132.3;44.8;45.2;16;16.7;25.7;0.0;
27/02/2025 19:29:48;100;0;318.28;-4;-20.66;-3.45;975.0;10.60;75298;2836.055;-1759.697;1;317;-130;-130.6;44.8;45.2;16;16.7;25.7;0.0;
27/02/2025 19:30:08;100;0;317.51;-4;-20.77;-3.41;978.0;10.60;75288;2836.058;-1759.700;1;317;-130;-133.9;44.8;45.2;16;16.2;25.7;0.0;
27/02/2025 19:30:28;100;0;316.73;-4;-20.44;-3.42;980.7;10.60;75278;2836.061;-1759.702;1;317;-130;-132.3;44.8;45.2;16;16.7;25.7;0.0;
27/02/2025 19:30:48;100;0;316.03;-4;-20.58;-3.38;983.6;10.60;75279;2836.064;-1759.705;1;317;-130;-132.3;44.8;45.2;16;16.7;25.8;0.0;
27/02/2025 19:31:08;100;0;314.91;-4;-20.94;-3.47;986.4;10.50;75269;2836.067;-1759.708;1;317;-130;-132.3;44.8;45.1;16;16.7;25.8;0.0;
27/02/2025 19:31:28;100;0;317.03;-4;-21.03;-3.38;989.2;10.50;75270;2836.070;-1759.710;1;317;-130;-132.3;44.8;45.2;16;16.2;25.7;0.0;
27/02/2025 19:31:48;100;0;316.78;-4;-20.95;-3.45;992.3;10.50;75268;2836.073;-1759.713;1;317;-130;-132.3;44.8;45.2;16;16.2;25.7;0.0;
27/02/2025 19:32:08;100;0;316.77;-4;-20.55;-3.37;995.2;10.50;75265;2836.076;-1759.716;1;317;-130;-132.3;44.8;45.2;16;16.2;25.7;0.0;
27/02/2025 19:32:28;100;0;317.18;-4;-20.18;-3.38;998.3;10.50;75265;2836.079;-1759.719;1;317;-130;-132.3;44.8;45.1;16;16.2;25.8;0.0;
27/02/2025 19:32:33;118;0;316.92;-4;-20.38;-3.56;999.1;10.50;75259;2836.080;-1759.720;1;317;450;-129.0;21.6;21.6;7;7.2;25.8;0.0;
27/02/2025 19:32:43;118;0;46.33;-4;-5.77;-8.93;1000.1;10.40;75244;2836.081;-1759.718;1;317;450;-3.2;21.6;21.4;7;7.2;24.3;-1.0;
27/02/2025 19:32:53;118;0;40.28;-4;22.23;-8.66;1000.1;10.40;74974;2836.081;-1759.718;1;317;450;122.6;21.6;21.8;7;7.2;24.3;-1.0;
27/02/2025 19:33:03;118;0;32.46;-4;30.38;-9.01;999.3;10.40;74718;2836.082;-1759.718;1;317;450;245.2;21.6;21.8;7;7.2;24.2;-1.0;
27/02/2025 19:33:13;118;0;34.77;-4;28.97;-8.62;998.3;10.40;74472;2836.083;-1759.717;1;317;450;369.4;21.6;21.8;7;6.8;24.3;-1.0;
27/02/2025 19:33:23;118;0;39.22;-4;26.66;-8.18;996.9;10.50;74228;2836.084;-1759.716;1;317;450;453.2;21.6;21.9;7;7.2;24.0;-1.0;
27/02/2025 19:33:33;118;0;315.27;-4;23.86;-7.68;995.0;10.50;74055;2836.085;-1759.718;1;317;450;451.6;21.6;21.8;7;7.2;25.7;-1.0;
27/02/2025 19:33:43;118;0;311.55;-4;22.15;-7.66;993.3;10.50;74059;2836.087;-1759.719;1;317;450;451.6;21.6;21.9;7;7.2;25.7;-1.0;
27/02/2025 19:34:03;117;0;303.20;-4;20.19;-7.68;989.8;10.50;74062;2836.090;-1759.724;1;317;450;451.6;21.6;21.9;7;7.2;25.7;-1.0;
27/02/2025 19:34:23;117;0;294.48;-4;19.39;-7.70;986.6;10.60;74048;2836.092;-1759.728;1;317;450;451.6;21.6;21.8;44;44.2;25.7;-1.0;
27/02/2025 19:34:43;117;0;299.63;-4;21.16;11.66;983.6;10.60;74052;2836.094;-1759.732;1;317;450;451.6;21.6;21.8;36;36.1;25.7;-1.0;
27/02/2025 19:35:03;117;0;303.95;-4;22.41;7.08;980.1;10.60;74046;2836.096;-1759.735;1;317;450;451.6;22.3;22.5;33;32.9;25.7;-1.0;
27/02/2025 19:35:23;117;0;305.53;-4;21.24;5.40;976.5;10.60;74052;2836.099;-1759.740;1;317;450;451.6;22.3;22.5;31;31.1;25.7;-1.0;
27/02/2025 19:35:43;117;0;307.39;-4;21.30;4.62;973.3;10.60;74041;2836.102;-1759.743;1;317;450;453.2;22.3;22.5;31;31.1;25.7;-1.0;
27/02/2025 19:36:03;117;0;308.74;-4;21.42;4.69;969.8;10.60;74041;2836.105;-1759.747;1;317;450;451.6;22.3;22.5;31;31.1;25.7;-1.0;
27/02/2025 19:36:23;117;0;309.74;-4;21.30;4.69;966.3;10.60;74041;2836.108;-1759.751;1;317;450;451.6;22.3;22.5;31;31.1;25.8;-1.0;
27/02/2025 19:36:43;117;0;311.16;-4;21.03;4.59;962.5;10.60;74043;2836.112;-1759.755;1;317;450;448.4;22.3;22.5;31;31.1;25.7;-1.0;
27/02/2025 19:37:03;117;0;311.59;-4;20.64;4.62;958.9;10.60;74037;2836.115;-1759.758;1;317;450;453.2;22.3;22.5;31;31.1;25.7;-1.0;
27/02/2025 19:37:23;117;0;312.32;-4;20.56;4.71;955.3;10.50;74039;2836.118;-1759.762;1;317;450;453.2;22.3;22.5;31;31.1;25.7;-1.0;
27/02/2025 19:37:43;117;0;313.53;-4;20.60;4.57;951.8;10.50;74020;2836.121;-1759.765;1;317;450;451.6;22.3;22.5;31;31.1;25.7;-1.0;
27/02/2025 19:38:03;117;0;313.18;-4;20.46;4.67;948.3;10.50;74024;2836.125;-1759.769;1;317;450;451.6;22.3;22.5;31;31.1;25.7;-1.0;
27/02/2025 19:38:23;117;0;314.19;-4;20.57;4.82;945.0;10.50;74032;2836.128;-1759.772;1;317;450;451.6;22.3;22.5;31;31.1;25.7;-1.0;
27/02/2025 19:38:43;117;0;315.15;-4;20.78;4.64;941.7;10.50;74039;2836.131;-1759.775;1;317;450;451.6;22.3;22.5;31;31.1;25.7;-1.0;
27/02/2025 19:39:03;117;0;316.76;-4;20.79;4.72;938.3;10.40;74030;2836.134;-1759.779;1;317;450;453.2;22.3;22.5;29;28.9;25.7;-1.0;
27/02/2025 19:39:23;117;0;317.53;-4;20.91;3.23;934.9;10.40;74036;2836.138;-1759.782;1;317;450;451.6;22.3;22.5;29;28.9;25.7;-1.0;
27/02/2025 19:39:43;117;0;319.67;-4;21.03;3.35;931.6;10.40;74029;2836.141;-1759.785;1;317;450;453.2;22.3;22.5;29;28.9;25.7;-1.0;
27/02/2025 19:40:03;117;0;321.10;-4;20.71;3.36;928.0;10.40;74039;2836.145;-1759.788;1;317;450;453.2;22.3;22.5;29;28.9;25.7;-1.0;
27/02/2025 19:40:23;117;0;322.84;-4;21.24;3.34;924.5;10.40;74039;2836.149;-1759.791;1;317;450;451.6;22.3;22.5;27;27.1;25.7;-1.0;
27/02/2025 19:40:43;117;0;322.04;-4;20.04;2.45;920.7;10.40;74039;2836.153;-1759.794;1;317;450;451.6;22.3;22.5;27;26.6;25.8;-1.0;
27/02/2025 19:41:03;117;0;320.99;-4;19.92;2.35;917.2;10.40;74042;2836.157;-1759.797;1;317;450;450.0;22.3;22.5;27;26.6;25.7;-1.0;
27/02/2025 19:41:23;117;0;321.35;-4;20.35;2.42;914.0;10.40;74040;2836.160;-1759.800;1;317;450;451.6;22.3;22.5;27;26.6;25.7;-1.0;
27/02/2025 19:41:43;117;0;321.45;-4;20.28;2.32;910.5;10.40;74032;2836.164;-1759.803;1;317;450;451.6;22.3;22.5;27;26.6;25.8;-1.0;
27/02/2025 19:42:03;117;0;321.24;-4;20.15;2.35;907.1;10.40;74030;2836.168;-1759.806;1;317;450;451.6;22.3;22.5;27;26.6;25.8;-1.0;
27/02/2025 19:42:23;117;0;321.04;-4;20.18;2.46;903.7;10.30;74041;2836.171;-1759.809;1;317;450;453.2;22.3;22.5;27;26.6;25.7;-1.0;
27/02/2025 19:42:43;117;0;319.82;-4;20.40;2.50;900.1;10.30;74036;2836.175;-1759.813;1;317;450;453.2;22.3;22.5;29;28.9;25.7;-1.0;
27/02/2025 19:43:03;117;0;318.71;-4;20.35;3.73;896.8;10.30;74028;2836.179;-1759.816;1;317;450;451.6;22.3;22.5;29;29.3;25.7;-1.0;
27/02/2025 19:43:23;117;0;318.86;-4;20.48;3.71;893.4;10.30;74034;2836.182;-1759.819;1;317;450;451.6;22.3;22.5;29;29.3;25.7;-1.0;
27/02/2025 19:43:43;117;0;319.24;-4;20.39;3.87;889.9;10.30;74024;2836.186;-1759.822;1;317;450;451.6;22.3;22.5;29;28.9;25.7;-1.0;
27/02/2025 19:44:03;117;0;320.45;-4;20.53;3.79;886.4;10.30;74019;2836.189;-1759.825;1;317;450;451.6;22.3;22.5;29;29.3;25.8;-1.0;
27/02/2025 19:44:23;117;0;320.65;-4;21.07;3.46;882.8;10.30;74027;2836.193;-1759.829;1;317;450;451.6;22.3;22.5;29;28.9;25.7;-1.0;
27/02/2025 19:44:43;117;0;321.44;-4;20.36;3.89;879.4;10.30;74019;2836.197;-1759.832;1;317;450;451.6;22.3;22.5;29;28.9;25.7;-1.0;
27/02/2025 19:45:03;117;0;320.59;-4;20.58;3.61;875.8;10.30;74028;2836.201;-1759.835;1;317;450;451.6;22.3;22.5;29;29.3;25.7;-1.0;
27/02/2025 19:45:23;117;0;320.85;-4;20.78;3.64;872.1;10.30;74029;2836.204;-1759.838;1;317;450;451.6;22.3;22.5;29;29.3;25.7;-1.0;
27/02/2025 19:45:43;117;0;322.14;-4;20.00;3.68;868.5;10.30;74014;2836.208;-1759.841;1;317;450;451.6;22.3;22.5;27;27.1;25.7;-1.0;
27/02/2025 19:46:03;117;0;321.86;-4;19.89;2.18;865.1;10.30;74017;2836.212;-1759.844;1;317;450;451.6;22.3;22.5;27;26.6;25.7;-1.0;
27/02/2025 19:46:24;117;0;321.73;-4;19.64;2.51;861.7;10.30;74012;2836.216;-1759.847;1;317;450;453.2;22.3;22.5;27;26.6;25.7;-1.0;
27/02/2025 19:46:44;117;0;320.26;-4;19.95;2.32;858.3;10.20;74005;2836.220;-1759.850;1;317;450;451.6;22.3;22.5;27;26.6;25.7;-1.0;
27/02/2025 19:47:04;117;0;319.18;-4;20.00;2.37;855.0;10.20;74016;2836.223;-1759.853;1;317;450;450.0;22.3;22.5;27;26.6;25.7;-1.0;
27/02/2025 19:47:24;117;0;318.81;-4;20.00;2.38;851.8;10.20;74014;2836.226;-1759.856;1;317;450;451.6;22.3;22.5;27;26.6;25.8;-1.0;
27/02/2025 19:47:44;117;0;318.20;-4;19.97;2.35;848.5;10.20;74003;2836.230;-1759.859;1;317;450;453.2;22.3;22.5;29;28.9;25.7;-1.0;
27/02/2025 19:48:04;117;0;318.38;-4;20.17;3.66;845.4;10.20;74004;2836.233;-1759.862;1;317;450;453.2;22.3;22.5;29;28.9;25.7;-1.0;
27/02/2025 19:48:24;117;0;318.92;-4;20.39;3.71;842.1;10.20;74017;2836.237;-1759.866;1;317;450;451.6;22.3;22.5;29;29.3;25.7;-1.0;
27/02/2025 19:48:44;117;0;319.38;-4;20.35;3.68;838.9;10.20;74012;2836.240;-1759.869;1;317;450;451.6;22.3;22.5;29;29.3;25.7;-1.0;
27/02/2025 19:49:04;117;0;319.29;-4;20.23;3.68;835.7;10.20;73996;2836.243;-1759.871;1;317;450;451.6;22.3;22.5;29;29.3;25.7;-1.0;
27/02/2025 19:49:24;117;0;318.88;-4;20.47;3.84;832.6;10.20;73998;2836.247;-1759.874;1;317;450;451.6;22.3;22.5;29;29.3;25.7;-1.0;
27/02/2025 19:49:44;117;0;319.23;-4;20.55;3.73;829.2;10.20;74002;2836.250;-1759.877;1;317;450;451.6;22.3;22.5;29;29.3;25.7;-1.0;
27/02/2025 19:50:04;117;0;319.20;-4;20.40;3.74;826.0;10.20;74000;2836.254;-1759.880;1;317;450;451.6;22.3;22.5;29;29.3;25.7;-1.0;
27/02/2025 19:50:24;117;0;319.57;-4;20.53;3.73;822.8;10.20;74000;2836.257;-1759.883;1;317;450;451.6;22.3;22.5;29;29.3;25.7;-1.0;
27/02/2025 19:50:44;117;0;319.69;-4;20.38;3.78;819.4;10.20;73996;2836.260;-1759.886;1;317;450;453.2;22.3;22.5;29;29.3;25.7;-1.0;
27/02/2025 19:51:04;117;0;320.25;-4;20.36;3.67;816.2;10.20;74000;2836.264;-1759.889;1;317;450;451.6;22.3;22.5;29;29.3;25.7;-1.0;
27/02/2025 19:51:24;117;0;320.70;-4;20.42;3.85;812.7;10.20;73998;2836.268;-1759.892;1;317;450;451.6;22.3;22.5;27;27.1;25.7;-1.0;
27/02/2025 19:51:44;117;0;319.06;-4;20.00;2.08;809.5;10.20;73998;2836.271;-1759.896;1;317;450;453.2;22.3;22.5;27;26.6;25.7;-1.0;
27/02/2025 19:52:04;117;0;318.52;-4;19.91;2.25;806.2;10.10;73993;2836.275;-1759.899;1;317;450;453.2;22.3;22.5;27;26.6;25.8;-1.0;
27/02/2025 19:52:24;117;0;317.97;-4;20.58;2.24;802.8;10.20;73993;2836.278;-1759.902;1;317;450;451.6;22.3;22.5;27;26.6;25.7;-1.0;
27/02/2025 19:52:44;117;0;318.41;-4;19.94;2.26;799.3;10.20;74006;2836.282;-1759.905;1;317;450;451.6;22.3;22.5;27;26.6;25.7;-1.0;
27/02/2025 19:53:04;117;0;320.02;-4;20.11;2.38;796.1;10.20;74001;2836.285;-1759.908;1;317;450;451.6;22.3;22.7;27;26.6;25.7;-1.0;
27/02/2025 19:53:24;117;0;319.71;-4;20.05;2.36;792.7;10.10;73980;2836.289;-1759.911;1;317;450;453.2;22.3;22.5;27;26.6;25.7;-1.0;
27/02/2025 19:53:44;117;0;319.34;-4;20.06;2.25;789.4;10.20;73995;2836.292;-1759.914;1;317;450;453.2;22.3;22.5;27;26.6;25.7;-1.0;
27/02/2025 19:54:04;117;0;319.82;-4;20.26;2.35;786.1;10.10;73980;2836.296;-1759.917;1;317;450;453.2;22.3;22.5;27;26.6;25.7;-1.0;
27/02/2025 19:54:24;117;0;320.03;-4;20.19;2.43;782.9;10.10;73983;2836.299;-1759.920;1;317;450;453.2;22.3;22.5;27;26.6;25.7;-1.0;
27/02/2025 19:54:44;117;0;319.77;-4;20.09;2.27;779.6;10.10;73990;2836.303;-1759.923;1;317;450;450.0;22.3;22.5;27;26.6;25.7;-1.0;
27/02/2025 19:55:04;117;0;319.55;-4;20.02;2.25;776.3;10.10;73986;2836.306;-1759.926;1;317;450;454.8;22.3;22.5;27;26.6;25.7;-1.0;
27/02/2025 19:55:24;117;0;319.95;-4;20.10;2.16;773.0;10.10;73980;2836.310;-1759.929;1;317;450;453.2;22.3;22.5;27;26.6;25.7;-1.0;
27/02/2025 19:55:44;117;0;320.85;-4;20.12;2.29;769.7;10.10;73984;2836.313;-1759.932;1;317;450;453.2;22.3;22.5;27;26.6;25.7;-1.0;
27/02/2025 19:56:04;117;0;321.72;-4;20.16;2.34;766.4;10.10;73976;2836.317;-1759.935;1;317;450;451.6;22.3;22.5;27;26.6;25.7;-1.0;
27/02/2025 19:56:24;117;0;322.63;-4;20.07;2.33;763.3;10.10;73978;2836.320;-1759.938;1;317;450;450.0;22.3;22.5;25;24.4;25.7;-1.0;
27/02/2025 19:56:44;117;0;320.26;-4;19.78;0.98;760.1;10.10;73996;2836.324;-1759.941;1;317;450;451.6;22.3;22.5;27;27.1;25.7;-1.0;
27/02/2025 19:57:04;117;0;319.13;-4;20.00;2.89;757.0;10.10;74001;2836.327;-1759.944;1;317;450;453.2;22.3;22.5;27;27.5;25.7;-1.0;
27/02/2025 19:57:24;117;0;317.99;-4;19.99;2.89;753.9;10.10;74014;2836.330;-1759.947;1;317;450;451.6;22.3;22.5;27;27.5;25.8;-1.0;
27/02/2025 19:57:44;117;0;317.10;-4;19.69;2.84;750.6;10.10;74006;2836.334;-1759.950;1;317;450;453.2;22.3;22.5;27;27.5;25.7;-1.0;
27/02/2025 19:58:04;117;0;316.73;-4;19.79;2.90;747.6;10.10;74014;2836.337;-1759.953;1;317;450;453.2;22.3;22.5;27;27.5;25.7;-1.0;
27/02/2025 19:58:24;117;0;315.80;-4;19.89;2.99;744.4;10.20;74026;2836.340;-1759.956;1;317;450;453.2;22.3;22.5;27;28.0;25.7;-1.0;
27/02/2025 19:58:44;117;0;314.51;-4;19.86;2.93;741.4;10.20;74020;2836.343;-1759.959;1;317;450;453.2;22.3;22.5;27;27.5;25.7;-1.0;
27/02/2025 19:59:04;117;0;313.57;-4;19.81;2.93;738.2;10.20;74024;2836.346;-1759.962;1;317;450;453.2;22.3;22.5;27;27.5;25.7;-1.0;
27/02/2025 19:59:24;117;0;313.67;-4;19.92;2.90;735.1;10.10;74024;2836.349;-1759.966;1;317;450;451.6;22.3;22.5;27;27.5;25.7;-1.0;
27/02/2025 19:59:44;117;0;313.65;-4;20.05;2.85;732.1;10.10;74020;2836.352;-1759.969;1;317;450;453.2;22.3;22.5;27;27.5;25.7;-1.0;
27/02/2025 20:00:04;117;0;313.25;-4;19.93;2.88;729.0;10.20;74031;2836.355;-1759.972;1;317;450;453.2;22.3;22.5;27;27.5;25.7;-1.0;
27/02/2025 20:00:24;117;0;313.90;-4;19.98;2.83;725.7;10.20;74039;2836.358;-1759.975;1;317;450;451.6;22.3;22.5;27;27.5;25.7;-1.0;
27/02/2025 20:00:44;117;0;315.32;-4;20.06;2.92;722.4;10.20;74048;2836.362;-1759.979;1;317;450;453.2;22.3;22.5;27;27.5;25.7;-1.0;
27/02/2025 20:01:04;117;0;316.65;-4;20.12;2.80;719.3;10.20;74053;2836.365;-1759.982;1;317;450;453.2;22.3;22.5;27;27.5;25.7;-1.0;
27/02/2025 20:01:24;117;0;317.86;-4;20.15;2.84;716.0;10.20;74064;2836.368;-1759.985;1;317;450;453.2;22.3;22.5;27;27.5;25.7;-1.0;
27/02/2025 20:01:44;117;0;318.67;-4;20.11;2.92;712.7;10.20;74052;2836.372;-1759.988;1;317;450;453.2;22.3;22.5;27;27.5;25.7;-1.0;
27/02/2025 20:02:04;117;0;319.20;-4;20.02;2.94;709.4;10.20;74061;2836.375;-1759.991;1;317;450;453.2;22.3;22.7;27;27.5;25.7;-1.0;
27/02/2025 20:02:24;117;0;319.22;-4;20.00;2.96;706.1;10.20;74063;2836.379;-1759.994;1;317;450;453.2;22.3;22.5;27;27.5;25.8;-1.0;
27/02/2025 20:02:44;117;0;319.31;-4;19.93;2.89;702.8;10.20;74069;2836.382;-1759.997;1;317;450;453.2;22.3;22.5;27;27.5;25.7;-1.0;
27/02/2025 20:03:04;117;0;320.00;-4;19.81;2.85;699.5;10.30;74065;2836.386;-1800.000;1;317;450;453.2;22.3;22.5;27;27.5;25.7;-1.0;
27/02/2025 20:03:24;117;0;319.91;-4;19.82;2.93;696.4;10.20;74066;2836.389;-1800.003;1;317;450;453.2;22.3;22.5;27;28.0;25.7;-1.0;
27/02/2025 20:03:44;117;0;318.33;-4;19.66;3.00;693.1;10.30;74070;2836.393;-1800.006;1;317;450;453.2;22.3;22.5;27;27.5;25.7;-1.0;
27/02/2025 20:04:04;117;0;317.59;-4;19.63;2.89;690.0;10.30;74075;2836.396;-1800.009;1;317;450;453.2;22.3;22.5;27;27.5;25.7;-1.0;
27/02/2025 20:04:24;117;0;317.91;-4;19.70;2.90;686.8;10.30;74085;2836.399;-1800.012;1;317;450;453.2;22.3;22.5;27;27.5;25.7;-1.0;
27/02/2025 20:04:44;117;0;316.69;-4;19.79;2.96;683.7;10.30;74082;2836.402;-1800.015;1;317;450;453.2;22.3;22.5;27;27.5;25.7;-1.0;
27/02/2025 20:05:04;117;0;315.60;-4;19.75;2.87;680.5;10.30;74082;2836.406;-1800.019;1;317;450;453.2;22.3;22.5;27;27.5;25.8;-1.0;
27/02/2025 20:05:24;117;0;314.90;-4;19.87;2.92;677.3;10.30;74095;2836.409;-1800.022;1;317;450;453.2;22.3;22.7;27;27.5;25.7;-1.0;
27/02/2025 20:05:44;117;0;313.32;-4;19.87;2.80;674.0;10.30;74094;2836.412;-1800.025;1;317;450;454.8;22.3;22.5;27;27.5;25.7;-1.0;
27/02/2025 20:06:04;117;0;313.30;-4;19.82;2.90;670.9;10.30;74094;2836.415;-1800.029;1;317;450;453.2;22.3;22.5;27;27.5;25.7;-1.0;
27/02/2025 20:06:24;117;0;314.26;-4;19.70;3.00;667.5;10.40;74107;2836.418;-1800.032;1;317;450;453.2;22.3;22.5;27;27.5;25.7;-1.0;
27/02/2025 20:06:44;117;0;313.81;-4;19.79;2.96;664.3;10.40;74112;2836.422;-1800.035;1;317;450;453.2;22.3;22.5;27;27.5;25.7;-1.0;
27/02/2025 20:07:04;117;0;314.33;-4;19.99;2.87;661.0;10.40;74122;2836.425;-1800.039;1;317;450;453.2;22.3;22.5;27;27.5;25.7;-1.0;
27/02/2025 20:07:24;117;0;314.96;-4;19.86;2.95;657.4;10.40;74122;2836.428;-1800.042;1;317;450;453.2;22.3;22.5;27;27.5;25.7;-1.0;
27/02/2025 20:07:44;117;0;317.35;-4;19.59;2.71;654.1;10.40;74132;2836.432;-1800.045;1;317;450;453.2;22.3;22.5;27;27.5;25.7;-1.0;
27/02/2025 20:08:04;117;0;317.81;-4;19.61;3.00;650.9;10.40;74137;2836.435;-1800.049;1;317;450;453.2;22.3;22.5;27;27.5;25.7;-1.0;
27/02/2025 20:08:24;117;0;317.99;-4;19.65;2.90;647.6;10.40;74130;2836.439;-1800.052;1;317;450;454.8;22.3;22.5;27;27.5;25.7;-1.0;
27/02/2025 20:08:44;117;0;317.66;-4;19.74;2.88;644.3;10.50;74151;2836.442;-1800.055;1;317;450;453.2;22.3;22.5;27;27.5;25.7;-1.0;
27/02/2025 20:09:04;117;0;318.41;-4;19.80;2.91;641.1;10.50;74145;2836.445;-1800.058;1;317;450;453.2;22.3;22.5;27;27.5;25.7;-1.0;
27/02/2025 20:09:24;117;0;319.42;-4;19.79;2.83;637.8;10.50;74152;2836.449;-1800.061;1;317;450;453.2;22.3;22.5;27;27.5;25.7;-1.0;
27/02/2025 20:09:44;117;0;320.38;-4;19.67;2.90;634.5;10.50;74155;2836.452;-1800.064;1;317;450;453.2;22.3;22.5;27;27.5;25.8;-1.0;
27/02/2025 20:10:04;117;0;320.07;-4;19.52;2.89;631.3;10.50;74167;2836.456;-1800.067;1;317;450;453.2;22.3;22.5;27;27.5;25.7;-1.0;
27/02/2025 20:10:24;117;0;319.78;-4;19.51;2.90;628.1;10.50;74172;2836.459;-1800.070;1;317;450;453.2;22.3;22.5;27;27.5;25.7;-1.0;
27/02/2025 20:10:44;117;0;318.57;-4;19.60;2.89;625.0;10.60;74171;2836.463;-1800.073;1;317;450;453.2;22.3;22.5;27;27.5;25.7;-1.0;
27/02/2025 20:11:04;117;0;318.55;-4;19.61;2.90;621.9;10.60;74173;2836.466;-1800.076;1;317;450;453.2;22.3;22.5;27;27.5;25.7;-1.0;
27/02/2025 20:11:24;117;0;317.95;-4;19.72;2.95;618.9;10.60;74181;2836.469;-1800.079;1;317;450;454.8;22.3;22.5;27;27.5;25.7;-1.0;
27/02/2025 20:11:44;117;0;317.06;-4;19.75;2.86;615.7;10.60;74182;2836.472;-1800.082;1;317;450;453.2;22.3;22.5;27;27.5;25.7;-1.0;
27/02/2025 20:12:04;117;0;314.77;-4;20.28;2.58;612.4;10.60;74182;2836.476;-1800.085;1;317;450;453.2;22.3;22.5;27;27.5;25.7;-1.0;
27/02/2025 20:12:24;117;0;312.66;-4;19.24;2.91;609.2;10.60;74192;2836.479;-1800.089;1;317;450;454.8;22.3;22.5;27;27.5;25.7;-1.0;
27/02/2025 20:12:44;117;0;312.55;-4;18.62;2.73;606.1;10.70;74199;2836.482;-1800.092;1;317;450;453.2;21.9;21.8;27;27.5;25.7;-1.0;
27/02/2025 20:13:04;117;0;309.97;-4;20.90;2.82;603.2;10.70;74201;2836.484;-1800.095;1;317;450;454.8;21.9;21.4;27;27.5;25.7;-1.0;
27/02/2025 20:13:24;117;0;309.06;-4;20.76;2.95;599.9;10.70;74194;2836.487;-1800.099;1;317;450;454.8;21.9;21.4;27;27.5;25.7;-1.0;
27/02/2025 20:13:44;117;0;307.08;-4;21.33;2.96;596.6;10.70;74205;2836.490;-1800.102;1;317;450;453.2;21.9;21.9;29;29.3;25.8;-1.0;
27/02/2025 20:14:04;117;0;304.78;-4;20.75;3.90;593.2;10.70;74212;2836.493;-1800.106;1;317;450;454.8;21.9;22.1;29;29.3;25.7;-1.0;
27/02/2025 20:14:24;117;0;302.05;-4;20.49;3.87;589.9;10.70;74212;2836.495;-1800.110;1;317;450;453.2;21.9;22.1;33;32.9;25.7;-1.0;
27/02/2025 20:14:44;117;0;301.95;-4;21.00;5.85;586.6;10.80;74219;2836.498;-1800.114;1;317;450;453.2;21.9;21.9;33;33.4;25.7;-1.0;
27/02/2025 20:15:04;117;0;303.72;-4;21.29;5.77;583.3;10.80;74226;2836.500;-1800.118;1;317;450;450.0;21.9;21.9;31;31.1;25.7;-1.0;
27/02/2025 20:15:24;117;0;304.95;-4;21.00;4.76;579.8;10.80;74231;2836.503;-1800.122;1;317;450;454.8;21.9;22.1;31;31.1;25.7;-1.0;
27/02/2025 20:15:44;117;0;306.25;-4;20.62;4.77;576.3;10.80;74227;2836.506;-1800.126;1;317;450;453.2;21.9;21.9;29;28.9;25.7;-1.0;
27/02/2025 20:16:04;117;0;306.60;-4;20.63;3.39;573.0;10.80;74224;2836.509;-1800.129;1;317;450;454.8;21.9;22.1;29;28.4;25.7;-1.0;
27/02/2025 20:16:24;117;0;306.84;-4;20.66;3.32;569.7;10.90;74234;2836.511;-1800.133;1;317;450;454.8;21.9;22.1;29;28.9;25.7;-1.0;
27/02/2025 20:16:44;117;0;307.98;-4;20.29;3.18;566.4;10.90;74235;2836.514;-1800.137;1;317;450;454.8;21.9;22.1;29;28.9;25.7;-1.0;
27/02/2025 20:17:04;117;0;307.85;-4;20.55;3.16;563.1;10.90;74227;2836.517;-1800.140;1;317;450;453.2;21.9;22.1;29;28.9;25.7;-1.0;
27/02/2025 20:17:24;117;0;309.05;-4;20.48;3.38;559.8;10.90;74238;2836.520;-1800.144;1;317;450;454.8;21.9;21.9;29;28.4;25.7;-1.0;
27/02/2025 20:17:44;117;0;309.18;-4;20.87;3.86;556.5;10.90;74234;2836.523;-1800.148;1;317;450;453.2;21.9;21.9;29;28.9;25.7;-1.0;
27/02/2025 20:18:04;117;0;310.85;-4;21.03;3.42;553.1;10.90;74252;2836.526;-1800.151;1;317;450;453.2;21.9;22.1;29;28.4;25.7;-1.0;
27/02/2025 20:18:24;117;0;310.75;-4;20.66;3.28;549.6;11.00;74247;2836.529;-1800.155;1;317;450;454.8;21.9;21.9;29;28.9;25.7;-1.0;
27/02/2025 20:18:44;117;0;312.66;-4;20.51;3.36;546.5;11.00;74252;2836.532;-1800.158;1;317;450;453.2;21.9;22.1;29;28.4;25.7;-1.0;
27/02/2025 20:19:04;117;0;314.46;-4;20.62;3.37;543.1;11.00;74249;2836.535;-1800.161;1;317;450;454.8;21.9;21.9;29;28.4;25.7;-1.0;
27/02/2025 20:19:24;117;0;315.97;-4;20.57;3.35;539.9;11.00;74249;2836.538;-1800.164;1;317;450;453.2;21.9;21.9;29;28.4;25.7;-1.0;
27/02/2025 20:19:44;117;0;316.11;-4;20.69;3.31;536.6;11.00;74256;2836.542;-1800.167;1;317;450;453.2;21.9;22.1;29;28.4;25.7;-1.0;
27/02/2025 20:20:04;117;0;317.10;-4;20.60;3.32;533.4;11.00;74255;2836.545;-1800.170;1;317;450;453.2;21.9;21.9;29;28.9;25.7;-1.0;
27/02/2025 20:20:24;117;0;317.74;-4;20.59;3.37;530.1;11.00;74254;2836.548;-1800.173;1;317;450;453.2;21.9;21.9;29;28.4;25.7;-1.0;
27/02/2025 20:20:44;117;0;318.96;-4;20.52;3.29;526.9;11.10;74261;2836.551;-1800.176;1;317;450;453.2;21.9;22.1;27;27.1;25.7;-1.0;
27/02/2025 20:21:04;117;0;319.04;-4;20.46;2.59;523.7;11.10;74269;2836.555;-1800.179;1;317;450;454.8;21.9;22.1;27;27.1;25.7;-1.0;
27/02/2025 20:21:24;117;0;317.84;-4;20.40;2.54;520.6;11.10;74263;2836.558;-1800.182;1;317;450;454.8;21.9;22.1;27;27.1;25.7;-1.0;
27/02/2025 20:21:44;117;0;316.84;-4;20.39;2.47;517.5;11.10;74281;2836.561;-1800.185;1;317;450;453.2;21.9;21.9;27;27.1;25.7;-1.0;
27/02/2025 20:22:04;117;0;315.91;-4;20.42;2.55;514.3;11.10;74277;2836.564;-1800.189;1;317;450;453.2;21.9;21.9;27;27.1;25.7;-1.0;
27/02/2025 20:22:24;117;0;316.00;-4;20.46;2.51;511.0;11.20;74281;2836.568;-1800.192;1;317;450;453.2;21.9;21.9;27;27.1;25.7;-1.0;
27/02/2025 20:22:44;117;0;315.58;-4;20.47;2.53;507.7;11.20;74291;2836.571;-1800.195;1;317;450;453.2;21.9;21.9;27;27.1;25.7;-1.0;
27/02/2025 20:23:05;117;0;315.31;-4;20.37;2.54;504.5;11.20;74288;2836.574;-1800.198;1;317;450;454.8;21.9;21.9;27;27.1;25.7;-1.0;
27/02/2025 20:23:25;117;0;316.55;-4;20.29;2.54;501.4;11.20;74291;2836.577;-1800.201;1;317;450;454.8;21.9;22.1;27;27.1;25.7;-1.0;
27/02/2025 20:23:45;117;0;316.57;-4;20.36;2.53;498.1;11.20;74291;2836.581;-1800.205;1;317;450;453.2;21.9;21.9;27;27.1;25.7;-1.0;
27/02/2025 20:24:05;117;0;316.36;-4;20.30;2.55;495.0;11.20;74293;2836.584;-1800.208;1;317;450;454.8;21.9;21.9;27;27.1;25.7;-1.0;
27/02/2025 20:24:25;117;0;316.81;-4;20.39;2.55;491.8;11.20;74298;2836.587;-1800.211;1;317;450;454.8;21.9;21.9;27;27.1;25.7;-1.0;
27/02/2025 20:24:45;117;0;316.20;-4;20.50;2.50;488.6;11.30;74299;2836.591;-1800.214;1;317;450;453.2;21.9;21.9;27;27.1;25.7;-1.0;
27/02/2025 20:25:05;117;0;314.51;-4;20.38;2.51;485.3;11.30;74304;2836.594;-1800.217;1;317;450;454.8;21.9;22.1;27;27.1;25.7;-1.0;
27/02/2025 20:25:25;117;0;313.48;-4;20.31;2.59;482.1;11.30;74313;2836.597;-1800.221;1;317;450;454.8;21.9;21.9;27;27.1;25.7;-1.0;
27/02/2025 20:25:45;117;0;313.20;-4;20.26;2.52;479.1;11.30;74308;2836.600;-1800.224;1;317;450;454.8;21.9;21.9;27;27.1;25.7;-1.0;
27/02/2025 20:26:05;117;0;313.47;-4;20.32;2.58;475.9;11.40;74320;2836.603;-1800.227;1;317;450;451.6;21.9;21.9;27;27.1;25.7;-1.0;
27/02/2025 20:26:25;117;0;312.47;-4;20.28;2.51;472.5;11.40;74317;2836.606;-1800.231;1;317;450;454.8;21.9;21.9;27;27.1;25.7;-1.0;
27/02/2025 20:26:45;117;0;311.01;-4;20.11;2.56;469.4;11.40;74324;2836.609;-1800.234;1;317;450;453.2;21.9;22.1;27;27.1;25.7;-1.0;
27/02/2025 20:27:05;117;0;308.68;-4;20.09;2.54;466.2;11.40;74329;2836.612;-1800.238;1;317;450;454.8;21.9;21.9;27;27.1;25.7;-1.0;
27/02/2025 20:27:25;117;0;306.64;-4;20.23;2.55;463.1;11.40;74344;2836.615;-1800.241;1;317;450;454.8;21.9;22.1;29;28.9;25.7;-1.0;
27/02/2025 20:27:45;117;0;305.81;-4;20.17;3.74;459.9;11.40;74348;2836.617;-1800.245;1;317;450;456.5;21.9;21.9;29;29.3;25.7;-1.0;
27/02/2025 20:28:05;117;0;305.59;-4;20.23;3.77;456.6;11.50;74358;2836.620;-1800.249;1;317;450;454.8;21.9;22.1;29;29.3;25.7;-1.0;
27/02/2025 20:28:25;117;0;304.62;-4;19.97;3.72;453.4;11.50;74355;2836.623;-1800.253;1;317;450;454.8;21.9;22.1;29;29.3;25.7;-1.0;
27/02/2025 20:28:45;117;0;304.20;-4;20.21;3.78;450.2;11.50;74350;2836.625;-1800.256;1;317;450;453.2;21.9;22.1;31;31.1;25.7;-1.0;
27/02/2025 20:29:05;117;0;304.39;-4;20.27;4.93;447.0;11.50;74355;2836.628;-1800.260;1;317;450;454.8;21.9;22.1;31;31.6;25.7;-1.0;
27/02/2025 20:29:25;117;0;306.28;-4;20.27;4.92;443.8;11.50;74350;2836.631;-1800.264;1;317;450;454.8;21.9;21.9;29;28.9;25.7;-1.0;
27/02/2025 20:29:45;117;0;306.07;-4;20.32;3.49;440.6;11.50;74360;2836.633;-1800.268;1;317;450;454.8;21.9;21.9;29;28.9;25.7;-1.0;
27/02/2025 20:30:05;117;0;304.93;-4;20.24;3.52;437.4;11.60;74359;2836.636;-1800.271;1;317;450;453.2;21.9;22.2;29;28.9;25.7;-1.0;
27/02/2025 20:30:25;117;0;304.01;-4;20.49;3.47;434.1;11.60;74363;2836.639;-1800.275;1;317;450;454.8;21.9;22.1;31;31.1;25.7;-1.0;
27/02/2025 20:30:45;117;0;303.18;-4;20.36;4.68;430.9;11.60;74361;2836.641;-1800.279;1;317;450;454.8;21.9;21.9;31;31.6;25.7;-1.0;
27/02/2025 20:31:05;117;0;306.05;-4;20.28;4.84;427.7;11.60;74373;2836.644;-1800.283;1;317;450;454.8;21.9;22.1;31;31.6;25.8;-1.0;
27/02/2025 20:31:25;117;0;307.86;-4;20.30;4.81;424.6;11.70;74383;2836.647;-1800.286;1;317;450;453.2;21.9;22.1;29;28.9;25.7;-1.0;
27/02/2025 20:31:45;117;0;308.44;-4;20.37;3.36;421.4;11.70;74382;2836.650;-1800.290;1;317;450;454.8;21.9;21.9;29;28.9;25.7;-1.0;
27/02/2025 20:32:05;117;0;307.53;-4;20.26;3.37;418.3;11.70;74397;2836.652;-1800.293;1;317;450;454.8;21.9;21.9;29;28.9;25.7;-1.0;
27/02/2025 20:32:25;117;0;307.70;-4;20.23;3.42;415.2;11.70;74390;2836.655;-1800.297;1;317;450;454.8;21.9;21.9;29;28.9;25.8;-1.0;
27/02/2025 20:32:45;117;0;307.19;-4;20.19;3.41;412.1;11.70;74392;2836.658;-1800.301;1;317;450;453.2;21.9;22.1;29;28.9;25.7;-1.0;
27/02/2025 20:33:05;117;0;307.30;-4;20.29;3.35;408.9;11.70;74400;2836.660;-1800.304;1;317;450;454.8;21.9;21.9;29;28.9;25.7;-1.0;
27/02/2025 20:33:25;117;0;305.66;-4;20.23;3.48;405.8;11.80;74399;2836.663;-1800.308;1;317;450;454.8;21.9;22.1;29;28.9;25.7;-1.0;
27/02/2025 20:33:45;117;0;307.03;-4;20.14;3.37;402.5;11.80;74408;2836.666;-1800.312;1;317;450;454.8;21.9;22.1;29;28.4;25.7;-1.0;
27/02/2025 20:34:05;117;0;309.28;-4;20.24;3.32;399.4;11.80;74411;2836.669;-1800.315;1;317;450;454.8;21.9;22.1;29;28.9;25.7;-1.0;
27/02/2025 20:34:25;117;0;309.43;-4;20.27;3.43;396.3;11.80;74418;2836.672;-1800.318;1;317;450;454.8;21.9;22.1;29;28.9;25.7;-1.0;
27/02/2025 20:34:45;117;0;310.09;-4;19.96;3.55;393.0;11.80;74418;2836.675;-1800.322;1;317;450;456.5;21.9;21.9;29;28.9;25.7;-1.0;
27/02/2025 20:35:05;117;0;312.59;-4;20.00;3.26;390.0;11.90;74427;2836.677;-1800.325;1;317;450;453.2;21.9;21.9;29;28.9;25.7;-1.0;
27/02/2025 20:35:25;117;0;312.97;-4;20.06;3.32;387.0;11.90;74434;2836.680;-1800.328;1;317;450;453.2;21.9;22.1;29;28.9;25.7;-1.0;
27/02/2025 20:35:45;117;0;315.53;-4;20.33;3.46;383.7;11.90;74431;2836.684;-1800.332;1;317;450;454.8;21.9;21.9;29;28.9;25.7;-1.0;
27/02/2025 20:36:05;117;0;319.27;-4;20.34;3.41;380.7;11.90;74445;2836.687;-1800.335;1;317;450;454.8;21.9;22.1;29;28.9;25.7;-1.0;
27/02/2025 20:36:25;117;0;320.50;-4;20.23;3.27;377.5;11.90;74463;2836.690;-1800.337;1;317;450;454.8;21.9;22.1;27;27.1;25.7;-1.0;
27/02/2025 20:36:45;117;0;321.16;-4;20.04;2.76;374.3;12.00;74473;2836.694;-1800.340;1;317;450;454.8;21.9;21.9;27;27.1;25.7;-1.0;
27/02/2025 20:37:05;117;0;320.50;-4;19.78;2.77;371.1;12.00;74471;2836.697;-1800.343;1;317;450;454.8;21.9;22.1;27;27.1;25.7;-1.0;
27/02/2025 20:37:25;117;0;320.03;-4;19.74;2.42;368.1;12.00;74475;2836.701;-1800.346;1;317;450;454.8;21.9;22.1;27;27.1;25.7;-1.0;
27/02/2025 20:37:45;117;0;319.09;-4;19.79;2.71;365.2;12.00;74492;2836.704;-1800.349;1;317;450;453.2;21.9;21.9;27;27.1;25.7;-1.0;
27/02/2025 20:38:05;117;0;319.19;-4;19.52;2.73;362.3;12.10;74493;2836.707;-1800.351;1;317;450;453.2;21.9;22.1;27;27.1;25.7;-1.0;
27/02/2025 20:38:25;117;0;319.00;-4;19.77;2.66;359.5;12.10;74497;2836.710;-1800.354;1;317;450;454.8;21.9;21.9;27;27.1;25.7;-1.0;
27/02/2025 20:38:45;117;0;319.48;-4;20.14;2.59;356.5;12.10;74504;2836.713;-1800.357;1;317;450;454.8;21.9;22.1;27;27.1;25.7;-1.0;
27/02/2025 20:39:05;117;0;318.92;-4;19.81;2.67;353.9;12.10;74509;2836.716;-1800.359;1;317;450;453.2;21.9;21.9;27;27.1;25.7;-1.0;
27/02/2025 20:39:25;117;0;319.05;-4;19.68;2.66;350.9;12.20;74518;2836.719;-1800.362;1;317;450;456.5;21.9;21.9;27;27.1;25.7;-1.0;
27/02/2025 20:39:45;117;0;319.81;-4;20.20;2.57;348.1;12.20;74523;2836.722;-1800.364;1;317;450;454.8;21.9;21.9;27;27.1;25.7;-1.0;
27/02/2025 20:40:05;117;0;317.82;-4;19.84;2.61;345.4;12.20;74525;2836.725;-1800.367;1;317;450;454.8;21.9;22.1;27;27.1;25.7;-1.0;
27/02/2025 20:40:25;117;0;316.75;-4;20.50;2.58;342.4;12.30;74540;2836.728;-1800.370;1;317;450;453.2;21.9;22.1;27;27.1;25.7;-1.0;
27/02/2025 20:40:45;117;0;315.40;-4;19.75;2.68;339.3;12.30;74535;2836.731;-1800.373;1;317;450;454.8;21.9;22.1;27;27.5;25.7;-1.0;
27/02/2025 20:41:05;117;0;314.13;-4;19.75;2.89;336.2;12.30;74538;2836.734;-1800.376;1;317;450;453.2;21.9;21.9;27;27.1;25.7;-1.0;
27/02/2025 20:41:25;117;0;313.83;-4;19.91;2.51;333.5;12.30;74553;2836.737;-1800.379;1;317;450;454.8;21.9;22.1;27;27.1;25.7;-1.0;
27/02/2025 20:41:45;117;0;311.12;-4;19.66;2.53;330.6;12.30;74556;2836.740;-1800.382;1;317;450;454.8;21.9;22.1;27;27.1;25.7;-1.0;
27/02/2025 20:42:05;117;0;311.45;-4;19.84;2.62;327.5;12.40;74560;2836.743;-1800.386;1;317;450;454.8;21.9;22.1;27;27.1;25.7;-1.0;
27/02/2025 20:42:25;117;0;309.62;-4;19.74;2.63;324.3;12.40;74564;2836.745;-1800.389;1;317;450;454.8;21.9;22.1;27;27.1;25.7;-1.0;
27/02/2025 20:42:45;117;0;307.79;-4;19.83;2.60;321.1;12.40;74576;2836.748;-1800.393;1;317;450;453.2;21.9;21.9;29;28.9;25.7;-1.0;
27/02/2025 20:43:05;117;0;309.47;-4;19.78;3.83;317.9;12.40;74591;2836.751;-1800.396;1;317;450;454.8;21.9;22.1;29;29.3;25.7;-1.0;
27/02/2025 20:43:25;117;0;310.54;-4;19.76;3.86;314.6;12.50;74599;2836.754;-1800.400;1;317;450;454.8;21.9;22.1;29;29.8;25.7;-1.0;
27/02/2025 20:43:45;117;0;310.44;-4;19.74;3.90;311.3;12.50;74602;2836.757;-1800.403;1;317;450;454.8;21.9;21.9;29;29.3;25.7;-1.0;
27/02/2025 20:44:05;117;0;309.36;-4;19.77;3.86;308.1;12.50;74617;2836.760;-1800.407;1;317;450;454.8;21.9;22.1;29;29.3;25.7;-1.0;
27/02/2025 20:44:25;117;0;308.85;-4;19.84;3.93;304.7;12.60;74628;2836.763;-1800.411;1;317;450;454.8;21.9;21.9;29;29.3;25.7;-1.0;
27/02/2025 20:44:45;117;0;311.34;-4;19.87;3.84;301.4;12.60;74631;2836.766;-1800.414;1;317;450;454.8;21.9;22.1;29;29.3;25.8;-1.0;
27/02/2025 20:45:05;117;0;312.00;-4;20.02;3.83;298.0;12.60;74636;2836.769;-1800.418;1;317;450;453.2;21.9;22.1;29;29.8;25.7;-1.0;
27/02/2025 20:45:25;117;0;313.58;-4;19.99;3.80;294.5;12.60;74646;2836.773;-1800.422;1;317;450;454.8;21.9;22.1;29;29.3;25.7;-1.0;
27/02/2025 20:45:45;117;0;314.94;-4;20.00;3.88;291.1;12.70;74641;2836.776;-1800.425;1;317;450;454.8;21.9;21.9;29;29.3;25.7;-1.0;
27/02/2025 20:46:05;117;0;316.48;-4;20.00;3.89;287.4;12.70;74667;2836.780;-1800.429;1;317;450;454.8;21.9;22.1;29;29.3;25.7;-1.0;
27/02/2025 20:46:25;117;0;317.31;-4;19.91;3.85;283.7;12.70;74671;2836.784;-1800.432;1;317;450;453.2;21.9;22.1;29;29.8;25.7;-1.0;
27/02/2025 20:46:45;117;0;318.17;-4;19.83;3.87;280.0;12.80;74672;2836.788;-1800.436;1;317;450;454.8;21.9;22.1;29;29.3;25.7;-1.0;
27/02/2025 20:47:05;117;0;320.01;-4;19.80;3.76;276.7;12.80;74686;2836.791;-1800.439;1;317;450;451.6;21.9;22.1;27;27.1;25.7;-1.0;
27/02/2025 20:47:25;117;0;320.20;-4;19.76;2.58;273.0;12.80;74699;2836.795;-1800.442;1;317;450;454.8;21.9;21.9;27;27.1;25.7;-1.0;
27/02/2025 20:47:45;117;0;320.87;-4;19.76;2.67;269.3;12.90;74706;2836.799;-1800.446;1;317;450;454.8;21.9;22.1;27;27.1;25.7;-1.0;
27/02/2025 20:48:05;117;0;321.34;-4;19.73;2.68;265.7;12.90;74704;2836.803;-1800.449;1;317;450;454.8;21.9;21.9;27;27.5;25.7;-1.0;
27/02/2025 20:48:25;117;0;321.47;-4;19.68;2.62;262.0;12.90;74708;2836.807;-1800.452;1;317;450;454.8;21.9;21.9;27;27.1;25.7;-1.0;
27/02/2025 20:48:45;117;0;321.99;-4;19.74;2.65;258.5;13.00;74716;2836.811;-1800.455;1;317;450;454.8;21.9;22.1;27;27.5;25.7;-1.0;
27/02/2025 20:49:05;117;0;321.90;-4;19.73;2.61;254.7;13.00;74726;2836.815;-1800.459;1;317;450;454.8;21.9;22.1;27;27.5;25.7;-1.0;
27/02/2025 20:49:25;117;0;321.95;-4;19.60;2.63;251.0;13.00;74743;2836.819;-1800.462;1;317;450;453.2;21.9;22.1;27;27.1;25.7;-1.0;
27/02/2025 20:49:45;117;0;322.78;-4;19.68;2.64;247.5;13.00;74748;2836.823;-1800.465;1;317;450;453.2;21.9;21.9;27;27.5;25.7;-1.0;
27/02/2025 20:50:05;117;0;322.18;-4;19.45;2.67;243.7;13.10;74746;2836.827;-1800.468;1;317;450;454.8;21.9;21.9;27;27.5;25.7;-1.0;
27/02/2025 20:50:25;117;0;321.13;-4;19.41;2.64;240.2;13.10;74763;2836.831;-1800.472;1;317;450;454.8;21.9;22.1;27;27.1;25.7;-1.0;
27/02/2025 20:50:45;117;0;320.23;-4;19.41;2.79;236.6;13.10;74760;2836.835;-1800.475;1;317;450;454.8;21.9;22.1;27;27.1;25.7;-1.0;
27/02/2025 20:51:05;117;0;317.81;-4;19.45;2.83;233.0;13.20;74766;2836.839;-1800.479;1;317;450;454.8;21.9;22.1;27;27.5;25.7;-1.0;
27/02/2025 20:51:25;117;0;316.01;-4;19.35;2.75;229.4;13.20;74768;2836.843;-1800.482;1;317;450;453.2;21.9;22.1;27;27.5;25.7;-1.0;
27/02/2025 20:51:45;117;0;317.88;-4;19.50;2.52;226.1;13.20;74790;2836.846;-1800.486;1;317;450;456.5;21.9;22.1;27;27.5;25.7;-1.0;
27/02/2025 20:52:05;117;0;320.29;-4;19.77;2.47;222.5;13.30;74798;2836.850;-1800.489;1;317;450;454.8;21.9;22.1;27;27.5;25.7;-1.0;
27/02/2025 20:52:25;117;0;320.26;-4;19.57;2.76;218.9;13.30;74795;2836.854;-1800.492;1;317;450;454.8;21.9;21.9;27;27.1;25.7;-1.0;
27/02/2025 20:52:45;117;0;320.73;-4;19.53;2.68;215.6;13.30;74804;2836.857;-1800.495;1;317;450;451.6;21.9;22.1;27;27.1;25.7;-1.0;
27/02/2025 20:53:05;117;0;320.87;-4;19.48;2.64;212.2;13.40;74813;2836.861;-1800.498;1;317;450;453.2;21.9;22.1;27;27.5;25.7;-1.0;
27/02/2025 20:53:25;117;0;322.07;-4;19.46;2.60;209.0;13.40;74812;2836.865;-1800.501;1;317;450;454.8;21.9;21.9;27;27.5;25.7;-1.0;
27/02/2025 20:53:45;117;0;323.99;-4;19.44;2.49;205.7;13.50;74840;2836.869;-1800.504;1;317;450;454.8;21.9;22.1;24;23.9;25.7;-1.0;
27/02/2025 20:54:05;117;0;323.83;-4;19.38;0.66;202.4;13.50;74837;2836.872;-1800.507;1;317;450;453.2;21.9;21.9;24;23.9;25.7;-1.0;
27/02/2025 20:54:25;117;0;322.94;-4;19.33;0.75;199.3;13.50;74852;2836.876;-1800.510;1;317;450;454.8;21.9;21.9;24;23.5;25.7;-1.0;
27/02/2025 20:54:45;117;0;322.79;-4;19.14;0.68;196.3;13.50;74861;2836.879;-1800.512;1;317;450;454.8;21.9;22.1;24;23.5;25.7;-1.0;
27/02/2025 20:55:05;117;0;319.93;-4;19.05;0.79;193.3;13.60;74869;2836.883;-1800.515;1;317;450;454.8;21.9;21.9;27;27.1;25.7;-1.0;
27/02/2025 20:55:25;117;0;319.49;-4;19.15;2.86;190.4;13.60;74880;2836.886;-1800.518;1;317;450;454.8;21.9;22.1;27;28.0;25.7;-1.0;
27/02/2025 20:55:45;117;0;318.42;-4;19.36;3.05;187.5;13.60;74892;2836.889;-1800.521;1;317;450;456.5;21.9;22.1;27;28.0;25.7;-1.0;
27/02/2025 20:56:05;117;0;319.12;-4;19.45;2.97;184.6;13.70;74904;2836.892;-1800.524;1;317;450;454.8;21.9;21.9;27;28.0;25.7;-1.0;
27/02/2025 20:56:25;117;0;319.13;-4;19.42;2.94;181.9;13.70;74916;2836.895;-1800.526;1;317;450;453.2;21.9;22.1;27;28.0;25.7;-1.0;
27/02/2025 20:56:45;117;0;317.29;-4;19.42;3.11;179.0;13.70;74931;2836.899;-1800.529;1;317;450;456.5;21.9;21.9;27;28.0;25.7;-1.0;
27/02/2025 20:57:05;117;0;315.49;-4;18.88;2.51;176.4;13.80;74942;2836.901;-1800.532;1;317;450;454.8;21.6;21.6;27;28.0;25.7;-1.0;
27/02/2025 20:57:25;117;0;314.32;-4;19.19;3.03;173.8;13.80;74940;2836.904;-1800.535;1;317;450;454.8;21.6;21.6;27;27.5;25.7;-1.0;
27/02/2025 20:57:45;117;0;313.58;-4;19.57;2.91;171.0;13.90;74958;2836.907;-1800.538;1;317;450;454.8;21.6;21.6;27;28.0;25.7;-1.0;
27/02/2025 20:58:06;117;0;313.69;-4;19.79;3.02;168.2;13.90;74964;2836.910;-1800.540;1;317;450;454.8;21.6;21.6;27;28.0;25.7;-1.0;
27/02/2025 20:58:26;117;0;311.79;-4;19.50;2.96;165.4;13.90;74988;2836.912;-1800.543;1;317;450;454.8;21.6;21.6;27;28.0;25.7;-1.0;
27/02/2025 20:58:46;117;0;310.31;-4;19.56;3.05;162.6;14.00;74991;2836.915;-1800.547;1;317;450;453.2;21.6;21.6;27;28.0;25.7;-1.0;
27/02/2025 20:59:06;117;0;309.25;-4;19.43;3.00;159.9;14.00;75008;2836.917;-1800.550;1;317;450;454.8;21.6;21.5;27;28.0;25.7;-1.0;
27/02/2025 20:59:26;117;0;306.91;-4;19.52;3.02;157.1;14.10;75021;2836.920;-1800.553;1;317;450;454.8;21.6;21.6;27;28.0;25.7;-1.0;
27/02/2025 20:59:46;117;0;305.21;-4;19.61;2.88;154.2;14.10;75033;2836.922;-1800.556;1;317;450;454.8;21.6;21.4;29;28.9;25.7;-1.0;
27/02/2025 21:00:06;117;0;306.85;-4;19.91;3.59;151.2;14.20;75045;2836.925;-1800.560;1;317;450;454.8;21.6;21.4;29;29.8;25.7;-1.0;
27/02/2025 21:00:26;117;0;310.39;-4;20.01;3.86;148.1;14.20;75052;2836.928;-1800.563;1;317;450;453.2;21.6;21.4;27;27.1;25.7;-1.0;
27/02/2025 21:00:46;117;0;310.78;-4;19.85;2.91;145.1;14.30;75077;2836.931;-1800.566;1;317;450;454.8;21.6;21.4;27;27.1;25.7;-1.0;
27/02/2025 21:01:06;117;0;310.28;-4;19.53;2.54;142.2;14.30;75086;2836.933;-1800.569;1;317;450;454.8;21.6;21.4;27;27.5;25.7;-1.0;
27/02/2025 21:01:26;117;0;309.95;-4;19.91;2.55;139.1;14.30;75087;2836.936;-1800.573;1;317;450;454.8;21.6;21.4;27;27.5;25.7;-1.0;
27/02/2025 21:01:46;117;0;311.06;-4;20.50;3.01;135.9;14.40;75093;2836.939;-1800.576;1;317;450;454.8;21.6;21.4;27;27.5;25.7;-1.0;
27/02/2025 21:02:06;117;0;312.63;-4;20.71;2.29;132.8;14.40;75108;2836.942;-1800.579;1;317;450;454.8;21.6;21.4;27;27.5;25.7;-1.0;
27/02/2025 21:02:26;117;0;313.36;-4;20.34;2.51;129.7;14.40;75114;2836.945;-1800.583;1;317;450;454.8;21.6;21.4;27;27.5;25.7;-1.0;
27/02/2025 21:02:46;117;0;314.62;-4;20.31;2.66;126.5;14.50;75134;2836.948;-1800.586;1;317;450;454.8;21.6;21.4;27;27.5;25.7;-1.0;
27/02/2025 21:03:06;117;0;313.31;-4;19.94;2.77;123.3;14.50;75143;2836.951;-1800.589;1;317;450;454.8;21.6;21.4;27;27.5;25.7;-1.0;
27/02/2025 21:03:26;117;0;312.82;-4;19.80;2.63;120.2;14.60;75157;2836.954;-1800.593;1;317;450;453.2;21.6;21.4;27;27.5;25.7;-1.0;
27/02/2025 21:03:46;117;0;312.92;-4;19.91;2.63;117.0;14.60;75168;2836.957;-1800.596;1;317;450;454.8;21.6;21.4;27;27.5;25.7;-1.0;
27/02/2025 21:04:06;117;0;313.57;-4;20.03;2.61;114.0;14.70;75177;2836.960;-1800.599;1;317;450;453.2;21.6;21.4;27;27.5;25.7;-1.0;
27/02/2025 21:04:26;117;0;311.60;-4;19.81;2.66;110.9;14.70;75186;2836.963;-1800.602;1;317;450;454.8;21.6;21.4;27;27.5;25.7;-1.0;
27/02/2025 21:04:46;117;0;309.41;-4;19.69;2.71;107.8;14.80;75209;2836.966;-1800.606;1;317;450;454.8;21.6;21.4;27;27.5;25.7;-1.0;
27/02/2025 21:05:06;117;0;307.45;-4;19.85;2.67;104.7;14.80;75208;2836.969;-1800.609;1;317;450;454.8;21.6;21.4;27;27.5;25.7;-1.0;
27/02/2025 21:05:26;117;0;306.11;-4;19.63;2.58;101.5;14.90;75229;2836.972;-1800.613;1;317;450;454.8;21.6;21.4;29;28.9;25.7;-1.0;
27/02/2025 21:05:46;117;0;306.55;-4;19.79;3.63;98.4;14.90;75249;2836.974;-1800.616;1;317;450;454.8;21.6;21.4;29;29.3;25.7;-1.0;
27/02/2025 21:06:06;117;0;308.31;-4;19.93;3.74;95.4;14.90;75253;2836.977;-1800.620;1;317;450;454.8;21.6;21.4;29;29.3;25.7;-1.0;
27/02/2025 21:06:26;117;0;309.26;-4;19.87;3.77;92.2;15.00;75266;2836.980;-1800.623;1;317;450;454.8;21.6;21.4;29;29.3;25.7;-1.0;
27/02/2025 21:06:46;117;0;308.99;-4;19.86;3.71;89.1;15.00;75287;2836.983;-1800.627;1;317;450;454.8;21.6;21.4;29;29.3;25.7;-1.0;
27/02/2025 21:07:06;117;0;307.62;-4;19.85;3.79;85.9;15.10;75303;2836.985;-1800.630;1;317;450;454.8;21.6;21.4;29;29.3;25.7;-1.0;
27/02/2025 21:07:26;117;0;309.34;-4;19.61;3.74;82.8;15.10;75310;2836.988;-1800.634;1;317;450;456.5;21.6;21.4;29;29.3;25.7;-1.0;
27/02/2025 21:07:46;117;0;312.73;-4;19.98;3.73;79.9;15.20;75349;2836.991;-1800.637;1;317;450;454.8;21.6;21.4;29;29.3;25.7;-1.0;
27/02/2025 21:08:06;117;0;315.32;-4;19.13;3.63;76.8;15.20;75378;2836.994;-1800.640;1;317;450;456.5;21.6;21.4;29;29.3;25.7;-1.0;
27/02/2025 21:08:26;117;0;317.41;-4;20.27;3.60;73.7;15.30;75407;2836.997;-1800.643;1;317;450;454.8;21.6;21.4;27;26.6;25.7;-1.0;
27/02/2025 21:08:46;117;0;320.05;-4;19.33;2.54;70.7;15.40;75423;2837.001;-1800.646;1;317;450;456.5;21.6;21.4;27;27.1;25.7;-1.0;
27/02/2025 21:09:06;117;0;320.43;-4;19.60;2.38;67.9;15.40;75445;2837.004;-1800.649;1;317;450;454.8;21.6;21.4;27;27.1;25.7;-1.0;
27/02/2025 21:09:26;117;0;318.80;-4;19.42;2.53;65.0;15.50;75466;2837.007;-1800.651;1;317;450;454.8;21.6;21.4;27;26.6;25.7;-1.0;
27/02/2025 21:09:46;117;0;319.21;-4;19.62;2.36;62.2;15.50;75482;2837.010;-1800.654;1;317;450;454.8;21.6;21.5;27;27.1;25.7;-1.0;
27/02/2025 21:10:06;117;0;318.15;-4;19.54;2.45;59.2;15.60;75500;2837.013;-1800.657;1;317;450;454.8;21.6;21.4;27;27.1;25.7;-1.0;
27/02/2025 21:10:26;117;0;318.28;-4;19.69;2.35;56.2;15.70;75508;2837.016;-1800.660;1;317;450;454.8;21.6;21.4;27;27.1;25.7;-1.0;
27/02/2025 21:10:46;117;0;318.29;-4;19.70;2.43;53.2;15.80;75529;2837.020;-1800.663;1;317;450;454.8;21.6;21.4;27;27.1;25.7;-1.0;
27/02/2025 21:11:06;117;0;317.31;-4;19.65;2.54;50.3;15.80;75542;2837.023;-1800.665;1;317;450;454.8;21.6;21.4;27;27.1;25.7;-1.0;
27/02/2025 21:11:26;117;0;316.45;-4;19.65;2.41;47.3;15.80;75550;2837.026;-1800.668;1;317;450;456.5;21.6;21.4;27;27.1;25.7;-1.0;
27/02/2025 21:11:46;117;0;315.61;-4;19.57;2.48;44.4;15.90;75557;2837.029;-1800.671;1;317;450;456.5;21.6;21.4;27;27.1;25.7;-1.0;
27/02/2025 21:12:06;117;0;314.33;-4;19.45;2.47;41.4;16.00;75563;2837.032;-1800.674;1;317;450;454.8;21.6;21.4;27;27.1;25.7;-1.0;
27/02/2025 21:12:26;117;0;313.47;-4;19.50;2.51;38.4;16.00;75574;2837.035;-1800.678;1;317;450;454.8;21.6;21.4;27;27.1;25.7;-1.0;
27/02/2025 21:12:46;117;0;312.89;-4;19.62;2.36;35.4;16.10;75580;2837.038;-1800.681;1;317;450;454.8;21.6;21.5;27;27.1;25.7;-1.0;
27/02/2025 21:13:06;117;0;312.50;-4;19.54;2.42;32.5;16.10;75599;2837.041;-1800.684;1;317;450;456.5;21.6;21.4;27;27.1;25.7;-1.0;
27/02/2025 21:13:26;117;0;311.28;-4;19.50;2.44;29.6;16.20;75602;2837.043;-1800.687;1;317;450;454.8;21.6;21.4;27;27.1;25.7;-1.0;
27/02/2025 21:13:46;117;0;311.12;-4;19.44;2.47;26.7;16.20;75612;2837.046;-1800.690;1;317;450;454.8;21.6;21.4;27;27.1;25.7;-1.0;
27/02/2025 21:14:06;117;0;311.19;-4;19.53;2.42;23.8;16.30;75617;2837.049;-1800.694;1;317;450;454.8;21.6;21.4;27;27.1;25.7;-1.0;
27/02/2025 21:14:26;117;0;310.96;-4;19.51;2.40;20.8;16.40;75622;2837.052;-1800.697;1;317;450;456.5;21.6;21.2;27;27.1;25.7;-1.0;
27/02/2025 21:14:46;117;0;307.05;-4;19.02;2.45;18.1;16.40;75630;2837.054;-1800.700;1;317;450;456.5;21.6;21.4;27;27.1;25.7;-1.0;
27/02/2025 21:15:06;117;0;300.77;-4;18.19;2.51;15.1;16.50;75642;2837.057;-1800.704;1;317;450;454.8;21.0;20.6;34;33.8;25.7;-1.0;
27/02/2025 21:15:26;117;0;301.14;-4;19.78;6.04;12.5;16.50;75652;2837.059;-1800.707;1;317;450;454.8;21.0;20.6;32;31.6;25.7;-1.0;
27/02/2025 21:15:46;117;0;304.89;-4;21.06;4.13;9.1;16.60;75667;2837.061;-1800.711;1;317;450;454.8;21.0;20.6;30;29.8;25.7;-1.0;
27/02/2025 21:16:06;117;0;305.22;-4;19.69;3.72;5.8;16.60;75670;2837.064;-1800.715;1;317;450;454.8;21.0;20.6;30;28.9;25.7;-1.0;
27/02/2025 21:16:24;115;0;305.55;-4;22.88;3.56;3.1;16.60;75669;2837.066;-1800.718;1;317;500;461.3;100.0;59.8;0;-0.5;25.7;-1.0;
27/02/2025 21:16:34;115;0;311.37;-4;10.77;-11.24;1.7;16.70;75642;2837.068;-1800.719;1;317;500;504.8;100.0;100.0;0;0.0;25.4;-1.0;
27/02/2025 21:16:44;115;0;286.91;-4;-56.02;-12.74;1.8;16.70;75561;2837.068;-1800.719;1;317;500;504.8;100.0;100.4;0;0.0;25.7;-1.0;
27/02/2025 21:17:04;119;0;327.09;-4;-28.38;-4.63;-0.2;16.80;75583;2837.068;-1800.719;1;317;500;506.5;100.0;100.4;0;-0.5;25.7;-1.0;
27/02/2025 21:17:14;119;0;344.94;-4;-52.64;-10.21;-0.1;16.80;75578;2837.231;-1801.042;0;317;500;506.5;100.0;100.6;0;-0.5;25.7;-1.0;
