Timestamp;NavState;SecurityLevel;Heading;Declination;Pitch;Roll;Depth;Temperature;Pa;Lat;Lon;DeadReckoning;DesiredH;BallastCmd;BallastPos;LinCmd;LinPos;AngCmd;AngPos;Voltage;Altitude;
26/02/2025 01:13:35;119;0;27.56;-4;-44.02;-7.35;0.0;16.70;75594;2835.364;-1758.950;0;141;500;503.2;100.0;100.7;0;-0.9;26.1;-1.0;
26/02/2025 01:13:45;116;0;6.27;-4;-61.71;-11.40;0.1;16.80;75590;2835.366;-1758.960;0;141;500;506.5;100.0;100.7;0;-0.5;26.1;-1.0;
26/02/2025 01:14:10;116;0;352.99;-4;-58.30;-7.49;0.1;16.80;75600;2835.369;-1758.965;0;141;500;504.8;100.0;100.7;0;-0.9;26.1;-1.0;
26/02/2025 01:14:30;116;0;5.57;-4;-59.59;-21.88;0.2;16.90;75615;2835.369;-1758.966;0;137;500;504.8;100.0;100.7;0;-0.5;26.1;-1.0;
26/02/2025 01:14:51;116;0;353.20;-4;-51.14;-21.50;0.2;17.00;75628;2835.370;-1758.967;0;137;500;503.2;100.0;100.7;0;-0.5;26.1;-1.0;
26/02/2025 01:15:11;116;0;6.51;-4;-57.00;-13.76;0.2;17.10;75636;2835.373;-1758.970;0;137;500;506.5;100.0;100.6;0;-0.5;26.1;-1.0;
26/02/2025 01:16:13;116;0;347.87;-4;-52.47;-15.47;0.2;17.30;75650;2835.386;-1758.982;0;137;500;504.8;100.0;100.7;0;-0.5;26.1;-1.0;
26/02/2025 01:17:51;116;0;6.60;-4;-58.70;-19.70;0.2;17.70;75696;2835.404;-1758.995;0;137;500;504.8;100.0;100.7;0;-0.5;26.1;-1.0;
26/02/2025 01:18:02;116;0;4.16;-4;-55.63;-6.22;0.2;17.80;75710;2835.406;-1758.997;0;137;500;504.8;100.0;100.7;0;-0.5;26.1;-1.0;
26/02/2025 01:18:22;110;0;358.40;-4;-55.47;-13.93;-0.1;17.90;75711;2835.406;-1758.997;0;137;-90;383.9;100.0;99.9;-5;-5.0;26.1;-1.0;
26/02/2025 01:18:32;110;0;353.42;-4;-51.62;-15.60;0.0;17.90;76069;2835.406;-1758.997;1;137;-90;237.1;100.0;99.9;-5;-5.0;26.1;-1.0;
26/02/2025 01:18:42;110;0;355.22;-4;-59.22;-21.90;0.4;18.00;76315;2835.407;-1758.997;1;137;-90;79.0;100.0;99.9;-5;-5.0;26.1;-1.0;
26/02/2025 01:18:52;110;0;3.64;-4;-67.71;-17.67;0.8;18.00;76644;2835.408;-1758.997;1;137;-90;-83.9;100.0;99.7;-5;-5.0;26.1;-1.0;
26/02/2025 01:19:02;110;0;23.34;-4;-69.44;-15.68;1.0;18.10;76990;2835.408;-1758.997;1;137;-90;-90.3;41.1;41.1;-5;-5.0;26.1;-1.0;
26/02/2025 01:19:22;100;0;25.64;-4;-27.35;-15.13;3.9;18.20;76943;2835.412;-1758.996;1;137;-90;-87.1;41.1;40.8;-5;-5.0;26.1;-1.0;
26/02/2025 01:19:42;100;0;36.25;-4;-16.91;-14.19;6.5;18.20;76941;2835.416;-1758.994;1;137;-90;-83.9;42.0;42.3;-70;-69.9;26.1;-1.0;
26/02/2025 01:20:02;100;0;42.38;-4;-17.43;-46.22;8.8;18.30;76951;2835.419;-1758.992;1;137;-90;-82.3;42.8;43.0;-70;-69.9;26.1;-1.0;
26/02/2025 01:20:22;100;0;55.27;-4;-20.24;-45.24;11.1;18.30;76957;2835.422;-1758.990;1;137;-90;-82.3;42.8;43.2;-70;-70.4;26.1;-1.0;
26/02/2025 01:20:42;100;0;68.00;-4;-19.98;-45.77;13.7;18.40;76959;2835.424;-1758.987;1;137;-90;-82.3;42.8;43.2;-70;-69.9;26.1;0.0;
26/02/2025 01:21:02;100;0;80.56;-4;-19.62;-45.71;16.3;18.40;76967;2835.425;-1758.983;1;137;-90;-80.6;42.8;43.2;-60;-60.0;26.1;0.0;
26/02/2025 01:21:22;100;0;92.96;-4;-20.08;-40.14;19.0;18.40;76960;2835.426;-1758.980;1;137;-90;-82.3;42.8;43.3;-45;-45.1;26.1;0.0;
26/02/2025 01:21:42;100;0;104.89;-4;-19.51;-32.80;21.3;18.50;76973;2835.426;-1758.977;1;137;-90;-82.3;42.8;43.3;-31;-31.1;26.1;0.0;
26/02/2025 01:22:02;100;0;115.35;-4;-19.88;-25.81;23.8;18.50;76986;2835.426;-1758.974;1;137;-90;-83.9;42.8;43.3;-15;-14.9;26.1;0.0;
26/02/2025 01:22:22;100;0;121.78;-4;-20.19;-18.05;26.2;18.50;76998;2835.425;-1758.971;1;137;-90;-80.6;42.8;43.4;-4;-4.1;26.1;0.0;
26/02/2025 01:22:42;100;0;126.17;-4;-21.01;-13.05;28.8;18.50;76992;2835.424;-1758.969;1;137;-90;-80.6;42.8;43.4;3;3.2;26.1;0.0;
26/02/2025 01:23:02;100;0;129.59;-4;-21.01;-9.80;31.3;18.50;76997;2835.423;-1758.966;1;137;-90;-80.6;42.8;42.6;8;8.1;26.1;0.0;
26/02/2025 01:23:22;100;0;135.14;-4;-19.98;-7.16;33.8;18.60;77005;2835.422;-1758.964;1;137;-90;-83.9;42.8;42.6;14;14.0;26.1;0.0;
26/02/2025 01:23:42;100;0;136.18;-4;-20.40;-4.59;36.1;18.60;77005;2835.420;-1758.962;1;137;-90;-82.3;42.8;42.6;14;14.0;26.1;0.0;
26/02/2025 01:24:02;100;0;138.44;-4;-20.15;-4.50;38.6;18.60;77010;2835.419;-1758.960;1;137;-90;-82.3;42.8;42.6;14;14.0;26.1;0.0;
26/02/2025 01:24:22;100;0;138.64;-4;-19.96;-4.56;40.9;18.60;77012;2835.418;-1758.958;1;137;-90;-82.3;42.8;42.6;16;15.8;26.1;0.0;
26/02/2025 01:24:42;100;0;137.28;-4;-20.24;-3.47;43.4;18.60;77024;2835.416;-1758.956;1;137;-90;-82.3;42.8;42.6;16;16.2;26.1;0.0;
26/02/2025 01:25:02;100;0;137.38;-4;-20.25;-3.50;45.8;18.60;77021;2835.415;-1758.954;1;137;-90;-82.3;42.8;42.6;16;16.2;26.1;0.0;
26/02/2025 01:25:22;100;0;137.40;-4;-20.44;-3.56;48.3;18.60;77029;2835.413;-1758.952;1;137;-90;-82.3;42.8;42.6;16;16.2;26.1;0.0;
26/02/2025 01:25:42;100;0;138.72;-4;-20.12;-3.55;50.6;18.60;77023;2835.412;-1758.950;1;137;-90;-82.3;42.8;42.6;16;16.2;26.1;0.0;
26/02/2025 01:26:02;100;0;139.88;-4;-20.46;-3.51;53.0;18.60;77029;2835.411;-1758.948;1;137;-90;-80.6;42.8;42.6;16;16.2;26.1;0.0;
26/02/2025 01:26:22;100;0;140.22;-4;-20.35;-3.52;55.3;18.70;77043;2835.409;-1758.946;1;137;-90;-80.6;42.8;42.6;16;16.2;26.1;0.0;
26/02/2025 01:26:42;100;0;139.83;-4;-20.19;-3.49;57.9;18.70;77046;2835.408;-1758.944;1;137;-90;-80.6;42.8;42.6;16;16.2;26.1;0.0;
26/02/2025 01:27:02;100;0;139.67;-4;-20.49;-3.48;60.1;18.70;77048;2835.406;-1758.943;1;137;-90;-82.3;42.8;42.6;16;16.2;26.1;0.0;
26/02/2025 01:27:22;100;0;138.35;-4;-20.42;-3.50;62.7;18.70;77043;2835.405;-1758.940;1;137;-90;-82.3;42.8;42.6;16;16.2;26.1;0.0;
26/02/2025 01:27:42;100;0;137.69;-4;-20.04;-3.54;65.2;18.70;77057;2835.403;-1758.938;1;137;-90;-80.6;42.8;42.6;16;16.2;26.1;0.0;
26/02/2025 01:28:02;100;0;138.82;-4;-20.32;-3.50;67.6;18.70;77057;2835.402;-1758.936;1;137;-90;-82.3;42.8;42.6;16;16.2;26.1;0.0;
26/02/2025 01:28:22;100;0;140.71;-4;-20.10;-3.49;70.0;18.70;77048;2835.401;-1758.934;1;137;-90;-80.6;42.8;42.6;16;16.2;26.1;0.0;
26/02/2025 01:28:42;100;0;139.74;-4;-20.27;-3.50;72.5;18.70;77061;2835.399;-1758.932;1;137;-90;-80.6;42.8;42.6;16;16.2;26.1;0.0;
26/02/2025 01:29:02;100;0;139.18;-4;-20.54;-3.46;75.1;18.80;77055;2835.398;-1758.930;1;137;-90;-80.6;42.8;42.6;16;16.2;26.1;0.0;
26/02/2025 01:29:22;100;0;135.19;-4;-20.34;-3.55;77.6;18.80;77049;2835.396;-1758.928;1;137;-90;-80.6;42.8;42.6;14;14.0;26.1;0.0;
26/02/2025 01:29:42;100;0;129.10;-4;-18.54;-5.20;80.0;18.70;77047;2835.395;-1758.926;1;137;-90;-82.3;43.2;43.6;7;6.8;26.1;0.0;
26/02/2025 01:30:02;100;0;128.51;-4;-20.61;-8.55;82.3;18.80;77046;2835.394;-1758.924;1;137;-90;-80.6;43.2;43.6;5;5.0;26.1;0.0;
26/02/2025 01:30:22;100;0;134.60;-4;-20.42;-9.53;84.6;18.80;77034;2835.393;-1758.922;1;137;-90;-80.6;43.2;43.6;12;12.2;26.1;0.0;
26/02/2025 01:30:42;100;0;138.26;-4;-21.24;-5.37;86.9;18.80;77005;2835.392;-1758.920;1;137;-90;-80.6;43.2;43.7;15;14.9;26.1;0.0;
26/02/2025 01:31:02;100;0;138.78;-4;-21.51;-4.16;89.4;18.80;77002;2835.391;-1758.918;1;137;-90;-82.3;43.2;43.6;15;14.9;26.2;0.0;
26/02/2025 01:31:22;100;0;141.19;-4;-21.55;-4.06;92.1;18.70;77000;2835.389;-1758.916;1;137;-90;-82.3;43.2;43.7;15;14.9;26.1;0.0;
26/02/2025 01:31:42;100;0;142.31;-4;-21.60;-4.05;94.9;18.70;76992;2835.387;-1758.914;1;137;-90;-80.6;43.2;43.7;15;14.9;26.1;0.0;
26/02/2025 01:32:02;100;0;148.63;-4;-21.75;-4.03;97.5;18.70;76992;2835.386;-1758.913;1;137;-90;-82.3;43.2;43.6;15;14.9;26.1;0.0;
26/02/2025 01:32:22;100;0;153.76;-4;-21.81;-4.04;100.4;18.70;76992;2835.383;-1758.911;1;137;-90;-82.3;43.2;43.6;19;19.0;26.1;0.0;
26/02/2025 01:32:42;100;0;153.91;-4;-22.27;-1.89;103.3;18.70;76976;2835.381;-1758.910;1;137;-90;-82.3;42.6;42.6;19;19.4;26.1;0.0;
26/02/2025 01:33:02;100;0;151.19;-4;-20.13;-1.91;106.0;18.70;76968;2835.379;-1758.908;1;137;-90;-82.3;42.6;42.3;17;17.1;26.1;0.0;
26/02/2025 01:33:22;100;0;147.98;-4;-19.61;-3.45;108.9;18.70;76960;2835.377;-1758.906;1;137;-90;-82.3;42.6;42.3;17;16.7;26.1;0.0;
26/02/2025 01:33:42;100;0;143.72;-4;-19.15;-3.50;111.4;18.70;76949;2835.375;-1758.904;1;137;-90;-80.6;42.6;42.3;17;16.7;26.1;0.0;
26/02/2025 01:34:02;100;0;141.82;-4;-19.18;-3.50;113.9;18.70;76957;2835.373;-1758.903;1;137;-90;-82.3;42.6;42.3;17;16.7;26.1;0.0;
26/02/2025 01:34:22;100;0;139.51;-4;-19.02;-3.46;116.2;18.60;76936;2835.372;-1758.901;1;137;-90;-82.3;42.6;42.3;15;14.9;26.1;0.0;
26/02/2025 01:34:42;100;0;138.03;-4;-18.97;-4.48;118.8;18.60;76939;2835.370;-1758.898;1;137;-90;-83.9;42.9;42.9;15;14.4;26.1;0.0;
26/02/2025 01:35:02;100;0;138.55;-4;-20.07;-4.49;121.4;18.60;76932;2835.369;-1758.896;1;137;-90;-82.3;42.9;43.2;15;14.4;26.1;0.0;
26/02/2025 01:35:22;100;0;135.94;-4;-19.53;-4.43;124.1;18.60;76935;2835.367;-1758.894;1;137;-90;-82.3;42.9;43.2;15;14.4;26.1;0.0;
26/02/2025 01:35:42;100;0;131.02;-4;-20.25;-4.53;126.5;18.60;76924;2835.366;-1758.892;1;137;-90;-82.3;42.9;43.2;10;9.9;26.1;0.0;
26/02/2025 01:36:02;100;0;132.96;-4;-19.85;-6.89;128.8;18.60;76917;2835.365;-1758.889;1;137;-90;-80.6;42.9;43.2;10;9.5;26.1;0.0;
26/02/2025 01:36:22;100;0;136.21;-4;-19.61;-6.90;131.5;18.50;76906;2835.364;-1758.887;1;137;-90;-82.3;42.9;43.3;14;14.0;26.1;0.0;
26/02/2025 01:36:42;100;0;136.03;-4;-20.33;-4.43;134.0;18.50;76899;2835.362;-1758.885;1;137;-90;-80.6;42.9;43.2;14;14.4;26.1;0.0;
26/02/2025 01:37:02;100;0;134.91;-4;-19.59;-4.36;136.5;18.50;76880;2835.361;-1758.883;1;137;-90;-82.3;42.9;43.3;14;14.4;26.2;0.0;
26/02/2025 01:37:22;100;0;139.30;-4;-19.34;-4.36;139.2;18.50;76861;2835.359;-1758.880;1;137;-90;-82.3;42.9;43.2;14;14.4;26.1;0.0;
26/02/2025 01:37:42;100;0;143.05;-4;-19.59;-4.40;141.5;18.50;76826;2835.358;-1758.879;1;137;-90;-80.6;42.9;43.2;16;15.8;26.1;0.0;
26/02/2025 01:38:02;100;0;143.86;-4;-19.62;-3.69;143.9;18.40;76813;2835.356;-1758.877;1;137;-90;-82.3;42.9;43.3;16;16.2;26.1;0.0;
26/02/2025 01:38:22;100;0;143.91;-4;-19.72;-3.66;146.2;18.40;76803;2835.355;-1758.875;1;137;-90;-82.3;42.9;43.3;16;16.2;26.1;0.0;
26/02/2025 01:38:42;100;0;142.29;-4;-19.60;-3.67;148.5;18.40;76782;2835.353;-1758.874;1;137;-90;-82.3;42.9;43.3;16;16.2;26.1;0.0;
26/02/2025 01:39:02;100;0;140.30;-4;-19.82;-3.68;150.8;18.30;76775;2835.352;-1758.872;1;137;-90;-80.6;42.9;43.2;16;16.2;26.1;0.0;
26/02/2025 01:39:22;100;0;143.67;-4;-19.94;-3.65;153.2;18.30;76759;2835.350;-1758.870;1;137;-90;-80.6;42.9;43.2;16;16.2;26.1;0.0;
26/02/2025 01:39:42;100;0;147.19;-4;-20.01;-3.63;155.8;18.30;76743;2835.348;-1758.869;1;137;-90;-82.3;42.9;43.2;16;16.2;26.2;0.0;
26/02/2025 01:40:02;100;0;150.24;-4;-19.86;-3.60;158.3;18.20;76739;2835.347;-1758.867;1;137;-90;-80.6;42.9;43.3;16;16.2;26.1;0.0;
26/02/2025 01:40:22;100;0;152.73;-4;-19.74;-3.57;160.6;18.20;76736;2835.345;-1758.866;1;137;-90;-79.0;42.9;43.2;16;16.2;26.1;0.0;
26/02/2025 01:40:42;100;0;155.03;-4;-19.73;-3.63;163.1;18.20;76723;2835.343;-1758.865;1;137;-90;-80.6;42.9;43.3;20;19.9;26.1;0.0;
26/02/2025 01:41:02;100;0;152.79;-4;-19.68;-1.51;165.3;18.10;76713;2835.341;-1758.864;1;137;-90;-82.3;42.9;43.3;17;16.7;26.1;0.0;
26/02/2025 01:41:22;100;0;150.58;-4;-19.73;-3.50;167.5;18.10;76705;2835.340;-1758.862;1;137;-90;-80.6;42.9;43.2;17;16.7;26.1;0.0;
26/02/2025 01:41:42;100;0;151.41;-4;-19.80;-3.48;169.9;18.10;76688;2835.338;-1758.861;1;137;-90;-82.3;42.9;43.3;17;16.7;26.1;0.0;
26/02/2025 01:42:02;100;0;150.36;-4;-19.91;-3.50;172.0;18.00;76686;2835.336;-1758.860;1;137;-90;-82.3;42.9;43.2;17;16.7;26.1;0.0;
26/02/2025 01:42:22;100;0;151.43;-4;-19.52;-3.62;174.5;18.00;76676;2835.335;-1758.859;1;137;-90;-82.3;42.9;43.2;17;16.7;26.1;0.0;
26/02/2025 01:42:42;100;0;156.09;-4;-19.93;-3.53;176.7;18.00;76667;2835.333;-1758.858;1;137;-90;-80.6;42.9;43.2;20;19.9;26.1;0.0;
26/02/2025 01:43:02;100;0;153.15;-4;-20.11;-1.63;179.1;17.90;76663;2835.331;-1758.856;1;137;-90;-82.3;42.9;43.3;18;18.1;26.1;0.0;
26/02/2025 01:43:22;100;0;150.97;-4;-20.15;-2.82;181.3;17.90;76657;2835.330;-1758.855;1;137;-90;-82.3;42.9;43.2;18;17.6;26.1;0.0;
26/02/2025 01:43:42;100;0;147.96;-4;-20.04;-2.85;183.6;17.90;76652;2835.328;-1758.854;1;137;-90;-80.6;42.9;43.3;16;15.8;26.1;0.0;
26/02/2025 01:44:02;100;0;145.74;-4;-19.93;-3.94;185.9;17.80;76643;2835.327;-1758.852;1;137;-90;-80.6;42.9;43.2;16;15.8;26.1;0.0;
26/02/2025 01:44:22;100;0;144.06;-4;-20.31;-3.74;188.2;17.80;76633;2835.325;-1758.851;1;137;-90;-80.6;42.9;43.3;16;15.8;26.1;0.0;
26/02/2025 01:44:42;100;0;141.48;-4;-19.97;-3.95;190.3;17.70;76628;2835.324;-1758.849;1;137;-90;-80.6;42.9;43.2;16;15.8;26.1;0.0;
26/02/2025 01:45:02;100;0;143.19;-4;-19.86;-3.87;192.8;17.70;76625;2835.322;-1758.847;1;137;-90;-82.3;42.9;43.3;16;15.8;26.1;0.0;
26/02/2025 01:45:22;100;0;145.79;-4;-19.80;-3.89;194.9;17.70;76611;2835.321;-1758.846;1;137;-90;-82.3;42.9;43.2;16;15.8;26.1;0.0;
26/02/2025 01:45:42;100;0;148.20;-4;-19.84;-3.89;197.3;17.70;76604;2835.319;-1758.844;1;137;-90;-80.6;42.9;43.2;16;15.8;26.1;0.0;
26/02/2025 01:46:02;100;0;149.90;-4;-20.04;-3.93;199.3;17.60;76600;2835.318;-1758.843;1;137;-90;-80.6;42.9;43.2;16;15.8;26.1;0.0;
26/02/2025 01:46:22;100;0;151.68;-4;-19.85;-3.91;201.8;17.60;76593;2835.316;-1758.842;1;137;-90;-80.6;42.9;43.2;16;15.8;26.1;0.0;
26/02/2025 01:46:42;100;0;152.89;-4;-19.96;-3.91;204.1;17.50;76589;2835.314;-1758.841;1;137;-90;-80.6;42.9;43.2;18;18.1;26.1;0.0;
26/02/2025 01:47:02;100;0;151.56;-4;-20.44;-2.32;206.3;17.50;76585;2835.313;-1758.840;1;137;-90;-82.3;42.9;43.2;18;18.5;26.1;0.0;
26/02/2025 01:47:22;100;0;151.33;-4;-19.88;-2.38;208.9;17.50;76575;2835.311;-1758.838;1;137;-90;-80.6;42.9;43.2;18;18.5;26.1;0.0;
26/02/2025 01:47:43;100;0;152.06;-4;-19.85;-2.33;211.0;17.40;76569;2835.309;-1758.837;1;137;-90;-80.6;42.9;43.2;18;18.5;26.1;0.0;
26/02/2025 01:48:03;100;0;152.05;-4;-20.00;-2.30;213.5;17.40;76557;2835.307;-1758.836;1;137;-90;-82.3;42.9;43.2;18;18.5;26.1;0.0;
26/02/2025 01:48:23;100;0;153.37;-4;-20.02;-2.37;215.7;17.40;76547;2835.306;-1758.835;1;137;-90;-80.6;42.9;43.2;18;18.5;26.1;0.0;
26/02/2025 01:48:43;100;0;153.31;-4;-19.72;-2.34;217.9;17.30;76540;2835.304;-1758.834;1;137;-90;-80.6;42.9;43.2;18;18.5;26.1;0.0;
26/02/2025 01:49:03;100;0;150.66;-4;-20.07;-2.38;220.2;17.30;76538;2835.303;-1758.832;1;137;-90;-82.3;42.9;43.2;18;18.5;26.1;0.0;
26/02/2025 01:49:23;100;0;148.78;-4;-20.00;-2.35;222.4;17.30;76532;2835.301;-1758.831;1;137;-90;-80.6;42.9;43.3;16;15.8;26.1;0.0;
26/02/2025 01:49:43;100;0;147.13;-4;-19.95;-4.00;224.7;17.20;76527;2835.299;-1758.830;1;137;-90;-82.3;42.9;43.2;16;15.3;26.1;0.0;
26/02/2025 01:50:03;100;0;147.52;-4;-20.03;-4.03;227.0;17.20;76515;2835.298;-1758.828;1;137;-90;-80.6;42.9;43.2;16;15.3;26.1;0.0;
26/02/2025 01:50:23;100;0;147.58;-4;-19.99;-3.96;229.4;17.20;76500;2835.296;-1758.827;1;137;-90;-82.3;42.9;43.2;16;15.3;26.1;0.0;
26/02/2025 01:50:43;100;0;146.16;-4;-20.12;-3.98;231.7;17.20;76513;2835.295;-1758.825;1;137;-90;-82.3;42.9;43.2;16;15.3;26.1;0.0;
26/02/2025 01:51:03;100;0;146.62;-4;-19.70;-4.02;233.7;17.10;76500;2835.293;-1758.824;1;137;-90;-82.3;42.9;43.2;16;15.3;26.1;0.0;
26/02/2025 01:51:23;100;0;145.24;-4;-19.62;-4.00;236.2;17.10;76492;2835.292;-1758.822;1;137;-90;-82.3;42.9;43.2;16;15.3;26.1;0.0;
26/02/2025 01:51:43;100;0;144.77;-4;-19.78;-4.07;238.3;17.10;76491;2835.291;-1758.821;1;137;-90;-80.6;42.9;43.2;16;15.3;26.1;0.0;
26/02/2025 01:52:03;100;0;144.35;-4;-19.55;-4.01;240.4;17.00;76481;2835.289;-1758.819;1;137;-90;-80.6;42.9;43.2;16;15.3;26.1;0.0;
26/02/2025 01:52:23;100;0;145.47;-4;-19.48;-4.08;242.6;17.00;76475;2835.288;-1758.818;1;137;-90;-80.6;42.9;43.2;16;15.3;26.1;0.0;
26/02/2025 01:52:43;100;0;146.59;-4;-19.67;-4.10;244.7;16.90;76463;2835.286;-1758.816;1;137;-90;-82.3;42.9;43.3;16;15.3;26.1;0.0;
26/02/2025 01:53:03;100;0;147.53;-4;-19.70;-3.99;246.9;16.90;76456;2835.285;-1758.815;1;137;-90;-82.3;42.9;43.2;16;15.3;26.1;0.0;
26/02/2025 01:53:23;100;0;150.08;-4;-19.77;-3.99;249.2;16.90;76444;2835.283;-1758.814;1;137;-90;-82.3;42.9;43.2;16;15.3;26.1;0.0;
26/02/2025 01:53:43;100;0;152.01;-4;-19.59;-4.04;251.5;16.80;76431;2835.282;-1758.813;1;137;-90;-83.9;42.9;43.2;16;15.3;26.1;0.0;
26/02/2025 01:54:03;100;0;150.68;-4;-19.69;-4.04;253.6;16.80;76424;2835.280;-1758.811;1;137;-90;-80.6;42.9;43.2;16;15.3;26.1;0.0;
26/02/2025 01:54:23;100;0;150.23;-4;-19.51;-4.06;255.9;16.80;76429;2835.279;-1758.810;1;137;-90;-80.6;42.9;43.2;16;15.3;26.1;0.0;
26/02/2025 01:54:43;100;0;153.49;-4;-19.75;-4.02;258.0;16.70;76413;2835.277;-1758.809;1;137;-90;-80.6;42.9;43.2;18;18.1;26.1;0.0;
26/02/2025 01:55:03;100;0;155.58;-4;-19.95;-2.31;260.2;16.70;76406;2835.276;-1758.808;1;137;-90;-80.6;42.9;43.2;20;19.9;26.1;0.0;
26/02/2025 01:55:23;100;0;153.86;-4;-19.56;-1.66;262.7;16.70;76382;2835.273;-1758.807;1;137;-90;-82.3;42.9;43.2;20;19.9;26.1;0.0;
26/02/2025 01:55:43;100;0;150.93;-4;-19.51;-1.69;265.0;16.60;76381;2835.272;-1758.806;1;137;-90;-82.3;42.9;43.3;17;17.1;26.1;0.0;
26/02/2025 01:56:03;100;0;149.08;-4;-19.42;-3.27;267.1;16.60;76376;2835.270;-1758.804;1;137;-90;-80.6;42.9;43.2;17;16.7;26.1;0.0;
26/02/2025 01:56:23;100;0;146.21;-4;-19.25;-3.37;269.3;16.60;76361;2835.269;-1758.803;1;137;-90;-80.6;42.9;43.2;17;16.7;26.1;0.0;
26/02/2025 01:56:43;100;0;144.24;-4;-19.28;-3.33;271.5;16.50;76356;2835.267;-1758.801;1;137;-90;-82.3;42.9;43.2;17;17.1;26.1;0.0;
26/02/2025 01:57:03;100;0;142.85;-4;-19.43;-3.29;273.8;16.50;76353;2835.266;-1758.800;1;137;-90;-79.0;42.9;43.2;17;16.7;26.1;0.0;
26/02/2025 01:57:23;100;0;139.26;-4;-19.40;-3.25;276.1;16.50;76340;2835.265;-1758.798;1;137;-90;-80.6;42.9;43.3;17;17.1;26.1;0.0;
26/02/2025 01:57:43;100;0;136.62;-4;-19.50;-3.29;278.1;16.40;76333;2835.263;-1758.796;1;137;-90;-80.6;42.9;43.2;15;14.9;26.1;0.0;
26/02/2025 01:58:03;100;0;133.25;-4;-19.43;-4.37;280.2;16.40;76327;2835.263;-1758.794;1;137;-90;-80.6;42.9;43.3;12;11.7;26.1;0.0;
26/02/2025 01:58:23;100;0;132.13;-4;-19.43;-5.91;282.5;16.40;76314;2835.261;-1758.792;1;137;-90;-80.6;42.9;43.2;10;9.5;26.1;0.0;
26/02/2025 01:58:43;100;0;132.72;-4;-19.21;-6.93;284.8;16.30;76309;2835.260;-1758.789;1;137;-90;-82.3;42.9;43.2;12;12.2;26.1;0.0;
26/02/2025 01:59:03;100;0;133.57;-4;-19.33;-5.38;287.0;16.30;76304;2835.259;-1758.787;1;137;-90;-82.3;42.9;43.2;12;12.6;26.1;0.0;
26/02/2025 01:59:23;100;0;135.40;-4;-19.45;-5.32;289.4;16.20;76308;2835.258;-1758.785;1;137;-90;-80.6;42.9;43.2;14;14.0;26.1;0.0;
26/02/2025 01:59:43;100;0;135.99;-4;-19.62;-4.37;291.6;16.20;76301;2835.257;-1758.783;1;137;-90;-82.3;42.9;43.2;14;14.4;26.1;0.0;
26/02/2025 02:00:03;100;0;135.26;-4;-19.82;-4.52;294.0;16.20;76294;2835.255;-1758.781;1;137;-90;-83.9;42.9;43.2;14;14.4;26.1;0.0;
26/02/2025 02:00:23;100;0;135.71;-4;-19.46;-4.42;296.4;16.20;76287;2835.254;-1758.779;1;137;-90;-83.9;42.9;43.2;14;14.4;26.1;0.0;
26/02/2025 02:00:43;100;0;136.26;-4;-19.71;-4.41;298.7;16.10;76282;2835.253;-1758.777;1;137;-90;-82.3;42.9;43.2;14;14.4;26.1;0.0;
26/02/2025 02:01:03;100;0;135.58;-4;-19.68;-4.46;301.0;16.10;76269;2835.252;-1758.775;1;137;-90;-80.6;42.9;43.2;14;14.4;26.1;0.0;
26/02/2025 02:01:23;100;0;133.57;-4;-19.68;-4.47;303.4;16.10;76264;2835.251;-1758.773;1;137;-90;-80.6;42.9;43.2;12;12.2;26.1;0.0;
26/02/2025 02:01:43;100;0;132.43;-4;-19.49;-5.79;305.7;16.00;76269;2835.249;-1758.771;1;137;-90;-82.3;42.9;43.2;12;11.7;26.1;0.0;
26/02/2025 02:02:03;100;0;133.11;-4;-19.25;-5.83;308.0;16.00;76270;2835.248;-1758.769;1;137;-90;-82.3;42.9;43.2;12;11.7;26.1;0.0;
26/02/2025 02:02:23;100;0;133.13;-4;-19.28;-5.84;310.3;16.00;76261;2835.247;-1758.767;1;137;-90;-82.3;42.9;43.2;12;11.7;26.1;0.0;
26/02/2025 02:02:43;100;0;130.82;-4;-19.39;-5.85;312.6;15.90;76251;2835.246;-1758.764;1;137;-90;-80.6;42.9;43.2;9;9.0;26.1;0.0;
26/02/2025 02:03:03;100;0;133.72;-4;-19.00;-7.33;315.0;15.90;76237;2835.245;-1758.762;1;137;-90;-82.3;42.9;43.2;13;13.1;26.1;0.0;
26/02/2025 02:03:23;100;0;135.92;-4;-19.21;-4.90;317.3;15.90;76235;2835.243;-1758.760;1;137;-90;-80.6;42.9;43.2;13;13.5;26.1;0.0;
26/02/2025 02:03:43;100;0;139.69;-4;-19.23;-4.84;319.7;15.80;76224;2835.242;-1758.758;1;137;-90;-80.6;42.9;43.2;16;15.8;26.1;0.0;
26/02/2025 02:04:03;100;0;140.13;-4;-19.46;-3.43;322.0;15.80;76211;2835.240;-1758.756;1;137;-90;-80.6;42.9;43.3;16;16.7;26.1;0.0;
26/02/2025 02:04:23;100;0;141.36;-4;-19.48;-3.44;324.6;15.80;76218;2835.239;-1758.754;1;137;-90;-82.3;42.9;43.2;16;16.2;26.1;0.0;
26/02/2025 02:04:43;100;0;143.19;-4;-19.61;-3.39;326.9;15.70;76201;2835.237;-1758.752;1;137;-90;-82.3;42.9;43.2;16;16.2;26.1;0.0;
26/02/2025 02:05:03;100;0;145.29;-4;-19.73;-3.37;329.5;15.70;76204;2835.235;-1758.750;1;137;-90;-82.3;42.9;43.3;16;16.2;26.1;0.0;
26/02/2025 02:05:23;100;0;144.66;-4;-19.52;-3.36;332.0;15.70;76198;2835.234;-1758.749;1;137;-90;-82.3;42.9;43.2;16;16.2;26.1;0.0;
26/02/2025 02:05:43;100;0;145.46;-4;-19.45;-3.43;334.5;15.60;76188;2835.232;-1758.747;1;137;-90;-80.6;42.9;43.2;16;16.2;26.1;0.0;
26/02/2025 02:06:03;100;0;147.39;-4;-19.50;-3.37;337.1;15.60;76169;2835.230;-1758.745;1;137;-90;-82.3;42.9;43.2;16;16.7;26.1;0.0;
26/02/2025 02:06:23;100;0;148.57;-4;-19.31;-3.35;339.4;15.60;76177;2835.228;-1758.744;1;137;-90;-82.3;42.9;43.2;16;16.2;26.1;0.0;
26/02/2025 02:06:43;100;0;147.98;-4;-19.30;-3.38;341.9;15.60;76175;2835.226;-1758.742;1;137;-90;-80.6;42.9;43.3;16;16.2;26.1;0.0;
26/02/2025 02:07:03;100;0;146.18;-4;-19.29;-3.47;344.3;15.50;76166;2835.225;-1758.740;1;137;-90;-82.3;42.9;43.2;16;16.7;26.2;0.0;
26/02/2025 02:07:23;100;0;145.95;-4;-19.24;-3.41;346.7;15.50;76157;2835.223;-1758.739;1;137;-90;-82.3;42.9;43.2;16;16.7;26.1;0.0;
26/02/2025 02:07:43;100;0;145.42;-4;-19.31;-3.50;349.3;15.50;76157;2835.221;-1758.737;1;137;-90;-80.6;42.9;43.2;16;16.2;26.1;0.0;
26/02/2025 02:08:03;100;0;141.45;-4;-19.26;-3.46;351.7;15.40;76153;2835.219;-1758.735;1;137;-90;-80.6;42.9;43.2;16;16.7;26.1;0.0;
26/02/2025 02:08:23;100;0;141.36;-4;-19.19;-3.39;354.0;15.40;76139;2835.218;-1758.733;1;137;-90;-80.6;42.9;43.2;16;16.7;26.1;0.0;
26/02/2025 02:08:43;100;0;142.73;-4;-19.31;-3.47;356.5;15.40;76135;2835.216;-1758.731;1;137;-90;-83.9;42.9;43.2;16;16.2;26.1;0.0;
26/02/2025 02:09:03;100;0;143.77;-4;-19.21;-3.44;359.0;15.30;76126;2835.215;-1758.729;1;137;-90;-80.6;42.9;43.2;16;16.7;26.1;0.0;
26/02/2025 02:09:23;100;0;147.18;-4;-19.18;-3.42;361.4;15.30;76110;2835.213;-1758.728;1;137;-90;-80.6;42.9;43.2;16;16.7;26.1;0.0;
26/02/2025 02:09:43;100;0;150.59;-4;-19.29;-3.44;363.9;15.30;76109;2835.211;-1758.726;1;137;-90;-82.3;42.9;43.2;16;16.7;26.1;0.0;
26/02/2025 02:10:03;100;0;151.76;-4;-19.60;-3.49;366.3;15.20;76102;2835.209;-1758.725;1;137;-90;-82.3;42.9;43.2;16;16.7;26.2;0.0;
26/02/2025 02:10:23;100;0;153.30;-4;-19.55;-3.55;368.8;15.20;76095;2835.207;-1758.724;1;137;-90;-82.3;42.9;43.2;18;18.1;26.1;0.0;
26/02/2025 02:10:43;100;0;153.26;-4;-19.62;-2.30;371.4;15.20;76101;2835.205;-1758.722;1;137;-90;-82.3;42.9;43.2;18;19.0;26.1;0.0;
26/02/2025 02:11:03;100;0;152.96;-4;-19.52;-2.28;373.9;15.20;76091;2835.203;-1758.721;1;137;-90;-82.3;42.9;43.2;18;19.0;26.1;0.0;
26/02/2025 02:11:23;100;0;153.25;-4;-19.53;-2.25;376.3;15.10;76088;2835.201;-1758.720;1;137;-90;-80.6;42.9;43.2;18;19.0;26.1;0.0;
26/02/2025 02:11:43;100;0;155.95;-4;-19.52;-2.29;378.9;15.10;76073;2835.199;-1758.719;1;137;-90;-82.3;42.9;43.2;21;21.7;26.1;0.0;
26/02/2025 02:12:03;100;0;157.15;-4;-19.61;-0.63;381.5;15.10;76081;2835.197;-1758.718;1;137;-90;-82.3;42.9;43.2;23;23.0;26.1;0.0;
26/02/2025 02:12:23;100;0;156.99;-4;-19.53;0.08;383.8;15.10;76078;2835.195;-1758.717;1;137;-90;-80.6;42.9;43.3;21;21.2;26.1;0.0;
26/02/2025 02:12:43;100;0;157.28;-4;-19.40;-1.15;386.1;15.00;76058;2835.193;-1758.716;1;137;-90;-80.6;42.9;43.2;21;21.2;26.1;0.0;
26/02/2025 02:13:03;100;0;158.65;-4;-19.46;-1.16;388.6;15.00;76063;2835.191;-1758.715;1;137;-90;-82.3;42.9;43.3;25;24.8;26.1;0.0;
26/02/2025 02:13:23;100;0;157.08;-4;-19.49;0.90;391.0;15.00;76060;2835.189;-1758.714;1;137;-90;-80.6;42.9;43.3;23;23.0;26.1;0.0;
26/02/2025 02:13:43;100;0;156.63;-4;-19.21;-0.34;393.4;14.90;76047;2835.187;-1758.712;1;137;-90;-80.6;42.9;43.3;23;23.0;26.1;0.0;
26/02/2025 02:14:03;100;0;157.34;-4;-19.30;-0.28;395.8;14.90;76035;2835.185;-1758.711;1;137;-90;-80.6;42.9;43.2;23;22.6;26.1;0.0;
26/02/2025 02:14:23;100;0;154.47;-4;-19.19;-0.38;398.2;14.90;76035;2835.183;-1758.710;1;137;-90;-82.3;42.9;43.2;20;19.9;26.1;0.0;
26/02/2025 02:14:43;100;0;152.85;-4;-19.07;-1.87;400.4;14.80;76032;2835.181;-1758.709;1;137;-90;-82.3;42.9;43.2;18;18.1;26.1;0.0;
26/02/2025 02:15:03;100;0;150.40;-4;-19.25;-3.00;402.9;14.80;76020;2835.180;-1758.708;1;137;-90;-80.6;42.9;43.2;18;17.6;26.1;0.0;
26/02/2025 02:15:23;100;0;148.26;-4;-19.42;-3.01;405.0;14.80;76026;2835.178;-1758.706;1;137;-90;-80.6;42.9;43.2;18;17.6;26.1;0.0;
26/02/2025 02:15:43;100;0;147.63;-4;-18.77;-2.89;407.4;14.80;76014;2835.176;-1758.705;1;137;-90;-80.6;43.2;43.3;18;17.6;26.1;0.0;
26/02/2025 02:16:03;100;0;143.26;-4;-20.03;-3.04;409.8;14.70;76012;2835.175;-1758.703;1;137;-90;-82.3;43.2;43.6;16;15.8;26.1;0.0;
26/02/2025 02:16:23;100;0;142.39;-4;-20.01;-3.95;412.1;14.70;76010;2835.173;-1758.701;1;137;-90;-80.6;43.2;43.6;16;15.3;26.1;0.0;
26/02/2025 02:16:43;100;0;139.77;-4;-19.89;-3.80;414.4;14.70;76009;2835.172;-1758.699;1;137;-90;-80.6;43.2;43.6;16;15.8;26.1;0.0;
26/02/2025 02:17:03;100;0;137.80;-4;-19.93;-4.03;416.9;14.60;75999;2835.171;-1758.697;1;137;-90;-80.6;43.2;43.6;16;15.8;26.1;0.0;
26/02/2025 02:17:23;100;0;134.41;-4;-18.74;-4.25;419.3;14.60;76000;2835.169;-1758.695;1;137;-90;-80.6;43.6;43.6;14;14.0;26.1;0.0;
26/02/2025 02:17:43;100;0;133.26;-4;-19.78;-4.88;421.7;14.60;75997;2835.168;-1758.693;1;137;-90;-82.3;43.6;43.6;12;12.2;26.1;0.0;
26/02/2025 02:18:03;100;0;133.76;-4;-20.07;-5.78;424.2;14.60;75993;2835.167;-1758.691;1;137;-90;-80.6;43.6;43.6;12;12.2;26.1;0.0;
26/02/2025 02:18:23;100;0;132.38;-4;-19.70;-5.79;426.8;14.60;75986;2835.165;-1758.688;1;137;-90;-80.6;43.6;43.6;12;12.2;26.1;0.0;
26/02/2025 02:18:43;100;0;133.94;-4;-19.43;-5.69;429.3;14.50;75980;2835.164;-1758.686;1;137;-90;-82.3;43.6;43.6;14;14.0;26.1;0.0;
26/02/2025 02:19:03;100;0;135.49;-4;-19.60;-4.45;432.1;14.50;75983;2835.162;-1758.683;1;137;-90;-80.6;43.6;43.6;14;14.4;26.1;0.0;
26/02/2025 02:19:23;100;0;135.05;-4;-19.60;-4.45;434.5;14.50;75973;2835.161;-1758.681;1;137;-90;-80.6;43.6;43.6;14;14.4;26.1;0.0;
26/02/2025 02:19:43;100;0;134.23;-4;-19.51;-4.47;437.2;14.50;75969;2835.160;-1758.679;1;137;-90;-82.3;43.6;43.6;14;14.4;26.1;0.0;
26/02/2025 02:20:03;100;0;134.28;-4;-19.61;-4.46;439.7;14.40;75959;2835.158;-1758.676;1;137;-90;-80.6;43.6;43.6;14;14.4;26.1;0.0;
26/02/2025 02:20:23;100;0;134.97;-4;-19.69;-4.50;442.4;14.40;75957;2835.157;-1758.674;1;137;-90;-80.6;43.6;43.6;14;14.4;26.1;0.0;
26/02/2025 02:20:43;100;0;136.80;-4;-19.88;-4.46;445.2;14.40;75955;2835.155;-1758.672;1;137;-90;-82.3;43.6;43.6;14;14.4;26.1;0.0;
26/02/2025 02:21:03;100;0;137.51;-4;-20.12;-4.45;447.9;14.40;75952;2835.154;-1758.669;1;137;-90;-79.0;43.6;43.6;14;14.4;26.1;0.0;
26/02/2025 02:21:23;100;0;139.50;-4;-20.46;-4.41;450.8;14.40;75952;2835.152;-1758.667;1;137;-90;-82.3;43.6;43.6;16;15.8;26.1;0.0;
26/02/2025 02:21:43;100;0;137.53;-4;-20.10;-3.52;453.9;14.30;75937;2835.150;-1758.664;1;137;-90;-80.6;43.6;43.6;16;16.2;26.1;0.0;
26/02/2025 02:22:03;100;0;135.76;-4;-20.19;-3.48;456.9;14.30;75933;2835.148;-1758.662;1;137;-90;-82.3;43.6;43.6;16;16.2;26.1;0.0;
26/02/2025 02:22:23;100;0;134.43;-4;-19.95;-3.49;460.0;14.30;75930;2835.146;-1758.659;1;137;-90;-82.3;43.6;43.6;14;14.0;26.1;0.0;
26/02/2025 02:22:43;100;0;133.55;-4;-20.04;-4.88;463.1;14.30;75932;2835.144;-1758.656;1;137;-90;-80.6;43.6;43.7;14;13.5;26.1;0.0;
26/02/2025 02:23:03;100;0;132.97;-4;-19.63;-4.88;466.1;14.20;75919;2835.142;-1758.653;1;137;-90;-80.6;43.6;43.7;14;13.5;26.1;0.0;
26/02/2025 02:23:24;100;0;132.64;-4;-19.60;-4.87;469.1;14.20;75924;2835.141;-1758.650;1;137;-90;-80.6;43.6;43.6;12;12.2;26.1;0.0;
26/02/2025 02:23:44;100;0;133.88;-4;-19.48;-5.64;472.1;14.20;75910;2835.139;-1758.647;1;137;-90;-80.6;43.6;43.6;12;12.2;26.2;0.0;
26/02/2025 02:24:04;100;0;135.29;-4;-19.37;-5.58;475.1;14.20;75914;2835.137;-1758.644;1;137;-90;-80.6;43.6;43.6;15;14.9;26.1;0.0;
26/02/2025 02:24:24;100;0;136.30;-4;-19.59;-4.18;478.1;14.10;75907;2835.135;-1758.642;1;137;-90;-80.6;43.6;43.6;15;14.9;26.1;0.0;
26/02/2025 02:24:44;100;0;136.83;-4;-19.59;-4.19;481.1;14.10;75905;2835.133;-1758.639;1;137;-90;-82.3;43.6;43.6;15;15.3;26.1;0.0;
26/02/2025 02:25:04;100;0;136.63;-4;-19.52;-4.20;484.1;14.10;75909;2835.131;-1758.636;1;137;-90;-82.3;43.6;43.6;15;14.9;26.1;0.0;
26/02/2025 02:25:24;100;0;136.16;-4;-19.82;-4.17;487.2;14.10;75890;2835.129;-1758.634;1;137;-90;-82.3;43.6;43.6;15;14.9;26.1;0.0;
26/02/2025 02:25:44;100;0;137.51;-4;-19.72;-4.14;490.3;14.00;75893;2835.127;-1758.631;1;137;-90;-82.3;43.6;43.6;15;14.9;26.1;0.0;
26/02/2025 02:26:04;100;0;138.89;-4;-19.92;-4.11;493.4;14.00;75896;2835.125;-1758.628;1;137;-90;-82.3;43.6;43.6;15;14.9;26.1;0.0;
26/02/2025 02:26:24;100;0;139.73;-4;-19.88;-4.11;496.7;14.00;75882;2835.123;-1758.626;1;137;-90;-80.6;43.6;43.6;15;14.9;26.1;0.0;
26/02/2025 02:26:44;100;0;140.36;-4;-19.64;-4.13;499.7;14.00;75880;2835.121;-1758.623;1;137;-90;-82.3;43.6;43.7;15;15.3;26.1;0.0;
26/02/2025 02:27:04;100;0;141.10;-4;-19.75;-4.08;503.0;13.90;75878;2835.119;-1758.621;1;137;-90;-82.3;43.6;43.7;15;14.9;26.1;0.0;
26/02/2025 02:27:24;100;0;142.22;-4;-19.75;-4.13;506.1;13.90;75882;2835.116;-1758.618;1;137;-90;-80.6;43.6;43.6;15;14.9;26.1;0.0;
26/02/2025 02:27:44;100;0;143.62;-4;-19.63;-4.12;509.2;13.90;75874;2835.114;-1758.616;1;137;-90;-80.6;43.6;43.7;15;14.9;26.1;0.0;
26/02/2025 02:28:04;100;0;144.79;-4;-19.46;-4.25;512.2;13.90;75864;2835.112;-1758.613;1;137;-90;-82.3;43.6;43.6;15;14.9;26.1;0.0;
26/02/2025 02:28:24;100;0;146.58;-4;-19.73;-4.13;515.1;13.90;75860;2835.110;-1758.612;1;137;-90;-80.6;43.6;43.6;15;14.9;26.1;0.0;
26/02/2025 02:28:44;100;0;145.76;-4;-19.63;-4.17;518.2;13.80;75859;2835.107;-1758.609;1;137;-90;-82.3;43.6;43.6;15;14.9;26.1;0.0;
26/02/2025 02:29:04;100;0;144.27;-4;-19.76;-4.19;521.2;13.80;75856;2835.105;-1758.607;1;137;-90;-82.3;43.6;43.6;15;14.9;26.1;0.0;
26/02/2025 02:29:24;100;0;143.60;-4;-19.67;-4.13;524.2;13.80;75862;2835.103;-1758.605;1;137;-90;-80.6;43.6;43.6;15;14.9;26.1;0.0;
26/02/2025 02:29:44;100;0;144.26;-4;-19.54;-4.16;527.0;13.80;75849;2835.101;-1758.603;1;137;-90;-82.3;43.6;43.6;15;14.9;26.1;0.0;
26/02/2025 02:30:04;100;0;143.49;-4;-19.60;-4.18;529.9;13.80;75851;2835.099;-1758.601;1;137;-90;-80.6;43.6;43.6;15;14.9;26.1;0.0;
26/02/2025 02:30:24;100;0;144.15;-4;-19.60;-4.08;532.9;13.70;75841;2835.097;-1758.599;1;137;-90;-82.3;43.6;43.6;15;14.9;26.1;0.0;
26/02/2025 02:30:44;100;0;145.12;-4;-19.90;-4.35;535.8;13.70;75834;2835.094;-1758.596;1;137;-90;-80.6;43.6;43.6;15;14.9;26.1;0.0;
26/02/2025 02:31:04;100;0;145.74;-4;-19.58;-4.11;538.7;13.70;75840;2835.092;-1758.594;1;137;-90;-80.6;43.6;43.7;15;15.3;26.1;0.0;
26/02/2025 02:31:24;100;0;145.23;-4;-19.29;-4.09;541.5;13.70;75827;2835.090;-1758.592;1;137;-90;-80.6;43.6;43.6;15;14.9;26.1;0.0;
26/02/2025 02:31:44;100;0;143.70;-4;-19.09;-4.18;544.3;13.70;75828;2835.088;-1758.590;1;137;-90;-82.3;43.6;43.6;15;14.9;26.1;0.0;
26/02/2025 02:32:04;100;0;142.37;-4;-19.16;-4.25;547.0;13.60;75821;2835.086;-1758.588;1;137;-90;-82.3;43.6;43.6;15;14.9;26.2;0.0;
26/02/2025 02:32:24;100;0;139.91;-4;-19.10;-4.20;549.6;13.60;75817;2835.084;-1758.586;1;137;-90;-80.6;43.6;43.7;15;14.9;26.1;0.0;
26/02/2025 02:32:44;100;0;138.27;-4;-19.08;-4.28;552.2;13.60;75812;2835.083;-1758.584;1;137;-90;-80.6;43.6;43.6;15;14.9;26.1;0.0;
26/02/2025 02:33:04;100;0;138.81;-4;-19.24;-4.11;554.8;13.60;75813;2835.081;-1758.581;1;137;-90;-80.6;43.6;43.6;15;14.9;26.1;0.0;
26/02/2025 02:33:24;100;0;137.37;-4;-18.97;-4.23;557.4;13.50;75803;2835.079;-1758.579;1;137;-90;-82.3;43.9;44.0;15;14.9;26.1;0.0;
26/02/2025 02:33:44;100;0;136.85;-4;-19.75;-4.14;559.9;13.50;75798;2835.078;-1758.577;1;137;-90;-82.3;43.9;44.2;15;15.3;26.1;0.0;
26/02/2025 02:34:04;100;0;136.69;-4;-20.03;-4.25;562.4;13.50;75799;2835.077;-1758.575;1;137;-90;-82.3;43.9;44.2;15;14.9;26.1;0.0;
26/02/2025 02:34:24;100;0;134.60;-4;-20.01;-4.19;565.1;13.50;75792;2835.075;-1758.572;1;137;-90;-80.6;43.9;44.2;13;13.1;26.1;0.0;
26/02/2025 02:34:44;100;0;135.00;-4;-20.16;-5.35;567.6;13.50;75789;2835.074;-1758.570;1;137;-90;-82.3;43.9;44.2;13;12.6;26.1;0.0;
26/02/2025 02:35:04;100;0;137.36;-4;-20.32;-5.32;570.2;13.40;75772;2835.072;-1758.568;1;137;-90;-82.3;43.9;44.2;13;13.1;26.1;0.0;
26/02/2025 02:35:24;100;0;138.00;-4;-20.25;-5.32;572.8;13.40;75776;2835.071;-1758.566;1;137;-90;-80.6;43.9;44.2;15;14.9;26.1;0.0;
26/02/2025 02:35:44;100;0;137.30;-4;-20.29;-4.15;575.3;13.40;75774;2835.069;-1758.564;1;137;-90;-82.3;43.9;44.2;15;15.3;26.1;0.0;
26/02/2025 02:36:04;100;0;136.50;-4;-20.26;-4.15;577.9;13.40;75772;2835.068;-1758.561;1;137;-90;-80.6;43.9;44.2;15;15.3;26.1;0.0;
26/02/2025 02:36:24;100;0;136.24;-4;-20.32;-4.13;580.4;13.40;75751;2835.066;-1758.559;1;137;-90;-80.6;43.9;44.2;15;15.3;26.2;0.0;
26/02/2025 02:36:44;100;0;135.59;-4;-20.63;-4.11;583.0;13.30;75755;2835.065;-1758.557;1;137;-90;-80.6;43.9;44.2;13;12.6;26.1;0.0;
26/02/2025 02:37:04;100;0;136.06;-4;-20.42;-5.39;585.5;13.30;75750;2835.064;-1758.555;1;137;-90;-82.3;43.9;44.2;13;12.6;26.1;0.0;
26/02/2025 02:37:24;100;0;140.03;-4;-20.29;-5.39;588.0;13.30;75748;2835.062;-1758.553;1;137;-90;-82.3;43.9;44.2;15;14.9;26.1;0.0;
26/02/2025 02:37:44;100;0;144.64;-4;-20.44;-3.96;590.6;13.30;75738;2835.060;-1758.551;1;137;-90;-80.6;43.9;44.2;15;15.3;26.1;0.0;
26/02/2025 02:38:04;100;0;146.75;-4;-20.23;-4.01;593.1;13.30;75739;2835.059;-1758.549;1;137;-90;-80.6;43.9;44.2;15;15.3;26.1;0.0;
26/02/2025 02:38:24;100;0;148.85;-4;-20.36;-3.98;595.6;13.30;75727;2835.057;-1758.548;1;137;-90;-80.6;43.9;44.2;15;15.3;26.1;0.0;
26/02/2025 02:38:44;100;0;151.03;-4;-20.55;-4.05;598.0;13.20;75724;2835.055;-1758.547;1;137;-90;-82.3;43.9;44.2;15;15.3;26.1;0.0;
26/02/2025 02:39:04;100;0;153.11;-4;-20.25;-4.01;600.7;13.20;75711;2835.053;-1758.545;1;137;-90;-80.6;43.9;44.2;18;18.1;26.1;0.0;
26/02/2025 02:39:24;100;0;153.69;-4;-20.78;-2.45;603.2;13.20;75723;2835.051;-1758.544;1;137;-90;-82.3;43.9;44.2;18;18.5;26.1;0.0;
26/02/2025 02:39:44;100;0;154.00;-4;-20.39;-2.30;605.9;13.20;75716;2835.049;-1758.543;1;137;-90;-82.3;43.9;44.2;18;18.5;26.1;0.0;
26/02/2025 02:40:04;100;0;154.60;-4;-21.17;-2.43;608.7;13.10;75708;2835.047;-1758.541;1;137;-90;-82.3;43.9;44.2;18;18.5;26.1;0.0;
26/02/2025 02:40:24;100;0;152.18;-4;-19.98;-2.38;611.4;13.10;75699;2835.044;-1758.540;1;137;-90;-80.6;43.9;44.2;18;18.5;26.1;0.0;
26/02/2025 02:40:44;100;0;155.02;-4;-21.01;-2.31;614.1;13.10;75694;2835.042;-1758.539;1;137;-90;-80.6;43.9;44.2;18;18.5;26.1;0.0;
26/02/2025 02:41:04;100;0;155.50;-4;-20.35;-2.38;616.8;13.10;75683;2835.040;-1758.537;1;137;-90;-80.6;43.9;44.2;20;19.9;26.1;0.0;
26/02/2025 02:41:24;100;0;154.68;-4;-20.38;-1.51;619.5;13.00;75684;2835.038;-1758.536;1;137;-90;-80.6;43.9;44.2;20;20.3;26.1;0.0;
26/02/2025 02:41:44;100;0;152.95;-4;-20.26;-1.55;621.9;13.00;75677;2835.036;-1758.535;1;137;-90;-82.3;43.9;44.2;18;18.1;26.1;0.0;
26/02/2025 02:42:04;100;0;152.28;-4;-20.20;-2.94;624.2;13.00;75671;2835.034;-1758.534;1;137;-90;-82.3;43.9;44.2;18;17.6;26.1;0.0;
26/02/2025 02:42:24;100;0;151.52;-4;-20.16;-2.90;626.8;13.00;75669;2835.033;-1758.532;1;137;-90;-80.6;43.9;44.2;18;17.6;26.1;0.0;
26/02/2025 02:42:44;100;0;151.61;-4;-20.29;-2.92;629.2;13.00;75667;2835.031;-1758.531;1;137;-90;-80.6;43.9;44.2;18;18.1;26.1;0.0;
26/02/2025 02:43:04;100;0;153.80;-4;-20.48;-2.90;631.5;12.90;75668;2835.029;-1758.530;1;137;-90;-82.3;43.9;44.2;18;17.6;26.1;0.0;
26/02/2025 02:43:24;100;0;153.21;-4;-20.23;-2.91;633.9;12.90;75661;2835.027;-1758.529;1;137;-90;-80.6;43.9;44.2;18;17.6;26.1;0.0;
26/02/2025 02:43:44;100;0;152.57;-4;-20.47;-2.89;636.3;12.90;75648;2835.025;-1758.527;1;137;-90;-80.6;43.9;44.3;18;18.1;26.1;0.0;
26/02/2025 02:44:04;100;0;152.71;-4;-20.41;-2.90;638.8;12.90;75649;2835.023;-1758.526;1;137;-90;-80.6;43.9;44.2;18;17.6;26.1;0.0;
26/02/2025 02:44:24;100;0;154.78;-4;-20.34;-2.86;641.2;12.80;75646;2835.022;-1758.525;1;137;-90;-82.3;43.9;44.3;20;19.9;26.1;0.0;
26/02/2025 02:44:44;100;0;156.09;-4;-20.33;-1.58;643.6;12.80;75643;2835.020;-1758.524;1;137;-90;-80.6;43.9;44.2;20;20.3;26.1;0.0;
26/02/2025 02:45:04;100;0;155.31;-4;-20.34;-1.60;646.0;12.80;75636;2835.018;-1758.523;1;137;-90;-80.6;43.9;44.2;20;20.3;26.1;0.0;
26/02/2025 02:45:24;100;0;154.52;-4;-20.25;-1.57;648.4;12.80;75624;2835.016;-1758.522;1;137;-90;-80.6;43.9;44.2;20;20.3;26.1;0.0;
26/02/2025 02:45:44;100;0;153.03;-4;-20.43;-1.58;650.7;12.80;75630;2835.014;-1758.520;1;137;-90;-83.9;43.9;44.2;18;18.1;26.1;0.0;
26/02/2025 02:46:04;100;0;149.70;-4;-20.30;-2.98;653.1;12.70;75617;2835.012;-1758.519;1;137;-90;-80.6;43.9;44.2;18;17.6;26.1;0.0;
26/02/2025 02:46:24;100;0;146.14;-4;-20.31;-2.97;655.3;12.70;75611;2835.011;-1758.517;1;137;-90;-80.6;43.9;44.2;16;15.8;26.1;0.0;
26/02/2025 02:46:44;100;0;142.46;-4;-20.14;-3.88;657.7;12.70;75614;2835.010;-1758.516;1;137;-90;-83.9;43.9;44.2;16;15.8;26.1;0.0;
26/02/2025 02:47:04;100;0;141.42;-4;-20.33;-3.80;659.9;12.70;75609;2835.008;-1758.514;1;137;-90;-80.6;43.9;44.2;16;15.8;26.1;0.0;
26/02/2025 02:47:24;100;0;141.31;-4;-20.14;-3.88;662.3;12.70;75616;2835.007;-1758.512;1;137;-90;-80.6;43.9;44.2;16;15.8;26.1;0.0;
26/02/2025 02:47:44;100;0;140.99;-4;-20.02;-3.93;664.4;12.60;75601;2835.006;-1758.511;1;137;-90;-82.3;43.9;44.2;16;15.8;26.1;0.0;
26/02/2025 02:48:04;100;0;140.82;-4;-19.87;-3.89;666.7;12.60;75604;2835.004;-1758.509;1;137;-90;-80.6;43.9;44.2;16;15.8;26.1;0.0;
26/02/2025 02:48:24;100;0;141.41;-4;-19.80;-3.92;668.8;12.60;75599;2835.003;-1758.507;1;137;-90;-82.3;43.9;44.2;16;15.8;26.1;0.0;
26/02/2025 02:48:44;100;0;143.14;-4;-19.77;-3.93;670.7;12.60;75589;2835.002;-1758.506;1;137;-110;-109.7;43.9;44.2;16;15.8;26.1;0.0;
26/02/2025 02:49:04;100;0;143.59;-4;-19.90;-3.84;673.0;12.60;75647;2835.001;-1758.504;1;137;-110;-111.3;43.9;44.2;16;15.8;26.1;0.0;
26/02/2025 02:49:24;100;0;144.88;-4;-19.75;-3.77;675.4;12.50;75639;2834.999;-1758.503;1;137;-110;-111.3;43.9;44.2;16;15.8;26.1;0.0;
26/02/2025 02:49:44;100;0;146.16;-4;-19.71;-3.77;677.9;12.50;75632;2834.997;-1758.501;1;137;-110;-111.3;43.9;44.2;16;15.8;26.1;0.0;
26/02/2025 02:50:04;100;0;147.10;-4;-19.88;-3.75;680.5;12.50;75633;2834.995;-1758.499;1;137;-110;-111.3;43.9;44.2;16;15.8;26.1;0.0;
26/02/2025 02:50:24;100;0;148.32;-4;-20.26;-3.71;683.2;12.50;75629;2834.993;-1758.498;1;137;-110;-114.5;43.9;44.3;16;15.8;26.1;0.0;
26/02/2025 02:50:44;100;0;148.34;-4;-19.89;-3.70;685.7;12.50;75627;2834.992;-1758.496;1;137;-110;-111.3;43.9;44.2;16;15.8;26.1;0.0;
26/02/2025 02:51:04;100;0;149.90;-4;-19.67;-3.72;688.4;12.40;75615;2834.990;-1758.495;1;137;-110;-111.3;43.9;44.2;16;15.8;26.1;0.0;
26/02/2025 02:51:24;100;0;150.46;-4;-19.84;-3.75;690.9;12.40;75615;2834.988;-1758.493;1;137;-110;-111.3;43.9;44.2;16;15.8;26.1;0.0;
26/02/2025 02:51:44;100;0;148.41;-4;-19.68;-3.71;693.6;12.40;75603;2834.986;-1758.491;1;137;-110;-109.7;43.9;44.2;16;15.8;26.1;0.0;
26/02/2025 02:52:04;100;0;148.90;-4;-19.66;-3.72;696.2;12.40;75598;2834.984;-1758.490;1;137;-110;-111.3;43.9;44.2;16;15.8;26.1;0.0;
26/02/2025 02:52:24;100;0;149.50;-4;-19.40;-3.86;698.5;12.30;75593;2834.982;-1758.488;1;137;-110;-114.5;43.9;44.2;16;15.8;26.1;0.0;
26/02/2025 02:52:44;100;0;147.82;-4;-19.65;-3.70;700.8;12.30;75595;2834.980;-1758.487;1;137;-110;-111.3;43.9;44.2;16;15.8;26.1;0.0;
26/02/2025 02:53:04;100;0;148.81;-4;-19.74;-3.77;703.3;12.30;75585;2834.979;-1758.485;1;137;-110;-111.3;43.9;44.2;16;15.8;26.1;0.0;
26/02/2025 02:53:24;100;0;148.48;-4;-19.62;-3.81;705.6;12.30;75580;2834.977;-1758.484;1;137;-110;-111.3;43.9;44.2;16;15.8;26.1;0.0;
26/02/2025 02:53:44;100;0;146.60;-4;-19.55;-3.83;708.1;12.30;75578;2834.975;-1758.482;1;137;-110;-111.3;43.9;44.2;16;15.8;26.1;0.0;
26/02/2025 02:54:04;100;0;144.86;-4;-19.66;-3.72;710.6;12.30;75584;2834.974;-1758.481;1;137;-110;-111.3;43.9;44.2;16;15.8;26.1;0.0;
26/02/2025 02:54:24;100;0;144.77;-4;-19.14;-3.77;713.1;12.20;75554;2834.972;-1758.479;1;137;-110;-111.3;43.9;44.2;16;15.8;26.1;0.0;
26/02/2025 02:54:44;100;0;144.78;-4;-19.21;-3.92;715.5;12.20;75559;2834.970;-1758.477;1;137;-110;-111.3;43.9;44.2;16;15.8;26.1;0.0;
26/02/2025 02:55:04;100;0;144.27;-4;-19.05;-3.75;717.8;12.20;75558;2834.969;-1758.475;1;137;-110;-111.3;43.9;44.3;16;15.8;26.1;0.0;
26/02/2025 02:55:24;100;0;145.00;-4;-18.85;-3.86;719.9;12.10;75548;2834.967;-1758.474;1;137;-110;-111.3;44.3;44.3;16;15.8;26.1;0.0;
26/02/2025 02:55:44;100;0;147.24;-4;-20.19;-3.77;722.1;12.10;75538;2834.966;-1758.473;1;137;-110;-111.3;44.3;44.5;16;15.8;26.1;0.0;
26/02/2025 02:56:04;100;0;148.37;-4;-19.89;-3.84;724.3;12.10;75541;2834.964;-1758.471;1;137;-110;-111.3;44.3;44.6;16;15.8;26.1;0.0;
26/02/2025 02:56:24;100;0;149.19;-4;-19.95;-3.76;726.5;12.10;75537;2834.963;-1758.470;1;137;-110;-111.3;44.3;44.6;16;15.8;26.1;0.0;
26/02/2025 02:56:44;100;0;146.65;-4;-19.86;-3.84;728.8;12.10;75534;2834.961;-1758.469;1;137;-110;-111.3;44.3;44.6;16;15.8;26.1;0.0;
26/02/2025 02:57:04;100;0;145.02;-4;-20.30;-3.64;731.0;12.00;75519;2834.960;-1758.467;1;137;-110;-111.3;44.3;44.6;16;15.8;26.1;0.0;
26/02/2025 02:57:24;100;0;143.39;-4;-19.82;-3.79;733.1;12.00;75512;2834.959;-1758.466;1;137;-110;-111.3;44.3;44.5;16;15.8;26.1;0.0;
26/02/2025 02:57:44;100;0;141.13;-4;-19.97;-3.77;735.4;12.00;75516;2834.957;-1758.464;1;137;-110;-111.3;44.3;44.6;16;15.8;26.1;0.0;
26/02/2025 02:58:04;100;0;137.23;-4;-20.24;-3.84;737.5;12.00;75501;2834.956;-1758.462;1;137;-110;-109.7;44.3;44.6;16;15.8;26.1;0.0;
26/02/2025 02:58:24;100;0;135.40;-4;-20.48;-3.73;739.8;11.90;75487;2834.955;-1758.460;1;137;-110;-111.3;44.3;44.6;13;13.1;26.1;0.0;
26/02/2025 02:58:44;100;0;133.59;-4;-20.53;-5.26;742.2;11.90;75489;2834.954;-1758.458;1;137;-110;-109.7;44.3;44.6;13;12.6;26.1;0.0;
26/02/2025 02:59:05;100;0;135.37;-4;-20.39;-5.09;744.5;11.90;75484;2834.953;-1758.456;1;137;-110;-111.3;44.3;44.6;13;13.1;26.1;0.0;
26/02/2025 02:59:25;100;0;137.82;-4;-20.16;-5.14;747.0;11.90;75481;2834.951;-1758.454;1;137;-110;-111.3;44.3;44.6;15;14.9;26.1;0.0;
26/02/2025 02:59:45;100;0;138.82;-4;-20.28;-4.00;749.4;11.90;75469;2834.950;-1758.452;1;137;-110;-111.3;44.3;44.6;15;14.9;26.1;0.0;
26/02/2025 03:00:05;100;0;140.76;-4;-20.32;-4.13;751.8;11.80;75468;2834.948;-1758.450;1;137;-110;-111.3;44.3;44.6;15;14.9;26.1;0.0;
26/02/2025 03:00:25;100;0;142.56;-4;-20.12;-4.03;754.2;11.80;75458;2834.947;-1758.448;1;137;-110;-109.7;44.3;44.6;15;14.9;26.1;0.0;
26/02/2025 03:00:45;100;0;145.02;-4;-20.21;-4.03;756.7;11.80;75451;2834.945;-1758.447;1;137;-110;-111.3;44.3;44.6;15;14.9;26.1;0.0;
26/02/2025 03:01:05;100;0;146.71;-4;-20.42;-4.06;759.2;11.80;75446;2834.943;-1758.445;1;137;-110;-111.3;44.3;44.6;15;14.9;26.1;0.0;
26/02/2025 03:01:25;100;0;146.30;-4;-19.90;-4.22;761.8;11.80;75452;2834.941;-1758.443;1;137;-110;-111.3;44.3;44.6;15;15.3;26.1;0.0;
26/02/2025 03:01:45;100;0;148.80;-4;-20.13;-3.96;764.5;11.70;75445;2834.939;-1758.442;1;137;-110;-111.3;44.3;44.5;17;17.6;26.1;0.0;
26/02/2025 03:02:05;100;0;145.45;-4;-20.10;-2.78;767.0;11.70;75431;2834.938;-1758.440;1;137;-110;-111.3;44.3;44.6;17;17.6;26.1;0.0;
26/02/2025 03:02:25;100;0;142.28;-4;-20.35;-2.69;769.6;11.70;75434;2834.936;-1758.438;1;137;-110;-111.3;44.3;44.6;17;17.6;26.1;0.0;
26/02/2025 03:02:45;100;0;140.63;-4;-20.11;-2.78;772.2;11.70;75416;2834.934;-1758.436;1;137;-110;-112.9;44.3;44.6;17;17.6;26.1;0.0;
26/02/2025 03:03:05;100;0;140.44;-4;-20.81;-2.68;774.8;11.60;75412;2834.933;-1758.434;1;137;-110;-112.9;44.3;44.6;17;17.6;26.1;0.0;
26/02/2025 03:03:25;100;0;140.35;-4;-20.13;-2.72;777.4;11.60;75410;2834.931;-1758.432;1;137;-110;-111.3;44.3;44.6;17;17.6;26.1;0.0;
26/02/2025 03:03:45;100;0;143.81;-4;-20.25;-2.63;780.1;11.60;75411;2834.929;-1758.430;1;137;-110;-111.3;44.3;44.6;17;17.6;26.1;0.0;
26/02/2025 03:04:05;100;0;143.71;-4;-20.27;-2.76;782.8;11.60;75404;2834.927;-1758.428;1;137;-110;-109.7;44.3;44.6;17;17.6;26.1;0.0;
26/02/2025 03:04:25;100;0;143.53;-4;-19.97;-2.81;785.5;11.50;75402;2834.926;-1758.426;1;137;-110;-109.7;44.3;44.5;17;17.6;26.1;0.0;
26/02/2025 03:04:45;100;0;144.17;-4;-19.84;-2.74;788.3;11.50;75398;2834.924;-1758.424;1;137;-110;-111.3;44.3;44.5;17;17.6;26.1;0.0;
26/02/2025 03:05:05;100;0;144.89;-4;-20.10;-2.74;791.0;11.50;75391;2834.922;-1758.422;1;137;-110;-111.3;44.3;44.6;17;17.6;26.1;0.0;
26/02/2025 03:05:25;100;0;144.03;-4;-20.20;-2.78;793.8;11.50;75392;2834.920;-1758.420;1;137;-110;-111.3;44.3;44.6;17;17.6;26.1;0.0;
26/02/2025 03:05:45;100;0;143.58;-4;-20.06;-2.81;796.5;11.40;75386;2834.918;-1758.418;1;137;-110;-111.3;44.3;44.6;17;17.6;26.1;0.0;
26/02/2025 03:06:05;100;0;143.86;-4;-19.90;-2.79;799.5;11.40;75381;2834.916;-1758.416;1;137;-110;-111.3;44.3;44.6;17;17.6;26.1;0.0;
26/02/2025 03:06:25;100;0;143.93;-4;-19.87;-2.82;802.2;11.40;75376;2834.914;-1758.414;1;137;-110;-111.3;44.3;44.6;17;17.6;26.1;0.0;
26/02/2025 03:06:45;100;0;144.43;-4;-20.09;-2.81;805.1;11.40;75370;2834.912;-1758.412;1;137;-110;-111.3;44.3;44.6;17;17.6;26.1;0.0;
26/02/2025 03:07:05;100;0;144.23;-4;-19.41;-2.76;808.0;11.40;75368;2834.910;-1758.410;1;137;-110;-112.9;44.3;44.5;17;17.6;26.1;0.0;
26/02/2025 03:07:25;100;0;142.44;-4;-19.96;-2.78;810.8;11.30;75371;2834.908;-1758.407;1;137;-110;-111.3;44.3;44.6;17;17.6;26.1;0.0;
26/02/2025 03:07:45;100;0;140.77;-4;-18.81;-2.70;813.7;11.30;75362;2834.906;-1758.405;1;137;-110;-111.3;44.6;44.6;17;17.6;26.1;0.0;
26/02/2025 03:08:05;100;0;142.84;-4;-19.92;-2.79;816.4;11.30;75349;2834.904;-1758.403;1;137;-110;-111.3;44.6;44.5;17;17.6;26.1;0.0;
26/02/2025 03:08:25;100;0;143.14;-4;-19.80;-2.88;819.4;11.30;75347;2834.901;-1758.401;1;137;-110;-111.3;44.6;44.6;17;17.6;26.1;0.0;
26/02/2025 03:08:45;100;0;142.93;-4;-19.91;-2.78;822.3;11.20;75348;2834.899;-1758.399;1;137;-110;-114.5;44.6;44.6;17;17.6;26.1;0.0;
26/02/2025 03:09:05;100;0;143.23;-4;-20.02;-2.82;825.2;11.20;75344;2834.897;-1758.396;1;137;-110;-111.3;44.6;44.6;17;17.6;26.1;0.0;
26/02/2025 03:09:25;100;0;142.15;-4;-19.76;-2.86;828.1;11.20;75339;2834.895;-1758.394;1;137;-110;-112.9;44.6;44.6;17;17.6;26.1;0.0;
26/02/2025 03:09:45;100;0;140.17;-4;-19.71;-2.81;831.1;11.20;75332;2834.893;-1758.392;1;137;-110;-111.3;44.6;44.5;17;17.6;26.1;0.0;
26/02/2025 03:10:05;100;0;138.54;-4;-19.29;-2.81;834.0;11.20;75331;2834.891;-1758.389;1;137;-110;-111.3;44.6;44.6;17;17.6;26.1;0.0;
26/02/2025 03:10:25;100;0;139.45;-4;-19.89;-2.89;836.9;11.10;75312;2834.890;-1758.387;1;137;-110;-111.3;44.6;44.6;17;17.6;26.1;0.0;
26/02/2025 03:10:45;100;0;141.08;-4;-19.71;-2.67;840.0;11.10;75319;2834.887;-1758.384;1;137;-110;-111.3;44.6;44.6;17;17.6;26.1;0.0;
26/02/2025 03:11:05;100;0;140.55;-4;-20.28;-2.86;843.1;11.10;75309;2834.885;-1758.382;1;137;-110;-111.3;44.6;44.6;17;17.6;26.1;0.0;
26/02/2025 03:11:25;100;0;140.85;-4;-19.92;-2.69;846.2;11.10;75290;2834.883;-1758.379;1;137;-110;-111.3;44.6;44.6;17;17.6;26.1;0.0;
26/02/2025 03:11:45;100;0;143.47;-4;-19.85;-2.69;849.3;11.10;75302;2834.881;-1758.377;1;137;-110;-111.3;44.6;44.6;17;17.6;26.1;0.0;
26/02/2025 03:12:05;100;0;144.68;-4;-19.95;-2.84;852.4;11.00;75303;2834.878;-1758.375;1;137;-110;-111.3;44.6;44.6;17;17.6;26.1;0.0;
26/02/2025 03:12:25;100;0;144.75;-4;-19.77;-2.79;855.6;11.00;75290;2834.876;-1758.372;1;137;-110;-111.3;44.6;44.6;17;17.6;26.1;0.0;
26/02/2025 03:12:45;100;0;144.68;-4;-19.93;-2.74;858.5;11.00;75284;2834.874;-1758.370;1;137;-110;-111.3;44.6;44.6;17;17.6;26.1;0.0;
26/02/2025 03:13:05;100;0;143.64;-4;-19.91;-2.76;861.6;11.00;75290;2834.872;-1758.368;1;137;-110;-111.3;44.6;44.6;17;17.6;26.1;0.0;
26/02/2025 03:13:25;100;0;143.20;-4;-19.56;-2.77;864.6;11.00;75282;2834.869;-1758.366;1;137;-110;-111.3;44.6;44.6;17;17.6;26.1;0.0;
26/02/2025 03:13:45;100;0;142.65;-4;-20.47;-2.97;867.6;10.90;75275;2834.867;-1758.363;1;137;-110;-111.3;44.6;44.6;17;17.6;26.1;0.0;
26/02/2025 03:14:05;100;0;137.12;-4;-20.34;-2.74;870.7;10.90;75274;2834.865;-1758.361;1;137;-110;-109.7;44.6;44.6;15;14.9;26.1;0.0;
26/02/2025 03:14:25;100;0;137.89;-4;-20.74;-4.15;873.7;10.90;75269;2834.863;-1758.358;1;137;-110;-111.3;44.6;44.6;15;14.4;26.1;0.0;
26/02/2025 03:14:45;100;0;136.55;-4;-19.53;-4.32;876.8;10.90;75265;2834.862;-1758.355;1;137;-110;-111.3;44.6;44.6;15;14.9;26.1;0.0;
26/02/2025 03:15:05;100;0;136.29;-4;-19.59;-4.33;879.9;10.80;75261;2834.860;-1758.353;1;137;-110;-111.3;44.6;44.6;15;14.9;26.1;0.0;
26/02/2025 03:15:25;100;0;135.08;-4;-20.02;-4.19;882.8;10.80;75264;2834.858;-1758.350;1;137;-110;-111.3;44.6;44.6;15;14.9;26.1;0.0;
26/02/2025 03:15:45;100;0;134.83;-4;-19.97;-4.45;885.9;10.80;75262;2834.856;-1758.347;1;137;-110;-111.3;44.6;44.6;15;14.9;26.1;0.0;
26/02/2025 03:16:05;100;0;135.32;-4;-19.81;-4.24;888.9;10.80;75256;2834.854;-1758.344;1;137;-110;-111.3;44.6;44.6;15;14.9;26.1;0.0;
26/02/2025 03:16:25;100;0;134.97;-4;-19.50;-4.36;891.9;10.80;75241;2834.852;-1758.342;1;137;-110;-111.3;44.6;44.5;15;14.9;26.1;0.0;
26/02/2025 03:16:45;100;0;134.90;-4;-19.76;-4.28;895.1;10.80;75252;2834.850;-1758.339;1;137;-110;-109.7;44.6;44.6;15;14.4;26.1;0.0;
26/02/2025 03:17:05;100;0;136.28;-4;-19.42;-4.03;898.1;10.70;75247;2834.848;-1758.336;1;137;-110;-111.3;44.6;44.6;15;14.9;26.1;0.0;
26/02/2025 03:17:25;100;0;136.93;-4;-19.15;-4.17;901.2;10.70;75257;2834.846;-1758.333;1;137;-110;-111.3;44.6;44.6;15;14.9;26.1;0.0;
26/02/2025 03:17:45;100;0;138.07;-4;-19.26;-4.31;904.1;10.70;75245;2834.844;-1758.331;1;137;-110;-109.7;44.6;44.6;15;14.4;26.1;0.0;
26/02/2025 03:18:05;100;0;141.41;-4;-20.36;-4.17;907.0;10.70;75250;2834.842;-1758.328;1;137;-110;-111.3;44.6;44.6;15;14.9;26.1;0.0;
26/02/2025 03:18:25;100;0;140.92;-4;-19.31;-4.31;910.1;10.70;75233;2834.840;-1758.326;1;137;-110;-111.3;44.6;44.5;15;14.9;26.1;0.0;
26/02/2025 03:18:45;100;0;141.60;-4;-19.58;-4.28;912.8;10.60;75231;2834.838;-1758.324;1;137;-110;-111.3;44.6;44.6;15;14.9;26.1;0.0;
26/02/2025 03:19:05;100;0;140.56;-4;-19.48;-4.34;915.8;10.60;75234;2834.836;-1758.321;1;137;-110;-112.9;44.6;44.6;15;14.4;26.1;0.0;
26/02/2025 03:19:25;100;0;141.59;-4;-19.40;-4.28;918.4;10.60;75219;2834.834;-1758.319;1;137;-110;-111.3;44.6;44.6;15;14.9;26.1;0.0;
26/02/2025 03:19:45;100;0;142.48;-4;-19.31;-4.25;921.1;10.60;75233;2834.832;-1758.317;1;137;-110;-111.3;44.6;44.6;15;14.9;26.1;0.0;
26/02/2025 03:20:05;100;0;142.56;-4;-19.36;-4.26;923.8;10.60;75236;2834.831;-1758.315;1;137;-110;-111.3;44.6;44.6;15;14.9;26.1;0.0;
26/02/2025 03:20:25;100;0;143.10;-4;-19.18;-4.21;926.5;10.60;75228;2834.829;-1758.313;1;137;-110;-111.3;44.6;44.6;15;14.9;26.1;0.0;
26/02/2025 03:20:45;100;0;142.64;-4;-19.33;-4.32;929.1;10.50;75212;2834.827;-1758.311;1;137;-110;-112.9;44.6;44.6;15;14.9;26.1;0.0;
26/02/2025 03:21:05;100;0;140.33;-4;-19.59;-4.32;931.8;10.50;75217;2834.825;-1758.309;1;137;-110;-111.3;44.6;44.6;15;14.9;26.1;0.0;
26/02/2025 03:21:25;100;0;137.65;-4;-19.46;-4.32;934.3;10.50;75214;2834.824;-1758.306;1;137;-110;-111.3;44.6;44.6;15;14.9;26.1;0.0;
26/02/2025 03:21:45;100;0;138.00;-4;-19.27;-4.33;937.0;10.50;75208;2834.822;-1758.304;1;137;-110;-109.7;44.6;44.5;15;14.9;26.1;0.0;
26/02/2025 03:22:05;100;0;139.48;-4;-19.44;-4.30;939.8;10.50;75209;2834.820;-1758.302;1;137;-110;-111.3;44.6;44.6;15;14.9;26.1;0.0;
26/02/2025 03:22:25;100;0;139.25;-4;-19.55;-4.33;942.4;10.50;75202;2834.818;-1758.299;1;137;-110;-111.3;44.6;44.6;15;14.9;26.1;0.0;
26/02/2025 03:22:45;100;0;138.96;-4;-19.51;-4.30;945.2;10.40;75202;2834.817;-1758.297;1;137;-110;-111.3;44.6;44.6;15;14.9;26.1;0.0;
26/02/2025 03:23:05;100;0;137.76;-4;-19.26;-4.31;948.0;10.40;75198;2834.815;-1758.295;1;137;-110;-111.3;44.6;44.6;15;14.9;26.1;0.0;
26/02/2025 03:23:25;100;0;136.35;-4;-19.50;-4.27;950.7;10.40;75190;2834.813;-1758.292;1;137;-110;-112.9;44.6;44.6;15;14.9;26.1;0.0;
26/02/2025 03:23:45;100;0;134.74;-4;-19.54;-4.38;953.4;10.40;75192;2834.812;-1758.290;1;137;-110;-111.3;44.6;44.6;13;12.6;26.1;0.0;
26/02/2025 03:24:05;100;0;133.56;-4;-19.55;-5.03;956.1;10.40;75190;2834.810;-1758.287;1;137;-110;-111.3;44.6;44.5;13;13.5;26.1;0.0;
26/02/2025 03:24:25;100;0;133.65;-4;-19.24;-4.99;958.8;10.40;75201;2834.809;-1758.285;1;137;-110;-111.3;44.6;44.6;13;13.5;26.1;0.0;
26/02/2025 03:24:45;100;0;135.43;-4;-19.49;-4.87;961.5;10.30;75183;2834.807;-1758.282;1;137;-110;-111.3;44.6;44.6;13;13.1;26.1;0.0;
26/02/2025 03:25:05;100;0;136.41;-4;-19.36;-4.94;964.3;10.30;75184;2834.805;-1758.280;1;137;-110;-111.3;44.6;44.5;13;13.5;26.1;0.0;
26/02/2025 03:25:25;100;0;137.69;-4;-19.13;-4.87;967.0;10.30;75174;2834.803;-1758.277;1;137;-110;-111.3;44.6;44.6;15;14.9;26.1;0.0;
26/02/2025 03:25:45;100;0;136.41;-4;-19.28;-4.19;969.7;10.30;75183;2834.802;-1758.275;1;137;-110;-111.3;44.6;44.6;15;14.9;26.1;0.0;
26/02/2025 03:26:05;100;0;135.29;-4;-19.14;-4.09;972.4;10.30;75183;2834.800;-1758.272;1;137;-110;-111.3;44.6;44.6;15;15.3;26.1;0.0;
26/02/2025 03:26:25;100;0;134.21;-4;-19.04;-4.13;975.0;10.30;75178;2834.799;-1758.270;1;137;-110;-111.3;44.6;44.6;12;12.2;26.1;0.0;
26/02/2025 03:26:45;100;0;135.00;-4;-19.46;-5.62;977.7;10.30;75164;2834.797;-1758.267;1;137;-110;-111.3;44.6;44.5;12;12.2;26.1;0.0;
26/02/2025 03:27:05;100;0;133.88;-4;-18.49;-5.76;980.2;10.20;75163;2834.796;-1758.265;1;137;-110;-109.7;45.1;45.1;12;12.2;26.1;0.0;
26/02/2025 03:27:25;100;0;135.59;-4;-20.08;-5.64;982.8;10.20;75172;2834.794;-1758.263;1;137;-110;-111.3;45.1;45.4;12;12.2;26.1;0.0;
26/02/2025 03:27:45;100;0;138.28;-4;-20.26;-5.67;985.7;10.20;75164;2834.792;-1758.260;1;137;-110;-109.7;45.1;45.4;15;14.9;26.1;0.0;
26/02/2025 03:28:05;100;0;140.45;-4;-20.85;-4.03;988.3;10.20;75160;2834.791;-1758.258;1;137;-110;-111.3;45.1;45.4;15;15.3;26.1;0.0;
26/02/2025 03:28:25;100;0;140.20;-4;-20.49;-4.01;991.2;10.20;75163;2834.789;-1758.256;1;137;-110;-111.3;45.1;45.4;15;15.3;26.1;0.0;
26/02/2025 03:28:45;100;0;140.02;-4;-20.90;-3.98;993.9;10.20;75159;2834.787;-1758.254;1;137;-110;-111.3;45.1;45.2;15;15.3;26.1;0.0;
26/02/2025 03:29:05;100;0;138.91;-4;-20.54;-4.00;996.6;10.10;75149;2834.786;-1758.252;1;137;-110;-111.3;45.1;45.4;15;15.3;26.1;0.0;
26/02/2025 03:29:23;118;0;138.69;-4;-20.74;-4.05;999.0;10.10;75142;2834.784;-1758.250;1;137;450;-108.1;22.0;21.8;6;5.9;26.1;0.0;
26/02/2025 03:29:33;118;0;113.93;-4;-5.59;-9.66;1000.2;10.10;75127;2834.784;-1758.248;1;137;450;19.4;22.0;21.5;6;5.9;24.7;-1.0;
26/02/2025 03:29:43;118;0;95.95;-4;23.05;-9.46;1000.4;10.10;74858;2834.784;-1758.248;1;137;450;146.8;22.0;22.1;6;5.9;24.8;-1.0;
26/02/2025 03:29:53;118;0;92.83;-4;29.57;-9.78;999.5;10.10;74596;2834.785;-1758.247;1;137;450;269.4;22.0;22.2;6;5.9;24.7;-1.0;
26/02/2025 03:30:03;118;0;92.42;-4;28.20;-9.49;998.5;10.10;74353;2834.785;-1758.246;1;137;450;388.7;22.0;22.2;6;5.9;24.8;-1.0;
26/02/2025 03:30:13;118;0;93.73;-4;25.83;-8.90;997.0;10.10;74103;2834.785;-1758.245;1;137;450;453.2;22.0;22.2;6;5.9;24.9;-1.0;
26/02/2025 03:30:23;118;0;136.77;-4;22.84;-8.47;995.4;10.20;73985;2834.785;-1758.243;1;137;450;453.2;22.0;22.2;6;5.9;26.1;-1.0;
26/02/2025 03:30:43;117;0;128.59;-4;20.56;-8.38;992.2;10.20;73993;2834.783;-1758.240;1;137;450;451.6;22.0;22.1;6;5.9;26.1;-1.0;
26/02/2025 03:31:03;117;0;120.63;-4;18.78;-8.09;988.7;10.30;73993;2834.782;-1758.236;1;137;450;453.2;21.6;21.4;46;46.0;26.1;-1.0;
26/02/2025 03:31:23;117;0;126.84;-4;21.24;12.30;985.6;10.30;73986;2834.780;-1758.233;1;137;450;451.6;21.6;21.4;38;37.9;26.1;-1.0;
26/02/2025 03:31:43;117;0;130.84;-4;22.79;8.09;982.0;10.30;73988;2834.778;-1758.230;1;137;450;453.2;22.5;22.5;33;32.9;26.1;-1.0;
26/02/2025 03:32:04;117;0;135.08;-4;21.55;5.57;978.2;10.30;73982;2834.776;-1758.227;1;137;450;453.2;22.5;22.7;28;28.0;26.1;-1.0;
26/02/2025 03:32:24;117;0;135.55;-4;21.06;2.89;974.9;10.30;73993;2834.774;-1758.224;1;137;450;453.2;22.5;22.5;28;28.0;26.1;-1.0;
26/02/2025 03:32:44;117;0;136.33;-4;20.26;2.97;971.5;10.30;73994;2834.772;-1758.221;1;137;450;451.6;22.5;22.7;28;28.0;26.1;-1.0;
26/02/2025 03:33:04;117;0;136.70;-4;20.66;3.03;968.2;10.30;73984;2834.770;-1758.218;1;137;450;453.2;22.5;22.5;28;28.0;26.1;-1.0;
26/02/2025 03:33:24;117;0;138.24;-4;20.75;2.80;965.1;10.30;73986;2834.768;-1758.215;1;137;450;451.6;22.5;22.7;28;28.0;26.1;-1.0;
26/02/2025 03:33:44;117;0;139.11;-4;20.99;3.15;961.7;10.20;73974;2834.766;-1758.212;1;137;450;450.0;22.5;22.5;28;28.0;26.1;-1.0;
26/02/2025 03:34:04;117;0;140.05;-4;20.82;2.86;958.3;10.20;73980;2834.763;-1758.210;1;137;450;451.6;22.5;22.5;28;28.0;26.1;-1.0;
26/02/2025 03:34:24;117;0;141.83;-4;20.67;2.94;955.1;10.20;73979;2834.761;-1758.207;1;137;450;451.6;22.5;22.7;28;28.0;26.1;-1.0;
26/02/2025 03:34:44;117;0;143.29;-4;20.49;3.07;951.7;10.20;73968;2834.759;-1758.205;1;137;450;453.2;22.5;22.7;28;28.0;26.1;-1.0;
26/02/2025 03:35:04;117;0;143.97;-4;20.38;2.93;948.5;10.20;73972;2834.756;-1758.202;1;137;450;453.2;22.5;22.7;28;28.0;26.1;-1.0;
26/02/2025 03:35:24;117;0;144.87;-4;20.42;2.84;945.4;10.20;73972;2834.754;-1758.200;1;137;450;450.0;22.5;22.7;28;28.0;26.1;-1.0;
26/02/2025 03:35:44;117;0;145.67;-4;20.54;3.09;942.3;10.20;73973;2834.752;-1758.198;1;137;450;451.6;22.5;22.7;28;28.0;26.1;-1.0;
26/02/2025 03:36:04;117;0;146.30;-4;20.40;2.99;939.1;10.10;73965;2834.749;-1758.196;1;137;450;453.2;22.5;22.7;28;28.0;26.1;-1.0;
26/02/2025 03:36:24;117;0;146.88;-4;20.79;2.89;936.0;10.10;73955;2834.747;-1758.194;1;137;450;451.6;22.5;22.5;28;28.0;26.1;-1.0;
26/02/2025 03:36:44;117;0;147.43;-4;20.54;2.91;932.9;10.10;73954;2834.745;-1758.192;1;137;450;453.2;22.5;22.5;28;28.0;26.1;-1.0;
26/02/2025 03:37:04;117;0;147.91;-4;21.00;2.78;929.7;10.10;73959;2834.742;-1758.190;1;137;450;453.2;22.5;22.7;28;28.0;26.1;-1.0;
26/02/2025 03:37:24;117;0;147.11;-4;20.63;3.33;926.4;10.10;73952;2834.740;-1758.188;1;137;450;453.2;22.5;22.7;28;28.0;26.1;-1.0;
26/02/2025 03:37:44;117;0;146.76;-4;21.07;2.94;922.9;10.10;73955;2834.737;-1758.185;1;137;450;453.2;22.5;22.7;28;28.0;26.1;-1.0;
26/02/2025 03:38:04;117;0;144.79;-4;19.48;2.81;919.5;10.10;73950;2834.734;-1758.183;1;137;450;453.2;22.5;22.5;28;28.0;26.1;-1.0;
26/02/2025 03:38:24;117;0;145.07;-4;20.04;2.85;916.4;10.10;73953;2834.732;-1758.180;1;137;450;450.0;22.5;22.5;28;28.0;26.1;-1.0;
26/02/2025 03:38:44;117;0;146.58;-4;20.55;2.96;913.4;10.10;73947;2834.730;-1758.178;1;137;450;451.6;22.5;22.5;28;28.0;26.1;-1.0;
26/02/2025 03:39:04;117;0;148.02;-4;20.39;2.77;910.3;10.00;73947;2834.727;-1758.176;1;137;450;453.2;22.5;22.7;28;28.0;26.1;-1.0;
26/02/2025 03:39:24;117;0;147.65;-4;20.72;3.08;907.4;10.00;73941;2834.725;-1758.175;1;137;450;451.6;22.5;22.7;28;28.0;26.1;-1.0;
26/02/2025 03:39:44;117;0;147.31;-4;20.64;2.97;904.2;10.00;73935;2834.723;-1758.173;1;137;450;453.2;22.5;22.5;28;28.0;26.1;-1.0;
26/02/2025 03:40:04;117;0;147.73;-4;20.53;3.00;900.8;10.00;73944;2834.720;-1758.170;1;137;450;453.2;22.5;22.7;28;28.0;26.1;-1.0;
26/02/2025 03:40:24;117;0;150.37;-4;20.92;3.13;897.5;10.00;73933;2834.717;-1758.168;1;137;450;453.2;22.5;22.7;25;24.8;26.1;-1.0;
26/02/2025 03:40:44;117;0;149.58;-4;20.39;1.23;894.1;10.00;73931;2834.715;-1758.166;1;137;450;453.2;22.5;22.7;25;24.4;26.1;-1.0;
26/02/2025 03:41:04;117;0;148.20;-4;20.41;1.18;890.6;10.00;73933;2834.712;-1758.164;1;137;450;451.6;22.5;22.5;25;24.4;26.1;-1.0;
26/02/2025 03:41:24;117;0;147.08;-4;19.89;1.17;887.4;10.00;73929;2834.709;-1758.162;1;137;450;453.2;22.5;22.5;27;27.5;26.1;-1.0;
26/02/2025 03:41:44;117;0;148.89;-4;20.04;2.84;883.9;10.00;73930;2834.706;-1758.159;1;137;450;453.2;22.5;22.5;27;28.0;26.1;-1.0;
26/02/2025 03:42:04;117;0;148.85;-4;20.35;2.76;880.5;10.00;73927;2834.704;-1758.157;1;137;450;453.2;22.5;22.7;27;28.0;26.1;-1.0;
26/02/2025 03:42:24;117;0;149.45;-4;20.53;3.02;877.0;9.90;73919;2834.701;-1758.155;1;137;450;453.2;22.5;22.7;27;28.0;26.1;-1.0;
26/02/2025 03:42:44;117;0;149.65;-4;20.60;2.99;873.3;9.90;73928;2834.698;-1758.153;1;137;450;451.6;22.5;22.7;25;24.8;26.1;-1.0;
26/02/2025 03:43:04;117;0;148.77;-4;20.05;1.36;869.6;9.90;73917;2834.695;-1758.150;1;137;450;451.6;22.5;22.7;25;24.8;26.1;-1.0;
26/02/2025 03:43:24;117;0;147.95;-4;20.14;1.28;866.1;9.90;73931;2834.692;-1758.148;1;137;450;453.2;22.5;22.7;25;24.8;26.1;-1.0;
26/02/2025 03:43:44;117;0;147.12;-4;20.12;1.40;862.6;9.90;73929;2834.689;-1758.146;1;137;450;451.6;22.5;22.5;25;24.8;26.1;-1.0;
26/02/2025 03:44:04;117;0;146.64;-4;19.82;1.36;859.2;9.90;73920;2834.686;-1758.143;1;137;450;453.2;22.5;22.7;25;24.8;26.1;-1.0;
26/02/2025 03:44:24;117;0;145.96;-4;19.92;1.16;855.8;9.90;73926;2834.683;-1758.141;1;137;450;453.2;22.5;22.7;27;27.1;26.1;-1.0;
26/02/2025 03:44:44;117;0;146.06;-4;20.34;2.68;852.4;9.90;73924;2834.681;-1758.138;1;137;450;451.6;22.5;22.7;27;27.1;26.1;-1.0;
26/02/2025 03:45:04;117;0;147.64;-4;20.34;2.75;849.0;9.90;73922;2834.678;-1758.136;1;137;450;453.2;22.5;22.7;27;27.1;26.1;-1.0;
26/02/2025 03:45:24;117;0;148.28;-4;20.39;2.70;845.6;9.90;73917;2834.675;-1758.134;1;137;450;453.2;22.5;22.7;27;27.1;26.1;-1.0;
26/02/2025 03:45:44;117;0;148.86;-4;20.09;2.67;842.2;9.90;73919;2834.672;-1758.132;1;137;450;453.2;22.5;22.5;27;27.1;26.1;-1.0;
26/02/2025 03:46:04;117;0;148.45;-4;20.02;2.70;838.8;9.90;73916;2834.670;-1758.129;1;137;450;453.2;22.5;22.7;27;27.1;26.1;-1.0;
26/02/2025 03:46:24;117;0;147.88;-4;19.97;2.91;835.4;9.90;73919;2834.667;-1758.127;1;137;450;453.2;22.5;22.7;27;27.1;26.1;-1.0;
26/02/2025 03:46:44;117;0;147.40;-4;20.14;2.66;832.0;9.90;73921;2834.664;-1758.125;1;137;450;453.2;22.5;22.7;27;27.1;26.1;-1.0;
26/02/2025 03:47:04;117;0;148.64;-4;20.05;2.54;828.5;9.90;73935;2834.661;-1758.123;1;137;450;454.8;22.5;22.7;27;27.1;26.1;-1.0;
26/02/2025 03:47:24;117;0;150.46;-4;20.08;2.70;825.2;9.90;73928;2834.658;-1758.121;1;137;450;453.2;22.5;22.7;25;24.8;26.1;-1.0;
26/02/2025 03:47:44;117;0;150.22;-4;19.93;1.24;821.9;9.90;73927;2834.656;-1758.119;1;137;450;453.2;22.5;22.7;25;24.4;26.1;-1.0;
26/02/2025 03:48:04;117;0;149.52;-4;19.90;1.26;818.7;9.90;73924;2834.653;-1758.117;1;137;450;453.2;22.5;22.5;25;24.4;26.1;-1.0;
26/02/2025 03:48:24;117;0;147.31;-4;19.94;1.33;815.5;9.90;73929;2834.651;-1758.114;1;137;450;453.2;22.5;22.8;25;24.4;26.1;-1.0;
26/02/2025 03:48:44;117;0;144.72;-4;19.75;1.24;812.3;9.90;73924;2834.648;-1758.112;1;137;450;453.2;22.5;22.7;25;24.8;26.1;-1.0;
26/02/2025 03:49:04;117;0;144.74;-4;19.68;1.36;808.9;9.90;73927;2834.646;-1758.110;1;137;450;453.2;22.5;22.7;25;24.4;26.1;-1.0;
26/02/2025 03:49:24;117;0;144.30;-4;20.04;1.17;805.8;9.90;73939;2834.643;-1758.107;1;137;450;453.2;22.5;22.5;25;24.4;26.1;-1.0;
26/02/2025 03:49:44;117;0;143.68;-4;19.93;1.24;802.5;9.90;73941;2834.641;-1758.105;1;137;450;453.2;22.5;22.5;25;24.4;26.1;-1.0;
26/02/2025 03:50:04;117;0;142.60;-4;20.02;1.19;799.3;9.90;73936;2834.638;-1758.102;1;137;450;453.2;22.5;22.7;25;24.4;26.1;-1.0;
26/02/2025 03:50:24;117;0;141.22;-4;20.07;1.24;796.0;9.90;73947;2834.636;-1758.100;1;137;450;454.8;22.5;22.7;25;24.4;26.1;-1.0;
26/02/2025 03:50:44;117;0;139.67;-4;19.90;1.22;792.8;9.90;73941;2834.634;-1758.097;1;137;450;453.2;22.5;22.7;27;27.1;26.1;-1.0;
26/02/2025 03:51:04;117;0;139.24;-4;20.07;2.87;789.5;9.90;73953;2834.631;-1758.094;1;137;450;453.2;22.5;22.8;27;27.1;26.1;-1.0;
26/02/2025 03:51:24;117;0;139.81;-4;20.15;2.88;786.2;9.90;73954;2834.629;-1758.091;1;137;450;453.2;22.5;22.7;27;27.5;26.1;-1.0;
26/02/2025 03:51:44;117;0;139.27;-4;20.08;2.85;782.8;9.90;73951;2834.627;-1758.089;1;137;450;453.2;22.5;22.7;27;27.1;26.1;-1.0;
26/02/2025 03:52:04;117;0;138.56;-4;20.09;2.83;779.5;9.90;73956;2834.625;-1758.086;1;137;450;454.8;22.5;22.7;27;27.5;26.1;-1.0;
26/02/2025 03:52:24;117;0;138.26;-4;20.05;2.80;776.1;9.90;73947;2834.622;-1758.083;1;137;450;453.2;22.5;22.7;27;27.5;26.1;-1.0;
26/02/2025 03:52:44;117;0;139.61;-4;20.11;2.79;772.8;9.90;73946;2834.620;-1758.080;1;137;450;453.2;22.5;22.7;27;27.5;26.1;-1.0;
26/02/2025 03:53:04;117;0;141.35;-4;20.17;2.82;769.5;9.90;73967;2834.618;-1758.077;1;137;450;453.2;22.5;22.7;27;27.5;26.1;-1.0;
26/02/2025 03:53:24;117;0;142.52;-4;20.15;2.81;766.4;9.90;73953;2834.615;-1758.075;1;137;450;453.2;22.5;22.7;27;27.5;26.1;-1.0;
26/02/2025 03:53:44;117;0;143.24;-4;20.02;2.85;763.3;9.90;73962;2834.613;-1758.073;1;137;450;453.2;22.5;22.7;27;27.5;26.1;-1.0;
26/02/2025 03:54:04;117;0;143.27;-4;19.74;2.84;760.0;9.90;73959;2834.611;-1758.070;1;137;450;454.8;22.5;22.7;27;27.5;26.1;-1.0;
26/02/2025 03:54:24;117;0;144.20;-4;19.93;2.92;757.0;9.90;73965;2834.608;-1758.068;1;137;450;453.2;22.5;22.5;27;27.5;26.1;-1.0;
26/02/2025 03:54:44;117;0;145.03;-4;19.85;2.87;754.0;9.90;73966;2834.606;-1758.066;1;137;450;454.8;22.5;22.7;27;27.5;26.1;-1.0;
26/02/2025 03:55:04;117;0;146.02;-4;19.85;2.80;751.0;9.90;73966;2834.604;-1758.064;1;137;450;453.2;22.5;22.5;27;27.5;26.1;-1.0;
26/02/2025 03:55:24;117;0;146.34;-4;19.93;2.89;748.0;10.00;73973;2834.602;-1758.062;1;137;450;453.2;22.5;22.5;27;27.5;26.1;-1.0;
26/02/2025 03:55:44;117;0;146.86;-4;19.93;2.79;744.9;9.90;73963;2834.599;-1758.060;1;137;450;453.2;22.5;22.7;27;27.5;26.1;-1.0;
26/02/2025 03:56:04;117;0;146.93;-4;19.91;2.84;741.9;10.00;73967;2834.597;-1758.057;1;137;450;453.2;22.5;22.7;27;27.1;26.1;-1.0;
26/02/2025 03:56:24;117;0;145.81;-4;19.82;2.93;738.7;10.00;73968;2834.595;-1758.055;1;137;450;453.2;22.5;22.7;27;27.5;26.1;-1.0;
26/02/2025 03:56:44;117;0;146.17;-4;19.86;3.00;735.8;10.00;73976;2834.592;-1758.053;1;137;450;454.8;22.5;22.5;27;27.5;26.1;-1.0;
26/02/2025 03:57:04;117;0;147.48;-4;19.93;2.92;732.7;10.00;73984;2834.590;-1758.051;1;137;450;454.8;22.5;22.7;27;27.5;26.1;-1.0;
26/02/2025 03:57:24;117;0;147.11;-4;19.90;2.92;729.5;10.00;73981;2834.587;-1758.049;1;137;450;453.2;22.5;22.7;27;27.5;26.1;-1.0;
26/02/2025 03:57:44;117;0;148.15;-4;19.98;2.77;726.4;10.00;73981;2834.585;-1758.047;1;137;450;453.2;22.5;22.7;27;27.5;26.1;-1.0;
26/02/2025 03:58:04;117;0;148.91;-4;20.09;2.89;723.2;10.00;73983;2834.582;-1758.045;1;137;450;454.8;22.5;22.5;27;27.1;26.1;-1.0;
26/02/2025 03:58:24;117;0;149.81;-4;20.19;2.86;720.1;10.00;74000;2834.580;-1758.043;1;137;450;454.8;22.5;22.7;25;24.8;26.1;-1.0;
26/02/2025 03:58:44;117;0;149.91;-4;20.06;1.26;716.8;10.00;73999;2834.577;-1758.041;1;137;450;453.2;22.5;22.7;25;24.8;26.1;-1.0;
26/02/2025 03:59:04;117;0;150.46;-4;19.95;1.14;713.5;10.00;73994;2834.574;-1758.039;1;137;450;453.2;22.5;22.5;25;24.4;26.1;-1.0;
26/02/2025 03:59:24;117;0;149.79;-4;19.66;1.24;710.3;10.00;74009;2834.572;-1758.037;1;137;450;454.8;22.5;22.7;25;24.4;26.1;-1.0;
26/02/2025 03:59:44;117;0;150.04;-4;19.73;0.96;706.9;10.00;74009;2834.569;-1758.035;1;137;450;453.2;22.5;22.7;25;24.8;26.1;-1.0;
26/02/2025 04:00:04;117;0;149.85;-4;19.78;1.19;703.6;10.10;74015;2834.566;-1758.033;1;137;450;453.2;22.5;22.5;25;24.8;26.1;-1.0;
26/02/2025 04:00:24;117;0;148.98;-4;19.68;1.15;700.2;10.10;74009;2834.563;-1758.031;1;137;450;454.8;22.5;22.7;25;24.4;26.1;-1.0;
26/02/2025 04:00:44;117;0;147.64;-4;19.64;1.33;696.7;10.10;74012;2834.560;-1758.028;1;137;450;453.2;22.5;22.7;25;24.8;26.1;-1.0;
26/02/2025 04:01:04;117;0;145.78;-4;19.64;1.14;693.4;10.10;74012;2834.558;-1758.026;1;137;450;453.2;22.5;22.5;25;24.4;26.1;-1.0;
26/02/2025 04:01:24;117;0;144.91;-4;19.62;1.23;690.1;10.10;74025;2834.555;-1758.023;1;137;450;453.2;22.5;22.7;25;24.4;26.1;-1.0;
26/02/2025 04:01:44;117;0;144.10;-4;19.63;1.13;686.8;10.10;74027;2834.553;-1758.021;1;137;450;453.2;22.5;22.7;25;24.4;26.1;-1.0;
26/02/2025 04:02:04;117;0;143.08;-4;19.52;1.28;683.3;10.10;74035;2834.550;-1758.018;1;137;450;453.2;22.5;22.5;25;24.4;26.1;-1.0;
26/02/2025 04:02:24;117;0;142.06;-4;19.62;1.16;680.1;10.10;74042;2834.548;-1758.016;1;137;450;453.2;22.5;22.5;25;24.4;26.1;-1.0;
26/02/2025 04:02:44;117;0;140.13;-4;19.49;1.27;676.4;10.10;74051;2834.545;-1758.013;1;137;450;453.2;22.5;22.5;25;24.4;26.1;-1.0;
26/02/2025 04:03:04;117;0;138.26;-4;19.36;1.18;673.1;10.20;74052;2834.543;-1758.010;1;137;450;453.2;22.5;22.5;25;24.4;26.1;-1.0;
26/02/2025 04:03:24;117;0;137.02;-4;19.34;1.18;669.6;10.20;74041;2834.540;-1758.006;1;137;450;454.8;22.5;22.7;27;27.1;26.1;-1.0;
26/02/2025 04:03:44;117;0;137.59;-4;19.59;2.79;666.2;10.20;74053;2834.538;-1758.003;1;137;450;453.2;22.5;22.5;27;27.5;26.1;-1.0;
26/02/2025 04:04:04;117;0;137.84;-4;19.61;2.85;662.6;10.20;74055;2834.535;-1758.000;1;137;450;453.2;22.5;22.7;27;27.5;26.1;-1.0;
26/02/2025 04:04:24;117;0;138.36;-4;19.42;2.88;659.3;10.20;74055;2834.533;-1757.997;1;137;450;453.2;22.5;22.5;27;27.5;26.1;-1.0;
26/02/2025 04:04:44;117;0;139.41;-4;19.40;2.64;655.9;10.20;74062;2834.530;-1757.994;1;137;450;453.2;22.5;22.7;27;27.5;26.1;-1.0;
26/02/2025 04:05:04;117;0;140.51;-4;19.62;2.94;652.7;10.20;74066;2834.528;-1757.992;1;137;450;453.2;22.5;22.7;27;27.5;26.1;-1.0;
26/02/2025 04:05:24;117;0;141.12;-4;19.78;2.88;649.3;10.30;74081;2834.526;-1757.989;1;137;450;453.2;22.5;22.7;27;27.5;26.1;-1.0;
26/02/2025 04:05:44;117;0;141.89;-4;19.58;2.80;646.0;10.30;74078;2834.523;-1757.986;1;137;450;453.2;22.5;22.7;27;27.5;26.1;-1.0;
26/02/2025 04:06:04;117;0;141.72;-4;19.65;2.94;642.9;10.30;74081;2834.521;-1757.984;1;137;450;454.8;22.5;22.7;27;27.5;26.1;-1.0;
26/02/2025 04:06:24;117;0;142.07;-4;19.98;2.84;639.7;10.30;74084;2834.519;-1757.981;1;137;450;453.2;22.5;22.7;27;27.5;26.1;-1.0;
26/02/2025 04:06:44;117;0;142.94;-4;19.70;2.88;636.6;10.30;74088;2834.517;-1757.979;1;137;450;453.2;22.5;22.7;27;27.5;26.1;-1.0;
26/02/2025 04:07:04;117;0;142.59;-4;19.68;2.90;633.4;10.30;74098;2834.514;-1757.977;1;137;450;453.2;22.5;22.7;27;27.5;26.1;-1.0;
26/02/2025 04:07:24;117;0;142.76;-4;19.64;2.88;630.3;10.30;74105;2834.512;-1757.974;1;137;450;454.8;22.5;22.7;27;27.5;26.1;-1.0;
26/02/2025 04:07:44;117;0;143.87;-4;19.77;2.83;627.0;10.40;74107;2834.510;-1757.972;1;137;450;454.8;22.5;22.7;27;27.5;26.1;-1.0;
26/02/2025 04:08:05;117;0;143.89;-4;19.68;2.89;623.8;10.40;74103;2834.507;-1757.969;1;137;450;453.2;22.5;22.7;27;27.5;26.1;-1.0;
26/02/2025 04:08:25;117;0;143.20;-4;19.54;2.83;620.7;10.40;74119;2834.505;-1757.967;1;137;450;453.2;22.5;22.7;27;27.5;26.1;-1.0;
26/02/2025 04:08:45;117;0;143.89;-4;19.56;2.86;617.5;10.40;74117;2834.502;-1757.965;1;137;450;453.2;22.5;22.7;27;27.5;26.1;-1.0;
26/02/2025 04:09:05;117;0;145.08;-4;19.68;2.89;614.3;10.40;74122;2834.500;-1757.962;1;137;450;453.2;22.5;22.5;27;27.5;26.1;-1.0;
26/02/2025 04:09:25;117;0;146.82;-4;19.87;2.73;611.1;10.40;74130;2834.498;-1757.960;1;137;450;454.8;22.5;22.7;27;27.5;26.1;-1.0;
26/02/2025 04:09:45;117;0;148.38;-4;19.98;2.93;607.7;10.40;74127;2834.495;-1757.958;1;137;450;453.2;22.5;22.7;25;24.8;26.1;-1.0;
26/02/2025 04:10:05;117;0;147.79;-4;19.71;1.15;604.4;10.50;74131;2834.492;-1757.956;1;137;450;454.8;22.5;22.7;25;24.4;26.1;-1.0;
26/02/2025 04:10:25;117;0;146.08;-4;19.44;1.17;601.0;10.50;74132;2834.489;-1757.953;1;137;450;454.8;22.5;22.7;25;24.4;26.1;-1.0;
26/02/2025 04:10:45;117;0;144.91;-4;19.34;1.20;597.5;10.50;74135;2834.486;-1757.950;1;137;450;454.8;22.5;22.7;25;24.4;26.1;-1.0;
26/02/2025 04:11:05;117;0;144.35;-4;19.33;1.16;594.0;10.50;74147;2834.484;-1757.948;1;137;450;454.8;22.5;22.7;25;24.4;26.1;-1.0;
26/02/2025 04:11:25;117;0;143.44;-4;19.30;1.15;590.6;10.50;74144;2834.481;-1757.945;1;137;450;454.8;22.5;22.7;25;24.4;26.1;-1.0;
26/02/2025 04:11:45;117;0;142.55;-4;19.12;1.10;587.3;10.60;74149;2834.478;-1757.942;1;137;450;453.2;22.5;22.7;25;24.4;26.1;-1.0;
26/02/2025 04:12:05;117;0;142.91;-4;19.26;1.17;583.7;10.60;74147;2834.475;-1757.939;1;137;450;454.8;22.5;22.7;25;24.4;26.1;-1.0;
26/02/2025 04:12:25;117;0;141.87;-4;19.19;1.18;580.4;10.60;74153;2834.473;-1757.937;1;137;450;454.8;22.5;22.7;25;24.4;26.1;-1.0;
26/02/2025 04:12:45;117;0;140.96;-4;19.10;1.20;577.0;10.60;74152;2834.470;-1757.934;1;137;450;454.8;22.5;22.7;25;24.4;26.1;-1.0;
26/02/2025 04:13:05;117;0;140.18;-4;19.08;1.13;573.6;10.60;74154;2834.468;-1757.931;1;137;450;453.2;22.5;22.7;25;24.4;26.1;-1.0;
26/02/2025 04:13:25;117;0;139.52;-4;19.18;1.13;570.1;10.60;74161;2834.465;-1757.928;1;137;450;454.8;22.5;22.7;25;24.4;26.1;-1.0;
26/02/2025 04:13:45;117;0;138.44;-4;19.06;1.24;566.8;10.60;74161;2834.463;-1757.925;1;137;450;454.8;22.5;22.5;25;24.4;26.1;-1.0;
26/02/2025 04:14:05;117;0;137.31;-4;19.09;1.19;563.3;10.70;74172;2834.460;-1757.922;1;137;450;454.8;22.5;22.7;25;24.4;26.1;-1.0;
26/02/2025 04:14:25;117;0;134.57;-4;18.91;1.17;560.0;10.70;74167;2834.458;-1757.918;1;137;450;454.8;22.1;21.6;27;27.5;26.1;-1.0;
26/02/2025 04:14:45;117;0;134.68;-4;20.60;3.05;556.5;10.70;74169;2834.456;-1757.915;1;137;450;454.8;22.1;21.5;27;28.0;26.1;-1.0;
26/02/2025 04:15:05;117;0;136.46;-4;21.25;2.98;552.8;10.70;74189;2834.454;-1757.912;1;137;450;454.8;22.1;21.4;27;28.0;26.1;-1.0;
26/02/2025 04:15:25;117;0;138.00;-4;21.48;2.98;549.1;10.70;74189;2834.451;-1757.909;1;137;450;454.8;22.1;21.4;27;28.0;26.1;-1.0;
26/02/2025 04:15:45;117;0;139.73;-4;21.39;3.08;545.4;10.80;74199;2834.449;-1757.906;1;137;450;454.8;22.1;21.4;27;28.0;26.1;-1.0;
26/02/2025 04:16:05;117;0;140.77;-4;21.35;2.92;541.6;10.80;74195;2834.446;-1757.903;1;137;450;454.8;22.1;21.4;27;28.0;26.1;-1.0;
26/02/2025 04:16:25;117;0;141.18;-4;21.48;3.05;537.9;10.80;74197;2834.443;-1757.900;1;137;450;453.2;22.1;21.4;27;28.0;26.1;-1.0;
26/02/2025 04:16:45;117;0;141.93;-4;21.07;2.93;534.1;10.80;74207;2834.440;-1757.897;1;137;450;454.8;22.1;21.4;27;28.0;26.1;-1.0;
26/02/2025 04:17:05;117;0;143.45;-4;21.43;3.01;530.5;10.80;74201;2834.438;-1757.894;1;137;450;454.8;22.1;21.4;27;28.0;26.1;-1.0;
26/02/2025 04:17:25;117;0;143.95;-4;21.33;3.09;526.8;10.90;74206;2834.435;-1757.892;1;137;450;453.2;22.1;21.4;27;28.0;26.1;-1.0;
26/02/2025 04:17:45;117;0;144.06;-4;21.30;3.09;523.1;10.90;74216;2834.432;-1757.889;1;137;450;456.5;22.1;21.5;27;28.0;26.1;-1.0;
26/02/2025 04:18:05;117;0;143.99;-4;21.27;3.03;519.6;10.90;74209;2834.430;-1757.886;1;137;450;453.2;22.1;21.4;27;28.0;26.1;-1.0;
26/02/2025 04:18:25;117;0;144.84;-4;21.35;3.05;516.0;10.90;74216;2834.427;-1757.884;1;137;450;451.6;22.1;21.5;27;28.0;26.1;-1.0;
26/02/2025 04:18:45;117;0;145.94;-4;21.28;3.08;512.5;10.90;74221;2834.424;-1757.881;1;137;450;454.8;22.1;21.4;27;28.0;26.1;-1.0;
26/02/2025 04:19:05;117;0;146.02;-4;21.20;3.01;508.9;11.00;74225;2834.422;-1757.879;1;137;450;454.8;22.1;21.4;27;28.0;26.1;-1.0;
26/02/2025 04:19:25;117;0;145.61;-4;21.10;3.05;505.5;11.00;74225;2834.419;-1757.877;1;137;450;454.8;22.1;21.4;27;28.0;26.1;-1.0;
26/02/2025 04:19:45;117;0;145.62;-4;21.07;3.03;502.0;11.00;74235;2834.416;-1757.874;1;137;450;453.2;22.1;21.4;27;28.0;26.1;-1.0;
26/02/2025 04:20:05;117;0;147.09;-4;21.33;3.12;498.6;11.00;74231;2834.414;-1757.872;1;137;450;454.8;22.1;21.4;27;28.0;26.1;-1.0;
26/02/2025 04:20:25;117;0;149.22;-4;21.61;3.05;495.1;11.00;74239;2834.411;-1757.870;1;137;450;454.8;22.1;22.1;25;24.8;26.1;-1.0;
26/02/2025 04:20:45;117;0;148.90;-4;20.40;1.20;491.9;11.00;74252;2834.408;-1757.868;1;137;450;454.8;22.1;22.2;25;24.4;26.1;-1.0;
26/02/2025 04:21:05;117;0;148.27;-4;20.15;1.14;488.5;11.10;74250;2834.406;-1757.866;1;137;450;453.2;22.1;22.2;25;24.4;26.1;-1.0;
26/02/2025 04:21:25;117;0;147.01;-4;19.99;1.11;485.3;11.10;74253;2834.403;-1757.864;1;137;450;454.8;22.1;22.2;25;24.4;26.1;-1.0;
26/02/2025 04:21:45;117;0;145.50;-4;20.10;1.03;482.4;11.10;74254;2834.401;-1757.861;1;137;450;454.8;22.1;22.2;25;24.4;26.1;-1.0;
26/02/2025 04:22:05;117;0;143.84;-4;19.91;1.11;479.4;11.10;74258;2834.399;-1757.859;1;137;450;454.8;22.1;22.2;25;24.4;26.1;-1.0;
26/02/2025 04:22:25;117;0;142.03;-4;19.93;1.12;476.4;11.10;74261;2834.397;-1757.857;1;137;450;456.5;22.1;22.2;25;24.4;26.1;-1.0;
26/02/2025 04:22:45;117;0;140.52;-4;19.79;1.18;473.5;11.20;74253;2834.395;-1757.855;1;137;450;454.8;22.1;22.2;25;24.4;26.1;-1.0;
26/02/2025 04:23:05;117;0;139.35;-4;19.82;1.17;470.6;11.20;74274;2834.393;-1757.852;1;137;450;451.6;22.1;22.2;25;24.4;26.1;-1.0;
26/02/2025 04:23:25;117;0;137.69;-4;19.81;1.21;467.8;11.20;74274;2834.391;-1757.850;1;137;450;454.8;22.1;22.2;27;27.1;26.1;-1.0;
26/02/2025 04:23:45;117;0;137.22;-4;19.88;2.88;465.0;11.20;74281;2834.389;-1757.847;1;137;450;454.8;22.1;22.2;27;27.5;26.1;-1.0;
26/02/2025 04:24:05;117;0;137.19;-4;20.18;2.83;462.2;11.20;74283;2834.388;-1757.845;1;137;450;454.8;22.1;22.4;27;27.5;26.1;-1.0;
26/02/2025 04:24:25;117;0;137.67;-4;20.02;3.28;459.4;11.30;74287;2834.386;-1757.843;1;137;450;454.8;22.1;22.2;27;27.5;26.1;-1.0;
26/02/2025 04:24:45;117;0;139.51;-4;20.78;2.37;456.4;11.30;74300;2834.384;-1757.840;1;137;450;456.5;22.1;22.4;27;27.5;26.1;-1.0;
26/02/2025 04:25:05;117;0;140.68;-4;19.54;2.86;453.5;11.30;74294;2834.382;-1757.838;1;137;450;454.8;22.1;22.2;27;27.5;26.1;-1.0;
26/02/2025 04:25:25;117;0;141.94;-4;20.11;2.92;450.8;11.30;74308;2834.380;-1757.836;1;137;450;453.2;22.1;22.2;27;27.5;26.1;-1.0;
26/02/2025 04:25:45;117;0;143.66;-4;19.75;2.73;447.9;11.30;74302;2834.378;-1757.834;1;137;450;454.8;22.1;22.4;27;27.5;26.1;-1.0;
26/02/2025 04:26:05;117;0;145.73;-4;20.08;2.80;445.2;11.40;74303;2834.376;-1757.832;1;137;450;454.8;22.1;22.2;27;27.5;26.1;-1.0;
26/02/2025 04:26:25;117;0;146.55;-4;19.87;2.81;442.3;11.40;74313;2834.374;-1757.830;1;137;450;454.8;22.1;22.2;27;27.5;26.1;-1.0;
26/02/2025 04:26:45;117;0;146.00;-4;20.02;2.93;439.3;11.40;74320;2834.372;-1757.828;1;137;450;454.8;22.1;22.2;27;27.5;26.1;-1.0;
26/02/2025 04:27:05;117;0;145.11;-4;19.96;2.77;436.6;11.40;74315;2834.370;-1757.826;1;137;450;454.8;22.1;22.2;27;27.5;26.1;-1.0;
26/02/2025 04:27:25;117;0;144.73;-4;19.91;2.82;433.6;11.40;74322;2834.368;-1757.824;1;137;450;454.8;22.1;22.2;27;27.5;26.1;-1.0;
26/02/2025 04:27:45;117;0;144.33;-4;19.85;2.95;430.8;11.50;74341;2834.366;-1757.822;1;137;450;454.8;22.1;22.2;27;27.5;26.1;-1.0;
26/02/2025 04:28:05;117;0;143.99;-4;19.72;3.01;428.0;11.50;74336;2834.364;-1757.820;1;137;450;454.8;22.1;22.2;27;27.5;26.1;-1.0;
26/02/2025 04:28:25;117;0;143.98;-4;19.90;2.77;425.4;11.50;74345;2834.362;-1757.818;1;137;450;454.8;22.1;22.2;27;27.5;26.1;-1.0;
26/02/2025 04:28:45;117;0;143.69;-4;20.10;2.83;422.6;11.50;74355;2834.360;-1757.816;1;137;450;454.8;22.1;22.2;27;27.5;26.1;-1.0;
26/02/2025 04:29:05;117;0;143.61;-4;19.95;2.89;420.0;11.50;74347;2834.358;-1757.814;1;137;450;454.8;22.1;22.2;27;27.5;26.1;-1.0;
26/02/2025 04:29:25;117;0;143.15;-4;19.71;2.90;417.2;11.60;74357;2834.356;-1757.812;1;137;450;454.8;22.1;22.2;27;27.5;26.1;-1.0;
26/02/2025 04:29:45;117;0;142.26;-4;19.81;2.94;414.7;11.60;74363;2834.355;-1757.810;1;137;450;456.5;22.1;22.2;27;27.5;26.1;-1.0;
26/02/2025 04:30:05;117;0;141.52;-4;19.87;2.85;412.1;11.60;74365;2834.353;-1757.808;1;137;450;454.8;22.1;22.2;27;27.5;26.1;-1.0;
26/02/2025 04:30:25;117;0;141.34;-4;19.83;2.84;409.4;11.60;74369;2834.351;-1757.806;1;137;450;454.8;22.1;22.2;27;27.5;26.1;-1.0;
26/02/2025 04:30:45;117;0;141.00;-4;19.90;2.88;406.8;11.70;74382;2834.350;-1757.804;1;137;450;454.8;22.1;22.2;27;27.5;26.1;-1.0;
26/02/2025 04:31:05;117;0;142.23;-4;19.81;2.87;404.1;11.70;74397;2834.348;-1757.802;1;137;450;454.8;22.1;22.2;27;27.5;26.1;-1.0;
26/02/2025 04:31:25;117;0;142.69;-4;19.77;2.85;401.4;11.70;74407;2834.346;-1757.800;1;137;450;454.8;22.1;22.2;27;27.5;26.1;-1.0;
26/02/2025 04:31:45;117;0;143.48;-4;19.85;2.77;398.8;11.70;74414;2834.344;-1757.798;1;137;450;453.2;22.1;22.2;27;27.5;26.1;-1.0;
26/02/2025 04:32:05;117;0;143.87;-4;19.85;2.88;396.3;11.80;74418;2834.342;-1757.796;1;137;450;456.5;22.1;22.2;27;27.5;26.1;-1.0;
26/02/2025 04:32:25;117;0;144.69;-4;19.81;2.87;393.5;11.80;74417;2834.341;-1757.794;1;137;450;454.8;22.1;22.2;27;27.5;26.1;-1.0;
26/02/2025 04:32:45;117;0;145.76;-4;19.81;2.77;390.8;11.80;74430;2834.339;-1757.792;1;137;450;456.5;22.1;22.4;27;27.5;26.1;-1.0;
26/02/2025 04:33:05;117;0;145.77;-4;19.87;2.89;388.2;11.80;74437;2834.337;-1757.790;1;137;450;454.8;22.1;22.2;27;27.5;26.1;-1.0;
26/02/2025 04:33:25;117;0;145.97;-4;19.76;2.88;385.6;11.90;74443;2834.335;-1757.789;1;137;450;454.8;22.1;22.2;27;27.5;26.1;-1.0;
26/02/2025 04:33:45;117;0;146.03;-4;19.87;2.85;383.0;11.90;74448;2834.333;-1757.787;1;137;450;451.6;22.1;22.2;27;27.5;26.1;-1.0;
26/02/2025 04:34:05;117;0;145.87;-4;19.84;2.91;380.3;11.90;74459;2834.331;-1757.785;1;137;450;454.8;22.1;22.2;27;27.5;26.1;-1.0;
26/02/2025 04:34:25;117;0;145.39;-4;19.69;2.79;377.5;11.90;74456;2834.329;-1757.783;1;137;450;454.8;22.1;22.2;27;27.5;26.1;-1.0;
26/02/2025 04:34:45;117;0;144.79;-4;19.63;2.88;374.8;12.00;74476;2834.327;-1757.781;1;137;450;454.8;22.1;22.2;27;27.5;26.1;-1.0;
26/02/2025 04:35:05;117;0;143.24;-4;19.72;2.92;372.1;12.00;74480;2834.325;-1757.779;1;137;450;454.8;22.1;22.2;27;27.5;26.1;-1.0;
26/02/2025 04:35:25;117;0;143.40;-4;19.57;2.80;369.3;12.00;74484;2834.323;-1757.777;1;137;450;454.8;22.1;22.2;27;27.5;26.1;-1.0;
26/02/2025 04:35:45;117;0;144.72;-4;19.69;2.72;366.6;12.00;74496;2834.321;-1757.775;1;137;450;454.8;22.1;22.2;27;27.5;26.1;-1.0;
26/02/2025 04:36:05;117;0;145.42;-4;19.72;2.77;363.9;12.10;74493;2834.319;-1757.773;1;137;450;454.8;22.1;22.2;27;27.5;26.1;-1.0;
26/02/2025 04:36:25;117;0;146.38;-4;19.89;2.77;361.1;12.10;74503;2834.317;-1757.771;1;137;450;454.8;22.1;22.2;27;27.5;26.1;-1.0;
26/02/2025 04:36:45;117;0;146.50;-4;19.73;2.76;358.1;12.10;74517;2834.315;-1757.769;1;137;450;453.2;22.1;22.2;27;27.5;26.1;-1.0;
26/02/2025 04:37:05;117;0;147.48;-4;19.58;2.80;355.4;12.10;74505;2834.313;-1757.767;1;137;450;454.8;22.1;22.2;27;27.5;26.1;-1.0;
26/02/2025 04:37:25;117;0;148.62;-4;19.58;2.82;352.4;12.20;74518;2834.311;-1757.766;1;137;450;454.8;22.1;22.2;25;24.4;26.1;-1.0;
26/02/2025 04:37:45;117;0;148.36;-4;19.44;1.04;349.6;12.20;74528;2834.309;-1757.764;1;137;450;454.8;22.1;22.2;25;23.9;26.1;-1.0;
26/02/2025 04:38:05;117;0;147.82;-4;19.35;1.14;346.8;12.20;74536;2834.306;-1757.762;1;137;450;454.8;22.1;22.2;25;24.4;26.1;-1.0;
26/02/2025 04:38:25;117;0;147.13;-4;19.45;1.11;343.9;12.30;74534;2834.304;-1757.760;1;137;450;454.8;22.1;22.2;25;24.4;26.1;-1.0;
26/02/2025 04:38:45;117;0;146.34;-4;19.36;1.13;341.0;12.30;74547;2834.302;-1757.758;1;137;450;456.5;22.1;22.4;25;24.4;26.1;-1.0;
26/02/2025 04:39:05;117;0;145.25;-4;19.37;1.08;338.1;12.30;74545;2834.300;-1757.756;1;137;450;453.2;22.1;22.2;25;24.4;26.1;-1.0;
26/02/2025 04:39:25;117;0;144.70;-4;19.52;1.12;335.2;12.30;74539;2834.297;-1757.753;1;137;450;454.8;22.1;22.2;25;24.4;26.1;-1.0;
26/02/2025 04:39:45;117;0;144.78;-4;19.71;1.03;332.2;12.30;74549;2834.295;-1757.751;1;137;450;456.5;22.1;22.4;25;24.4;26.1;-1.0;
26/02/2025 04:40:05;117;0;144.24;-4;19.53;1.02;329.0;12.40;74547;2834.293;-1757.749;1;137;450;454.8;22.1;22.2;25;24.4;26.1;-1.0;
26/02/2025 04:40:25;117;0;143.97;-4;19.37;0.98;326.0;12.40;74565;2834.290;-1757.747;1;137;450;454.8;22.1;22.2;25;24.4;26.1;-1.0;
26/02/2025 04:40:45;117;0;144.17;-4;19.38;1.03;322.8;12.40;74554;2834.288;-1757.744;1;137;450;454.8;22.1;22.2;25;24.4;26.1;-1.0;
26/02/2025 04:41:05;117;0;143.86;-4;19.34;1.08;319.8;12.40;74571;2834.286;-1757.742;1;137;450;456.5;22.1;22.2;25;24.4;26.1;-1.0;
26/02/2025 04:41:25;117;0;143.24;-4;19.25;1.14;316.7;12.50;74565;2834.283;-1757.739;1;137;450;453.2;22.1;22.2;25;24.4;26.1;-1.0;
26/02/2025 04:41:45;117;0;143.50;-4;19.39;1.03;313.4;12.50;74576;2834.281;-1757.737;1;137;450;454.8;22.1;22.2;25;23.9;26.1;-1.0;
26/02/2025 04:42:05;117;0;143.71;-4;19.30;1.15;310.2;12.50;74586;2834.278;-1757.734;1;137;450;454.8;22.1;22.2;25;24.4;26.1;-1.0;
26/02/2025 04:42:25;117;0;142.56;-4;19.25;1.12;307.0;12.60;74585;2834.276;-1757.732;1;137;450;456.5;22.1;22.2;25;24.4;26.1;-1.0;
26/02/2025 04:42:45;117;0;141.55;-4;19.24;1.09;303.9;12.60;74587;2834.273;-1757.729;1;137;450;454.8;22.1;22.2;25;24.4;26.1;-1.0;
26/02/2025 04:43:05;117;0;140.81;-4;19.22;1.09;300.6;12.60;74599;2834.271;-1757.726;1;137;450;454.8;22.1;22.2;25;24.4;26.1;-1.0;
26/02/2025 04:43:26;117;0;140.51;-4;19.37;1.05;297.3;12.60;74597;2834.268;-1757.724;1;137;450;454.8;22.1;22.2;25;24.4;26.1;-1.0;
26/02/2025 04:43:46;117;0;138.78;-4;19.17;1.04;294.1;12.60;74595;2834.266;-1757.721;1;137;450;454.8;22.1;22.2;25;24.4;26.1;-1.0;
26/02/2025 04:44:06;117;0;135.90;-4;19.07;1.09;290.9;12.70;74604;2834.264;-1757.718;1;137;450;454.8;22.1;22.2;27;27.1;26.1;-1.0;
26/02/2025 04:44:26;117;0;135.52;-4;19.19;2.79;287.7;12.70;74622;2834.262;-1757.715;1;137;450;454.8;22.1;22.2;27;27.5;26.1;-1.0;
26/02/2025 04:44:46;117;0;135.46;-4;19.26;2.91;284.5;12.70;74634;2834.260;-1757.712;1;137;450;454.8;22.1;22.2;27;27.5;26.1;-1.0;
26/02/2025 04:45:06;117;0;135.14;-4;19.23;2.87;281.3;12.80;74641;2834.258;-1757.709;1;137;450;454.8;22.1;22.2;27;27.5;26.1;-1.0;
26/02/2025 04:45:26;117;0;136.20;-4;19.23;2.80;278.2;12.80;74647;2834.256;-1757.706;1;137;450;454.8;22.1;22.2;27;27.5;26.1;-1.0;
26/02/2025 04:45:46;117;0;137.43;-4;19.19;2.80;275.2;12.80;74650;2834.254;-1757.703;1;137;450;454.8;22.1;22.2;27;27.5;26.1;-1.0;
26/02/2025 04:46:06;117;0;137.20;-4;19.31;2.83;272.1;12.80;74663;2834.252;-1757.700;1;137;450;451.6;22.1;22.2;27;27.5;26.1;-1.0;
26/02/2025 04:46:26;117;0;137.41;-4;19.35;2.83;269.2;12.90;74672;2834.250;-1757.698;1;137;450;454.8;22.1;22.2;27;27.5;26.1;-1.0;
26/02/2025 04:46:46;117;0;138.04;-4;19.42;2.83;266.2;12.90;74686;2834.248;-1757.695;1;137;450;454.8;22.1;22.2;27;27.5;26.1;-1.0;
26/02/2025 04:47:06;117;0;138.33;-4;19.31;2.88;263.2;12.90;74696;2834.246;-1757.692;1;137;450;453.2;22.1;22.2;27;27.5;26.1;-1.0;
26/02/2025 04:47:26;117;0;137.85;-4;19.10;2.84;260.1;13.00;74697;2834.243;-1757.690;1;137;450;454.8;22.1;22.2;27;27.5;26.1;-1.0;
26/02/2025 04:47:46;117;0;137.37;-4;19.01;2.88;257.2;13.00;74701;2834.241;-1757.687;1;137;450;454.8;22.1;22.2;27;27.5;26.1;-1.0;
26/02/2025 04:48:06;117;0;136.85;-4;18.97;2.83;254.3;13.00;74720;2834.240;-1757.684;1;137;450;456.5;21.8;21.8;27;27.5;26.1;-1.0;
26/02/2025 04:48:26;117;0;137.82;-4;19.39;2.92;251.5;13.10;74733;2834.238;-1757.682;1;137;450;456.5;21.8;21.8;27;27.5;26.1;-1.0;
26/02/2025 04:48:46;117;0;139.26;-4;19.70;2.69;248.8;13.10;74740;2834.236;-1757.680;1;137;450;454.8;21.8;21.8;27;27.5;26.1;-1.0;
26/02/2025 04:49:06;117;0;140.57;-4;19.66;2.76;245.8;13.10;74746;2834.234;-1757.677;1;137;450;454.8;21.8;21.8;27;27.5;26.1;-1.0;
26/02/2025 04:49:26;117;0;140.99;-4;19.54;2.73;242.8;13.10;74759;2834.232;-1757.675;1;137;450;456.5;21.8;21.8;27;27.5;26.1;-1.0;
26/02/2025 04:49:46;117;0;140.77;-4;19.35;2.73;239.8;13.20;74766;2834.230;-1757.672;1;137;450;456.5;21.8;21.8;27;27.5;26.1;-1.0;
26/02/2025 04:50:06;117;0;140.91;-4;19.37;2.80;236.8;13.20;74775;2834.228;-1757.670;1;137;450;454.8;21.8;21.8;27;27.5;26.1;-1.0;
26/02/2025 04:50:26;117;0;140.82;-4;19.39;2.74;233.8;13.30;74780;2834.225;-1757.667;1;137;450;454.8;21.8;21.8;27;27.5;26.1;-1.0;
26/02/2025 04:50:46;117;0;140.71;-4;19.34;2.81;230.9;13.30;74777;2834.223;-1757.665;1;137;450;454.8;21.8;21.8;27;27.5;26.1;-1.0;
26/02/2025 04:51:06;117;0;140.40;-4;19.32;2.79;227.9;13.30;74786;2834.221;-1757.662;1;137;450;454.8;21.8;21.9;27;27.5;26.1;-1.0;
26/02/2025 04:51:26;117;0;140.73;-4;19.36;2.82;225.0;13.30;74798;2834.219;-1757.660;1;137;450;454.8;21.8;21.8;27;27.5;26.1;-1.0;
26/02/2025 04:51:46;117;0;142.53;-4;19.59;2.74;222.1;13.40;74808;2834.217;-1757.658;1;137;450;454.8;21.8;21.8;27;27.5;26.1;-1.0;
26/02/2025 04:52:06;117;0;144.17;-4;19.61;2.79;219.1;13.40;74806;2834.215;-1757.655;1;137;450;454.8;21.8;21.8;27;27.5;26.1;-1.0;
26/02/2025 04:52:26;117;0;144.84;-4;19.57;2.72;216.0;13.40;74813;2834.213;-1757.653;1;137;450;456.5;21.8;21.8;27;27.5;26.1;-1.0;
26/02/2025 04:52:46;117;0;145.15;-4;19.47;2.81;212.9;13.50;74822;2834.210;-1757.651;1;137;450;456.5;21.8;21.8;27;28.0;26.1;-1.0;
26/02/2025 04:53:06;117;0;145.87;-4;19.43;2.73;210.0;13.50;74825;2834.208;-1757.649;1;137;450;456.5;21.8;21.8;27;27.5;26.1;-1.0;
26/02/2025 04:53:26;117;0;146.49;-4;19.40;2.80;206.9;13.50;74838;2834.205;-1757.647;1;137;450;453.2;21.8;21.9;27;27.5;26.1;-1.0;
26/02/2025 04:53:46;117;0;148.11;-4;19.54;2.69;204.0;13.60;74837;2834.203;-1757.645;1;137;450;456.5;21.8;21.8;27;27.5;26.1;-1.0;
26/02/2025 04:54:06;117;0;146.69;-4;19.36;2.67;200.9;13.60;74845;2834.201;-1757.643;1;137;450;453.2;21.8;21.8;27;27.5;26.1;-1.0;
26/02/2025 04:54:26;117;0;146.32;-4;19.19;2.80;198.0;13.60;74851;2834.198;-1757.640;1;137;450;454.8;21.8;21.9;27;27.5;26.1;-1.0;
26/02/2025 04:54:46;117;0;145.10;-4;19.17;2.84;194.8;13.60;74858;2834.196;-1757.638;1;137;450;454.8;21.8;21.8;27;27.5;26.1;-1.0;
26/02/2025 04:55:06;117;0;146.45;-4;19.26;2.75;191.8;13.70;74870;2834.193;-1757.636;1;137;450;456.5;21.8;21.8;27;27.5;26.1;-1.0;
26/02/2025 04:55:26;117;0;148.03;-4;19.33;2.77;188.8;13.70;74885;2834.191;-1757.634;1;137;450;454.8;21.8;21.9;27;27.5;26.1;-1.0;
26/02/2025 04:55:46;117;0;149.82;-4;19.34;2.66;185.9;13.80;74895;2834.189;-1757.632;1;137;450;454.8;21.8;21.5;25;24.4;26.1;-1.0;
26/02/2025 04:56:06;117;0;149.38;-4;19.60;0.95;182.9;13.80;74906;2834.186;-1757.630;1;137;450;454.8;21.8;21.5;25;23.9;26.1;-1.0;
26/02/2025 04:56:26;117;0;148.60;-4;19.80;0.92;180.0;13.80;74904;2834.184;-1757.628;1;137;450;454.8;21.8;21.5;25;24.4;26.1;-1.0;
26/02/2025 04:56:46;117;0;147.09;-4;19.58;0.96;176.8;13.90;74918;2834.181;-1757.626;1;137;450;454.8;21.8;21.5;25;23.9;26.1;-1.0;
26/02/2025 04:57:06;117;0;145.94;-4;19.59;0.95;173.8;13.90;74925;2834.179;-1757.624;1;137;450;454.8;21.8;21.5;25;23.9;26.1;-1.0;
26/02/2025 04:57:26;117;0;142.51;-4;19.59;1.00;171.0;13.90;74944;2834.177;-1757.622;1;137;450;456.5;21.8;21.5;25;23.9;26.1;-1.0;
26/02/2025 04:57:46;117;0;140.10;-4;18.72;0.92;168.3;14.00;74950;2834.175;-1757.620;1;137;450;456.5;21.4;21.5;25;24.4;26.1;-1.0;
26/02/2025 04:58:06;117;0;140.49;-4;20.10;0.98;165.2;14.00;74973;2834.173;-1757.617;1;137;450;454.8;21.4;21.5;25;23.9;26.1;-1.0;
26/02/2025 04:58:26;117;0;139.16;-4;19.19;0.91;162.6;14.00;74977;2834.172;-1757.615;1;137;450;454.8;21.4;21.6;25;23.9;26.1;-1.0;
26/02/2025 04:58:46;117;0;137.97;-4;19.29;0.84;160.0;14.10;74985;2834.170;-1757.613;1;137;450;454.8;21.4;21.5;27;27.1;26.1;-1.0;
26/02/2025 04:59:06;117;0;136.29;-4;19.52;2.86;157.6;14.10;74995;2834.169;-1757.611;1;137;450;454.8;21.4;21.5;27;27.5;26.1;-1.0;
26/02/2025 04:59:26;117;0;134.08;-4;19.14;3.00;154.9;14.10;74990;2834.167;-1757.608;1;137;450;456.5;21.4;21.5;27;27.5;26.1;-1.0;
26/02/2025 04:59:46;117;0;132.88;-4;19.82;2.85;152.3;14.20;75005;2834.166;-1757.606;1;137;450;454.8;21.4;21.5;30;29.8;26.1;-1.0;
26/02/2025 05:00:06;117;0;133.14;-4;19.78;4.19;149.9;14.20;75014;2834.164;-1757.603;1;137;450;454.8;21.4;21.5;30;30.7;26.1;-1.0;
26/02/2025 05:00:26;117;0;134.10;-4;20.03;4.36;147.4;14.30;75031;2834.163;-1757.601;1;137;450;454.8;21.4;21.5;30;30.7;26.1;-1.0;
26/02/2025 05:00:46;117;0;132.55;-4;19.75;4.44;144.6;14.30;75048;2834.162;-1757.598;1;137;450;456.5;21.4;21.5;30;30.7;26.1;-1.0;
26/02/2025 05:01:06;117;0;130.16;-4;19.77;4.28;142.3;14.30;75066;2834.161;-1757.596;1;137;450;456.5;21.4;21.5;35;35.2;26.1;-1.0;
26/02/2025 05:01:26;117;0;130.79;-4;19.87;6.94;139.8;14.40;75089;2834.160;-1757.594;1;137;450;454.8;21.4;21.5;33;32.9;26.1;-1.0;
26/02/2025 05:01:46;117;0;132.30;-4;19.98;5.37;137.7;14.40;75101;2834.159;-1757.592;1;137;450;456.5;21.4;21.5;33;32.5;26.1;-1.0;
26/02/2025 05:02:06;117;0;135.62;-4;20.04;5.36;135.1;14.50;75126;2834.157;-1757.590;1;137;450;454.8;21.4;21.5;28;28.0;26.1;-1.0;
26/02/2025 05:02:26;117;0;138.05;-4;19.79;2.76;132.3;14.50;75145;2834.155;-1757.587;1;137;450;453.2;21.4;21.5;28;27.5;26.1;-1.0;
26/02/2025 05:02:46;117;0;137.92;-4;19.78;2.85;129.8;14.60;75163;2834.154;-1757.585;1;137;450;454.8;21.4;21.5;28;27.5;26.1;-1.0;
26/02/2025 05:03:06;117;0;137.35;-4;19.71;2.78;127.2;14.60;75178;2834.152;-1757.583;1;137;450;454.8;21.4;21.5;28;27.5;26.1;-1.0;
26/02/2025 05:03:26;117;0;137.18;-4;19.52;2.71;124.4;14.70;75186;2834.151;-1757.581;1;137;450;454.8;21.4;21.5;28;27.5;26.1;-1.0;
26/02/2025 05:03:46;117;0;139.32;-4;19.57;2.75;121.8;14.70;75203;2834.149;-1757.578;1;137;450;456.5;21.4;21.5;28;27.5;26.1;-1.0;
26/02/2025 05:04:06;117;0;141.29;-4;19.67;2.72;119.0;14.80;75237;2834.147;-1757.576;1;137;450;456.5;21.4;21.5;28;27.5;26.1;-1.0;
26/02/2025 05:04:26;117;0;141.64;-4;19.56;2.80;116.4;14.80;75249;2834.146;-1757.574;1;137;450;454.8;21.4;21.5;28;27.5;26.1;-1.0;
26/02/2025 05:04:46;117;0;144.14;-4;19.73;2.68;113.7;14.90;75259;2834.144;-1757.572;1;137;450;454.8;21.4;21.5;28;27.5;26.1;-1.0;
26/02/2025 05:05:06;117;0;145.98;-4;19.77;2.70;110.9;14.90;75270;2834.142;-1757.570;1;137;450;454.8;21.4;21.5;26;26.2;26.1;-1.0;
26/02/2025 05:05:26;117;0;145.66;-4;19.59;2.05;108.0;15.00;75290;2834.140;-1757.568;1;137;450;456.5;21.4;21.4;26;26.6;26.1;-1.0;
26/02/2025 05:05:46;117;0;146.40;-4;19.49;2.14;105.3;15.00;75307;2834.137;-1757.567;1;137;450;453.2;21.4;21.5;26;26.6;26.1;-1.0;
26/02/2025 05:06:06;117;0;144.91;-4;19.26;2.20;102.4;15.10;75325;2834.135;-1757.564;1;137;450;456.5;21.4;21.5;26;26.2;26.1;-1.0;
26/02/2025 05:06:26;117;0;142.67;-4;19.31;2.22;99.7;15.10;75344;2834.133;-1757.562;1;137;450;456.5;21.4;21.5;26;26.2;26.1;-1.0;
26/02/2025 05:06:46;117;0;141.97;-4;19.28;2.21;97.1;15.20;75377;2834.131;-1757.560;1;137;450;456.5;21.4;21.5;26;26.6;26.1;-1.0;
26/02/2025 05:07:06;117;0;142.56;-4;19.18;2.17;94.4;15.30;75401;2834.129;-1757.558;1;137;450;456.5;21.4;21.5;26;26.2;26.1;-1.0;
26/02/2025 05:07:26;117;0;141.35;-4;19.12;2.14;91.7;15.30;75421;2834.128;-1757.556;1;137;450;454.8;21.4;21.5;26;26.6;26.1;-1.0;
26/02/2025 05:07:46;117;0;140.26;-4;18.80;2.34;89.2;15.40;75447;2834.126;-1757.554;1;137;450;454.8;21.1;21.1;26;26.6;26.1;-1.0;
26/02/2025 05:08:06;117;0;137.46;-4;20.58;2.20;86.6;15.50;75456;2834.125;-1757.552;1;137;450;456.5;21.1;20.5;28;28.0;26.1;-1.0;
26/02/2025 05:08:26;117;0;135.34;-4;21.25;3.24;83.6;15.50;75476;2834.123;-1757.549;1;137;450;456.5;21.1;20.6;28;28.4;26.1;-1.0;
26/02/2025 05:08:46;117;0;134.98;-4;21.69;3.37;80.6;15.60;75489;2834.121;-1757.547;1;137;450;456.5;21.1;20.5;28;28.4;26.1;-1.0;
26/02/2025 05:09:06;117;0;134.92;-4;21.83;3.24;77.4;15.60;75507;2834.119;-1757.544;1;137;450;454.8;21.1;20.5;28;28.4;26.1;-1.0;
26/02/2025 05:09:26;117;0;134.65;-4;21.90;3.16;74.2;15.70;75516;2834.118;-1757.541;1;137;450;456.5;21.1;20.5;28;28.4;26.1;-1.0;
26/02/2025 05:09:46;117;0;132.78;-4;21.55;3.24;71.0;15.80;75535;2834.116;-1757.538;1;137;450;456.5;21.1;20.6;30;29.8;26.1;-1.0;
26/02/2025 05:10:06;117;0;132.96;-4;21.96;4.31;67.6;15.80;75546;2834.114;-1757.535;1;137;450;454.8;21.1;20.6;30;30.2;26.1;-1.0;
26/02/2025 05:10:26;117;0;133.03;-4;21.82;4.28;64.2;15.90;75562;2834.112;-1757.532;1;137;450;456.5;21.1;20.5;30;30.2;26.1;-1.0;
26/02/2025 05:10:46;117;0;133.89;-4;22.04;4.38;61.0;16.00;75575;2834.111;-1757.530;1;137;450;454.8;21.7;21.6;30;30.2;26.1;-1.0;
26/02/2025 05:11:06;117;0;135.23;-4;20.43;4.33;57.9;16.00;75578;2834.109;-1757.527;1;137;450;454.8;21.7;21.8;28;27.5;26.1;-1.0;
26/02/2025 05:11:26;117;0;135.17;-4;20.27;2.96;54.6;16.10;75595;2834.107;-1757.524;1;137;450;456.5;21.7;21.8;28;27.5;26.1;-1.0;
26/02/2025 05:11:46;117;0;136.74;-4;19.69;2.74;51.7;16.10;75595;2834.105;-1757.521;1;137;450;454.8;21.7;21.8;28;28.0;26.1;-1.0;
26/02/2025 05:12:06;117;0;136.92;-4;19.76;2.93;48.6;16.20;75609;2834.103;-1757.518;1;137;450;456.5;21.7;21.8;28;27.5;26.1;-1.0;
26/02/2025 05:12:26;117;0;137.31;-4;19.77;2.90;45.7;16.20;75615;2834.101;-1757.516;1;137;450;454.8;21.7;21.8;28;27.5;26.1;-1.0;
26/02/2025 05:12:46;117;0;138.00;-4;19.39;2.89;42.7;16.30;75631;2834.099;-1757.513;1;137;450;456.5;21.7;21.8;28;27.5;26.1;-1.0;
26/02/2025 05:13:06;117;0;138.21;-4;19.77;2.99;39.7;16.30;75632;2834.097;-1757.511;1;137;450;456.5;21.7;21.8;28;27.5;26.1;-1.0;
26/02/2025 05:13:26;117;0;138.56;-4;19.35;2.87;36.8;16.40;75635;2834.095;-1757.508;1;137;450;456.5;21.7;21.8;28;28.0;26.1;-1.0;
26/02/2025 05:13:46;117;0;138.60;-4;19.70;2.93;33.6;16.50;75645;2834.093;-1757.505;1;137;450;454.8;21.7;21.8;28;27.5;26.1;-1.0;
26/02/2025 05:14:06;117;0;138.96;-4;19.56;2.72;30.6;16.50;75650;2834.091;-1757.503;1;137;450;454.8;21.7;21.8;28;28.0;26.1;-1.0;
26/02/2025 05:14:26;117;0;139.13;-4;19.91;2.89;27.7;16.60;75657;2834.089;-1757.500;1;137;450;456.5;21.7;21.8;28;28.0;26.1;-1.0;
26/02/2025 05:14:46;117;0;139.51;-4;19.44;2.89;24.7;16.60;75671;2834.087;-1757.498;1;137;450;454.8;21.7;21.8;28;28.0;26.1;-1.0;
26/02/2025 05:15:06;117;0;139.29;-4;19.44;3.01;21.7;16.60;75672;2834.085;-1757.495;1;137;450;454.8;21.7;21.8;28;28.0;26.1;-1.0;
26/02/2025 05:15:26;117;0;139.71;-4;19.88;2.79;18.6;16.70;75676;2834.083;-1757.493;1;137;450;456.5;21.7;21.8;28;28.0;26.1;-1.0;
26/02/2025 05:15:46;117;0;141.25;-4;18.82;2.71;15.7;16.80;75694;2834.081;-1757.490;1;137;450;456.5;21.3;21.4;28;28.0;26.1;-1.0;
26/02/2025 05:16:06;117;0;140.42;-4;20.42;3.03;12.5;16.80;75683;2834.079;-1757.488;1;137;450;456.5;21.3;21.4;28;28.0;26.1;-1.0;
26/02/2025 05:16:26;117;0;138.68;-4;19.54;3.25;9.5;16.90;75698;2834.077;-1757.485;1;137;450;454.8;21.3;21.4;28;28.0;26.1;-1.0;
26/02/2025 05:16:46;117;0;135.75;-4;19.91;2.96;6.5;16.90;75703;2834.075;-1757.482;1;137;450;454.8;21.3;21.4;28;27.5;26.1;-1.0;
26/02/2025 05:17:06;117;0;136.16;-4;19.80;3.27;3.5;16.90;75716;2834.073;-1757.480;1;137;450;456.5;21.3;21.4;28;28.0;26.1;-1.0;
26/02/2025 05:17:09;115;0;138.84;-4;16.88;2.35;3.0;16.90;75718;2834.072;-1757.479;1;137;500;459.7;100.0;62.3;0;-0.5;26.1;-1.0;
26/02/2025 05:17:19;115;0;122.46;-4;5.38;-10.57;1.8;17.00;75696;2834.072;-1757.478;1;137;500;504.8;100.0;100.0;0;-0.5;25.8;-1.0;
26/02/2025 05:17:29;115;0;121.66;-4;-66.54;-12.22;2.1;17.00;75623;2834.072;-1757.478;1;137;500;504.8;100.0;100.4;0;-0.5;26.1;-1.0;
26/02/2025 05:17:49;119;0;122.12;-4;-43.34;-7.20;-0.2;17.10;75643;2834.072;-1757.478;1;137;500;506.5;100.0;100.4;0;-0.5;26.1;-1.0;
26/02/2025 05:18:00;119;0;123.20;-4;-64.65;-12.65;-0.0;17.10;75633;2833.623;-1757.310;0;137;500;506.5;100.0;100.6;0;-0.5;26.1;-1.0;
