Timestamp;NavState;SecurityLevel;Heading;Declination;Pitch;Roll;Depth;Temperature;Pa;Lat;Lon;DeadReckoning;DesiredH;BallastCmd;BallastPos;LinCmd;LinPos;AngCmd;AngPos;Voltage;Altitude;
02/03/2025 13:02:19;119;0;176.71;-4;-42.37;-14.44;0.1;16.30;75487;2836.489;-1759.859;0;127;500;506.5;100.0;100.4;0;-0.5;25.3;-1.0;
02/03/2025 13:02:29;116;0;190.61;-4;-58.69;-3.99;0.1;16.30;75491;2836.501;-1759.862;0;127;500;506.5;100.0;100.4;0;-0.5;25.3;-1.0;
02/03/2025 13:02:54;116;0;173.21;-4;-51.88;-6.57;0.2;16.40;75515;2836.506;-1759.863;0;127;500;506.5;100.0;100.4;0;-0.5;25.3;-1.0;
02/03/2025 13:03:21;116;0;165.40;-4;-51.31;-10.56;0.1;16.50;75519;2836.494;-1759.869;0;127;500;506.5;100.0;100.4;0;-0.5;25.3;-1.0;
02/03/2025 13:03:41;116;0;183.66;-4;-57.83;-15.16;0.1;16.60;75536;2836.497;-1759.870;0;140;500;506.5;100.0;100.4;0;-0.5;25.3;-1.0;
02/03/2025 13:03:52;116;0;191.56;-4;-55.70;-14.54;-0.0;16.60;75534;2836.499;-1759.871;0;140;500;504.8;100.0;100.4;0;-0.5;25.3;-1.0;
02/03/2025 13:04:55;116;0;201.05;-4;-50.47;-9.11;0.1;16.90;75559;2836.512;-1759.875;0;140;500;506.5;100.0;100.4;0;-0.5;25.3;-1.0;
02/03/2025 13:04:58;116;0;193.94;-4;-50.30;-12.26;0.2;16.90;75558;2836.512;-1759.876;0;140;500;506.5;100.0;100.4;0;-0.5;25.3;-1.0;
02/03/2025 13:06:00;116;0;200.88;-4;-53.09;-6.76;-0.0;17.10;75587;2836.527;-1759.881;0;140;500;506.5;100.0;100.4;0;-0.5;25.3;-1.0;
02/03/2025 13:07:15;116;0;183.91;-4;-55.24;-11.15;-0.1;17.50;75615;2836.543;-1759.890;0;140;500;506.5;100.0;100.4;0;-0.5;25.3;-1.0;
02/03/2025 13:08:22;116;0;204.60;-4;-53.45;-18.82;-0.0;17.80;75653;2836.556;-1759.896;0;140;500;506.5;100.0;100.4;0;-0.5;25.3;-1.0;
02/03/2025 13:08:42;110;0;197.27;-4;-47.93;-17.45;-0.1;17.90;75643;2836.556;-1759.896;0;140;-110;383.9;100.0;100.4;-7;-7.2;25.3;-1.0;
02/03/2025 13:08:52;110;0;190.89;-4;-56.79;-5.86;0.1;18.00;76009;2836.556;-1759.896;1;140;-110;243.5;100.0;100.4;-7;-7.2;25.2;-1.0;
02/03/2025 13:09:02;110;0;196.14;-4;-53.62;-17.84;0.5;18.00;76235;2836.557;-1759.897;1;140;-110;90.3;100.0;100.4;-7;-7.2;25.2;-1.0;
02/03/2025 13:09:12;110;0;190.42;-4;-69.92;-14.62;0.8;18.10;76553;2836.557;-1759.897;1;140;-110;-62.9;100.0;100.4;-7;-7.2;25.3;-1.0;
02/03/2025 13:09:22;110;0;199.79;-4;-65.84;-27.05;0.9;18.10;76875;2836.558;-1759.898;1;140;-110;-108.1;43.2;55.1;-7;-7.2;25.2;-1.0;
02/03/2025 13:09:32;110;0;209.00;-4;-56.32;-15.31;1.8;18.10;76921;2836.558;-1759.898;1;140;-110;-109.7;43.2;43.0;-7;-7.2;25.3;-1.0;
02/03/2025 13:09:52;100;0;218.46;-4;-23.43;-16.18;5.0;18.20;76934;2836.556;-1759.902;1;140;-110;-103.2;43.2;42.7;-7;-7.2;25.3;-1.0;
02/03/2025 13:10:12;100;0;224.35;-4;-20.89;-15.05;7.8;18.30;76928;2836.555;-1759.905;1;140;-110;-104.8;43.2;42.7;70;69.9;25.3;-1.0;
02/03/2025 13:10:32;100;0;219.39;-4;-24.27;23.61;10.7;18.30;76938;2836.554;-1759.908;1;140;-110;-103.2;41.9;41.8;70;70.4;25.3;-1.0;
02/03/2025 13:10:52;100;0;207.85;-4;-22.44;23.50;13.7;18.30;76952;2836.552;-1759.911;1;140;-110;-103.2;41.2;41.1;70;70.4;25.3;0.0;
02/03/2025 13:11:12;100;0;195.46;-4;-19.99;24.00;16.4;18.30;76960;2836.550;-1759.913;1;140;-110;-101.6;41.2;40.8;70;70.4;25.3;0.0;
02/03/2025 13:11:32;100;0;184.07;-4;-19.63;23.93;19.0;18.30;76962;2836.548;-1759.914;1;140;-110;-101.6;41.2;40.8;62;61.4;25.3;0.0;
02/03/2025 13:11:52;100;0;173.79;-4;-19.15;18.81;21.4;18.40;76975;2836.546;-1759.914;1;140;-110;-101.6;41.2;40.8;47;46.5;25.3;0.0;
02/03/2025 13:12:12;100;0;166.33;-4;-18.62;11.38;23.6;18.40;76969;2836.545;-1759.914;1;140;-110;-101.6;41.6;41.8;33;32.9;25.3;0.0;
02/03/2025 13:12:32;100;0;161.09;-4;-18.50;4.62;26.1;18.40;76979;2836.543;-1759.914;1;140;-110;-103.2;42.0;42.1;26;25.7;25.3;0.0;
02/03/2025 13:12:52;100;0;156.66;-4;-19.34;1.10;28.5;18.40;76975;2836.541;-1759.913;1;140;-110;-101.6;42.0;42.3;20;19.9;25.3;0.0;
02/03/2025 13:13:12;100;0;154.33;-4;-19.21;-2.11;30.8;18.50;76985;2836.539;-1759.912;1;140;-110;-101.6;42.0;42.1;17;17.1;25.3;0.0;
02/03/2025 13:13:32;100;0;153.16;-4;-19.05;-3.40;33.3;18.50;76993;2836.538;-1759.911;1;140;-110;-101.6;42.0;42.1;17;16.7;25.3;0.0;
02/03/2025 13:13:52;100;0;152.43;-4;-19.12;-3.42;35.7;18.50;76993;2836.536;-1759.910;1;140;-110;-103.2;42.0;42.1;17;16.7;25.3;0.0;
02/03/2025 13:14:12;100;0;151.49;-4;-19.21;-3.39;38.1;18.50;76997;2836.535;-1759.909;1;140;-110;-101.6;42.0;42.1;17;16.7;25.3;0.0;
02/03/2025 13:14:32;100;0;150.59;-4;-19.00;-3.33;40.4;18.50;77009;2836.533;-1759.908;1;140;-110;-101.6;42.3;42.3;17;16.7;25.3;0.0;
02/03/2025 13:14:52;100;0;149.55;-4;-19.60;-3.40;42.8;18.50;77012;2836.532;-1759.907;1;140;-110;-101.6;42.3;42.6;17;16.7;25.3;0.0;
02/03/2025 13:15:12;100;0;149.22;-4;-20.01;-3.42;45.2;18.60;77018;2836.531;-1759.906;1;140;-110;-103.2;42.3;42.4;17;16.7;25.3;0.0;
02/03/2025 13:15:32;100;0;148.70;-4;-19.98;-3.41;47.6;18.60;77026;2836.529;-1759.905;1;140;-110;-103.2;42.3;42.6;17;16.7;25.3;0.0;
02/03/2025 13:15:52;100;0;148.75;-4;-19.79;-3.45;50.1;18.60;77023;2836.528;-1759.904;1;140;-110;-101.6;42.3;42.6;17;16.7;25.3;0.0;
02/03/2025 13:16:12;100;0;146.70;-4;-19.58;-3.43;52.6;18.60;77027;2836.526;-1759.903;1;140;-110;-101.6;42.3;42.6;17;16.7;25.3;0.0;
02/03/2025 13:16:32;100;0;147.43;-4;-19.57;-3.38;54.7;18.60;77032;2836.525;-1759.902;1;140;-110;-101.6;42.3;42.6;17;16.7;25.3;0.0;
02/03/2025 13:16:52;100;0;150.13;-4;-19.50;-3.48;57.1;18.60;77027;2836.524;-1759.901;1;140;-110;-101.6;42.3;42.4;17;16.7;25.3;0.0;
02/03/2025 13:17:12;100;0;153.09;-4;-19.50;-3.46;59.5;18.60;77023;2836.522;-1759.900;1;140;-110;-101.6;42.3;42.6;17;16.2;25.3;0.0;
02/03/2025 13:17:32;100;0;150.11;-4;-19.57;-3.44;61.7;18.60;77011;2836.521;-1759.899;1;140;-110;-103.2;42.3;42.4;17;16.7;25.3;0.0;
02/03/2025 13:17:52;100;0;150.11;-4;-19.49;-3.49;64.0;18.70;77017;2836.520;-1759.898;1;140;-110;-101.6;42.3;42.4;17;16.7;25.3;0.0;
02/03/2025 13:18:12;100;0;153.13;-4;-19.67;-3.46;66.3;18.60;76993;2836.518;-1759.898;1;140;-110;-101.6;42.3;42.4;17;16.7;25.3;0.0;
02/03/2025 13:18:32;100;0;155.48;-4;-19.85;-3.44;68.6;18.60;76999;2836.517;-1759.897;1;140;-110;-103.2;42.3;42.4;19;19.0;25.3;0.0;
02/03/2025 13:18:52;100;0;157.58;-4;-20.22;-1.93;71.2;18.60;76988;2836.515;-1759.896;1;140;-110;-103.2;42.3;42.4;22;22.6;25.3;0.0;
02/03/2025 13:19:12;100;0;151.23;-4;-20.11;-0.25;73.7;18.60;76973;2836.514;-1759.895;1;140;-110;-103.2;42.3;42.6;17;17.1;25.3;0.0;
02/03/2025 13:19:32;100;0;139.75;-4;-19.04;-3.43;76.2;18.60;76963;2836.512;-1759.894;1;140;-110;-101.6;42.3;42.6;15;14.9;25.3;0.0;
02/03/2025 13:19:52;100;0;139.27;-4;-19.69;-4.53;78.5;18.60;76952;2836.511;-1759.892;1;140;-110;-104.8;42.3;42.6;15;14.4;25.3;0.0;
02/03/2025 13:20:12;100;0;138.12;-4;-19.44;-4.69;80.8;18.60;76927;2836.510;-1759.891;1;140;-110;-101.6;42.3;42.6;15;14.4;25.3;0.0;
02/03/2025 13:20:32;100;0;138.89;-4;-19.71;-4.52;83.2;18.60;76927;2836.509;-1759.889;1;140;-110;-101.6;42.3;42.6;15;14.4;25.3;0.0;
02/03/2025 13:20:52;100;0;143.11;-4;-19.49;-4.54;85.8;18.50;76917;2836.508;-1759.888;1;140;-110;-103.2;42.3;42.6;15;14.4;25.3;0.0;
02/03/2025 13:21:12;100;0;144.65;-4;-19.20;-4.56;88.3;18.50;76911;2836.506;-1759.886;1;140;-110;-101.6;42.3;42.6;15;14.4;25.3;0.0;
02/03/2025 13:21:32;100;0;145.28;-4;-19.37;-4.50;90.8;18.50;76912;2836.505;-1759.885;1;140;-110;-104.8;42.3;42.4;15;14.4;25.3;0.0;
02/03/2025 13:21:52;100;0;144.38;-4;-19.63;-4.53;93.5;18.50;76886;2836.503;-1759.883;1;140;-110;-101.6;42.3;42.4;15;14.4;25.3;0.0;
02/03/2025 13:22:12;100;0;141.91;-4;-19.14;-4.61;96.1;18.50;76889;2836.502;-1759.882;1;140;-110;-101.6;42.3;42.6;15;14.4;25.3;0.0;
02/03/2025 13:22:32;100;0;137.08;-4;-19.28;-4.56;98.7;18.50;76882;2836.501;-1759.880;1;140;-110;-103.2;42.3;42.4;15;14.4;25.3;0.0;
02/03/2025 13:22:52;100;0;132.37;-4;-19.09;-4.58;101.0;18.50;76885;2836.500;-1759.878;1;140;-110;-101.6;42.3;42.6;10;9.5;25.3;0.0;
02/03/2025 13:23:12;100;0;131.38;-4;-19.25;-7.06;103.7;18.40;76862;2836.499;-1759.876;1;140;-110;-101.6;42.3;42.6;10;9.0;25.3;0.0;
02/03/2025 13:23:32;100;0;138.19;-4;-19.03;-7.04;106.3;18.40;76856;2836.497;-1759.874;1;140;-110;-101.6;42.3;42.6;15;14.9;25.3;0.0;
02/03/2025 13:23:52;100;0;140.60;-4;-19.12;-3.89;108.9;18.40;76855;2836.496;-1759.872;1;140;-110;-101.6;42.3;42.6;15;15.3;25.3;0.0;
02/03/2025 13:24:12;100;0;139.64;-4;-19.19;-3.90;111.4;18.40;76847;2836.495;-1759.870;1;140;-110;-101.6;42.3;42.6;15;15.3;25.3;0.0;
02/03/2025 13:24:32;100;0;138.06;-4;-19.50;-3.88;113.9;18.40;76834;2836.494;-1759.869;1;140;-110;-101.6;42.3;42.6;15;15.3;25.3;0.0;
02/03/2025 13:24:52;100;0;137.36;-4;-18.50;-4.08;116.3;18.30;76806;2836.493;-1759.867;1;140;-110;-103.2;42.8;42.9;15;15.3;25.3;0.0;
02/03/2025 13:25:12;100;0;139.88;-4;-19.29;-3.98;118.7;18.30;76807;2836.491;-1759.865;1;140;-110;-101.6;42.8;43.0;15;15.3;25.3;0.0;
02/03/2025 13:25:32;100;0;139.77;-4;-19.60;-4.02;121.0;18.30;76801;2836.490;-1759.864;1;140;-110;-101.6;42.8;43.0;15;15.3;25.3;0.0;
02/03/2025 13:25:52;100;0;137.62;-4;-19.58;-3.98;123.3;18.20;76771;2836.489;-1759.862;1;140;-110;-104.8;42.8;43.0;15;15.3;25.3;0.0;
02/03/2025 13:26:12;100;0;139.21;-4;-20.06;-3.90;125.6;18.20;76759;2836.488;-1759.861;1;140;-110;-103.2;42.8;43.0;15;15.3;25.3;0.0;
02/03/2025 13:26:32;100;0;139.67;-4;-19.59;-3.91;128.0;18.20;76742;2836.487;-1759.859;1;140;-110;-101.6;42.8;43.0;15;15.8;25.3;0.0;
02/03/2025 13:26:52;100;0;140.44;-4;-19.42;-3.97;130.1;18.20;76735;2836.486;-1759.858;1;140;-110;-101.6;42.8;43.0;15;15.8;25.3;0.0;
02/03/2025 13:27:12;100;0;142.52;-4;-19.52;-3.91;132.4;18.10;76725;2836.485;-1759.857;1;140;-110;-101.6;42.8;43.0;15;15.3;25.3;0.0;
02/03/2025 13:27:32;100;0;143.86;-4;-19.72;-3.94;134.4;18.10;76709;2836.485;-1759.856;1;140;-110;-103.2;42.8;43.0;15;15.3;25.3;0.0;
02/03/2025 13:27:52;100;0;144.21;-4;-19.90;-3.86;136.7;18.00;76709;2836.484;-1759.855;1;140;-110;-101.6;42.8;43.0;15;15.3;25.3;0.0;
02/03/2025 13:28:12;100;0;146.26;-4;-20.09;-3.83;138.7;18.00;76701;2836.483;-1759.854;1;140;-110;-103.2;42.8;43.0;15;15.3;25.3;0.0;
02/03/2025 13:28:32;100;0;146.66;-4;-19.98;-3.86;141.1;18.00;76694;2836.481;-1759.853;1;140;-110;-103.2;42.8;43.0;15;15.3;25.3;0.0;
02/03/2025 13:28:52;100;0;147.54;-4;-19.84;-3.84;143.1;17.90;76688;2836.480;-1759.852;1;140;-110;-101.6;42.8;43.0;15;15.3;25.3;0.0;
02/03/2025 13:29:12;100;0;148.44;-4;-19.73;-3.89;145.2;17.90;76689;2836.479;-1759.851;1;140;-110;-101.6;42.8;43.0;15;15.3;25.3;0.0;
02/03/2025 13:29:32;100;0;149.03;-4;-19.85;-3.91;146.9;17.90;76679;2836.479;-1759.851;1;140;-130;-129.0;42.8;43.0;15;15.3;25.3;0.0;
02/03/2025 13:29:52;100;0;150.82;-4;-19.24;-3.85;149.2;17.90;76736;2836.477;-1759.850;1;140;-130;-129.0;42.8;43.0;15;15.3;25.3;0.0;
02/03/2025 13:30:12;100;0;150.98;-4;-19.55;-3.75;151.6;17.80;76726;2836.476;-1759.849;1;140;-130;-130.6;42.8;43.0;15;15.3;25.3;0.0;
02/03/2025 13:30:33;100;0;155.16;-4;-19.33;-3.76;153.9;17.80;76718;2836.474;-1759.848;1;140;-130;-130.6;42.8;43.0;19;19.0;25.3;0.0;
02/03/2025 13:30:53;100;0;154.92;-4;-19.73;-1.84;156.1;17.80;76703;2836.473;-1759.848;1;140;-130;-129.0;42.8;43.0;19;19.4;25.3;0.0;
02/03/2025 13:31:13;100;0;149.56;-4;-19.66;-1.82;158.4;17.70;76697;2836.472;-1759.847;1;140;-130;-129.0;42.8;43.0;16;15.8;25.3;0.0;
02/03/2025 13:31:33;100;0;146.77;-4;-19.59;-3.66;160.7;17.70;76690;2836.471;-1759.845;1;140;-130;-129.0;42.8;43.0;16;15.8;25.3;0.0;
02/03/2025 13:31:53;100;0;146.51;-4;-19.78;-3.68;163.0;17.60;76681;2836.469;-1759.844;1;140;-130;-130.6;42.8;43.0;16;15.8;25.3;0.0;
02/03/2025 13:32:13;100;0;145.70;-4;-19.57;-3.69;165.3;17.60;76662;2836.468;-1759.843;1;140;-130;-129.0;42.8;43.2;16;15.8;25.3;0.0;
02/03/2025 13:32:33;100;0;145.79;-4;-19.48;-3.69;167.8;17.60;76656;2836.467;-1759.842;1;140;-130;-129.0;42.8;43.0;16;15.8;25.3;0.0;
02/03/2025 13:32:53;100;0;145.00;-4;-19.53;-3.70;170.2;17.50;76644;2836.466;-1759.841;1;140;-130;-129.0;42.8;43.0;16;15.3;25.3;0.0;
02/03/2025 13:33:13;100;0;144.01;-4;-19.27;-3.72;172.3;17.50;76634;2836.465;-1759.840;1;140;-130;-129.0;42.8;43.0;16;15.8;25.3;0.0;
02/03/2025 13:33:33;100;0;142.93;-4;-19.40;-3.71;174.7;17.40;76626;2836.463;-1759.838;1;140;-130;-129.0;42.8;43.0;16;15.8;25.3;0.0;
02/03/2025 13:33:53;100;0;140.53;-4;-19.49;-3.71;176.7;17.40;76616;2836.463;-1759.837;1;140;-130;-129.0;42.8;43.2;16;15.8;25.3;0.0;
02/03/2025 13:34:13;100;0;134.42;-4;-19.41;-3.75;179.4;17.40;76609;2836.461;-1759.835;1;140;-130;-129.0;42.8;43.0;12;11.7;25.3;0.0;
02/03/2025 13:34:33;100;0;134.23;-4;-19.10;-5.74;181.3;17.30;76583;2836.461;-1759.833;1;140;-150;-150.0;42.8;43.2;12;11.7;25.3;0.0;
02/03/2025 13:34:53;100;0;134.27;-4;-18.72;-5.60;183.7;17.30;76625;2836.460;-1759.832;1;140;-150;-150.0;43.2;43.2;12;11.7;25.3;0.0;
02/03/2025 13:35:13;100;0;134.07;-4;-19.03;-5.66;186.3;17.30;76615;2836.459;-1759.830;1;140;-150;-151.6;43.2;43.3;12;11.7;25.3;0.0;
02/03/2025 13:35:33;100;0;133.25;-4;-19.09;-5.61;188.7;17.20;76606;2836.458;-1759.828;1;140;-150;-151.6;43.2;43.2;10;9.9;25.3;0.0;
02/03/2025 13:35:53;100;0;131.25;-4;-19.06;-6.61;191.1;17.20;76605;2836.457;-1759.826;1;140;-150;-151.6;43.2;43.2;8;8.1;25.3;0.0;
02/03/2025 13:36:13;100;0;132.32;-4;-18.95;-7.55;193.9;17.10;76598;2836.456;-1759.823;1;140;-150;-150.0;43.5;43.6;8;7.7;25.3;0.0;
02/03/2025 13:36:33;100;0;135.54;-4;-19.67;-7.50;196.4;17.10;76573;2836.455;-1759.822;1;140;-150;-151.6;43.5;43.7;12;12.2;25.3;0.0;
02/03/2025 13:36:53;100;0;136.94;-4;-20.34;-5.09;199.4;17.10;76563;2836.453;-1759.819;1;140;-150;-151.6;43.5;43.7;14;14.0;25.3;0.0;
02/03/2025 13:37:13;100;0;138.66;-4;-20.62;-4.11;202.2;17.00;76559;2836.452;-1759.818;1;140;-150;-151.6;43.5;43.7;14;14.0;25.3;0.0;
02/03/2025 13:37:33;100;0;142.03;-4;-20.53;-4.20;205.3;17.00;76555;2836.450;-1759.816;1;140;-150;-151.6;43.5;43.9;14;14.4;25.3;0.0;
02/03/2025 13:37:53;100;0;144.77;-4;-20.58;-4.24;208.3;17.00;76545;2836.448;-1759.814;1;140;-150;-151.6;43.5;43.7;14;14.4;25.3;0.0;
02/03/2025 13:38:13;100;0;148.87;-4;-19.66;-4.09;211.2;16.90;76534;2836.446;-1759.813;1;140;-150;-151.6;43.5;43.7;14;14.4;25.3;0.0;
02/03/2025 13:38:33;100;0;150.38;-4;-20.40;-4.16;214.0;16.90;76525;2836.445;-1759.811;1;140;-150;-151.6;43.5;43.7;16;15.8;25.3;0.0;
02/03/2025 13:38:53;100;0;150.07;-4;-20.84;-3.46;217.2;16.80;76522;2836.442;-1759.810;1;140;-150;-151.6;43.5;43.7;16;16.2;25.3;0.0;
02/03/2025 13:39:13;100;0;152.64;-4;-20.63;-3.16;220.2;16.80;76504;2836.440;-1759.809;1;140;-150;-151.6;43.5;43.7;16;16.2;25.3;0.0;
02/03/2025 13:39:33;100;0;157.02;-4;-20.83;-3.21;223.4;16.70;76493;2836.438;-1759.808;1;140;-150;-151.6;43.5;43.7;21;21.2;25.3;0.0;
02/03/2025 13:39:53;100;0;159.89;-4;-20.48;-0.49;226.7;16.70;76489;2836.435;-1759.807;1;140;-150;-153.2;43.5;43.7;25;24.8;25.3;0.0;
02/03/2025 13:40:13;100;0;159.76;-4;-20.55;1.21;229.5;16.60;76475;2836.433;-1759.806;1;140;-150;-156.5;43.5;43.7;25;25.3;25.3;0.0;
02/03/2025 13:40:33;100;0;161.55;-4;-21.11;1.38;232.5;16.60;76462;2836.431;-1759.806;1;140;-150;-153.2;43.5;43.9;25;25.3;25.3;0.0;
02/03/2025 13:40:53;100;0;157.83;-4;-21.05;1.28;235.5;16.60;76464;2836.429;-1759.805;1;140;-150;-153.2;43.5;43.9;21;20.8;25.3;0.0;
02/03/2025 13:41:13;100;0;155.32;-4;-21.07;-1.12;238.4;16.50;76444;2836.427;-1759.804;1;140;-150;-153.2;43.5;43.7;19;19.0;25.3;0.0;
02/03/2025 13:41:33;100;0;153.35;-4;-20.83;-2.20;241.5;16.50;76443;2836.425;-1759.803;1;140;-150;-153.2;43.5;43.9;19;18.5;25.3;0.0;
02/03/2025 13:41:53;100;0;151.59;-4;-20.76;-2.21;244.3;16.40;76434;2836.423;-1759.802;1;140;-150;-153.2;43.5;43.9;16;15.8;25.3;0.0;
02/03/2025 13:42:13;100;0;149.06;-4;-20.61;-3.55;247.3;16.40;76423;2836.421;-1759.800;1;140;-150;-153.2;43.5;43.9;16;15.8;25.3;0.0;
02/03/2025 13:42:33;100;0;146.41;-4;-20.53;-3.63;250.3;16.40;76416;2836.419;-1759.799;1;140;-150;-154.8;43.5;43.7;16;15.8;25.3;0.0;
02/03/2025 13:42:53;100;0;146.29;-4;-20.85;-3.62;253.2;16.30;76412;2836.418;-1759.797;1;140;-150;-154.8;43.5;43.7;16;15.8;25.3;0.0;
02/03/2025 13:43:13;100;0;145.41;-4;-20.61;-3.63;256.1;16.30;76406;2836.416;-1759.796;1;140;-150;-153.2;43.5;43.7;16;15.8;25.3;0.0;
02/03/2025 13:43:33;100;0;142.14;-4;-20.47;-3.51;259.0;16.20;76396;2836.414;-1759.794;1;140;-150;-151.6;43.5;43.7;16;15.8;25.3;0.0;
02/03/2025 13:43:53;100;0;138.98;-4;-20.72;-3.65;261.8;16.20;76381;2836.413;-1759.792;1;140;-150;-151.6;43.5;43.9;16;15.8;25.3;0.0;
02/03/2025 13:44:13;100;0;135.98;-4;-20.48;-3.73;264.6;16.20;76385;2836.411;-1759.790;1;140;-150;-153.2;43.5;43.7;13;13.1;25.3;0.0;
02/03/2025 13:44:33;100;0;135.48;-4;-20.56;-4.92;267.4;16.10;76375;2836.410;-1759.788;1;140;-150;-153.2;43.5;43.7;13;13.1;25.3;0.0;
02/03/2025 13:44:53;100;0;135.23;-4;-20.60;-4.93;270.4;16.10;76374;2836.409;-1759.786;1;140;-150;-153.2;43.5;43.9;13;12.6;25.3;0.0;
02/03/2025 13:45:13;100;0;134.51;-4;-20.72;-4.88;273.6;16.00;76370;2836.407;-1759.783;1;140;-150;-150.0;43.5;43.9;13;13.1;25.3;0.0;
02/03/2025 13:45:33;100;0;133.88;-4;-20.56;-4.85;276.5;16.00;76363;2836.406;-1759.781;1;140;-150;-153.2;43.5;43.7;11;10.8;25.3;0.0;
02/03/2025 13:45:53;100;0;134.84;-4;-20.58;-5.92;279.9;16.00;76357;2836.405;-1759.778;1;140;-150;-151.6;43.5;43.7;13;13.1;25.3;0.0;
02/03/2025 13:46:13;100;0;134.56;-4;-20.39;-4.65;282.9;16.00;76360;2836.403;-1759.776;1;140;-150;-153.2;43.5;43.7;13;13.1;25.3;0.0;
02/03/2025 13:46:33;100;0;132.06;-4;-20.64;-4.69;286.1;15.90;76354;2836.402;-1759.774;1;140;-150;-153.2;43.5;43.7;10;9.9;25.3;0.0;
02/03/2025 13:46:53;100;0;132.15;-4;-20.23;-6.54;289.2;15.90;76350;2836.400;-1759.771;1;140;-150;-151.6;43.5;43.7;10;9.9;25.3;0.0;
02/03/2025 13:47:13;100;0;132.43;-4;-20.30;-6.42;292.5;15.80;76341;2836.399;-1759.768;1;140;-150;-151.6;43.5;43.7;10;9.9;25.3;0.0;
02/03/2025 13:47:33;100;0;131.41;-4;-20.44;-6.54;295.5;15.80;76343;2836.397;-1759.766;1;140;-150;-151.6;43.5;43.7;10;9.9;25.3;0.0;
02/03/2025 13:47:53;100;0;130.81;-4;-20.08;-6.46;298.6;15.80;76342;2836.396;-1759.763;1;140;-150;-153.2;43.5;43.7;10;9.9;25.3;0.0;
02/03/2025 13:48:13;100;0;129.86;-4;-20.29;-6.46;301.9;15.80;76337;2836.395;-1759.760;1;140;-150;-153.2;43.5;43.9;7;7.2;25.3;0.0;
02/03/2025 13:48:33;100;0;129.66;-4;-20.11;-7.93;305.0;15.70;76319;2836.393;-1759.757;1;140;-150;-153.2;43.5;43.7;7;6.8;25.3;0.0;
02/03/2025 13:48:53;100;0;129.69;-4;-20.15;-7.90;308.2;15.70;76324;2836.392;-1759.754;1;140;-150;-153.2;43.5;43.7;7;6.8;25.3;0.0;
02/03/2025 13:49:13;100;0;130.67;-4;-20.43;-7.88;311.4;15.60;76314;2836.391;-1759.752;1;140;-150;-151.6;43.5;43.9;7;7.2;25.3;0.0;
02/03/2025 13:49:33;100;0;131.61;-4;-19.89;-7.84;314.8;15.60;76315;2836.389;-1759.749;1;140;-150;-153.2;43.5;43.7;9;9.0;25.3;0.0;
02/03/2025 13:49:53;100;0;134.70;-4;-19.82;-6.52;318.0;15.60;76297;2836.387;-1759.746;1;140;-150;-153.2;43.5;43.7;12;12.2;25.3;0.0;
02/03/2025 13:50:13;100;0;136.64;-4;-19.95;-5.12;321.0;15.60;76293;2836.386;-1759.744;1;140;-150;-151.6;43.5;43.9;12;12.6;25.3;0.0;
02/03/2025 13:50:33;100;0;136.95;-4;-20.01;-5.21;324.1;15.50;76289;2836.384;-1759.742;1;140;-150;-153.2;43.5;43.7;14;14.0;25.3;0.0;
02/03/2025 13:50:53;100;0;136.68;-4;-20.09;-4.24;327.4;15.50;76297;2836.382;-1759.739;1;140;-150;-151.6;43.5;43.7;14;14.0;25.3;0.0;
02/03/2025 13:51:13;100;0;137.15;-4;-20.25;-4.31;330.6;15.50;76290;2836.381;-1759.737;1;140;-150;-151.6;43.5;43.9;14;14.0;25.3;0.0;
02/03/2025 13:51:33;100;0;138.14;-4;-20.61;-4.16;333.8;15.40;76282;2836.379;-1759.734;1;140;-150;-153.2;43.5;43.9;14;14.0;25.3;0.0;
02/03/2025 13:51:53;100;0;138.11;-4;-20.64;-4.21;337.2;15.40;76281;2836.377;-1759.732;1;140;-150;-153.2;43.5;43.9;14;14.0;25.3;0.0;
02/03/2025 13:52:13;100;0;137.87;-4;-20.35;-4.22;340.5;15.40;76272;2836.375;-1759.730;1;140;-150;-150.0;43.5;43.7;14;14.0;25.3;0.0;
02/03/2025 13:52:33;100;0;136.85;-4;-20.32;-4.25;343.6;15.30;76260;2836.374;-1759.727;1;140;-150;-151.6;43.5;43.9;14;14.0;25.3;0.0;
02/03/2025 13:52:53;100;0;136.26;-4;-20.58;-4.19;347.0;15.30;76269;2836.372;-1759.725;1;140;-150;-153.2;43.5;43.7;14;14.0;25.3;0.0;
02/03/2025 13:53:13;100;0;136.61;-4;-20.21;-4.21;350.3;15.30;76256;2836.370;-1759.722;1;140;-150;-151.6;43.5;43.9;14;14.0;25.3;0.0;
02/03/2025 13:53:33;100;0;138.78;-4;-19.98;-4.25;353.5;15.20;76240;2836.368;-1759.720;1;140;-150;-154.8;43.5;43.9;14;14.0;25.3;0.0;
02/03/2025 13:53:53;100;0;136.21;-4;-20.02;-4.28;356.7;15.20;76244;2836.367;-1759.717;1;140;-150;-151.6;43.5;43.9;14;14.0;25.3;0.0;
02/03/2025 13:54:13;100;0;133.36;-4;-20.09;-4.25;359.7;15.20;76242;2836.365;-1759.715;1;140;-150;-153.2;43.5;43.7;11;10.4;25.3;0.0;
02/03/2025 13:54:33;100;0;133.10;-4;-20.00;-6.24;362.8;15.10;76220;2836.364;-1759.712;1;140;-150;-154.8;43.5;43.7;11;10.4;25.3;0.0;
02/03/2025 13:54:53;100;0;133.78;-4;-20.81;-7.11;366.1;15.10;76215;2836.362;-1759.710;1;140;-150;-151.6;43.5;43.7;11;10.4;25.3;0.0;
02/03/2025 13:55:13;100;0;137.82;-4;-20.17;-5.46;369.1;15.10;76207;2836.361;-1759.708;1;140;-150;-153.2;43.5;43.7;13;13.1;25.3;0.0;
02/03/2025 13:55:33;100;0;142.17;-4;-20.53;-4.67;372.3;15.10;76204;2836.359;-1759.706;1;140;-150;-153.2;43.5;43.7;13;13.5;25.3;0.0;
02/03/2025 13:55:53;100;0;145.75;-4;-19.37;-4.71;375.5;15.00;76184;2836.357;-1759.704;1;140;-150;-153.2;43.5;43.7;13;13.5;25.3;0.0;
02/03/2025 13:56:13;100;0;147.25;-4;-20.31;-4.90;378.4;15.00;76188;2836.355;-1759.702;1;140;-150;-153.2;43.5;43.9;13;13.5;25.3;0.0;
02/03/2025 13:56:33;100;0;147.25;-4;-20.19;-4.52;381.4;15.00;76175;2836.353;-1759.701;1;140;-150;-151.6;43.5;43.9;13;13.5;25.3;0.0;
02/03/2025 13:56:53;100;0;149.68;-4;-19.67;-4.52;384.5;14.90;76171;2836.350;-1759.699;1;140;-150;-151.6;43.5;43.7;15;14.9;25.3;0.0;
02/03/2025 13:57:13;100;0;153.67;-4;-20.06;-3.74;387.3;14.90;76167;2836.349;-1759.698;1;140;-150;-153.2;43.5;43.9;15;15.3;25.3;0.0;
02/03/2025 13:57:33;100;0;154.49;-4;-20.32;-3.70;390.6;14.90;76171;2836.346;-1759.697;1;140;-150;-151.6;43.5;43.9;18;18.1;25.3;0.0;
02/03/2025 13:57:53;100;0;154.73;-4;-20.50;-2.06;393.6;14.80;76159;2836.344;-1759.696;1;140;-150;-153.2;43.5;43.7;18;18.5;25.3;0.0;
02/03/2025 13:58:13;100;0;154.87;-4;-20.49;-2.19;396.7;14.80;76160;2836.342;-1759.694;1;140;-150;-151.6;43.5;43.7;18;18.5;25.3;0.0;
02/03/2025 13:58:33;100;0;156.60;-4;-20.44;-2.17;399.9;14.80;76151;2836.339;-1759.693;1;140;-150;-153.2;43.5;43.7;20;19.9;25.3;0.0;
02/03/2025 13:58:53;100;0;159.37;-4;-20.55;-1.44;403.0;14.70;76141;2836.337;-1759.693;1;140;-150;-153.2;43.5;43.9;24;23.9;25.3;0.0;
02/03/2025 13:59:13;100;0;155.20;-4;-20.51;0.61;406.2;14.70;76132;2836.334;-1759.692;1;140;-150;-153.2;43.5;43.7;19;19.0;25.3;0.0;
02/03/2025 13:59:33;100;0;150.80;-4;-20.41;-2.18;409.3;14.70;76128;2836.332;-1759.690;1;140;-150;-153.2;43.5;43.7;16;15.8;25.3;0.0;
02/03/2025 13:59:53;100;0;149.54;-4;-20.02;-3.61;412.4;14.70;76121;2836.330;-1759.689;1;140;-150;-151.6;43.5;43.7;16;15.3;25.3;0.0;
02/03/2025 14:00:13;100;0;148.04;-4;-19.90;-3.61;415.6;14.60;76126;2836.328;-1759.687;1;140;-150;-151.6;43.5;43.7;16;15.8;25.3;0.0;
02/03/2025 14:00:33;100;0;145.93;-4;-20.28;-3.60;418.7;14.60;76124;2836.326;-1759.685;1;140;-150;-153.2;43.5;43.7;16;15.8;25.3;0.0;
02/03/2025 14:00:53;100;0;143.58;-4;-20.00;-3.45;421.8;14.60;76111;2836.324;-1759.683;1;140;-150;-151.6;43.5;43.7;16;15.8;25.3;0.0;
02/03/2025 14:01:13;100;0;141.53;-4;-19.76;-3.47;425.0;14.50;76105;2836.322;-1759.681;1;140;-150;-153.2;43.5;43.9;16;15.8;25.3;0.0;
02/03/2025 14:01:33;100;0;139.70;-4;-20.11;-3.61;428.3;14.50;76105;2836.320;-1759.679;1;140;-150;-153.2;43.5;43.7;14;14.0;25.3;0.0;
02/03/2025 14:01:53;100;0;138.97;-4;-19.84;-4.26;431.4;14.50;76099;2836.318;-1759.676;1;140;-150;-151.6;43.5;43.7;14;14.9;25.3;0.0;
02/03/2025 14:02:13;100;0;137.18;-4;-19.70;-4.08;434.5;14.50;76108;2836.317;-1759.674;1;140;-150;-153.2;43.5;43.9;14;14.9;25.3;0.0;
02/03/2025 14:02:33;100;0;135.33;-4;-19.45;-3.89;437.7;14.40;76096;2836.315;-1759.672;1;140;-150;-153.2;43.5;43.7;12;11.7;25.3;0.0;
02/03/2025 14:02:53;100;0;129.88;-4;-19.57;-5.50;440.7;14.40;76086;2836.314;-1759.669;1;140;-150;-153.2;43.5;43.7;7;7.2;25.3;0.0;
02/03/2025 14:03:13;100;0;130.16;-4;-19.45;-7.96;443.6;14.40;76087;2836.312;-1759.666;1;140;-150;-153.2;43.5;43.9;7;7.2;25.3;0.0;
02/03/2025 14:03:33;100;0;134.30;-4;-19.47;-7.89;446.8;14.40;76080;2836.311;-1759.664;1;140;-150;-153.2;43.5;43.7;12;12.2;25.3;0.0;
02/03/2025 14:03:53;100;0;136.04;-4;-19.72;-5.10;449.8;14.40;76075;2836.309;-1759.661;1;140;-150;-153.2;43.5;43.9;12;12.2;25.3;0.0;
02/03/2025 14:04:13;100;0;136.78;-4;-19.47;-5.15;453.0;14.30;76071;2836.307;-1759.659;1;140;-150;-153.2;43.5;43.7;12;12.2;25.3;0.0;
02/03/2025 14:04:33;100;0;136.63;-4;-19.58;-5.17;455.9;14.30;76049;2836.306;-1759.657;1;140;-150;-153.2;43.5;43.9;12;12.6;25.3;0.0;
02/03/2025 14:04:53;100;0;137.07;-4;-19.40;-5.28;458.9;14.20;76055;2836.304;-1759.654;1;140;-150;-153.2;43.5;43.9;12;12.6;25.3;0.0;
02/03/2025 14:05:13;100;0;137.39;-4;-19.46;-5.22;461.9;14.20;76043;2836.303;-1759.652;1;140;-150;-153.2;43.5;43.9;12;12.6;25.3;0.0;
02/03/2025 14:05:34;100;0;139.08;-4;-19.40;-5.21;464.8;14.20;76041;2836.301;-1759.650;1;140;-150;-153.2;43.5;43.7;14;14.0;25.3;0.0;
02/03/2025 14:05:54;100;0;139.63;-4;-19.52;-4.37;467.8;14.20;76037;2836.299;-1759.648;1;140;-150;-153.2;43.5;43.9;14;14.0;25.3;0.0;
02/03/2025 14:06:14;100;0;140.67;-4;-19.61;-4.33;470.9;14.10;76041;2836.298;-1759.646;1;140;-150;-151.6;43.5;43.9;14;14.0;25.3;0.0;
02/03/2025 14:06:34;100;0;140.09;-4;-19.50;-4.32;473.8;14.10;76030;2836.296;-1759.644;1;140;-150;-153.2;43.5;43.7;14;14.0;25.3;0.0;
02/03/2025 14:06:54;100;0;137.08;-4;-19.49;-4.34;476.8;14.10;76023;2836.294;-1759.641;1;140;-150;-151.6;43.5;43.7;14;14.0;25.3;0.0;
02/03/2025 14:07:14;100;0;135.92;-4;-19.46;-4.36;479.7;14.10;76013;2836.293;-1759.639;1;140;-150;-151.6;43.5;43.9;12;12.2;25.3;0.0;
02/03/2025 14:07:34;100;0;135.18;-4;-19.64;-5.58;482.7;14.00;76004;2836.291;-1759.637;1;140;-150;-153.2;43.5;43.9;12;11.7;25.3;0.0;
02/03/2025 14:07:54;100;0;134.77;-4;-19.54;-5.55;485.7;14.00;75997;2836.290;-1759.635;1;140;-150;-153.2;43.5;43.9;12;11.7;25.3;0.0;
02/03/2025 14:08:14;100;0;135.15;-4;-19.49;-5.61;488.6;14.00;75997;2836.288;-1759.632;1;140;-150;-153.2;43.5;43.7;12;11.7;25.3;0.0;
02/03/2025 14:08:34;100;0;137.71;-4;-19.46;-5.59;491.5;14.00;75992;2836.287;-1759.630;1;140;-150;-151.6;43.5;43.7;12;11.7;25.3;0.0;
02/03/2025 14:08:54;100;0;137.84;-4;-19.54;-5.57;494.5;13.90;75994;2836.285;-1759.628;1;140;-150;-151.6;43.5;43.7;12;11.7;25.3;0.0;
02/03/2025 14:09:14;100;0;139.73;-4;-19.63;-5.59;497.4;13.90;75987;2836.284;-1759.626;1;140;-150;-153.2;43.5;43.9;12;11.7;25.3;0.0;
02/03/2025 14:09:34;100;0;142.04;-4;-19.51;-5.56;500.4;13.90;75980;2836.282;-1759.624;1;140;-150;-151.6;43.5;43.7;14;14.0;25.3;0.0;
02/03/2025 14:09:54;100;0;143.76;-4;-19.46;-4.22;503.4;13.80;75965;2836.280;-1759.622;1;140;-150;-156.5;43.5;43.7;14;14.4;25.3;0.0;
02/03/2025 14:10:14;100;0;144.90;-4;-19.30;-4.35;506.2;13.80;75963;2836.278;-1759.620;1;140;-150;-153.2;43.5;43.7;14;14.4;25.3;0.0;
02/03/2025 14:10:34;100;0;145.40;-4;-19.41;-4.16;509.2;13.80;75966;2836.276;-1759.618;1;140;-150;-151.6;43.5;43.9;14;14.4;25.3;0.0;
02/03/2025 14:10:54;100;0;145.27;-4;-19.58;-4.19;512.0;13.80;75960;2836.275;-1759.617;1;140;-150;-153.2;43.5;43.7;14;14.4;25.3;0.0;
02/03/2025 14:11:14;100;0;144.74;-4;-20.02;-4.15;514.9;13.70;75956;2836.273;-1759.615;1;140;-150;-153.2;43.5;43.7;14;14.4;25.3;0.0;
02/03/2025 14:11:34;100;0;145.09;-4;-19.92;-4.25;517.9;13.70;75941;2836.271;-1759.613;1;140;-150;-153.2;43.5;43.9;14;14.4;25.3;0.0;
02/03/2025 14:11:54;100;0;146.55;-4;-19.90;-4.15;520.9;13.70;75947;2836.269;-1759.612;1;140;-150;-151.6;43.5;43.9;14;14.4;25.3;0.0;
02/03/2025 14:12:14;100;0;147.06;-4;-19.86;-4.09;523.9;13.70;75945;2836.267;-1759.610;1;140;-150;-151.6;43.5;43.9;14;14.4;25.3;0.0;
02/03/2025 14:12:34;100;0;148.31;-4;-19.15;-4.15;527.0;13.60;75936;2836.265;-1759.609;1;140;-150;-151.6;43.5;43.7;14;14.4;25.3;0.0;
02/03/2025 14:12:54;100;0;148.17;-4;-19.34;-4.22;529.7;13.60;75936;2836.263;-1759.607;1;140;-150;-153.2;43.5;43.7;14;14.4;25.3;0.0;
02/03/2025 14:13:14;100;0;147.86;-4;-19.41;-4.24;532.6;13.60;75914;2836.261;-1759.606;1;140;-150;-153.2;43.5;43.9;14;14.4;25.3;0.0;
02/03/2025 14:13:34;100;0;145.83;-4;-19.35;-4.19;535.5;13.60;75925;2836.259;-1759.604;1;140;-150;-153.2;43.5;43.7;14;14.4;25.3;0.0;
02/03/2025 14:13:54;100;0;144.94;-4;-19.38;-4.03;538.2;13.50;75907;2836.257;-1759.602;1;140;-150;-151.6;43.5;43.7;14;14.4;25.3;0.0;
02/03/2025 14:14:14;100;0;144.20;-4;-20.23;-4.32;541.0;13.50;75916;2836.256;-1759.601;1;140;-150;-153.2;43.5;43.7;14;14.4;25.3;0.0;
02/03/2025 14:14:34;100;0;142.18;-4;-20.32;-4.35;543.9;13.50;75909;2836.254;-1759.599;1;140;-150;-153.2;43.5;43.7;14;14.4;25.3;0.0;
02/03/2025 14:14:54;100;0;142.85;-4;-20.43;-4.26;546.7;13.50;75897;2836.252;-1759.597;1;140;-150;-153.2;43.5;43.7;14;14.4;25.3;0.0;
02/03/2025 14:15:14;100;0;139.29;-4;-19.54;-4.22;549.5;13.50;75900;2836.251;-1759.595;1;140;-150;-151.6;43.5;43.7;14;14.4;25.3;0.0;
02/03/2025 14:15:34;100;0;136.99;-4;-19.56;-4.26;552.2;13.40;75886;2836.250;-1759.593;1;140;-150;-150.0;43.5;43.9;12;12.2;25.3;0.0;
02/03/2025 14:15:54;100;0;134.87;-4;-19.15;-5.49;555.0;13.40;75889;2836.248;-1759.591;1;140;-150;-153.2;43.5;43.9;12;12.2;25.3;0.0;
02/03/2025 14:16:14;100;0;134.59;-4;-18.91;-5.41;557.5;13.40;75883;2836.247;-1759.589;1;140;-150;-153.2;43.8;43.9;10;9.9;25.3;0.0;
02/03/2025 14:16:34;100;0;135.74;-4;-18.55;-6.45;560.2;13.30;75879;2836.246;-1759.587;1;140;-150;-153.2;44.2;44.2;10;9.5;25.3;0.0;
02/03/2025 14:16:54;100;0;136.97;-4;-19.83;-6.69;562.7;13.30;75885;2836.245;-1759.585;1;140;-150;-153.2;44.2;44.5;12;12.2;25.3;0.0;
02/03/2025 14:17:14;100;0;137.95;-4;-20.09;-5.20;565.4;13.30;75875;2836.244;-1759.583;1;140;-150;-153.2;44.2;44.3;12;12.6;25.3;0.0;
02/03/2025 14:17:34;100;0;137.38;-4;-19.87;-5.29;568.2;13.30;75868;2836.242;-1759.581;1;140;-150;-154.8;44.2;44.3;12;12.6;25.3;0.0;
02/03/2025 14:17:54;100;0;138.50;-4;-20.21;-5.21;570.9;13.30;75860;2836.241;-1759.580;1;140;-150;-151.6;44.2;44.5;12;12.6;25.3;0.0;
02/03/2025 14:18:14;100;0;140.30;-4;-20.41;-5.17;573.8;13.20;75862;2836.239;-1759.578;1;140;-150;-151.6;44.2;44.5;12;12.6;25.3;0.0;
02/03/2025 14:18:34;100;0;141.89;-4;-20.50;-5.12;576.7;13.20;75850;2836.238;-1759.576;1;140;-150;-153.2;44.2;44.3;14;14.4;25.3;0.0;
02/03/2025 14:18:54;100;0;144.20;-4;-20.73;-3.95;579.7;13.20;75842;2836.236;-1759.574;1;140;-150;-151.6;44.2;44.3;14;14.4;25.3;0.0;
02/03/2025 14:19:14;100;0;146.18;-4;-20.68;-3.97;582.6;13.20;75840;2836.234;-1759.573;1;140;-150;-151.6;44.2;44.3;14;14.4;25.3;0.0;
02/03/2025 14:19:34;100;0;148.69;-4;-20.33;-4.12;585.4;13.10;75833;2836.232;-1759.571;1;140;-150;-153.2;44.2;44.5;14;14.4;25.3;0.0;
02/03/2025 14:19:54;100;0;147.86;-4;-20.05;-4.16;588.4;13.10;75833;2836.231;-1759.570;1;140;-150;-153.2;44.2;44.3;14;14.4;25.3;0.0;
02/03/2025 14:20:14;100;0;147.25;-4;-20.21;-4.13;591.1;13.10;75819;2836.229;-1759.569;1;140;-150;-153.2;44.2;44.5;14;14.9;25.3;0.0;
02/03/2025 14:20:34;100;0;147.49;-4;-19.95;-4.13;593.9;13.10;75808;2836.227;-1759.567;1;140;-150;-151.6;44.2;44.5;14;14.4;25.3;0.0;
02/03/2025 14:20:54;100;0;149.46;-4;-20.50;-4.22;596.6;13.10;75815;2836.225;-1759.566;1;140;-150;-151.6;44.2;44.5;14;14.9;25.3;0.0;
02/03/2025 14:21:14;100;0;151.29;-4;-20.27;-4.07;599.3;13.00;75811;2836.224;-1759.565;1;140;-150;-153.2;44.2;44.3;14;14.4;25.3;0.0;
02/03/2025 14:21:34;100;0;151.05;-4;-20.46;-4.12;602.1;13.00;75803;2836.222;-1759.563;1;140;-150;-153.2;44.2;44.5;14;14.4;25.3;0.0;
02/03/2025 14:21:54;100;0;151.44;-4;-20.61;-4.04;604.7;13.00;75791;2836.220;-1759.563;1;140;-150;-153.2;44.2;44.5;14;14.9;25.3;0.0;
02/03/2025 14:22:14;100;0;151.16;-4;-20.50;-4.05;607.6;13.00;75778;2836.218;-1759.561;1;140;-150;-153.2;44.2;44.5;14;14.4;25.3;0.0;
02/03/2025 14:22:34;100;0;150.25;-4;-20.64;-4.06;610.3;12.90;75779;2836.217;-1759.560;1;140;-150;-153.2;44.2;44.3;14;14.4;25.3;0.0;
02/03/2025 14:22:54;100;0;144.82;-4;-20.17;-4.13;612.9;12.90;75764;2836.215;-1759.559;1;140;-150;-151.6;44.2;44.3;14;14.4;25.3;0.0;
02/03/2025 14:23:14;100;0;141.70;-4;-20.17;-4.14;615.5;12.90;75747;2836.214;-1759.557;1;140;-150;-151.6;44.2;44.5;14;14.9;25.3;0.0;
02/03/2025 14:23:34;100;0;139.11;-4;-20.09;-4.12;618.3;12.90;75747;2836.212;-1759.555;1;140;-150;-153.2;44.2;44.5;14;14.4;25.3;0.0;
02/03/2025 14:23:54;100;0;137.67;-4;-20.11;-4.15;620.6;12.80;75739;2836.212;-1759.554;1;140;-150;-153.2;44.2;44.5;12;12.2;25.3;0.0;
02/03/2025 14:24:14;100;0;136.98;-4;-19.94;-5.55;623.3;12.80;75739;2836.210;-1759.552;1;140;-150;-153.2;44.2;44.6;12;11.7;25.3;0.0;
02/03/2025 14:24:34;100;0;137.48;-4;-19.98;-5.54;625.8;12.80;75731;2836.209;-1759.550;1;140;-150;-153.2;44.2;44.3;12;11.7;25.3;0.0;
02/03/2025 14:24:54;100;0;135.28;-4;-19.87;-5.64;628.3;12.70;75732;2836.208;-1759.548;1;140;-150;-151.6;44.2;44.3;12;11.7;25.3;0.0;
02/03/2025 14:25:14;100;0;134.81;-4;-20.44;-5.50;631.1;12.70;75709;2836.207;-1759.546;1;140;-150;-153.2;44.2;44.5;10;9.9;25.3;0.0;
02/03/2025 14:25:34;100;0;132.75;-4;-20.27;-6.46;633.8;12.70;75704;2836.206;-1759.544;1;140;-150;-153.2;44.2;44.5;8;8.1;25.3;0.0;
02/03/2025 14:25:54;100;0;131.25;-4;-20.02;-7.40;636.7;12.70;75709;2836.205;-1759.542;1;140;-150;-153.2;44.2;44.3;6;5.4;25.3;0.0;
02/03/2025 14:26:14;100;0;131.23;-4;-20.23;-8.71;639.2;12.60;75687;2836.204;-1759.540;1;140;-150;-153.2;44.2;44.3;6;5.4;25.3;0.0;
02/03/2025 14:26:34;100;0;133.87;-4;-19.87;-8.74;641.9;12.60;75683;2836.203;-1759.538;1;140;-150;-153.2;44.2;44.5;9;9.0;25.3;0.0;
02/03/2025 14:26:54;100;0;138.36;-4;-20.07;-6.74;644.8;12.60;75676;2836.201;-1759.536;1;140;-150;-153.2;44.2;44.3;12;12.2;25.3;0.0;
02/03/2025 14:27:14;100;0;141.76;-4;-20.22;-5.20;647.5;12.50;75663;2836.200;-1759.534;1;140;-150;-153.2;44.2;44.5;12;12.6;25.3;0.0;
02/03/2025 14:27:34;100;0;143.37;-4;-20.20;-5.18;650.3;12.50;75666;2836.198;-1759.532;1;140;-150;-151.6;44.2;44.5;12;12.2;25.3;0.0;
02/03/2025 14:27:54;100;0;144.64;-4;-20.03;-5.14;653.1;12.50;75660;2836.196;-1759.531;1;140;-150;-153.2;44.2;44.5;12;12.6;25.3;0.0;
02/03/2025 14:28:14;100;0;147.47;-4;-20.25;-5.11;656.0;12.50;75654;2836.195;-1759.529;1;140;-150;-153.2;44.2;44.5;14;14.4;25.3;0.0;
02/03/2025 14:28:34;100;0;150.90;-4;-20.32;-4.01;658.9;12.40;75652;2836.193;-1759.528;1;140;-150;-153.2;44.2;44.5;14;14.4;25.3;0.0;
02/03/2025 14:28:54;100;0;152.93;-4;-20.36;-4.13;661.9;12.40;75648;2836.190;-1759.527;1;140;-150;-153.2;44.2;44.5;16;15.8;25.3;0.0;
02/03/2025 14:29:14;100;0;155.25;-4;-20.38;-3.26;664.8;12.40;75652;2836.188;-1759.526;1;140;-150;-151.6;44.2;44.5;16;16.2;25.3;0.0;
02/03/2025 14:29:34;100;0;157.07;-4;-20.21;-3.23;667.7;12.40;75640;2836.186;-1759.525;1;140;-150;-153.2;44.2;44.5;19;19.0;25.3;0.0;
02/03/2025 14:29:54;100;0;158.01;-4;-20.82;-1.86;670.6;12.30;75636;2836.184;-1759.524;1;140;-150;-153.2;44.2;44.5;19;19.4;25.3;0.0;
02/03/2025 14:30:14;100;0;157.04;-4;-20.54;-1.80;673.5;12.30;75626;2836.182;-1759.523;1;140;-150;-151.6;44.2;44.5;19;19.4;25.3;0.0;
02/03/2025 14:30:34;100;0;159.29;-4;-21.21;-1.72;676.6;12.30;75629;2836.180;-1759.522;1;140;-150;-156.5;44.2;44.5;22;22.1;25.3;0.0;
02/03/2025 14:30:54;100;0;157.60;-4;-20.56;0.05;679.8;12.30;75616;2836.177;-1759.521;1;140;-150;-153.2;44.2;44.5;22;22.6;25.3;0.0;
02/03/2025 14:31:14;100;0;154.98;-4;-20.22;0.04;682.6;12.30;75621;2836.175;-1759.520;1;140;-150;-153.2;44.2;44.5;17;17.1;25.3;0.0;
02/03/2025 14:31:34;100;0;154.41;-4;-20.37;-3.17;685.4;12.20;75598;2836.173;-1759.519;1;140;-150;-153.2;44.2;44.5;17;17.1;25.3;0.0;
02/03/2025 14:31:54;100;0;155.82;-4;-19.50;-3.14;688.2;12.20;75599;2836.171;-1759.519;1;140;-150;-153.2;44.2;44.5;17;17.1;25.3;0.0;
02/03/2025 14:32:14;100;0;156.07;-4;-20.00;-3.18;691.1;12.20;75594;2836.169;-1759.518;1;140;-150;-151.6;44.2;44.3;17;17.1;25.3;0.0;
02/03/2025 14:32:34;100;0;154.39;-4;-19.93;-3.07;694.0;12.10;75582;2836.167;-1759.516;1;140;-150;-153.2;44.2;44.5;17;17.1;25.3;0.0;
02/03/2025 14:32:54;100;0;152.90;-4;-19.97;-3.09;696.8;12.10;75566;2836.165;-1759.515;1;140;-150;-153.2;44.2;44.5;17;17.1;25.3;0.0;
02/03/2025 14:33:14;100;0;153.01;-4;-19.95;-3.19;699.5;12.10;75558;2836.163;-1759.514;1;140;-150;-153.2;44.2;44.3;17;17.1;25.3;0.0;
02/03/2025 14:33:34;100;0;152.51;-4;-20.11;-3.09;702.3;12.10;75547;2836.161;-1759.513;1;140;-150;-151.6;44.2;44.5;15;14.9;25.3;0.0;
02/03/2025 14:33:54;100;0;152.66;-4;-20.24;-4.15;705.2;12.00;75543;2836.159;-1759.512;1;140;-150;-154.8;44.2;44.5;15;14.4;25.3;0.0;
02/03/2025 14:34:14;100;0;148.57;-4;-19.89;-4.38;708.2;12.00;75533;2836.157;-1759.511;1;140;-150;-151.6;44.2;44.5;15;14.4;25.3;0.0;
02/03/2025 14:34:34;100;0;147.53;-4;-20.26;-4.04;711.0;12.00;75534;2836.156;-1759.509;1;140;-150;-153.2;44.2;44.3;15;14.4;25.3;0.0;
02/03/2025 14:34:54;100;0;145.41;-4;-20.25;-4.19;713.9;11.90;75525;2836.154;-1759.507;1;140;-150;-153.2;44.2;44.3;15;14.4;25.3;0.0;
02/03/2025 14:35:14;100;0;142.77;-4;-19.86;-4.26;716.7;11.90;75518;2836.152;-1759.506;1;140;-150;-153.2;44.2;44.5;15;14.4;25.3;0.0;
02/03/2025 14:35:34;100;0;141.29;-4;-19.94;-4.29;719.6;11.90;75514;2836.151;-1759.504;1;140;-150;-151.6;44.2;44.5;15;14.4;25.3;0.0;
02/03/2025 14:35:54;100;0;138.00;-4;-19.67;-4.15;722.3;11.90;75509;2836.149;-1759.502;1;140;-150;-151.6;44.2;44.5;13;13.1;25.3;0.0;
02/03/2025 14:36:14;100;0;137.21;-4;-19.66;-5.28;725.0;11.80;75503;2836.148;-1759.500;1;140;-150;-153.2;44.2;44.5;13;12.6;25.3;0.0;
02/03/2025 14:36:34;100;0;136.31;-4;-19.43;-5.14;727.7;11.80;75501;2836.147;-1759.498;1;140;-150;-151.6;44.2;44.3;13;12.6;25.3;0.0;
02/03/2025 14:36:54;100;0;135.92;-4;-19.38;-5.13;730.1;11.80;75498;2836.146;-1759.496;1;140;-150;-153.2;44.2;44.5;13;12.6;25.3;0.0;
02/03/2025 14:37:14;100;0;136.66;-4;-19.26;-5.17;732.7;11.80;75490;2836.144;-1759.494;1;140;-150;-151.6;44.2;44.3;13;12.6;25.3;0.0;
02/03/2025 14:37:34;100;0;140.64;-4;-19.31;-5.33;735.1;11.70;75480;2836.143;-1759.493;1;140;-150;-151.6;44.2;44.5;13;12.6;25.3;0.0;
02/03/2025 14:37:54;100;0;143.21;-4;-19.81;-5.16;737.4;11.70;75465;2836.142;-1759.492;1;140;-150;-153.2;44.2;44.5;13;12.6;25.3;0.0;
02/03/2025 14:38:14;100;0;143.57;-4;-19.75;-5.17;740.1;11.70;75456;2836.141;-1759.490;1;140;-150;-153.2;44.2;44.3;13;12.6;25.3;0.0;
02/03/2025 14:38:34;100;0;144.41;-4;-19.42;-5.06;742.8;11.70;75455;2836.139;-1759.488;1;140;-150;-153.2;44.2;44.5;13;12.6;25.3;0.0;
02/03/2025 14:38:54;100;0;145.38;-4;-19.66;-5.12;745.3;11.60;75434;2836.138;-1759.487;1;140;-150;-151.6;44.2;44.5;13;12.6;25.3;0.0;
02/03/2025 14:39:14;100;0;145.32;-4;-19.89;-5.08;747.9;11.60;75436;2836.136;-1759.486;1;140;-150;-153.2;44.2;44.5;13;12.6;25.3;0.0;
02/03/2025 14:39:35;100;0;147.23;-4;-19.90;-5.01;750.3;11.60;75434;2836.135;-1759.485;1;140;-150;-154.8;44.2;44.5;13;12.6;25.3;0.0;
02/03/2025 14:39:55;100;0;149.34;-4;-19.90;-5.09;753.0;11.60;75435;2836.133;-1759.483;1;140;-150;-151.6;44.2;44.5;13;12.6;25.3;0.0;
02/03/2025 14:40:15;100;0;147.28;-4;-19.79;-5.11;755.7;11.50;75417;2836.131;-1759.482;1;140;-150;-153.2;44.2;44.3;13;12.6;25.3;0.0;
02/03/2025 14:40:35;100;0;148.33;-4;-19.79;-4.94;758.4;11.50;75411;2836.130;-1759.481;1;140;-150;-154.8;44.2;44.3;13;12.6;25.3;0.0;
02/03/2025 14:40:55;100;0;149.86;-4;-19.55;-4.97;761.1;11.50;75411;2836.128;-1759.479;1;140;-150;-153.2;44.2;44.5;13;12.6;25.3;0.0;
02/03/2025 14:41:15;100;0;153.16;-4;-19.61;-4.81;763.7;11.40;75404;2836.126;-1759.479;1;140;-150;-153.2;44.2;44.3;16;15.8;25.3;0.0;
02/03/2025 14:41:35;100;0;157.20;-4;-20.07;-3.60;766.4;11.40;75388;2836.124;-1759.478;1;140;-150;-153.2;44.2;44.3;19;19.0;25.3;0.0;
02/03/2025 14:41:55;100;0;157.70;-4;-19.36;-1.84;769.1;11.40;75383;2836.122;-1759.477;1;140;-150;-151.6;44.2;44.5;19;19.4;25.3;0.0;
02/03/2025 14:42:15;100;0;160.09;-4;-19.79;-1.66;771.6;11.40;75382;2836.121;-1759.476;1;140;-150;-153.2;44.2;44.3;23;23.0;25.3;0.0;
02/03/2025 14:42:35;100;0;157.83;-4;-21.01;0.25;774.2;11.30;75386;2836.119;-1759.476;1;140;-150;-153.2;44.2;44.5;20;19.4;25.3;0.0;
02/03/2025 14:42:55;100;0;160.18;-4;-17.34;-1.80;776.8;11.30;75383;2836.117;-1759.475;1;140;-150;-153.2;45.0;45.4;23;23.5;25.3;0.0;
02/03/2025 14:43:15;100;0;164.09;-4;-25.43;0.33;779.4;11.30;75381;2836.115;-1759.475;1;140;-150;-151.6;43.4;43.4;28;28.0;25.3;0.0;
02/03/2025 14:43:35;100;0;166.55;-4;-20.51;2.99;782.9;11.30;75376;2836.112;-1759.475;1;140;-150;-151.6;43.4;43.2;35;35.2;25.3;0.0;
02/03/2025 14:43:55;100;0;163.53;-4;-19.36;6.52;786.1;11.20;75371;2836.109;-1759.474;1;140;-150;-153.2;43.4;43.2;30;29.8;25.3;0.0;
02/03/2025 14:44:15;100;0;161.59;-4;-17.63;2.97;789.6;11.20;75367;2836.106;-1759.473;1;140;-150;-153.2;44.1;44.0;27;26.6;25.3;0.0;
02/03/2025 14:44:35;100;0;159.36;-4;-18.18;1.72;792.4;11.20;75361;2836.104;-1759.472;1;140;-150;-151.6;44.7;44.8;22;22.1;25.3;0.0;
02/03/2025 14:44:55;100;0;159.43;-4;-20.04;-0.38;795.0;11.20;75359;2836.102;-1759.472;1;140;-150;-153.2;44.7;45.1;22;22.1;25.3;0.0;
02/03/2025 14:45:15;100;0;156.27;-4;-20.25;-0.45;798.0;11.10;75352;2836.100;-1759.471;1;140;-150;-151.6;44.7;44.8;20;19.9;25.3;0.0;
02/03/2025 14:45:35;100;0;154.54;-4;-20.20;-1.61;800.9;11.10;75337;2836.098;-1759.470;1;140;-150;-153.2;44.7;44.8;17;17.1;25.3;0.0;
02/03/2025 14:45:55;100;0;155.92;-4;-20.31;-3.19;803.6;11.10;75346;2836.096;-1759.469;1;140;-150;-153.2;44.7;44.9;17;16.7;25.3;0.0;
02/03/2025 14:46:15;100;0;156.65;-4;-20.35;-3.28;806.6;11.10;75336;2836.094;-1759.468;1;140;-150;-153.2;44.7;44.9;19;19.0;25.3;0.0;
02/03/2025 14:46:35;100;0;153.93;-4;-21.32;-1.92;809.5;11.00;75337;2836.092;-1759.467;1;140;-150;-153.2;44.7;44.9;17;17.1;25.3;0.0;
02/03/2025 14:46:55;100;0;152.44;-4;-20.47;-3.20;812.7;11.00;75325;2836.089;-1759.466;1;140;-150;-151.6;44.7;44.9;17;16.7;25.3;0.0;
02/03/2025 14:47:15;100;0;151.59;-4;-20.84;-3.07;816.0;11.00;75320;2836.087;-1759.464;1;140;-150;-153.2;44.7;44.9;17;16.7;25.3;0.0;
02/03/2025 14:47:35;100;0;149.95;-4;-20.60;-3.32;819.1;11.00;75324;2836.085;-1759.463;1;140;-150;-151.6;44.7;44.8;15;14.9;25.3;0.0;
02/03/2025 14:47:55;100;0;147.37;-4;-20.38;-4.30;822.3;10.90;75317;2836.083;-1759.461;1;140;-150;-153.2;44.7;44.9;15;14.4;25.3;0.0;
02/03/2025 14:48:15;100;0;145.60;-4;-19.63;-4.22;825.4;10.90;75306;2836.081;-1759.459;1;140;-150;-153.2;44.7;44.9;15;14.4;25.3;0.0;
02/03/2025 14:48:35;100;0;144.70;-4;-20.18;-4.28;828.0;10.90;75314;2836.079;-1759.458;1;140;-150;-153.2;44.7;44.9;15;14.4;25.3;0.0;
02/03/2025 14:48:55;100;0;144.73;-4;-20.39;-4.34;830.7;10.90;75315;2836.078;-1759.456;1;140;-150;-153.2;44.7;44.9;15;14.4;25.3;0.0;
02/03/2025 14:49:15;100;0;143.25;-4;-20.09;-4.47;833.4;10.90;75304;2836.076;-1759.455;1;140;-150;-153.2;44.7;44.9;15;14.4;25.3;0.0;
02/03/2025 14:49:35;100;0;142.36;-4;-20.18;-4.23;836.0;10.80;75303;2836.075;-1759.453;1;140;-150;-153.2;44.7;44.9;15;14.4;25.3;0.0;
02/03/2025 14:49:55;100;0;141.92;-4;-20.42;-4.38;838.5;10.80;75289;2836.074;-1759.452;1;140;-150;-153.2;44.7;44.9;15;14.4;25.3;0.0;
02/03/2025 14:50:15;100;0;140.57;-4;-19.93;-4.47;841.1;10.80;75294;2836.072;-1759.450;1;140;-150;-153.2;44.7;44.8;15;14.4;25.3;0.0;
02/03/2025 14:50:35;100;0;139.09;-4;-20.46;-4.33;843.7;10.80;75289;2836.071;-1759.448;1;140;-150;-153.2;44.7;44.9;15;14.4;25.3;0.0;
02/03/2025 14:50:55;100;0;137.81;-4;-20.70;-4.30;846.6;10.70;75286;2836.070;-1759.446;1;140;-150;-153.2;44.7;44.9;13;12.6;25.3;0.0;
02/03/2025 14:51:15;100;0;133.27;-4;-20.34;-5.14;849.5;10.70;75289;2836.068;-1759.444;1;140;-150;-153.2;44.7;44.9;10;9.9;25.3;0.0;
02/03/2025 14:51:35;100;0;132.48;-4;-20.07;-6.70;852.5;10.70;75287;2836.067;-1759.441;1;140;-150;-153.2;44.7;44.9;10;9.9;25.3;0.0;
02/03/2025 14:51:55;100;0;134.60;-4;-20.12;-6.53;855.5;10.70;75280;2836.066;-1759.439;1;140;-150;-153.2;44.7;44.9;10;9.9;25.3;0.0;
02/03/2025 14:52:15;100;0;134.60;-4;-19.44;-6.64;858.5;10.70;75265;2836.064;-1759.437;1;140;-150;-153.2;44.7;44.9;12;12.2;25.3;0.0;
02/03/2025 14:52:35;100;0;136.02;-4;-18.58;-5.38;861.3;10.60;75280;2836.063;-1759.435;1;140;-150;-153.2;45.1;45.2;12;12.2;25.3;0.0;
02/03/2025 14:52:55;100;0;134.77;-4;-20.75;-5.28;864.1;10.60;75272;2836.061;-1759.432;1;140;-150;-153.2;45.1;45.4;12;12.6;25.3;0.0;
02/03/2025 14:53:15;100;0;136.23;-4;-20.66;-5.22;867.1;10.60;75273;2836.060;-1759.430;1;140;-150;-156.5;45.1;45.4;12;12.2;25.3;0.0;
02/03/2025 14:53:35;100;0;137.56;-4;-20.80;-5.22;869.8;10.60;75272;2836.059;-1759.428;1;140;-150;-153.2;45.1;45.4;12;12.2;25.3;0.0;
02/03/2025 14:53:55;100;0;136.28;-4;-21.06;-5.34;872.6;10.60;75258;2836.058;-1759.427;1;140;-150;-153.2;45.1;45.5;12;12.2;25.3;0.0;
02/03/2025 14:54:15;100;0;136.69;-4;-21.90;-5.17;875.4;10.60;75267;2836.056;-1759.425;1;140;-150;-153.2;45.1;45.4;12;12.2;25.3;0.0;
02/03/2025 14:54:35;100;0;132.26;-4;-20.76;-5.23;878.6;10.50;75260;2836.055;-1759.422;1;140;-150;-153.2;45.1;45.4;9;9.0;25.3;0.0;
02/03/2025 14:54:55;100;0;136.34;-4;-20.69;-7.04;881.5;10.50;75261;2836.054;-1759.420;1;140;-150;-153.2;45.1;45.4;12;12.2;25.3;0.0;
02/03/2025 14:55:15;100;0;133.20;-4;-20.78;-5.16;884.3;10.50;75247;2836.053;-1759.418;1;140;-150;-153.2;45.1;45.4;9;9.0;25.3;0.0;
02/03/2025 14:55:35;100;0;132.98;-4;-21.61;-7.07;887.2;10.50;75245;2836.051;-1759.416;1;140;-150;-153.2;45.1;45.5;9;9.0;25.3;0.0;
02/03/2025 14:55:55;100;0;133.46;-4;-20.62;-7.10;890.0;10.50;75248;2836.050;-1759.414;1;140;-150;-153.2;45.1;45.4;9;9.0;25.3;0.0;
02/03/2025 14:56:15;100;0;133.50;-4;-20.26;-6.89;892.7;10.40;75247;2836.049;-1759.412;1;140;-150;-153.2;45.1;45.4;9;9.0;25.3;0.0;
02/03/2025 14:56:35;100;0;135.38;-4;-21.48;-7.06;895.4;10.40;75242;2836.048;-1759.410;1;140;-150;-153.2;45.1;45.5;11;11.3;25.3;0.0;
02/03/2025 14:56:55;100;0;134.58;-4;-22.30;-5.83;898.0;10.40;75256;2836.047;-1759.408;1;140;-150;-153.2;44.4;44.3;9;8.6;25.3;0.0;
02/03/2025 14:57:15;100;0;135.96;-4;-18.71;-7.22;900.7;10.40;75228;2836.046;-1759.406;1;140;-150;-153.2;44.8;44.9;12;12.2;25.3;0.0;
02/03/2025 14:57:35;100;0;133.47;-4;-19.68;-4.87;902.8;10.40;75234;2836.045;-1759.404;1;140;-150;-153.2;44.8;45.1;8;8.1;25.3;0.0;
02/03/2025 14:57:55;100;0;140.01;-4;-19.91;-7.40;905.1;10.40;75246;2836.044;-1759.403;1;140;-150;-153.2;44.8;45.1;13;13.1;25.3;0.0;
02/03/2025 14:58:15;100;0;143.10;-4;-19.63;-4.82;907.3;10.30;75235;2836.043;-1759.402;1;140;-150;-153.2;44.8;45.1;13;13.5;25.3;0.0;
02/03/2025 14:58:35;100;0;144.35;-4;-20.25;-4.86;909.6;10.30;75225;2836.042;-1759.401;1;140;-150;-153.2;44.8;45.1;13;13.5;25.3;0.0;
02/03/2025 14:58:55;100;0;145.04;-4;-18.37;-4.72;911.8;10.30;75229;2836.041;-1759.400;1;140;-150;-153.2;45.3;45.2;13;13.5;25.3;0.0;
02/03/2025 14:59:15;100;0;151.16;-4;-22.87;-4.59;914.0;10.30;75219;2836.040;-1759.399;1;140;-150;-151.6;44.4;44.2;13;13.5;25.3;0.0;
02/03/2025 14:59:35;100;0;147.80;-4;-18.20;-5.10;916.5;10.30;75215;2836.038;-1759.398;1;140;-150;-151.6;44.9;45.1;13;13.5;25.3;0.0;
02/03/2025 14:59:55;100;0;146.44;-4;-20.43;-4.74;918.7;10.30;75225;2836.037;-1759.397;1;140;-150;-153.2;44.9;45.2;13;13.5;25.3;0.0;
02/03/2025 15:00:15;100;0;146.65;-4;-20.53;-4.56;920.5;10.20;75211;2836.037;-1759.396;1;140;-170;-167.7;44.9;45.2;13;13.5;25.3;0.0;
02/03/2025 15:00:35;100;0;145.24;-4;-21.00;-4.46;922.8;10.20;75258;2836.036;-1759.395;1;140;-170;-169.4;44.9;45.2;13;13.5;25.3;0.0;
02/03/2025 15:00:55;100;0;149.62;-4;-21.41;-4.71;925.5;10.20;75261;2836.034;-1759.394;1;140;-170;-169.4;44.9;45.2;13;13.5;25.3;0.0;
02/03/2025 15:01:15;100;0;145.97;-4;-21.66;-4.75;928.5;10.20;75257;2836.032;-1759.392;1;140;-170;-169.4;44.9;45.2;13;13.5;25.3;0.0;
02/03/2025 15:01:35;100;0;149.49;-4;-19.82;-4.52;931.3;10.20;75255;2836.031;-1759.391;1;140;-170;-169.4;44.9;45.2;13;13.5;25.3;0.0;
02/03/2025 15:01:55;100;0;146.49;-4;-19.32;-4.99;934.0;10.20;75242;2836.029;-1759.389;1;140;-170;-171.0;44.9;45.2;13;13.5;25.3;0.0;
02/03/2025 15:02:15;100;0;150.90;-4;-20.13;-4.22;936.4;10.20;75253;2836.027;-1759.389;1;140;-170;-169.4;44.9;45.2;15;14.9;25.3;0.0;
02/03/2025 15:02:35;100;0;151.86;-4;-21.04;-3.32;939.1;10.10;75246;2836.026;-1759.388;1;140;-170;-169.4;44.9;45.2;15;14.9;25.3;0.0;
02/03/2025 15:02:55;100;0;153.34;-4;-21.91;-3.68;941.9;10.10;75245;2836.024;-1759.387;1;140;-170;-169.4;44.9;45.2;15;15.3;25.3;0.0;
02/03/2025 15:03:15;100;0;158.48;-4;-21.23;-4.12;945.0;10.10;75245;2836.022;-1759.386;1;140;-170;-171.0;44.9;45.2;22;22.1;25.3;0.0;
02/03/2025 15:03:35;100;0;153.32;-4;-19.90;0.13;948.3;10.10;75249;2836.019;-1759.384;1;140;-170;-171.0;44.9;45.2;17;17.1;25.3;0.0;
02/03/2025 15:03:55;100;0;150.53;-4;-20.66;-3.15;951.1;10.10;75239;2836.018;-1759.383;1;140;-170;-169.4;44.9;45.2;15;14.9;25.3;0.0;
02/03/2025 15:04:15;100;0;150.53;-4;-20.75;-4.63;953.9;10.10;75242;2836.016;-1759.382;1;140;-170;-171.0;44.9;45.2;15;14.9;25.3;0.0;
02/03/2025 15:04:35;100;0;151.69;-4;-20.68;-4.24;956.7;10.10;75247;2836.014;-1759.381;1;140;-170;-169.4;44.9;45.2;15;14.9;25.3;0.0;
02/03/2025 15:04:55;100;0;152.27;-4;-20.05;-4.15;959.6;10.00;75238;2836.012;-1759.380;1;140;-170;-171.0;44.9;45.2;15;14.9;25.3;0.0;
02/03/2025 15:05:15;100;0;151.13;-4;-20.48;-4.00;962.0;10.00;75233;2836.011;-1759.379;1;140;-170;-171.0;44.9;45.2;15;14.9;25.3;0.0;
02/03/2025 15:05:35;100;0;152.59;-4;-21.00;-4.48;964.9;10.00;75239;2836.009;-1759.378;1;140;-170;-171.0;44.9;45.2;15;14.9;25.3;0.0;
02/03/2025 15:05:55;100;0;152.57;-4;-20.72;-4.05;967.7;10.00;75242;2836.007;-1759.377;1;140;-170;-171.0;44.9;45.2;15;14.9;25.3;0.0;
02/03/2025 15:06:15;100;0;152.20;-4;-19.92;-4.20;970.7;10.00;75247;2836.005;-1759.375;1;140;-170;-171.0;44.9;45.2;15;14.9;25.3;0.0;
02/03/2025 15:06:35;100;0;153.44;-4;-20.31;-4.09;973.6;10.00;75243;2836.003;-1759.374;1;140;-170;-171.0;44.9;45.2;15;14.9;25.3;0.0;
02/03/2025 15:06:55;100;0;156.37;-4;-20.63;-4.05;976.7;10.00;75239;2836.000;-1759.373;1;140;-170;-171.0;44.9;45.2;19;19.0;25.3;0.0;
02/03/2025 15:07:15;100;0;160.19;-4;-21.20;-1.61;979.6;10.00;75231;2835.998;-1759.373;1;140;-170;-171.0;44.9;45.2;23;23.0;25.3;0.0;
02/03/2025 15:07:35;100;0;157.75;-4;-20.04;-0.01;982.5;9.90;75234;2835.996;-1759.372;1;140;-170;-169.4;44.9;45.2;20;19.9;25.3;0.0;
02/03/2025 15:07:55;100;0;155.01;-4;-21.21;-1.43;985.1;9.90;75226;2835.995;-1759.371;1;140;-170;-171.0;44.9;45.2;18;18.1;25.3;0.0;
02/03/2025 15:08:15;100;0;153.12;-4;-20.27;-2.52;988.1;9.90;75229;2835.992;-1759.370;1;140;-170;-171.0;44.9;45.2;18;18.1;25.3;0.0;
02/03/2025 15:08:35;100;0;151.77;-4;-20.85;-2.71;990.9;9.90;75239;2835.991;-1759.369;1;140;-170;-169.4;44.9;45.2;16;15.8;25.3;0.0;
02/03/2025 15:08:55;100;0;150.50;-4;-20.74;-3.43;993.9;9.90;75220;2835.989;-1759.367;1;140;-170;-171.0;44.9;45.2;16;15.8;25.3;0.0;
02/03/2025 15:09:15;100;0;149.94;-4;-20.58;-3.59;996.7;9.90;75229;2835.987;-1759.366;1;140;-170;-171.0;44.9;45.2;16;15.8;25.3;0.0;
02/03/2025 15:09:30;118;0;149.26;-4;-20.48;-3.70;998.9;9.90;75220;2835.985;-1759.365;1;140;450;-171.0;21.9;21.9;7;7.2;25.3;0.0;
02/03/2025 15:09:40;118;0;118.28;-4;-7.30;-8.75;1000.1;9.90;75206;2835.985;-1759.363;1;140;450;-43.5;21.9;21.6;7;7.2;23.8;-1.0;
02/03/2025 15:09:50;118;0;101.51;-4;18.94;-8.58;1000.2;9.90;74934;2835.986;-1759.364;1;140;450;83.9;21.9;21.9;7;7.2;23.8;-1.0;
02/03/2025 15:10:00;118;0;96.56;-4;28.39;-9.12;999.4;9.90;74690;2835.986;-1759.363;1;140;450;208.1;21.9;22.1;7;7.2;23.6;-1.0;
02/03/2025 15:10:10;118;0;95.01;-4;28.28;-8.70;998.2;9.90;74439;2835.987;-1759.362;1;140;450;330.6;21.9;22.1;7;7.2;23.6;-1.0;
02/03/2025 15:10:20;118;0;95.27;-4;26.37;-8.41;997.0;9.90;74192;2835.987;-1759.361;1;140;450;441.9;21.9;22.1;7;7.2;23.7;-1.0;
02/03/2025 15:10:30;118;0;95.93;-4;24.20;-8.03;995.3;9.90;73951;2835.988;-1759.359;1;140;450;453.2;21.9;22.1;7;6.8;23.5;-1.0;
02/03/2025 15:10:40;118;0;142.07;-4;21.54;-7.83;993.5;10.00;73946;2835.986;-1759.358;1;140;450;453.2;21.9;22.1;7;7.2;25.2;-1.0;
02/03/2025 15:11:00;117;0;135.25;-4;20.38;-8.10;990.0;10.00;73957;2835.985;-1759.355;1;140;450;453.2;21.9;21.9;7;6.8;25.3;-1.0;
02/03/2025 15:11:20;117;0;125.76;-4;19.35;-7.57;986.0;10.10;73954;2835.983;-1759.351;1;140;450;453.2;21.9;22.1;43;42.9;25.3;-1.0;
02/03/2025 15:11:40;117;0;130.18;-4;21.57;10.88;982.3;10.10;73947;2835.981;-1759.348;1;140;450;453.2;21.9;22.1;36;36.1;25.3;-1.0;
02/03/2025 15:12:00;117;0;134.13;-4;22.06;7.52;978.4;10.10;73945;2835.979;-1759.345;1;140;450;451.6;22.5;22.7;32;32.0;25.3;-1.0;
02/03/2025 15:12:20;117;0;135.70;-4;20.69;4.73;974.3;10.10;73941;2835.977;-1759.342;1;140;450;453.2;22.5;22.7;32;31.6;25.3;-1.0;
02/03/2025 15:12:41;117;0;136.98;-4;20.96;4.93;970.4;10.10;73933;2835.975;-1759.339;1;140;450;453.2;22.5;22.7;30;29.8;25.3;-1.0;
02/03/2025 15:13:01;117;0;134.53;-4;20.03;4.52;966.6;10.10;73941;2835.973;-1759.336;1;140;450;453.2;22.5;22.7;32;32.0;25.3;-1.0;
02/03/2025 15:13:21;117;0;136.14;-4;19.94;5.23;962.7;10.10;73931;2835.970;-1759.333;1;140;450;453.2;22.5;22.7;30;29.8;25.3;-1.0;
02/03/2025 15:13:41;117;0;137.68;-4;18.70;3.93;959.2;10.10;73928;2835.968;-1759.330;1;140;450;453.2;22.2;22.1;30;29.8;25.3;-1.0;
02/03/2025 15:14:01;117;0;139.09;-4;20.86;4.32;955.8;10.10;73918;2835.966;-1759.328;1;140;450;453.2;22.2;21.5;30;29.8;25.3;-1.0;
02/03/2025 15:14:21;117;0;138.79;-4;23.10;3.92;951.8;10.10;73926;2835.964;-1759.325;1;140;450;451.6;23.1;23.1;30;29.8;25.3;-1.0;
02/03/2025 15:14:41;117;0;140.69;-4;21.51;3.86;947.9;10.10;73924;2835.962;-1759.322;1;140;450;453.2;23.1;23.1;30;29.8;25.3;-1.0;
02/03/2025 15:15:01;117;0;141.63;-4;19.60;3.91;943.8;10.10;73916;2835.959;-1759.319;1;140;450;453.2;23.1;23.1;30;29.8;25.3;-1.0;
02/03/2025 15:15:21;117;0;145.50;-4;20.05;4.02;939.9;10.00;73909;2835.956;-1759.317;1;140;450;451.6;23.1;23.3;30;29.8;25.3;-1.0;
02/03/2025 15:15:41;117;0;145.99;-4;18.76;3.87;936.1;10.00;73909;2835.953;-1759.314;1;140;450;453.2;22.7;22.7;30;29.8;25.3;-1.0;
02/03/2025 15:16:01;117;0;146.19;-4;18.23;3.80;932.5;10.00;73907;2835.950;-1759.312;1;140;450;451.6;22.2;22.2;30;29.8;25.3;-1.0;
02/03/2025 15:16:21;117;0;147.87;-4;20.94;3.80;928.9;10.00;73898;2835.948;-1759.310;1;140;450;453.2;22.2;21.6;30;29.8;25.3;-1.0;
02/03/2025 15:16:41;117;0;147.53;-4;22.27;3.96;925.1;10.00;73900;2835.945;-1759.308;1;140;450;451.6;22.9;22.8;30;29.8;25.3;-1.0;
02/03/2025 15:17:01;117;0;148.59;-4;21.27;4.03;920.9;10.00;73888;2835.942;-1759.306;1;140;450;451.6;22.9;23.1;30;29.8;25.3;-1.0;
02/03/2025 15:17:21;117;0;150.36;-4;19.65;4.04;916.6;10.00;73888;2835.938;-1759.304;1;140;450;451.6;22.9;23.0;28;28.0;25.3;-1.0;
02/03/2025 15:17:41;117;0;150.29;-4;19.02;3.12;913.1;9.90;73881;2835.936;-1759.302;1;140;450;453.2;22.9;22.8;28;28.0;25.3;-1.0;
02/03/2025 15:18:01;117;0;150.59;-4;19.22;2.93;909.6;9.90;73884;2835.933;-1759.300;1;140;450;451.6;22.9;22.8;28;28.0;25.3;-1.0;
02/03/2025 15:18:21;117;0;150.59;-4;18.75;2.98;906.3;9.90;73872;2835.930;-1759.298;1;140;450;453.2;22.5;22.5;28;28.0;25.3;-1.0;
02/03/2025 15:18:41;117;0;150.96;-4;19.65;3.10;903.2;9.90;73875;2835.928;-1759.297;1;140;450;453.2;22.5;22.5;28;28.0;25.3;-1.0;
02/03/2025 15:19:01;117;0;151.62;-4;19.62;2.93;899.9;9.90;73880;2835.926;-1759.295;1;140;450;453.2;22.5;22.5;28;28.0;25.3;-1.0;
02/03/2025 15:19:21;117;0;153.67;-4;20.18;2.83;896.6;9.90;73863;2835.923;-1759.294;1;140;450;453.2;22.5;22.5;26;26.2;25.3;-1.0;
02/03/2025 15:19:41;117;0;152.86;-4;19.68;2.07;893.4;9.90;73863;2835.921;-1759.292;1;140;450;453.2;22.5;22.4;26;26.2;25.3;-1.0;
02/03/2025 15:20:01;117;0;152.80;-4;19.80;1.84;889.8;9.90;73872;2835.918;-1759.291;1;140;450;451.6;22.5;22.5;26;25.7;25.3;-1.0;
02/03/2025 15:20:21;117;0;152.30;-4;19.75;1.91;886.4;9.80;73861;2835.915;-1759.289;1;140;450;453.2;22.5;22.5;26;26.2;25.3;-1.0;
02/03/2025 15:20:41;117;0;151.31;-4;20.34;2.04;882.7;9.80;73859;2835.912;-1759.287;1;140;450;451.6;22.5;22.5;28;28.0;25.3;-1.0;
02/03/2025 15:21:01;117;0;151.80;-4;19.76;3.12;878.9;9.80;73857;2835.909;-1759.286;1;140;450;453.2;22.5;22.5;28;28.4;25.3;-1.0;
02/03/2025 15:21:21;117;0;153.95;-4;20.18;3.21;875.1;9.80;73858;2835.906;-1759.284;1;140;450;453.2;22.5;22.5;25;24.8;25.3;-1.0;
02/03/2025 15:21:41;117;0;153.75;-4;19.91;1.16;871.2;9.80;73847;2835.903;-1759.282;1;140;450;453.2;22.5;22.5;25;24.4;25.3;-1.0;
02/03/2025 15:22:01;117;0;152.50;-4;19.99;1.22;867.1;9.80;73850;2835.900;-1759.280;1;140;450;453.2;22.5;22.5;25;24.8;25.3;-1.0;
02/03/2025 15:22:21;117;0;153.46;-4;19.97;1.20;862.6;9.80;73846;2835.896;-1759.278;1;140;450;451.6;22.5;22.5;25;24.4;25.3;-1.0;
02/03/2025 15:22:41;117;0;150.77;-4;19.03;1.31;858.0;9.80;73849;2835.892;-1759.275;1;140;450;453.2;22.5;22.5;27;27.1;25.3;-1.0;
02/03/2025 15:23:01;117;0;149.98;-4;18.87;2.49;853.7;9.80;73857;2835.888;-1759.273;1;140;450;453.2;22.1;22.1;27;27.1;25.3;-1.0;
02/03/2025 15:23:21;117;0;150.35;-4;20.37;2.60;849.2;9.80;73857;2835.884;-1759.270;1;140;450;453.2;22.1;21.6;27;27.5;25.3;-1.0;
02/03/2025 15:23:41;117;0;150.50;-4;20.67;2.85;844.8;9.80;73863;2835.881;-1759.268;1;140;450;453.2;22.1;21.6;27;27.1;25.3;-1.0;
02/03/2025 15:24:01;117;0;150.65;-4;21.20;2.88;840.3;9.70;73847;2835.877;-1759.266;1;140;450;453.2;22.1;21.6;27;27.5;25.3;-1.0;
02/03/2025 15:24:21;117;0;148.92;-4;21.08;2.59;836.0;9.80;73855;2835.874;-1759.263;1;140;450;453.2;22.1;21.6;27;27.5;25.3;-1.0;
02/03/2025 15:24:41;117;0;149.23;-4;20.40;2.66;831.6;9.70;73853;2835.870;-1759.261;1;140;450;453.2;22.1;21.6;27;27.5;25.3;-1.0;
02/03/2025 15:25:01;117;0;149.43;-4;20.48;2.36;827.6;9.70;73848;2835.867;-1759.259;1;140;450;453.2;22.1;21.5;27;27.5;25.3;-1.0;
02/03/2025 15:25:21;117;0;145.77;-4;21.51;2.73;823.7;9.70;73846;2835.865;-1759.256;1;140;450;454.8;22.1;21.5;29;28.9;25.3;-1.0;
02/03/2025 15:25:41;117;0;144.46;-4;21.60;3.64;819.6;9.70;73841;2835.862;-1759.254;1;140;450;453.2;22.1;21.4;29;29.3;25.3;-1.0;
02/03/2025 15:26:01;117;0;144.59;-4;21.33;3.96;815.5;9.70;73846;2835.859;-1759.251;1;140;450;454.8;22.1;21.5;29;29.3;25.3;-1.0;
02/03/2025 15:26:21;117;0;144.87;-4;21.34;3.72;811.5;9.70;73841;2835.856;-1759.249;1;140;450;453.2;22.1;21.4;29;29.3;25.3;-1.0;
02/03/2025 15:26:41;117;0;144.17;-4;21.87;3.80;807.5;9.70;73836;2835.854;-1759.247;1;140;450;451.6;22.1;21.5;29;29.3;25.3;-1.0;
02/03/2025 15:27:01;117;0;143.80;-4;22.15;3.80;803.3;9.70;73827;2835.851;-1759.244;1;140;450;453.2;22.8;22.8;29;29.3;25.2;-1.0;
02/03/2025 15:27:21;117;0;142.93;-4;20.46;3.74;799.1;9.70;73834;2835.848;-1759.241;1;140;450;453.2;22.8;23.0;29;29.3;25.3;-1.0;
02/03/2025 15:27:41;117;0;139.95;-4;19.47;3.98;795.2;9.70;73826;2835.845;-1759.238;1;140;450;453.2;22.8;23.0;29;29.3;25.3;-1.0;
02/03/2025 15:28:01;117;0;139.30;-4;18.89;3.48;791.4;9.70;73823;2835.843;-1759.235;1;140;450;453.2;22.5;22.5;29;29.3;25.3;-1.0;
02/03/2025 15:28:21;117;0;138.72;-4;19.12;3.73;787.8;9.70;73832;2835.840;-1759.232;1;140;450;453.2;22.5;22.5;29;29.3;25.3;-1.0;
02/03/2025 15:28:41;117;0;138.96;-4;19.41;3.62;784.1;9.70;73827;2835.838;-1759.229;1;140;450;453.2;22.5;22.5;29;29.3;25.3;-1.0;
02/03/2025 15:29:01;117;0;140.48;-4;20.15;3.60;780.1;9.70;73818;2835.835;-1759.226;1;140;450;453.2;22.5;22.5;29;29.3;25.3;-1.0;
02/03/2025 15:29:21;117;0;139.02;-4;19.19;3.75;775.9;9.60;73830;2835.832;-1759.223;1;140;450;453.2;22.5;22.5;29;29.3;25.3;-1.0;
02/03/2025 15:29:41;117;0;140.01;-4;18.70;3.44;771.9;9.60;73810;2835.829;-1759.220;1;140;450;453.2;22.1;21.9;29;29.3;25.3;-1.0;
02/03/2025 15:30:01;117;0;140.00;-4;20.54;3.71;767.9;9.60;73822;2835.827;-1759.217;1;140;450;453.2;22.1;21.6;29;29.3;25.3;-1.0;
02/03/2025 15:30:21;117;0;141.11;-4;20.68;3.61;763.7;9.60;73815;2835.824;-1759.214;1;140;450;451.6;22.1;21.6;29;29.3;25.3;-1.0;
02/03/2025 15:30:41;117;0;142.38;-4;20.75;3.73;759.5;9.60;73814;2835.821;-1759.211;1;140;450;453.2;22.1;21.6;29;29.3;25.3;-1.0;
02/03/2025 15:31:01;117;0;142.32;-4;20.86;3.74;755.5;9.60;73818;2835.819;-1759.209;1;140;450;453.2;22.1;21.6;29;29.3;25.3;-1.0;
02/03/2025 15:31:21;117;0;142.86;-4;20.78;3.84;751.6;9.60;73816;2835.816;-1759.206;1;140;450;454.8;22.1;21.6;29;29.3;25.3;-1.0;
02/03/2025 15:31:41;117;0;143.45;-4;20.75;3.71;747.8;9.60;73818;2835.814;-1759.204;1;140;450;453.2;22.1;21.6;29;29.3;25.3;-1.0;
02/03/2025 15:32:01;117;0;143.52;-4;21.09;3.68;743.9;9.60;73802;2835.811;-1759.201;1;140;450;453.2;22.1;21.5;29;29.3;25.3;-1.0;
02/03/2025 15:32:21;117;0;142.75;-4;20.75;3.64;739.9;9.60;73818;2835.808;-1759.198;1;140;450;453.2;22.1;21.6;29;29.3;25.3;-1.0;
02/03/2025 15:32:41;117;0;141.91;-4;20.55;3.71;736.2;9.60;73809;2835.806;-1759.196;1;140;450;453.2;22.1;21.6;29;29.3;25.3;-1.0;
02/03/2025 15:33:01;117;0;141.06;-4;20.22;3.36;732.6;9.60;73796;2835.804;-1759.194;1;140;450;453.2;22.1;21.6;29;29.3;25.3;-1.0;
02/03/2025 15:33:21;117;0;140.70;-4;20.53;3.85;729.1;9.60;73803;2835.802;-1759.191;1;140;450;453.2;22.1;21.6;29;29.3;25.3;-1.0;
02/03/2025 15:33:41;117;0;140.28;-4;20.78;3.71;725.5;9.60;73805;2835.799;-1759.189;1;140;450;453.2;22.1;21.6;29;29.3;25.3;-1.0;
02/03/2025 15:34:01;117;0;140.67;-4;20.84;3.65;722.0;9.60;73801;2835.797;-1759.186;1;140;450;454.8;22.1;21.6;29;29.3;25.3;-1.0;
02/03/2025 15:34:21;117;0;142.91;-4;20.88;3.49;718.7;9.60;73801;2835.795;-1759.184;1;140;450;453.2;22.1;21.6;29;29.3;25.3;-1.0;
02/03/2025 15:34:41;117;0;145.85;-4;21.21;3.60;715.2;9.60;73803;2835.793;-1759.182;1;140;450;454.8;22.1;21.6;29;29.3;25.3;-1.0;
02/03/2025 15:35:01;117;0;148.23;-4;20.89;3.67;711.9;9.60;73807;2835.791;-1759.181;1;140;450;453.2;22.1;21.6;29;29.3;25.3;-1.0;
02/03/2025 15:35:21;117;0;151.20;-4;20.73;3.67;708.6;9.60;73804;2835.789;-1759.179;1;140;450;451.6;22.1;22.1;27;27.5;25.3;-1.0;
02/03/2025 15:35:41;117;0;152.09;-4;20.72;2.59;705.3;9.60;73804;2835.786;-1759.178;1;140;450;453.2;22.1;22.2;27;27.5;25.3;-1.0;
02/03/2025 15:36:01;117;0;153.77;-4;20.51;2.73;702.0;9.60;73810;2835.784;-1759.176;1;140;450;453.2;22.1;22.2;27;27.5;25.3;-1.0;
02/03/2025 15:36:21;117;0;155.06;-4;20.53;2.70;698.5;9.60;73820;2835.781;-1759.175;1;140;450;453.2;22.1;22.2;25;24.8;25.3;-1.0;
02/03/2025 15:36:41;117;0;155.65;-4;19.95;1.09;695.2;9.60;73813;2835.779;-1759.174;1;140;450;453.2;22.1;22.2;25;24.4;25.3;-1.0;
02/03/2025 15:37:01;117;0;155.94;-4;20.04;1.02;691.7;9.60;73819;2835.776;-1759.173;1;140;450;453.2;22.1;22.2;25;24.4;25.3;-1.0;
02/03/2025 15:37:21;117;0;156.15;-4;20.00;1.01;688.4;9.60;73813;2835.773;-1759.171;1;140;450;453.2;22.1;22.2;23;23.0;25.3;-1.0;
02/03/2025 15:37:41;117;0;155.69;-4;19.97;0.17;685.1;9.60;73820;2835.771;-1759.170;1;140;450;453.2;22.1;22.2;23;22.6;25.3;-1.0;
02/03/2025 15:38:01;117;0;154.08;-4;20.28;0.04;681.8;9.60;73813;2835.768;-1759.169;1;140;450;453.2;22.1;22.2;25;24.8;25.3;-1.0;
02/03/2025 15:38:21;117;0;154.55;-4;20.08;1.43;678.6;9.60;73830;2835.766;-1759.168;1;140;450;453.2;22.1;22.2;25;24.8;25.3;-1.0;
02/03/2025 15:38:41;117;0;153.79;-4;20.08;1.48;675.3;9.60;73822;2835.763;-1759.166;1;140;450;453.2;22.1;22.2;25;24.8;25.3;-1.0;
02/03/2025 15:39:01;117;0;153.38;-4;19.99;1.51;672.0;9.60;73826;2835.761;-1759.165;1;140;450;453.2;22.1;22.2;25;24.8;25.3;-1.0;
02/03/2025 15:39:21;117;0;153.62;-4;20.14;1.53;668.8;9.60;73835;2835.758;-1759.164;1;140;450;453.2;22.1;22.2;25;24.8;25.3;-1.0;
02/03/2025 15:39:41;117;0;152.95;-4;20.20;1.39;665.6;9.60;73827;2835.756;-1759.162;1;140;450;453.2;22.1;22.2;25;24.8;25.3;-1.0;
02/03/2025 15:40:01;117;0;151.82;-4;19.96;1.48;662.2;9.60;73838;2835.753;-1759.161;1;140;450;454.8;22.1;22.2;27;27.5;25.3;-1.0;
02/03/2025 15:40:21;117;0;152.65;-4;20.22;3.04;658.9;9.60;73837;2835.751;-1759.159;1;140;450;453.2;22.1;22.2;27;28.0;25.3;-1.0;
02/03/2025 15:40:41;117;0;151.78;-4;19.94;2.91;655.7;9.60;73843;2835.748;-1759.158;1;140;450;453.2;22.1;22.4;27;27.5;25.3;-1.0;
02/03/2025 15:41:01;117;0;151.29;-4;20.08;3.09;652.4;9.60;73844;2835.746;-1759.156;1;140;450;453.2;22.1;22.2;27;27.5;25.3;-1.0;
02/03/2025 15:41:21;117;0;150.62;-4;20.07;3.01;649.3;9.70;73849;2835.744;-1759.155;1;140;450;453.2;22.1;22.2;27;28.0;25.3;-1.0;
02/03/2025 15:41:41;117;0;149.11;-4;20.06;2.95;646.1;9.70;73855;2835.741;-1759.153;1;140;450;453.2;22.1;22.2;27;28.0;25.3;-1.0;
02/03/2025 15:42:01;117;0;148.42;-4;20.04;3.04;642.9;9.70;73865;2835.739;-1759.151;1;140;450;453.2;22.1;22.2;27;28.0;25.3;-1.0;
02/03/2025 15:42:21;117;0;147.21;-4;19.96;3.02;639.8;9.70;73868;2835.737;-1759.150;1;140;450;454.8;22.1;22.2;27;28.0;25.3;-1.0;
02/03/2025 15:42:41;117;0;144.94;-4;20.14;3.12;636.6;9.70;73857;2835.735;-1759.148;1;140;450;454.8;22.1;22.2;27;28.0;25.2;-1.0;
02/03/2025 15:43:01;117;0;143.63;-4;20.33;3.08;633.4;9.70;73867;2835.733;-1759.146;1;140;450;451.6;22.1;22.2;27;28.0;25.3;-1.0;
02/03/2025 15:43:21;117;0;142.02;-4;20.13;3.16;630.1;9.70;73875;2835.731;-1759.144;1;140;450;453.2;22.1;22.2;27;28.0;25.3;-1.0;
02/03/2025 15:43:41;117;0;139.88;-4;20.08;2.89;626.9;9.70;73875;2835.729;-1759.141;1;140;450;454.8;22.1;22.2;27;27.5;25.3;-1.0;
02/03/2025 15:44:01;117;0;139.16;-4;19.90;2.95;623.5;9.70;73876;2835.727;-1759.139;1;140;450;453.2;22.1;22.2;27;28.0;25.3;-1.0;
02/03/2025 15:44:21;117;0;139.65;-4;19.81;2.81;620.4;9.70;73880;2835.725;-1759.137;1;140;450;451.6;22.1;22.2;27;28.0;25.3;-1.0;
02/03/2025 15:44:41;117;0;139.80;-4;20.04;3.00;617.2;9.70;73884;2835.723;-1759.134;1;140;450;454.8;22.1;22.4;27;28.0;25.3;-1.0;
02/03/2025 15:45:01;117;0;141.43;-4;20.21;2.95;614.0;9.70;73892;2835.722;-1759.132;1;140;450;450.0;22.1;22.2;27;28.0;25.3;-1.0;
02/03/2025 15:45:21;117;0;142.40;-4;20.21;3.02;610.7;9.80;73899;2835.719;-1759.130;1;140;450;453.2;22.1;22.2;27;28.0;25.3;-1.0;
02/03/2025 15:45:41;117;0;144.01;-4;19.76;3.23;607.5;9.80;73908;2835.717;-1759.128;1;140;450;454.8;22.1;22.2;27;28.0;25.3;-1.0;
02/03/2025 15:46:01;117;0;145.45;-4;20.06;2.98;604.4;9.80;73915;2835.715;-1759.126;1;140;450;454.8;22.1;22.2;27;28.0;25.3;-1.0;
02/03/2025 15:46:21;117;0;146.35;-4;19.93;3.09;601.2;9.80;73930;2835.713;-1759.125;1;140;450;454.8;22.1;22.2;27;28.0;25.3;-1.0;
02/03/2025 15:46:41;117;0;147.18;-4;19.94;3.03;598.0;9.80;73918;2835.711;-1759.123;1;140;450;454.8;22.1;22.2;27;28.0;25.3;-1.0;
02/03/2025 15:47:01;117;0;148.30;-4;20.08;2.97;594.9;9.80;73913;2835.709;-1759.121;1;140;450;451.6;22.1;22.2;27;28.0;25.3;-1.0;
02/03/2025 15:47:21;117;0;149.19;-4;20.06;2.95;591.6;9.80;73918;2835.707;-1759.120;1;140;450;453.2;22.1;22.2;27;28.0;25.3;-1.0;
02/03/2025 15:47:41;117;0;149.51;-4;19.96;2.92;588.4;9.80;73934;2835.704;-1759.118;1;140;450;451.6;22.1;22.4;27;28.0;25.3;-1.0;
02/03/2025 15:48:01;117;0;150.33;-4;20.05;2.95;585.3;9.90;73939;2835.702;-1759.116;1;140;450;454.8;22.1;22.2;27;28.0;25.3;-1.0;
02/03/2025 15:48:21;117;0;151.07;-4;20.04;3.02;582.3;9.90;73939;2835.700;-1759.115;1;140;450;453.2;22.1;22.2;27;28.0;25.3;-1.0;
02/03/2025 15:48:41;117;0;151.76;-4;20.13;3.14;579.2;9.90;73950;2835.698;-1759.114;1;140;450;453.2;22.1;22.2;27;28.0;25.3;-1.0;
02/03/2025 15:49:02;117;0;151.36;-4;19.99;3.13;576.2;9.90;73965;2835.696;-1759.112;1;140;450;453.2;22.1;22.4;27;28.0;25.3;-1.0;
02/03/2025 15:49:22;117;0;150.18;-4;19.96;3.03;573.1;9.90;73965;2835.694;-1759.111;1;140;450;454.8;22.1;22.2;27;28.0;25.3;-1.0;
02/03/2025 15:49:42;117;0;149.54;-4;19.90;3.04;570.0;9.90;73974;2835.691;-1759.109;1;140;450;454.8;22.1;22.2;27;28.0;25.3;-1.0;
02/03/2025 15:50:02;117;0;148.43;-4;19.72;3.00;567.0;10.00;73987;2835.689;-1759.108;1;140;450;454.8;22.1;22.4;27;28.0;25.3;-1.0;
02/03/2025 15:50:22;117;0;147.33;-4;19.68;3.00;563.9;10.00;73988;2835.687;-1759.106;1;140;450;454.8;22.1;22.4;27;28.0;25.3;-1.0;
02/03/2025 15:50:42;117;0;147.14;-4;19.86;3.01;561.1;10.00;74002;2835.686;-1759.105;1;140;450;454.8;22.1;22.2;27;28.0;25.3;-1.0;
02/03/2025 15:51:02;117;0;147.78;-4;19.86;2.92;558.2;10.00;74009;2835.684;-1759.103;1;140;450;453.2;22.1;22.2;27;28.0;25.3;-1.0;
02/03/2025 15:51:22;117;0;148.95;-4;19.80;2.96;555.2;10.00;74000;2835.682;-1759.102;1;140;450;454.8;22.1;22.2;27;28.0;25.3;-1.0;
02/03/2025 15:51:42;117;0;149.62;-4;19.72;3.02;552.3;10.10;74018;2835.680;-1759.100;1;140;450;454.8;22.1;22.2;27;28.0;25.3;-1.0;
02/03/2025 15:52:02;117;0;150.59;-4;19.73;2.96;549.6;10.10;74025;2835.678;-1759.099;1;140;450;453.2;22.1;22.2;27;28.0;25.3;-1.0;
02/03/2025 15:52:22;117;0;151.18;-4;19.71;2.98;546.5;10.10;74019;2835.676;-1759.098;1;140;450;454.8;22.1;22.2;27;28.0;25.3;-1.0;
02/03/2025 15:52:42;117;0;151.82;-4;19.69;3.00;543.7;10.10;74027;2835.674;-1759.097;1;140;450;454.8;22.1;22.2;27;28.0;25.3;-1.0;
02/03/2025 15:53:02;117;0;152.53;-4;19.86;2.83;541.0;10.10;74037;2835.672;-1759.096;1;140;450;454.8;22.1;22.2;27;28.0;25.3;-1.0;
02/03/2025 15:53:22;117;0;152.82;-4;19.89;2.96;538.3;10.20;74038;2835.670;-1759.095;1;140;450;456.5;22.1;22.4;27;28.0;25.3;-1.0;
02/03/2025 15:53:42;117;0;153.27;-4;19.94;2.99;535.5;10.20;74050;2835.668;-1759.093;1;140;450;456.5;22.1;22.2;27;28.0;25.3;-1.0;
02/03/2025 15:54:02;117;0;152.70;-4;19.77;2.92;532.5;10.20;74041;2835.666;-1759.092;1;140;450;454.8;22.1;22.2;25;24.8;25.3;-1.0;
02/03/2025 15:54:22;117;0;151.33;-4;19.50;1.39;529.8;10.20;74054;2835.664;-1759.091;1;140;450;454.8;22.1;22.2;27;27.1;25.3;-1.0;
02/03/2025 15:54:42;117;0;151.71;-4;19.89;2.99;527.0;10.30;74070;2835.662;-1759.090;1;140;450;453.2;22.1;22.2;27;28.0;25.3;-1.0;
02/03/2025 15:55:02;117;0;151.93;-4;19.92;2.98;524.1;10.30;74072;2835.660;-1759.089;1;140;450;454.8;22.1;22.2;27;28.0;25.3;-1.0;
02/03/2025 15:55:22;117;0;151.20;-4;19.99;2.96;521.3;10.30;74071;2835.658;-1759.087;1;140;450;454.8;22.1;22.2;27;28.0;25.3;-1.0;
02/03/2025 15:55:42;117;0;150.01;-4;19.84;3.01;518.3;10.30;74065;2835.656;-1759.086;1;140;450;454.8;22.1;22.2;27;28.0;25.3;-1.0;
02/03/2025 15:56:02;117;0;149.75;-4;19.87;2.96;515.6;10.30;74077;2835.655;-1759.085;1;140;450;454.8;22.1;22.4;27;28.0;25.3;-1.0;
02/03/2025 15:56:22;117;0;149.64;-4;19.78;2.98;512.6;10.40;74088;2835.653;-1759.083;1;140;450;454.8;22.1;22.2;27;28.0;25.3;-1.0;
02/03/2025 15:56:42;117;0;148.52;-4;19.69;3.07;509.7;10.40;74091;2835.651;-1759.082;1;140;450;454.8;22.1;22.2;27;28.0;25.3;-1.0;
02/03/2025 15:57:02;117;0;146.59;-4;19.84;3.07;506.7;10.40;74094;2835.649;-1759.080;1;140;450;454.8;22.1;22.2;27;28.0;25.3;-1.0;
02/03/2025 15:57:22;117;0;145.61;-4;19.66;3.13;503.6;10.40;74092;2835.647;-1759.078;1;140;450;454.8;22.1;22.4;27;28.0;25.3;-1.0;
02/03/2025 15:57:42;117;0;146.14;-4;19.89;2.97;500.6;10.40;74104;2835.645;-1759.077;1;140;450;454.8;22.1;22.2;27;28.0;25.3;-1.0;
02/03/2025 15:58:02;117;0;147.41;-4;19.77;2.96;497.4;10.50;74114;2835.643;-1759.075;1;140;450;454.8;22.1;22.2;27;27.5;25.3;-1.0;
02/03/2025 15:58:22;117;0;148.04;-4;19.72;2.90;494.2;10.50;74117;2835.640;-1759.073;1;140;450;454.8;22.1;22.2;27;28.0;25.3;-1.0;
02/03/2025 15:58:42;117;0;148.56;-4;19.70;2.95;491.1;10.50;74113;2835.638;-1759.072;1;140;450;454.8;22.1;22.2;27;28.0;25.3;-1.0;
02/03/2025 15:59:02;117;0;149.16;-4;19.75;3.02;487.8;10.50;74113;2835.636;-1759.070;1;140;450;453.2;22.1;22.2;27;28.0;25.3;-1.0;
02/03/2025 15:59:22;117;0;149.76;-4;19.75;2.93;484.6;10.60;74126;2835.634;-1759.068;1;140;450;456.5;22.1;22.2;27;28.0;25.3;-1.0;
02/03/2025 15:59:42;117;0;147.93;-4;19.81;2.98;481.4;10.60;74145;2835.631;-1759.067;1;140;450;454.8;22.1;22.2;27;28.0;25.3;-1.0;
02/03/2025 16:00:02;117;0;145.95;-4;19.47;3.00;478.0;10.60;74138;2835.629;-1759.065;1;140;450;453.2;22.1;22.2;27;27.5;25.3;-1.0;
02/03/2025 16:00:22;117;0;145.57;-4;19.38;2.99;474.6;10.60;74148;2835.626;-1759.062;1;140;450;454.8;22.1;22.2;27;28.0;25.3;-1.0;
02/03/2025 16:00:42;117;0;146.23;-4;19.57;2.94;471.3;10.60;74150;2835.624;-1759.061;1;140;450;454.8;22.1;22.2;27;27.5;25.3;-1.0;
02/03/2025 16:01:02;117;0;146.92;-4;19.55;2.98;468.1;10.70;74153;2835.622;-1759.059;1;140;450;454.8;22.1;22.2;27;28.0;25.3;-1.0;
02/03/2025 16:01:22;117;0;146.86;-4;19.61;3.00;464.6;10.70;74157;2835.620;-1759.057;1;140;450;454.8;22.1;22.2;27;28.0;25.3;-1.0;
02/03/2025 16:01:42;117;0;146.58;-4;19.53;2.96;461.4;10.70;74169;2835.617;-1759.055;1;140;450;454.8;22.1;22.2;27;28.0;25.3;-1.0;
02/03/2025 16:02:02;117;0;146.55;-4;19.51;2.94;458.0;10.70;74159;2835.615;-1759.053;1;140;450;453.2;22.1;22.2;27;28.0;25.3;-1.0;
02/03/2025 16:02:22;117;0;145.16;-4;19.50;3.08;454.7;10.80;74170;2835.613;-1759.051;1;140;450;454.8;22.1;22.2;27;28.0;25.3;-1.0;
02/03/2025 16:02:42;117;0;144.91;-4;19.48;2.97;451.4;10.80;74161;2835.611;-1759.049;1;140;450;454.8;22.1;22.2;27;28.0;25.3;-1.0;
02/03/2025 16:03:02;117;0;145.15;-4;19.46;2.99;448.2;10.80;74166;2835.608;-1759.047;1;140;450;454.8;22.1;22.2;27;27.5;25.3;-1.0;
02/03/2025 16:03:22;117;0;144.34;-4;19.48;2.97;445.0;10.80;74173;2835.606;-1759.045;1;140;450;454.8;22.1;22.2;27;28.0;25.3;-1.0;
02/03/2025 16:03:42;117;0;143.00;-4;19.48;3.06;441.9;10.80;74189;2835.604;-1759.043;1;140;450;454.8;22.1;22.2;27;27.5;25.3;-1.0;
02/03/2025 16:04:02;117;0;142.61;-4;19.47;2.94;438.5;10.90;74179;2835.602;-1759.040;1;140;450;454.8;22.1;22.2;27;28.0;25.3;-1.0;
02/03/2025 16:04:22;117;0;143.35;-4;19.44;2.94;435.5;10.90;74189;2835.600;-1759.038;1;140;450;454.8;22.1;22.2;27;28.0;25.3;-1.0;
02/03/2025 16:04:42;117;0;144.45;-4;19.39;2.92;432.3;10.90;74194;2835.598;-1759.036;1;140;450;454.8;22.1;22.2;27;28.0;25.3;-1.0;
02/03/2025 16:05:02;117;0;144.73;-4;19.31;2.99;429.2;10.90;74187;2835.596;-1759.034;1;140;450;454.8;22.1;22.2;27;28.0;25.3;-1.0;
02/03/2025 16:05:22;117;0;146.18;-4;19.44;2.89;426.2;11.00;74205;2835.593;-1759.033;1;140;450;453.2;22.1;22.2;27;27.5;25.3;-1.0;
02/03/2025 16:05:42;117;0;146.84;-4;19.49;2.94;422.9;11.00;74213;2835.591;-1759.031;1;140;450;454.8;22.1;22.2;27;28.0;25.3;-1.0;
02/03/2025 16:06:02;117;0;147.76;-4;19.38;3.01;419.8;11.00;74204;2835.589;-1759.029;1;140;450;454.8;22.1;22.2;27;28.0;25.3;-1.0;
02/03/2025 16:06:22;117;0;149.20;-4;19.55;2.98;416.9;11.00;74213;2835.587;-1759.028;1;140;450;454.8;22.1;22.2;27;28.0;25.3;-1.0;
02/03/2025 16:06:42;117;0;151.61;-4;19.59;2.90;413.7;11.00;74226;2835.585;-1759.026;1;140;450;454.8;22.1;22.4;27;28.0;25.3;-1.0;
02/03/2025 16:07:02;117;0;150.18;-4;19.85;2.80;410.7;11.10;74228;2835.583;-1759.025;1;140;450;454.8;22.1;22.2;27;28.0;25.3;-1.0;
02/03/2025 16:07:22;117;0;146.49;-4;19.30;3.06;407.9;11.10;74227;2835.581;-1759.023;1;140;450;454.8;22.1;22.2;27;27.5;25.3;-1.0;
02/03/2025 16:07:42;117;0;145.51;-4;19.45;2.95;405.0;11.10;74239;2835.579;-1759.021;1;140;450;454.8;22.1;22.2;27;28.0;25.3;-1.0;
02/03/2025 16:08:02;117;0;144.89;-4;19.52;2.76;402.1;11.10;74239;2835.577;-1759.020;1;140;450;454.8;22.1;22.2;27;28.0;25.3;-1.0;
02/03/2025 16:08:22;117;0;143.30;-4;19.36;2.89;399.3;11.20;74253;2835.575;-1759.018;1;140;450;456.5;22.1;22.2;27;28.0;25.3;-1.0;
02/03/2025 16:08:42;117;0;141.99;-4;19.21;2.85;396.5;11.20;74260;2835.574;-1759.016;1;140;450;454.8;22.1;22.4;27;28.0;25.3;-1.0;
02/03/2025 16:09:02;117;0;142.19;-4;19.50;2.91;393.9;11.20;74265;2835.572;-1759.015;1;140;450;454.8;22.1;22.2;27;28.0;25.3;-1.0;
02/03/2025 16:09:22;117;0;142.79;-4;19.44;2.85;391.1;11.20;74269;2835.571;-1759.013;1;140;450;454.8;22.1;22.2;27;28.0;25.3;-1.0;
02/03/2025 16:09:42;117;0;144.27;-4;19.64;2.90;388.4;11.30;74278;2835.569;-1759.011;1;140;450;454.8;22.1;22.2;27;28.0;25.3;-1.0;
02/03/2025 16:10:02;117;0;143.22;-4;19.44;3.03;385.8;11.30;74288;2835.568;-1759.010;1;140;450;454.8;22.1;22.2;27;28.0;25.3;-1.0;
02/03/2025 16:10:22;117;0;142.03;-4;19.27;2.96;383.0;11.30;74310;2835.566;-1759.008;1;140;450;454.8;22.1;22.2;27;27.5;25.3;-1.0;
02/03/2025 16:10:42;117;0;141.08;-4;19.32;3.00;380.4;11.30;74313;2835.565;-1759.006;1;140;450;453.2;22.1;22.2;27;28.0;25.3;-1.0;
02/03/2025 16:11:02;117;0;141.97;-4;19.42;2.97;377.6;11.40;74320;2835.563;-1759.004;1;140;450;453.2;22.1;22.2;27;28.0;25.3;-1.0;
02/03/2025 16:11:22;117;0;141.89;-4;19.30;3.03;375.1;11.40;74319;2835.561;-1759.003;1;140;450;454.8;22.1;22.2;27;28.0;25.3;-1.0;
02/03/2025 16:11:42;117;0;141.15;-4;19.06;2.97;372.2;11.40;74336;2835.560;-1759.001;1;140;450;454.8;22.1;22.2;27;28.0;25.3;-1.0;
02/03/2025 16:12:02;117;0;140.91;-4;19.17;2.91;369.5;11.40;74327;2835.558;-1758.999;1;140;450;454.8;22.1;22.4;27;28.0;25.3;-1.0;
02/03/2025 16:12:22;117;0;139.41;-4;19.18;3.01;366.7;11.50;74350;2835.557;-1758.997;1;140;450;454.8;22.1;22.4;27;28.0;25.3;-1.0;
02/03/2025 16:12:42;117;0;138.82;-4;19.12;2.98;364.0;11.50;74341;2835.555;-1758.995;1;140;450;454.8;22.1;22.2;27;28.0;25.3;-1.0;
02/03/2025 16:13:02;117;0;138.26;-4;19.09;2.98;361.3;11.50;74355;2835.554;-1758.993;1;140;450;456.5;22.1;22.2;27;28.0;25.3;-1.0;
02/03/2025 16:13:22;117;0;138.11;-4;19.07;2.99;358.4;11.60;74359;2835.552;-1758.991;1;140;450;454.8;22.1;22.2;27;28.0;25.3;-1.0;
02/03/2025 16:13:42;117;0;138.43;-4;19.03;2.91;355.8;11.60;74366;2835.551;-1758.989;1;140;450;453.2;22.1;22.2;27;28.0;25.3;-1.0;
02/03/2025 16:14:02;117;0;139.22;-4;19.12;2.95;353.0;11.60;74359;2835.549;-1758.987;1;140;450;454.8;22.1;22.2;27;27.5;25.3;-1.0;
02/03/2025 16:14:22;117;0;140.13;-4;19.30;2.93;350.4;11.60;74369;2835.548;-1758.985;1;140;450;454.8;22.1;22.2;27;28.0;25.3;-1.0;
02/03/2025 16:14:42;117;0;141.23;-4;19.59;2.89;347.7;11.70;74376;2835.547;-1758.984;1;140;450;456.5;22.1;22.2;27;28.0;25.3;-1.0;
02/03/2025 16:15:02;117;0;141.57;-4;19.29;3.11;344.9;11.70;74395;2835.545;-1758.982;1;140;450;454.8;22.1;22.2;27;28.0;25.3;-1.0;
02/03/2025 16:15:22;117;0;140.93;-4;18.98;3.15;342.2;11.70;74390;2835.543;-1758.980;1;140;450;456.5;21.8;21.8;27;28.0;25.3;-1.0;
02/03/2025 16:15:42;117;0;141.18;-4;19.80;2.89;339.7;11.70;74397;2835.542;-1758.978;1;140;450;454.8;21.8;21.4;27;28.0;25.3;-1.0;
02/03/2025 16:16:02;117;0;141.79;-4;20.22;3.03;336.8;11.80;74408;2835.541;-1758.977;1;140;450;453.2;21.8;21.5;27;28.0;25.3;-1.0;
02/03/2025 16:16:22;117;0;141.77;-4;20.36;2.94;334.0;11.80;74411;2835.539;-1758.975;1;140;450;456.5;21.8;21.5;27;28.0;25.3;-1.0;
02/03/2025 16:16:42;117;0;143.24;-4;20.44;2.95;331.3;11.80;74414;2835.537;-1758.973;1;140;450;454.8;21.8;21.4;27;28.0;25.3;-1.0;
02/03/2025 16:17:02;117;0;143.24;-4;20.24;2.91;328.2;11.80;74408;2835.535;-1758.971;1;140;450;454.8;21.8;21.4;27;28.0;25.3;-1.0;
02/03/2025 16:17:22;117;0;143.20;-4;20.31;2.86;325.3;11.90;74420;2835.534;-1758.970;1;140;450;454.8;21.8;21.5;27;28.0;25.3;-1.0;
02/03/2025 16:17:42;117;0;142.63;-4;20.08;2.88;322.4;11.90;74420;2835.532;-1758.968;1;140;450;454.8;21.8;21.5;27;28.0;25.3;-1.0;
02/03/2025 16:18:02;117;0;143.12;-4;20.11;2.99;319.5;11.90;74429;2835.530;-1758.966;1;140;450;454.8;21.8;21.5;27;28.0;25.3;-1.0;
02/03/2025 16:18:22;117;0;143.86;-4;20.36;3.03;316.6;12.00;74432;2835.529;-1758.964;1;140;450;454.8;21.8;21.5;27;28.0;25.3;-1.0;
02/03/2025 16:18:42;117;0;144.58;-4;20.36;2.85;313.8;12.00;74434;2835.527;-1758.963;1;140;450;456.5;21.8;21.5;27;28.0;25.3;-1.0;
02/03/2025 16:19:02;117;0;145.00;-4;20.21;3.01;310.9;12.00;74445;2835.525;-1758.961;1;140;450;456.5;21.8;21.5;27;28.0;25.3;-1.0;
02/03/2025 16:19:22;117;0;145.07;-4;20.36;2.95;307.8;12.00;74458;2835.523;-1758.959;1;140;450;454.8;21.8;21.5;27;28.0;25.3;-1.0;
02/03/2025 16:19:42;117;0;145.43;-4;20.15;2.97;305.2;12.10;74440;2835.522;-1758.958;1;140;450;454.8;21.8;21.5;27;28.0;25.3;-1.0;
02/03/2025 16:20:02;117;0;146.12;-4;20.24;3.02;302.2;12.10;74458;2835.520;-1758.956;1;140;450;456.5;21.8;21.5;27;28.0;25.3;-1.0;
02/03/2025 16:20:22;117;0;146.58;-4;20.24;2.91;299.2;12.10;74478;2835.518;-1758.954;1;140;450;454.8;21.8;21.4;27;28.0;25.3;-1.0;
02/03/2025 16:20:42;117;0;146.42;-4;20.12;2.60;296.2;12.10;74482;2835.516;-1758.953;1;140;450;456.5;21.8;21.5;27;28.0;25.3;-1.0;
02/03/2025 16:21:02;117;0;145.42;-4;19.95;3.13;293.5;12.20;74489;2835.514;-1758.951;1;140;450;454.8;21.8;21.5;27;28.0;25.3;-1.0;
02/03/2025 16:21:22;117;0;145.72;-4;20.25;2.89;290.8;12.20;74484;2835.513;-1758.950;1;140;450;454.8;21.8;21.4;27;28.0;25.3;-1.0;
02/03/2025 16:21:42;117;0;145.00;-4;20.22;3.03;287.9;12.20;74503;2835.511;-1758.948;1;140;450;456.5;21.8;21.4;27;28.0;25.3;-1.0;
02/03/2025 16:22:02;117;0;145.05;-4;20.32;3.11;285.1;12.30;74501;2835.509;-1758.947;1;140;450;456.5;21.8;21.4;27;28.0;25.3;-1.0;
02/03/2025 16:22:22;117;0;143.26;-4;20.28;2.86;282.1;12.30;74503;2835.508;-1758.945;1;140;450;453.2;21.8;21.5;27;28.0;25.3;-1.0;
02/03/2025 16:22:42;117;0;140.34;-4;19.81;3.00;279.1;12.30;74521;2835.506;-1758.943;1;140;450;454.8;21.8;21.5;27;28.0;25.3;-1.0;
02/03/2025 16:23:02;117;0;137.96;-4;20.16;2.98;276.3;12.30;74525;2835.504;-1758.941;1;140;450;454.8;21.8;21.4;29;28.9;25.3;-1.0;
02/03/2025 16:23:22;117;0;134.58;-4;20.23;3.87;273.2;12.30;74530;2835.503;-1758.938;1;140;450;454.8;21.8;21.4;29;28.9;25.3;-1.0;
02/03/2025 16:23:42;117;0;133.86;-4;20.72;3.37;270.2;12.40;74545;2835.502;-1758.936;1;140;450;454.8;21.8;21.4;31;31.6;25.3;-1.0;
02/03/2025 16:24:02;117;0;132.09;-4;20.36;4.75;266.9;12.40;74543;2835.500;-1758.933;1;140;450;454.8;21.8;21.4;31;31.6;25.3;-1.0;
02/03/2025 16:24:22;117;0;129.40;-4;20.35;4.97;263.8;12.40;74563;2835.499;-1758.931;1;140;450;454.8;21.8;21.4;36;36.1;25.3;-1.0;
02/03/2025 16:24:42;117;0;131.29;-4;20.32;7.44;260.6;12.50;74586;2835.497;-1758.928;1;140;450;453.2;21.8;21.4;33;32.5;25.3;-1.0;
02/03/2025 16:25:03;117;0;132.99;-4;20.30;5.13;257.2;12.50;74593;2835.496;-1758.925;1;140;450;454.8;21.8;21.4;33;32.0;25.3;-1.0;
02/03/2025 16:25:23;117;0;135.22;-4;20.37;5.23;254.1;12.60;74605;2835.494;-1758.922;1;140;450;456.5;21.8;21.4;30;29.3;25.3;-1.0;
02/03/2025 16:25:43;117;0;136.78;-4;20.46;3.50;250.8;12.60;74604;2835.492;-1758.920;1;140;450;456.5;21.8;21.5;30;28.9;25.3;-1.0;
02/03/2025 16:26:03;117;0;138.50;-4;20.19;3.52;247.3;12.60;74615;2835.490;-1758.917;1;140;450;454.8;21.8;21.4;28;28.0;25.3;-1.0;
02/03/2025 16:26:23;117;0;138.27;-4;20.10;2.77;243.9;12.70;74631;2835.488;-1758.915;1;140;450;456.5;21.8;21.4;28;27.5;25.3;-1.0;
02/03/2025 16:26:43;117;0;140.37;-4;20.01;2.73;240.5;12.70;74643;2835.486;-1758.912;1;140;450;456.5;21.8;21.4;28;27.5;25.3;-1.0;
02/03/2025 16:27:03;117;0;140.81;-4;19.94;2.73;237.0;12.70;74650;2835.484;-1758.910;1;140;450;456.5;21.8;21.4;28;27.5;25.3;-1.0;
02/03/2025 16:27:23;117;0;141.16;-4;19.97;2.76;233.8;12.80;74664;2835.482;-1758.908;1;140;450;456.5;21.8;21.4;28;27.5;25.3;-1.0;
02/03/2025 16:27:43;117;0;140.62;-4;19.93;2.84;230.4;12.80;74678;2835.480;-1758.905;1;140;450;454.8;21.8;21.4;28;27.5;25.3;-1.0;
02/03/2025 16:28:03;117;0;140.61;-4;20.02;2.68;227.1;12.80;74682;2835.478;-1758.903;1;140;450;454.8;21.8;21.5;28;27.5;25.3;-1.0;
02/03/2025 16:28:23;117;0;141.27;-4;19.99;2.76;223.8;12.90;74694;2835.476;-1758.901;1;140;450;454.8;21.8;21.4;28;27.5;25.3;-1.0;
02/03/2025 16:28:43;117;0;140.59;-4;19.98;2.65;220.5;12.90;74703;2835.474;-1758.899;1;140;450;454.8;21.8;21.4;28;27.5;25.3;-1.0;
02/03/2025 16:29:03;117;0;140.02;-4;19.90;2.74;217.2;12.90;74704;2835.472;-1758.896;1;140;450;454.8;21.8;21.4;28;27.5;25.3;-1.0;
02/03/2025 16:29:23;117;0;140.42;-4;20.08;2.77;213.9;13.00;74713;2835.470;-1758.894;1;140;450;456.5;21.8;21.4;28;27.5;25.3;-1.0;
02/03/2025 16:29:43;117;0;141.00;-4;19.99;2.65;210.6;13.00;74730;2835.468;-1758.892;1;140;450;454.8;21.8;21.4;28;27.5;25.3;-1.0;
02/03/2025 16:30:03;117;0;141.70;-4;20.05;2.74;207.2;13.00;74737;2835.466;-1758.889;1;140;450;454.8;21.8;21.4;28;27.5;25.3;-1.0;
02/03/2025 16:30:23;117;0;141.94;-4;20.02;2.63;203.8;13.10;74740;2835.464;-1758.887;1;140;450;456.5;21.8;21.4;28;27.5;25.3;-1.0;
02/03/2025 16:30:43;117;0;142.93;-4;19.87;2.65;200.5;13.10;74755;2835.461;-1758.885;1;140;450;454.8;21.8;21.4;28;27.5;25.3;-1.0;
02/03/2025 16:31:03;117;0;142.51;-4;19.72;2.76;197.2;13.20;74754;2835.459;-1758.883;1;140;450;454.8;21.8;21.4;28;27.5;25.3;-1.0;
02/03/2025 16:31:23;117;0;143.00;-4;19.73;2.63;193.9;13.20;74777;2835.457;-1758.881;1;140;450;456.5;21.8;21.4;28;27.5;25.2;-1.0;
02/03/2025 16:31:43;117;0;142.21;-4;19.75;2.77;190.7;13.20;74777;2835.455;-1758.879;1;140;450;456.5;21.8;21.4;28;27.5;25.3;-1.0;
02/03/2025 16:32:03;117;0;141.36;-4;19.92;2.74;187.4;13.30;74782;2835.453;-1758.876;1;140;450;456.5;21.8;21.4;28;27.5;25.3;-1.0;
02/03/2025 16:32:23;117;0;140.29;-4;20.02;2.92;184.2;13.30;74794;2835.451;-1758.874;1;140;450;454.8;21.8;21.4;28;27.5;25.3;-1.0;
02/03/2025 16:32:43;117;0;139.47;-4;20.14;2.75;180.8;13.40;74809;2835.449;-1758.872;1;140;450;454.8;21.8;21.4;28;27.5;25.3;-1.0;
02/03/2025 16:33:03;117;0;137.63;-4;19.88;2.85;177.3;13.40;74821;2835.447;-1758.869;1;140;450;454.8;21.8;21.4;28;27.5;25.3;-1.0;
02/03/2025 16:33:23;117;0;134.51;-4;19.65;2.95;174.0;13.40;74827;2835.446;-1758.866;1;140;450;454.8;21.8;21.4;31;31.1;25.3;-1.0;
02/03/2025 16:33:43;117;0;133.54;-4;19.85;5.04;170.6;13.50;74844;2835.444;-1758.863;1;140;450;454.8;21.8;21.5;31;31.6;25.3;-1.0;
02/03/2025 16:34:03;117;0;131.94;-4;19.93;5.09;167.4;13.50;74859;2835.442;-1758.861;1;140;450;456.5;21.8;21.4;33;32.9;25.3;-1.0;
02/03/2025 16:34:23;117;0;132.68;-4;20.03;5.83;163.8;13.50;74869;2835.440;-1758.858;1;140;450;456.5;21.8;21.4;33;33.4;25.3;-1.0;
02/03/2025 16:34:43;117;0;136.30;-4;20.13;5.82;160.5;13.60;74880;2835.439;-1758.855;1;140;450;454.8;21.8;21.4;30;29.8;25.3;-1.0;
02/03/2025 16:35:03;117;0;137.52;-4;19.90;3.70;157.2;13.60;74893;2835.437;-1758.853;1;140;450;456.5;21.8;21.4;30;29.3;25.3;-1.0;
02/03/2025 16:35:23;117;0;137.22;-4;19.90;3.80;153.8;13.70;74904;2835.435;-1758.850;1;140;450;454.8;21.8;21.4;30;29.3;25.3;-1.0;
02/03/2025 16:35:43;117;0;136.71;-4;19.90;3.80;150.5;13.70;74914;2835.433;-1758.848;1;140;450;454.8;21.8;21.4;30;29.8;25.3;-1.0;
02/03/2025 16:36:03;117;0;136.04;-4;19.76;3.79;147.2;13.80;74925;2835.431;-1758.845;1;140;450;456.5;21.8;21.4;30;29.8;25.3;-1.0;
02/03/2025 16:36:23;117;0;135.64;-4;19.84;3.77;144.1;13.80;74947;2835.430;-1758.843;1;140;450;456.5;21.8;21.4;30;29.8;25.3;-1.0;
02/03/2025 16:36:43;117;0;133.13;-4;19.70;3.81;140.9;13.90;74950;2835.428;-1758.840;1;140;450;454.8;21.8;21.4;32;32.0;25.3;-1.0;
02/03/2025 16:37:03;117;0;132.01;-4;19.81;5.27;137.8;13.90;74963;2835.427;-1758.837;1;140;450;454.8;21.8;21.4;34;33.8;25.3;-1.0;
02/03/2025 16:37:23;117;0;133.96;-4;19.76;6.42;134.5;13.90;74971;2835.425;-1758.835;1;140;450;454.8;21.8;21.5;32;32.0;25.3;-1.0;
02/03/2025 16:37:43;117;0;134.53;-4;19.80;4.80;131.5;14.00;74979;2835.424;-1758.832;1;140;450;456.5;21.8;21.4;32;31.6;25.3;-1.0;
02/03/2025 16:38:03;117;0;136.52;-4;19.79;4.84;128.7;14.00;74991;2835.422;-1758.830;1;140;450;454.8;21.8;21.4;32;31.6;25.3;-1.0;
02/03/2025 16:38:23;117;0;139.62;-4;20.14;4.97;125.6;14.10;75010;2835.421;-1758.828;1;140;450;456.5;21.8;21.4;29;28.9;25.3;-1.0;
02/03/2025 16:38:43;117;0;138.99;-4;19.87;3.41;122.5;14.10;75029;2835.419;-1758.826;1;140;450;456.5;21.8;21.4;29;28.4;25.3;-1.0;
02/03/2025 16:39:03;117;0;141.59;-4;19.70;3.06;119.4;14.20;75050;2835.417;-1758.824;1;140;450;453.2;21.8;21.2;29;28.4;25.3;-1.0;
02/03/2025 16:39:23;117;0;142.33;-4;19.76;3.23;116.2;14.20;75065;2835.415;-1758.822;1;140;450;454.8;21.8;21.4;29;28.4;25.3;-1.0;
02/03/2025 16:39:43;117;0;145.51;-4;20.00;3.18;113.0;14.30;75079;2835.413;-1758.820;1;140;450;456.5;21.8;21.4;29;28.4;25.3;-1.0;
02/03/2025 16:40:03;117;0;144.52;-4;19.54;3.28;109.7;14.30;75115;2835.411;-1758.818;1;140;450;454.8;21.8;21.4;29;28.4;25.3;-1.0;
02/03/2025 16:40:23;117;0;144.90;-4;19.45;3.19;106.5;14.40;75140;2835.409;-1758.816;1;140;450;454.8;21.8;21.4;29;28.4;25.3;-1.0;
02/03/2025 16:40:43;117;0;143.66;-4;19.34;3.29;103.5;14.40;75167;2835.407;-1758.814;1;140;450;456.5;21.8;21.4;29;28.4;25.3;-1.0;
02/03/2025 16:41:03;117;0;143.05;-4;19.14;3.22;100.3;14.50;75170;2835.404;-1758.812;1;140;450;458.1;21.8;21.4;29;28.4;25.3;-1.0;
02/03/2025 16:41:23;117;0;142.62;-4;18.98;3.31;97.3;14.50;75182;2835.403;-1758.810;1;140;450;454.8;21.5;21.5;29;28.4;25.3;-1.0;
02/03/2025 16:41:43;117;0;145.21;-4;19.39;3.19;94.2;14.60;75193;2835.400;-1758.808;1;140;450;454.8;21.5;21.6;29;28.4;25.3;-1.0;
02/03/2025 16:42:03;117;0;147.67;-4;19.49;3.22;91.1;14.60;75210;2835.398;-1758.806;1;140;450;454.8;21.5;21.6;29;28.4;25.3;-1.0;
02/03/2025 16:42:23;117;0;149.77;-4;19.22;3.15;87.8;14.70;75231;2835.396;-1758.804;1;140;450;454.8;21.5;21.6;29;28.4;25.3;-1.0;
02/03/2025 16:42:43;117;0;152.14;-4;19.26;3.32;84.8;14.80;75253;2835.393;-1758.803;1;140;450;456.5;21.5;21.6;27;27.1;25.3;-1.0;
02/03/2025 16:43:03;117;0;151.43;-4;19.27;2.60;81.9;14.80;75263;2835.391;-1758.802;1;140;450;454.8;21.5;21.6;27;27.1;25.3;-1.0;
02/03/2025 16:43:23;117;0;148.58;-4;19.41;2.52;78.8;14.90;75280;2835.389;-1758.800;1;140;450;454.8;21.5;21.6;27;27.1;25.3;-1.0;
02/03/2025 16:43:43;117;0;143.50;-4;19.08;2.68;75.4;15.00;75311;2835.387;-1758.798;1;140;450;456.5;21.5;21.6;29;28.9;25.3;-1.0;
02/03/2025 16:44:03;117;0;144.49;-4;19.65;3.79;72.0;15.00;75342;2835.384;-1758.796;1;140;450;456.5;21.5;21.6;29;29.3;25.3;-1.0;
02/03/2025 16:44:23;117;0;146.30;-4;19.68;3.75;68.5;15.10;75369;2835.382;-1758.793;1;140;450;454.8;21.5;21.6;29;29.3;25.3;-1.0;
02/03/2025 16:44:43;117;0;146.71;-4;19.98;3.39;64.9;15.20;75385;2835.379;-1758.791;1;140;450;456.5;21.5;21.6;29;29.3;25.3;-1.0;
02/03/2025 16:45:03;117;0;142.54;-4;19.28;4.10;61.2;15.20;75396;2835.377;-1758.789;1;140;450;454.8;21.5;21.6;29;29.3;25.3;-1.0;
02/03/2025 16:45:23;117;0;142.16;-4;18.92;3.81;57.7;15.30;75406;2835.374;-1758.786;1;140;450;454.8;21.1;20.9;29;29.3;25.3;-1.0;
02/03/2025 16:45:43;117;0;145.16;-4;21.80;3.91;54.2;15.30;75422;2835.372;-1758.784;1;140;450;456.5;21.1;20.3;29;29.3;25.3;-1.0;
02/03/2025 16:46:03;117;0;142.27;-4;21.01;3.85;50.3;15.40;75438;2835.370;-1758.782;1;140;450;456.5;21.1;20.3;29;29.3;25.3;-1.0;
02/03/2025 16:46:23;117;0;143.12;-4;21.44;3.79;46.5;15.50;75452;2835.367;-1758.779;1;140;450;456.5;21.1;20.3;29;29.3;25.3;-1.0;
02/03/2025 16:46:43;117;0;144.23;-4;21.66;3.80;42.8;15.50;75461;2835.365;-1758.777;1;140;450;456.5;21.1;20.3;29;29.8;25.3;-1.0;
02/03/2025 16:47:03;117;0;144.10;-4;21.76;3.86;39.1;15.60;75472;2835.363;-1758.775;1;140;450;456.5;21.1;20.3;29;29.3;25.3;-1.0;
02/03/2025 16:47:23;117;0;144.25;-4;21.71;3.88;35.3;15.70;75489;2835.360;-1758.773;1;140;450;456.5;21.1;20.5;29;29.3;25.3;-1.0;
02/03/2025 16:47:43;117;0;143.42;-4;21.90;3.92;31.7;15.70;75500;2835.358;-1758.771;1;140;450;456.5;21.1;20.3;29;29.3;25.3;-1.0;
02/03/2025 16:48:03;117;0;142.46;-4;21.65;3.87;28.2;15.80;75508;2835.356;-1758.768;1;140;450;456.5;21.1;20.5;29;29.3;25.3;-1.0;
02/03/2025 16:48:23;117;0;140.41;-4;21.50;3.77;24.5;15.80;75521;2835.354;-1758.766;1;140;450;456.5;21.1;20.3;29;29.3;25.3;-1.0;
02/03/2025 16:48:43;117;0;138.70;-4;21.90;3.91;20.8;15.90;75526;2835.352;-1758.763;1;140;450;456.5;21.1;20.3;29;29.3;25.3;-1.0;
02/03/2025 16:49:03;117;0;138.74;-4;21.82;3.84;17.4;16.00;75537;2835.350;-1758.761;1;140;450;454.8;21.1;20.3;29;29.3;25.3;-1.0;
02/03/2025 16:49:23;117;0;137.40;-4;22.00;4.18;13.9;16.00;75539;2835.348;-1758.759;1;140;450;456.5;21.7;21.9;29;29.3;25.3;-1.0;
02/03/2025 16:49:43;117;0;136.81;-4;20.20;4.11;10.5;16.10;75539;2835.346;-1758.756;1;140;450;453.2;21.7;22.1;29;29.3;25.3;-1.0;
02/03/2025 16:50:03;117;0;138.44;-4;18.15;3.94;7.5;16.10;75557;2835.345;-1758.754;1;140;450;454.8;21.2;21.2;29;29.3;25.3;-1.0;
02/03/2025 16:50:23;117;0;134.03;-4;19.61;3.60;4.5;16.20;75565;2835.343;-1758.751;1;140;450;456.5;21.2;20.6;32;32.5;25.3;-1.0;
02/03/2025 16:50:31;115;0;131.84;-4;20.59;5.46;3.3;16.20;75575;2835.343;-1758.750;1;140;500;461.3;100.0;59.9;0;-0.5;25.3;-1.0;
02/03/2025 16:50:41;115;0;117.82;-4;6.03;-11.79;2.3;16.20;75551;2835.342;-1758.749;1;140;500;503.2;100.0;100.1;0;-0.5;25.0;-1.0;
02/03/2025 16:50:51;115;0;128.91;-4;-64.23;-17.85;2.6;16.30;75482;2835.343;-1758.749;1;140;500;503.2;100.0;100.4;0;-0.5;25.3;-1.0;
02/03/2025 16:51:11;119;0;191.09;-4;-41.86;-5.00;-0.0;16.40;75490;2835.343;-1758.749;1;140;500;506.5;100.0;100.4;0;-0.5;25.3;-1.0;
02/03/2025 16:51:21;119;0;203.74;-4;-60.02;-9.51;0.3;16.40;75494;2835.268;-1758.525;0;140;500;506.5;100.0;100.4;0;-0.5;25.3;-1.0;
