PLD_REALTIMECLOCK;NAV_RESOURCE;NAV_LONGITUDE;NAV_LATITUDE;NAV_DEPTH;NAV_HEADING;SD_CARD_USAGE;SSD_USAGE;ACQUISITION_FREQ;RECORDING;LEGATO_CONDUCTIVITY;LEGATO_TEMPERATURE;LEGATO_PRESSURE;LEGATO_SALINITY;LEGATO_CONDTEMP;LEGATO_CODA_DO;LEGATO_CODA_TEMPERATURE;LEGATO_CODA_CORR_PHASE;LEGATO_SOUND_VELOCITY;FLBBCD_CHL_COUNT;FLBBCD_CHL_SCALED;FLBBCD_CDOM_COUNT;FLBBCD_CDOM_SCALED;FLBBCD_BB_700_COUNT;FLBBCD_BB_700_SCALED;User_Field1;User_Field2;User_Field3;User_Field4;User_Field5;User_Field6;User_Field7;User_Field8;User_Field9;User_Field10;BS_HEADING;BS_ZB;BS_ZT;BS_PU;BS_PD;BS_BU;BS_BD;BS_SR;BS_ALTIMETER.ENABLE;BS_ALTIMETER.VALUE;BS_CURRENT.CORRECTION.ENABLE
05/03/2025 12:01:16.534;119;-1757.954;2838.018;0.100;152.000;249145.61;-1;192000;0;50.2665;20.0500;1.2696;36.8888;19.9836;242.7050;20.0537;22.7068;1523.7352;67;0.1815;69;1.6362;127;0.000235774;0;9999;9999;9999;9999;9999;9999;9999;9999;9999;9999;9999;9999;9999;9999;9999;9999;9999;9999;9999;9999
05/03/2025 12:01:46.549;116;-1757.958;2838.025;0.100;156.000;249145.63;-1;192000;0;50.2829;20.0547;1.3365;36.8982;19.9914;242.8365;20.0579;22.7003;1523.7597;59;0.0847;72;1.9089;125;0.000229650;0;9999;9999;9999;9999;9999;9999;9999;9999;9999;9999;9999;9999;9999;9999;9999;9999;9999;9999;9999;9999
05/03/2025 12:02:16.569;116;-1757.960;2838.029;0.200;162.000;249145.67;-1;192000;0;50.2839;20.0498;1.3576;36.9033;20.0050;242.1762;20.0612;22.7232;1523.7523;61;0.1089;72;1.9089;128;0.000238836;0;9999;9999;9999;9999;9999;9999;9999;9999;9999;9999;9999;9999;9999;9999;9999;9999;9999;9999;9999;9999
05/03/2025 12:02:46.565;116;-1757.963;2838.035;0.200;155.000;249145.7;249145.7;192000;0;50.3052;20.0634;1.3688;36.9089;20.0185;241.8590;20.0501;22.7381;1523.7961;59;0.0847;68;1.5453;126;0.000232712;0;9999;9999;9999;9999;9999;9999;9999;9999;9999;9999;9999;9999;9999;9999;9999;9999;9999;9999;9999;9999
05/03/2025 12:03:16.560;116;-1757.964;2838.038;0.100;156.000;249145.75;-1;192000;0;50.2843;20.0558;1.3953;36.8984;20.0302;241.7942;20.0367;22.7450;1523.7639;59;0.0847;70;1.7271;130;0.000244960;0;9999;9999;9999;9999;9999;9999;9999;9999;9999;9999;9999;9999;9999;9999;9999;9999;9999;9999;9999;9999
05/03/2025 12:03:46.564;110;-1757.966;2838.040;0.900;171.000;249145.79;249145.79;192000;0;50.2654;20.0292;2.4410;36.9057;20.0379;243.6345;20.0269;22.6801;1523.7165;68;0.1936;70;1.7271;147;0.000297014;0;9999;9999;9999;9999;9999;9999;9999;9999;9999;9999;9999;9999;9999;9999;9999;9999;9999;9999;9999;9999
05/03/2025 12:04:16.567;110;-1757.968;2838.041;5.000;183.000;249145.83;-1;192000;0;50.2733;20.0273;7.5105;36.9121;20.0399;244.4519;20.0322;22.6498;1523.8029;62;0.1210;76;2.2725;125;0.000229650;0;9999;9999;9999;9999;9999;9999;9999;9999;9999;9999;9999;9999;9999;9999;9999;9999;9999;9999;9999;9999
05/03/2025 12:04:46.569;100;-1757.973;2838.035;20.100;202.000;249145.87;249145.87;192000;0;50.3096;20.0485;23.5850;36.9174;20.0496;242.7958;20.0466;22.7104;1524.1351;70;0.2178;70;1.7271;123;0.000223526;0;9999;9999;9999;9999;9999;9999;9999;9999;9999;9999;9999;9999;9999;9999;9999;9999;9999;9999;9999;9999
05/03/2025 12:05:16.553;100;-1757.978;2838.031;32.600;207.000;249145.91;-1;192000;0;50.2037;19.9619;41.3017;36.8993;20.0496;243.9821;19.9622;22.6973;1524.1718;80;0.3388;71;1.8180;136;0.000263332;0;9999;9999;9999;9999;9999;9999;9999;9999;9999;9999;9999;9999;9999;9999;9999;9999;9999;9999;9999;9999
05/03/2025 12:05:46.564;100;-1757.984;2838.021;55.200;192.000;249145.95;-1;192000;0;50.0312;19.8354;58.4758;36.8614;20.0263;243.5436;19.8329;22.7574;1524.0664;83;0.3751;72;1.9089;130;0.000244960;0;9999;9999;9999;9999;9999;9999;9999;9999;9999;9999;9999;9999;9999;9999;9999;9999;9999;9999;9999;9999
05/03/2025 12:06:16.566;100;-1757.985;2838.015;65.900;185.000;249145.98;249145.99;192000;0;49.9095;19.7281;74.9386;36.8486;19.9953;241.9672;19.7305;22.8501;1524.0292;76;0.2904;72;1.9089;123;0.000223526;0;9999;9999;9999;9999;9999;9999;9999;9999;9999;9999;9999;9999;9999;9999;9999;9999;9999;9999;9999;9999
05/03/2025 12:06:46.565;100;-1757.986;2838.005;86.700;172.000;249146.02;-1;192000;0;49.7752;19.6235;91.0194;36.8231;19.9428;240.4752;19.6234;22.9423;1523.9779;72;0.2420;71;1.8180;124;0.000226588;0;9999;9999;9999;9999;9999;9999;9999;9999;9999;9999;9999;9999;9999;9999;9999;9999;9999;9999;9999;9999
05/03/2025 12:07:16.568;100;-1757.986;2838.000;96.700;174.000;249146.06;-1;192000;0;49.5740;19.4517;106.6698;36.8010;19.9001;238.7159;19.4513;23.0636;1523.7347;72;0.2420;70;1.7271;119;0.000211278;0;9999;9999;9999;9999;9999;9999;9999;9999;9999;9999;9999;9999;9999;9999;9999;9999;9999;9999;9999;9999
05/03/2025 12:07:46.570;100;-1757.986;2837.990;116.400;174.000;249146.1;-1;192000;0;49.4781;19.3870;121.7708;36.7723;19.8320;239.5695;19.3811;23.0582;1523.7729;72;0.2420;73;1.9998;126;0.000232712;0;9999;9999;9999;9999;9999;9999;9999;9999;9999;9999;9999;9999;9999;9999;9999;9999;9999;9999;9999;9999
05/03/2025 12:08:16.569;100;-1757.986;2837.985;126.500;173.000;249146.14;-1;192000;0;49.2885;19.2311;137.5921;36.7453;19.7620;238.1272;19.2299;23.1625;1523.5683;70;0.2178;74;2.0907;134;0.000257208;0;9999;9999;9999;9999;9999;9999;9999;9999;9999;9999;9999;9999;9999;9999;9999;9999;9999;9999;9999;9999
05/03/2025 12:08:46.564;100;-1757.985;2837.974;148.000;170.000;249146.17;249146.17;192000;0;49.1063;19.0837;154.3280;36.7165;19.6880;238.0779;19.0833;23.2139;1523.3990;70;0.2178;72;1.9089;148;0.000300076;0;9999;9999;9999;9999;9999;9999;9999;9999;9999;9999;9999;9999;9999;9999;9999;9999;9999;9999;9999;9999
05/03/2025 12:09:16.564;118;-1757.980;2837.968;157.500;141.000;249146.23;-1;192000;0;48.9655;18.9646;162.7550;36.7003;19.6080;236.8397;18.9517;23.3032;1523.1841;69;0.2057;73;1.9998;140;0.000275580;0;9999;9999;9999;9999;9999;9999;9999;9999;9999;9999;9999;9999;9999;9999;9999;9999;9999;9999;9999;9999
05/03/2025 12:09:46.565;118;-1757.981;2837.971;156.600;147.000;249146.27;-1;192000;0;49.0559;19.0203;161.3515;36.7276;19.5339;236.4118;19.0247;23.2957;1523.3492;72;0.2420;73;1.9998;141;0.000278642;0;9999;9999;9999;9999;9999;9999;9999;9999;9999;9999;9999;9999;9999;9999;9999;9999;9999;9999;9999;9999
05/03/2025 12:10:16.568;118;-1757.982;2837.973;153.200;145.000;249146.32;-1;192000;0;49.2462;19.1814;157.9324;36.7462;19.4968;238.4131;19.1854;23.1706;1523.7681;70;0.2178;73;1.9998;141;0.000278642;0;9999;9999;9999;9999;9999;9999;9999;9999;9999;9999;9999;9999;9999;9999;9999;9999;9999;9999;9999;9999
05/03/2025 12:10:46.560;117;-1757.982;2837.971;145.300;164.000;249146.36;-1;192000;0;49.3730;19.2909;149.9672;36.7587;19.4870;238.6822;19.2892;23.1271;1523.9575;73;0.2541;72;1.9089;140;0.000275580;0;9999;9999;9999;9999;9999;9999;9999;9999;9999;9999;9999;9999;9999;9999;9999;9999;9999;9999;9999;9999
05/03/2025 12:11:16.566;117;-1757.980;2837.969;138.900;147.000;249146.39;249146.39;192000;0;49.5093;19.3898;140.8397;36.7888;19.4909;237.5269;19.3996;23.1337;1524.1168;73;0.2541;72;1.9089;128;0.000238836;0;9999;9999;9999;9999;9999;9999;9999;9999;9999;9999;9999;9999;9999;9999;9999;9999;9999;9999;9999;9999
05/03/2025 12:11:46.569;117;-1757.978;2837.967;132.600;149.000;249146.43;-1;192000;0;49.5068;19.3983;130.2282;36.7831;19.4948;237.7960;19.3983;23.1213;1523.9575;69;0.2057;73;1.9998;117;0.000205154;0;9999;9999;9999;9999;9999;9999;9999;9999;9999;9999;9999;9999;9999;9999;9999;9999;9999;9999;9999;9999
05/03/2025 12:12:16.568;117;-1757.975;2837.963;118.400;156.000;249146.46;249146.46;192000;0;49.5030;19.4076;119.4153;36.7758;19.4948;237.7648;19.4028;23.1186;1523.7953;72;0.2420;73;1.9998;118;0.000208216;0;9999;9999;9999;9999;9999;9999;9999;9999;9999;9999;9999;9999;9999;9999;9999;9999;9999;9999;9999;9999
05/03/2025 12:12:46.564;117;-1757.974;2837.961;111.500;156.000;249146.5;-1;192000;0;49.7011;19.5556;108.4639;36.8147;19.5065;239.0507;19.5560;23.0203;1524.0700;70;0.2178;70;1.7271;121;0.000217402;0;9999;9999;9999;9999;9999;9999;9999;9999;9999;9999;9999;9999;9999;9999;9999;9999;9999;9999;9999;9999
05/03/2025 12:13:16.550;117;-1757.973;2837.957;97.600;163.000;249146.54;-1;192000;0;49.9132;19.7165;97.9556;36.8533;19.5417;240.8884;19.7231;22.8983;1524.3858;75;0.2783;72;1.9089;133;0.000254146;0;9999;9999;9999;9999;9999;9999;9999;9999;9999;9999;9999;9999;9999;9999;9999;9999;9999;9999;9999;9999
05/03/2025 12:13:46.569;117;-1757.972;2837.954;91.000;165.000;249146.58;249146.58;192000;0;50.0182;19.8095;88.0566;36.8623;19.5905;240.2276;19.8088;22.8948;1524.4886;79;0.3267;70;1.7271;128;0.000238836;0;9999;9999;9999;9999;9999;9999;9999;9999;9999;9999;9999;9999;9999;9999;9999;9999;9999;9999;9999;9999
05/03/2025 12:14:16.566;117;-1757.972;2837.950;78.400;167.000;249146.62;-1;192000;0;50.0080;19.7989;78.4831;36.8667;19.6353;242.4098;19.8017;22.8133;1524.3047;78;0.3146;69;1.6362;124;0.000226588;0;9999;9999;9999;9999;9999;9999;9999;9999;9999;9999;9999;9999;9999;9999;9999;9999;9999;9999;9999;9999
05/03/2025 12:14:46.568;117;-1757.972;2837.948;72.300;167.000;249146.65;-1;192000;0;49.9796;19.7870;68.6761;36.8573;19.6646;243.4083;19.7878;22.7784;1524.0978;81;0.3509;72;1.9089;125;0.000229650;0;9999;9999;9999;9999;9999;9999;9999;9999;9999;9999;9999;9999;9999;9999;9999;9999;9999;9999;9999;9999
05/03/2025 12:15:16.568;117;-1757.972;2837.944;59.700;165.000;249146.69;-1;192000;0;50.3298;20.0467;59.0206;36.9223;19.6977;243.1594;20.0466;22.7069;1524.7262;72;0.2420;70;1.7271;125;0.000229650;0;9999;9999;9999;9999;9999;9999;9999;9999;9999;9999;9999;9999;9999;9999;9999;9999;9999;9999;9999;9999
05/03/2025 12:15:46.564;117;-1757.971;2837.941;53.000;165.000;249146.72;249146.72;192000;0;50.3077;20.0333;48.4151;36.9198;19.7503;244.3541;20.0346;22.6640;1524.5098;75;0.2783;68;1.5453;123;0.000223526;0;9999;9999;9999;9999;9999;9999;9999;9999;9999;9999;9999;9999;9999;9999;9999;9999;9999;9999;9999;9999
05/03/2025 12:16:16.565;117;-1757.971;2837.936;39.400;167.000;249146.78;-1;192000;0;50.2901;20.0244;37.9562;36.9171;19.7970;243.6149;20.0254;22.6906;1524.3080;72;0.2420;69;1.6362;125;0.000229650;0;9999;9999;9999;9999;9999;9999;9999;9999;9999;9999;9999;9999;9999;9999;9999;9999;9999;9999;9999;9999
05/03/2025 12:16:46.568;117;-1757.970;2837.934;32.800;162.000;249146.81;249146.81;192000;0;50.2854;20.0249;27.6452;36.9167;19.8320;243.4620;20.0245;22.6936;1524.1371;70;0.2178;68;1.5453;121;0.000217402;0;9999;9999;9999;9999;9999;9999;9999;9999;9999;9999;9999;9999;9999;9999;9999;9999;9999;9999;9999;9999
05/03/2025 12:17:16.563;117;-1757.970;2837.929;19.700;165.000;249146.85;-1;192000;0;50.2559;20.0049;17.4020;36.9137;19.8593;242.7975;20.0067;22.7202;1523.9080;66;0.1694;72;1.9089;124;0.000226588;0;9999;9999;9999;9999;9999;9999;9999;9999;9999;9999;9999;9999;9999;9999;9999;9999;9999;9999;9999;9999
05/03/2025 12:17:46.564;117;-1757.969;2837.926;13.000;166.000;249146.88;-1;192000;0;50.1544;19.9611;6.8662;36.8722;19.8768;243.0386;19.9610;22.7237;1523.5653;65;0.1573;71;1.8180;135;0.000260270;0;9999;9999;9999;9999;9999;9999;9999;9999;9999;9999;9999;9999;9999;9999;9999;9999;9999;9999;9999;9999
05/03/2025 12:18:16.568;115;-1757.969;2837.921;0.300;154.000;249146.93;-1;192000;0;50.3052;20.1274;1.9088;36.8526;19.9098;242.8531;20.0875;22.6944;1523.9177;60;0.0968;70;1.7271;128;0.000238836;0;9999;9999;9999;9999;9999;9999;9999;9999;9999;9999;9999;9999;9999;9999;9999;9999;9999;9999;9999;9999
05/03/2025 12:18:46.569;119;-1757.969;2837.921;-0.200;176.000;249146.97;-1;192000;0;50.3622;20.1507;1.5719;36.8793;19.9448;241.0457;20.1228;22.7490;1524.0059;62;0.1210;66;1.3635;139;0.000272518;0;9999;9999;9999;9999;9999;9999;9999;9999;9999;9999;9999;9999;9999;9999;9999;9999;9999;9999;9999;9999
05/03/2025 12:18:55.050;119;-1757.995;2837.931;0.100;163.000;249146.99;-1;192000;9999;50.4156;20.1767;1.4976;36.9005;19.9564;243.9947;20.1120;22.6435;1524.0996;61;0.1089;74;2.0907;138;0.000269456;0;9999;9999;9999;9999;9999;9999;9999;9999;9999;9999;9999;9999;9999;9999;9999;9999;9999;9999;9999;9999
