Timestamp;NavState;SecurityLevel;Heading;Declination;Pitch;Roll;Depth;Temperature;Pa;Lat;Lon;DeadReckoning;DesiredH;BallastCmd;BallastPos;LinCmd;LinPos;AngCmd;AngPos;Voltage;Altitude;
02/03/2025 09:03:38;119;0;136.63;-4;-49.56;-12.36;0.6;16.60;75512;2836.771;-1801.738;0;134;500;506.5;100.0;100.6;0;-0.5;25.3;-1.0;
02/03/2025 09:03:48;116;0;156.61;-4;-58.32;-21.81;0.5;16.60;75522;2836.782;-1801.756;0;134;500;504.8;100.0;100.6;0;-0.5;25.3;-1.0;
02/03/2025 09:04:13;116;0;155.28;-4;-59.14;-18.90;0.4;16.70;75536;2836.788;-1801.760;0;134;500;504.8;100.0;100.4;0;-0.5;25.3;-1.0;
02/03/2025 09:04:39;116;0;149.13;-4;-44.47;-12.93;0.4;16.80;75524;2836.790;-1801.760;0;134;500;504.8;100.0;100.6;0;-0.5;25.3;-1.0;
02/03/2025 09:04:59;116;0;127.26;-4;-56.45;-8.06;0.6;16.90;75541;2836.788;-1801.767;0;127;500;506.5;100.0;100.6;0;-0.5;25.3;-1.0;
02/03/2025 09:05:10;116;0;127.19;-4;-47.19;-9.08;0.6;16.90;75553;2836.788;-1801.770;0;127;500;506.5;100.0;100.4;0;-0.5;25.3;-1.0;
02/03/2025 09:06:13;116;0;103.40;-4;-48.55;-12.71;0.5;17.10;75569;2836.795;-1801.779;0;127;500;506.5;100.0;100.6;0;-0.5;25.3;-1.0;
02/03/2025 09:08:30;116;0;86.10;-4;-54.04;-8.55;0.5;17.70;75615;2836.820;-1801.797;0;127;500;506.5;100.0;100.6;0;-0.5;25.3;-1.0;
02/03/2025 09:10:33;116;0;48.34;-4;-52.11;-9.11;0.4;18.30;75665;2836.846;-1801.813;0;127;500;506.5;100.0;100.6;0;-0.5;25.3;-1.0;
02/03/2025 09:10:52;116;0;30.39;-4;-57.47;-6.01;0.5;18.30;75670;2836.847;-1801.814;0;127;500;508.1;100.0;100.6;0;-0.5;25.3;-1.0;
02/03/2025 09:11:11;116;0;10.29;-4;-53.95;-3.39;0.4;18.40;75678;2836.851;-1801.816;0;127;500;506.5;100.0;100.6;0;-0.5;25.3;-1.0;
02/03/2025 09:11:22;116;0;352.57;-4;-52.16;-15.15;0.5;18.40;75676;2836.853;-1801.817;0;127;500;504.8;100.0;100.6;0;-0.5;25.3;-1.0;
02/03/2025 09:11:42;110;0;333.17;-4;-57.91;-15.02;-0.2;18.50;75675;2836.853;-1801.817;0;127;-110;387.1;100.0;100.6;-7;-7.2;25.3;-1.0;
02/03/2025 09:11:52;110;0;329.51;-4;-53.26;-8.91;0.2;18.50;76043;2836.853;-1801.817;1;127;-110;243.5;100.0;100.6;-7;-7.7;25.3;-1.0;
02/03/2025 09:12:02;110;0;326.00;-4;-52.68;-2.26;0.4;18.50;76263;2836.853;-1801.818;1;127;-110;88.7;100.0;100.4;-7;-7.2;25.3;-1.0;
02/03/2025 09:12:12;110;0;324.64;-4;-68.20;-20.30;0.8;18.60;76582;2836.853;-1801.818;1;127;-110;-64.5;100.0;100.6;-7;-7.7;25.3;-1.0;
02/03/2025 09:12:22;110;0;309.13;-4;-70.44;-16.06;1.0;18.60;76912;2836.853;-1801.818;1;127;-110;-109.7;42.1;54.8;-7;-7.2;25.3;-1.0;
02/03/2025 09:12:32;110;0;316.54;-4;-52.46;-13.53;2.1;18.70;76976;2836.853;-1801.819;1;127;-110;-111.3;42.1;42.1;-7;-7.7;25.3;-1.0;
02/03/2025 09:12:52;100;0;331.66;-4;-19.79;-15.57;4.9;18.70;76959;2836.856;-1801.821;1;127;-110;-106.5;42.1;41.8;-7;-7.7;25.3;-1.0;
02/03/2025 09:13:12;100;0;337.37;-4;-19.81;-15.36;7.6;18.70;76980;2836.859;-1801.823;1;127;-110;-104.8;42.1;41.5;-70;-69.9;25.3;-1.0;
02/03/2025 09:13:32;100;0;346.38;-4;-17.73;-45.45;10.0;18.80;76970;2836.862;-1801.824;1;127;-110;-103.2;42.8;42.9;-70;-69.9;25.3;-1.0;
02/03/2025 09:13:52;100;0;357.53;-4;-18.80;-45.26;12.7;18.80;76982;2836.865;-1801.825;1;127;-110;-103.2;43.2;43.2;-70;-69.9;25.3;0.0;
02/03/2025 09:14:12;100;0;9.78;-4;-19.15;-45.35;15.5;18.90;76991;2836.868;-1801.824;1;127;-110;-103.2;43.2;43.2;-70;-69.9;25.3;0.0;
02/03/2025 09:14:32;100;0;22.11;-4;-18.94;-45.41;18.1;18.90;77001;2836.871;-1801.823;1;127;-110;-103.2;43.5;43.4;-70;-69.9;25.3;0.0;
02/03/2025 09:14:52;100;0;33.81;-4;-21.21;-45.36;20.7;18.90;77011;2836.873;-1801.821;1;127;-110;-103.2;43.5;43.6;-70;-69.9;25.3;0.0;
02/03/2025 09:15:12;100;0;46.97;-4;-20.44;-45.52;23.7;18.90;77014;2836.876;-1801.818;1;127;-110;-103.2;43.5;43.6;-70;-69.9;25.3;0.0;
02/03/2025 09:15:32;100;0;59.57;-4;-20.19;-45.25;26.3;18.90;77016;2836.877;-1801.815;1;127;-110;-104.8;43.5;43.6;-58;-57.8;25.3;0.0;
02/03/2025 09:15:52;100;0;71.04;-4;-20.43;-39.07;29.0;19.00;77016;2836.878;-1801.812;1;127;-110;-103.2;43.5;43.6;-44;-44.2;25.3;0.0;
02/03/2025 09:16:12;100;0;83.74;-4;-20.49;-32.23;31.8;19.00;77027;2836.878;-1801.808;1;127;-110;-103.2;43.5;43.7;-28;-27.5;25.3;0.0;
02/03/2025 09:16:32;100;0;93.79;-4;-20.85;-24.09;34.6;19.00;77030;2836.878;-1801.805;1;127;-110;-101.6;43.5;43.7;-13;-13.1;25.3;0.0;
02/03/2025 09:16:52;100;0;101.90;-4;-20.84;-16.79;37.3;19.00;77044;2836.877;-1801.801;1;127;-110;-101.6;43.5;43.9;1;0.9;25.3;0.0;
02/03/2025 09:17:12;100;0;105.91;-4;-21.65;-10.76;40.2;18.90;77042;2836.875;-1801.798;1;127;-110;-103.2;43.5;43.9;7;7.2;25.3;0.0;
02/03/2025 09:17:32;100;0;106.00;-4;-22.39;-7.64;43.0;18.90;77051;2836.874;-1801.794;1;127;-110;-103.2;42.8;42.7;7;7.7;25.3;0.0;
02/03/2025 09:17:52;100;0;109.65;-4;-20.28;-7.66;45.9;18.90;77041;2836.873;-1801.791;1;127;-110;-103.2;42.8;42.6;10;9.9;25.3;0.0;
02/03/2025 09:18:12;100;0;113.11;-4;-20.10;-6.57;48.5;18.90;77054;2836.871;-1801.788;1;127;-110;-103.2;42.8;42.6;13;13.1;25.3;0.0;
02/03/2025 09:18:32;100;0;116.69;-4;-20.19;-4.92;51.2;18.90;77044;2836.869;-1801.784;1;127;-110;-103.2;42.8;42.6;13;13.5;25.3;0.0;
02/03/2025 09:18:52;100;0;118.86;-4;-20.32;-4.83;53.7;18.90;77046;2836.867;-1801.782;1;127;-110;-103.2;42.8;42.7;13;13.5;25.3;0.0;
02/03/2025 09:19:12;100;0;120.55;-4;-20.65;-4.77;56.3;18.90;77050;2836.865;-1801.779;1;127;-110;-103.2;42.8;42.6;13;13.5;25.3;0.0;
02/03/2025 09:19:32;100;0;119.99;-4;-20.76;-4.79;59.1;18.90;77036;2836.863;-1801.776;1;127;-110;-103.2;42.8;42.6;13;13.5;25.3;0.0;
02/03/2025 09:19:52;100;0;118.68;-4;-20.86;-4.76;61.9;18.90;77036;2836.861;-1801.773;1;127;-110;-101.6;42.8;42.6;13;13.5;25.3;0.0;
02/03/2025 09:20:12;100;0;120.12;-4;-20.44;-4.75;64.7;18.90;77042;2836.859;-1801.769;1;127;-110;-101.6;42.8;42.6;13;13.5;25.3;0.0;
02/03/2025 09:20:32;100;0;123.01;-4;-20.47;-4.73;67.5;18.90;77039;2836.857;-1801.766;1;127;-110;-103.2;42.8;42.6;13;13.5;25.3;0.0;
02/03/2025 09:20:52;100;0;124.77;-4;-20.36;-4.83;70.2;18.90;77034;2836.855;-1801.763;1;127;-110;-101.6;42.8;42.6;15;14.9;25.3;0.0;
02/03/2025 09:21:12;100;0;126.84;-4;-20.20;-3.80;72.9;18.90;77029;2836.852;-1801.760;1;127;-110;-101.6;42.8;42.6;15;15.3;25.3;0.0;
02/03/2025 09:21:32;100;0;126.59;-4;-20.70;-3.73;75.7;18.90;77017;2836.850;-1801.758;1;127;-110;-103.2;42.8;42.6;15;15.3;25.3;0.0;
02/03/2025 09:21:52;100;0;124.01;-4;-20.86;-3.72;78.6;18.90;77031;2836.848;-1801.755;1;127;-110;-103.2;42.8;42.6;15;15.3;25.3;0.0;
02/03/2025 09:22:12;100;0;123.23;-4;-20.75;-3.79;81.6;18.80;77021;2836.846;-1801.751;1;127;-110;-103.2;42.8;42.6;15;15.3;25.3;0.0;
02/03/2025 09:22:32;100;0;122.04;-4;-20.57;-3.79;84.7;18.80;77016;2836.843;-1801.748;1;127;-110;-103.2;42.8;42.6;15;15.3;25.3;0.0;
02/03/2025 09:22:52;100;0;124.24;-4;-20.60;-3.82;87.5;18.80;77014;2836.841;-1801.745;1;127;-110;-103.2;42.8;42.6;15;15.3;25.3;0.0;
02/03/2025 09:23:12;100;0;123.84;-4;-20.38;-3.78;90.3;18.80;77002;2836.839;-1801.742;1;127;-110;-101.6;42.8;42.6;15;15.3;25.3;0.0;
02/03/2025 09:23:32;100;0;121.46;-4;-20.29;-3.86;93.1;18.80;77005;2836.837;-1801.739;1;127;-110;-103.2;42.8;42.6;15;15.3;25.3;0.0;
02/03/2025 09:23:52;100;0;122.08;-4;-20.35;-3.80;95.7;18.80;76993;2836.834;-1801.736;1;127;-110;-101.6;42.8;42.6;15;15.3;25.3;0.0;
02/03/2025 09:24:12;100;0;121.70;-4;-20.20;-3.83;98.6;18.80;77007;2836.832;-1801.733;1;127;-110;-103.2;42.8;42.6;15;15.3;25.3;0.0;
02/03/2025 09:24:32;100;0;120.04;-4;-20.31;-3.86;101.4;18.80;76993;2836.830;-1801.729;1;127;-110;-103.2;42.8;42.6;15;15.3;25.3;0.0;
02/03/2025 09:24:52;100;0;120.59;-4;-20.39;-3.84;104.3;18.80;77002;2836.828;-1801.726;1;127;-110;-103.2;42.8;42.6;15;15.3;25.3;0.0;
02/03/2025 09:25:12;100;0;122.59;-4;-19.91;-3.82;107.0;18.70;76979;2836.826;-1801.723;1;127;-110;-103.2;42.8;42.6;15;14.9;25.3;0.0;
02/03/2025 09:25:32;100;0;125.55;-4;-19.86;-3.85;109.5;18.70;76973;2836.824;-1801.720;1;127;-110;-103.2;42.8;42.7;15;15.3;25.3;0.0;
02/03/2025 09:25:52;100;0;124.63;-4;-19.97;-3.85;112.2;18.70;76964;2836.821;-1801.718;1;127;-110;-103.2;42.8;42.6;15;15.3;25.3;0.0;
02/03/2025 09:26:12;100;0;123.31;-4;-20.00;-3.83;114.9;18.70;76962;2836.819;-1801.715;1;127;-110;-103.2;42.8;42.6;15;15.3;25.3;0.0;
02/03/2025 09:26:32;100;0;120.94;-4;-19.71;-3.85;117.4;18.70;76949;2836.817;-1801.712;1;127;-110;-103.2;42.8;42.7;15;15.3;25.3;0.0;
02/03/2025 09:26:52;100;0;118.49;-4;-20.07;-3.87;119.9;18.60;76933;2836.815;-1801.709;1;127;-110;-103.2;42.8;42.6;15;15.3;25.3;0.0;
02/03/2025 09:27:12;100;0;115.84;-4;-20.54;-3.82;122.6;18.60;76934;2836.814;-1801.706;1;127;-110;-103.2;42.8;42.6;15;15.3;25.3;0.0;
02/03/2025 09:27:32;100;0;111.78;-4;-20.65;-3.82;125.4;18.60;76927;2836.812;-1801.703;1;127;-110;-101.6;42.8;42.6;13;13.1;25.3;0.0;
02/03/2025 09:27:52;100;0;109.06;-4;-20.32;-5.21;128.3;18.60;76924;2836.811;-1801.699;1;127;-110;-103.2;42.8;42.6;9;9.0;25.3;0.0;
02/03/2025 09:28:12;100;0;111.49;-4;-19.88;-7.14;130.9;18.50;76911;2836.809;-1801.696;1;127;-110;-101.6;42.8;42.6;12;12.2;25.3;0.0;
02/03/2025 09:28:32;100;0;112.45;-4;-19.87;-5.20;133.9;18.50;76897;2836.807;-1801.692;1;127;-110;-103.2;42.8;42.6;12;12.6;25.3;0.0;
02/03/2025 09:28:52;100;0;110.63;-4;-19.69;-5.27;136.6;18.50;76895;2836.806;-1801.689;1;127;-110;-101.6;42.8;42.6;12;12.6;25.3;0.0;
02/03/2025 09:29:12;100;0;108.36;-4;-19.63;-5.31;139.2;18.50;76874;2836.804;-1801.685;1;127;-110;-103.2;42.8;42.7;10;9.9;25.3;0.0;
02/03/2025 09:29:32;100;0;110.35;-4;-19.37;-6.86;141.9;18.50;76880;2836.803;-1801.682;1;127;-110;-103.2;42.8;42.6;10;9.5;25.3;0.0;
02/03/2025 09:29:52;100;0;113.10;-4;-19.51;-6.83;144.5;18.40;76865;2836.801;-1801.679;1;127;-110;-104.8;42.8;42.6;13;13.1;25.3;0.0;
02/03/2025 09:30:12;100;0;114.05;-4;-20.04;-4.91;147.0;18.40;76865;2836.800;-1801.675;1;127;-110;-103.2;42.8;42.6;13;13.5;25.3;0.0;
02/03/2025 09:30:32;100;0;114.85;-4;-19.42;-4.87;149.6;18.40;76850;2836.798;-1801.672;1;127;-110;-101.6;42.8;42.6;13;13.5;25.3;0.0;
02/03/2025 09:30:52;100;0;116.91;-4;-19.97;-5.15;152.2;18.40;76862;2836.796;-1801.669;1;127;-110;-103.2;42.8;42.6;13;13.5;25.3;0.0;
02/03/2025 09:31:12;100;0;117.39;-4;-19.98;-4.92;154.7;18.30;76852;2836.794;-1801.666;1;127;-110;-103.2;42.8;42.6;13;13.5;25.3;0.0;
02/03/2025 09:31:32;100;0;118.23;-4;-19.57;-5.04;157.2;18.30;76845;2836.793;-1801.663;1;127;-110;-103.2;42.8;42.6;13;13.5;25.3;0.0;
02/03/2025 09:31:52;100;0;120.89;-4;-19.58;-4.88;159.6;18.30;76846;2836.791;-1801.661;1;127;-110;-101.6;42.8;42.6;13;13.5;25.3;0.0;
02/03/2025 09:32:12;100;0;123.37;-4;-19.91;-4.87;162.1;18.30;76840;2836.789;-1801.658;1;127;-110;-103.2;42.8;42.6;13;13.1;25.3;0.0;
02/03/2025 09:32:32;100;0;123.06;-4;-19.60;-4.93;164.6;18.20;76824;2836.787;-1801.655;1;127;-110;-103.2;42.8;42.6;13;13.5;25.3;0.0;
02/03/2025 09:32:52;100;0;125.64;-4;-19.50;-4.89;166.9;18.20;76814;2836.785;-1801.653;1;127;-110;-103.2;42.8;42.6;15;14.9;25.3;0.0;
02/03/2025 09:33:12;100;0;127.96;-4;-19.72;-3.96;169.6;18.20;76816;2836.782;-1801.650;1;127;-110;-101.6;42.8;42.6;15;15.3;25.3;0.0;
02/03/2025 09:33:32;100;0;129.76;-4;-19.61;-4.01;171.7;18.10;76814;2836.780;-1801.648;1;127;-110;-103.2;42.8;42.6;19;19.0;25.3;0.0;
02/03/2025 09:33:52;100;0;126.81;-4;-19.91;-1.87;174.2;18.10;76806;2836.778;-1801.645;1;127;-110;-103.2;42.8;42.6;15;14.4;25.3;0.0;
02/03/2025 09:34:12;100;0;126.52;-4;-19.60;-4.55;176.7;18.10;76807;2836.776;-1801.643;1;127;-110;-103.2;42.8;42.6;15;14.4;25.3;0.0;
02/03/2025 09:34:32;100;0;130.18;-4;-19.53;-4.73;179.1;18.10;76792;2836.773;-1801.640;1;127;-110;-103.2;42.8;42.6;19;19.0;25.3;0.0;
02/03/2025 09:34:52;100;0;129.64;-4;-20.03;-1.91;181.5;18.00;76782;2836.771;-1801.638;1;127;-110;-104.8;42.8;42.6;19;19.4;25.3;0.0;
02/03/2025 09:35:12;100;0;125.61;-4;-20.03;-1.88;183.8;18.00;76777;2836.769;-1801.636;1;127;-110;-104.8;42.8;42.6;15;14.9;25.3;0.0;
02/03/2025 09:35:32;100;0;126.07;-4;-19.84;-4.25;186.2;18.00;76776;2836.767;-1801.633;1;127;-110;-104.8;42.8;42.7;15;14.9;25.3;0.0;
02/03/2025 09:35:52;100;0;128.28;-4;-19.56;-4.29;188.7;18.00;76763;2836.765;-1801.630;1;127;-110;-103.2;42.8;42.6;15;14.9;25.3;0.0;
02/03/2025 09:36:12;100;0;126.44;-4;-19.79;-4.27;191.4;17.90;76753;2836.762;-1801.628;1;127;-110;-103.2;42.8;42.6;15;14.9;25.3;0.0;
02/03/2025 09:36:32;100;0;125.82;-4;-19.86;-4.24;193.8;17.90;76751;2836.760;-1801.625;1;127;-110;-103.2;42.8;42.6;15;14.9;25.3;0.0;
02/03/2025 09:36:52;100;0;128.34;-4;-19.90;-4.29;196.3;17.90;76744;2836.758;-1801.623;1;127;-110;-101.6;42.8;42.6;15;14.9;25.3;0.0;
02/03/2025 09:37:12;100;0;131.54;-4;-19.57;-4.31;198.7;17.80;76731;2836.756;-1801.620;1;127;-110;-103.2;42.8;42.6;19;19.0;25.3;0.0;
02/03/2025 09:37:32;100;0;132.74;-4;-19.73;-2.02;200.9;17.80;76730;2836.753;-1801.618;1;127;-110;-103.2;42.8;42.6;22;22.1;25.3;0.0;
02/03/2025 09:37:52;100;0;131.10;-4;-19.96;-0.47;203.4;17.80;76714;2836.751;-1801.616;1;127;-110;-101.6;42.8;42.6;19;19.0;25.3;0.0;
02/03/2025 09:38:12;100;0;131.09;-4;-19.84;-2.24;205.7;17.70;76702;2836.749;-1801.614;1;127;-110;-101.6;42.8;42.6;19;19.0;25.3;0.0;
02/03/2025 09:38:32;100;0;133.20;-4;-19.71;-2.29;208.2;17.70;76692;2836.746;-1801.611;1;127;-110;-103.2;42.8;42.6;21;21.2;25.3;0.0;
02/03/2025 09:38:53;100;0;134.08;-4;-19.80;-0.81;210.4;17.70;76688;2836.744;-1801.609;1;127;-110;-103.2;42.8;42.4;24;23.9;25.3;0.0;
02/03/2025 09:39:13;100;0;133.48;-4;-19.89;0.52;212.7;17.60;76686;2836.742;-1801.607;1;127;-110;-103.2;42.8;42.6;24;24.4;25.3;0.0;
02/03/2025 09:39:33;100;0;133.05;-4;-20.00;0.54;214.9;17.60;76669;2836.740;-1801.605;1;127;-110;-103.2;42.8;42.6;22;22.1;25.3;0.0;
02/03/2025 09:39:53;100;0;130.33;-4;-19.77;-0.62;217.2;17.60;76662;2836.737;-1801.603;1;127;-110;-101.6;42.8;42.6;19;19.0;25.3;0.0;
02/03/2025 09:40:13;100;0;129.34;-4;-19.88;-2.32;219.3;17.50;76666;2836.735;-1801.601;1;127;-110;-103.2;42.8;42.6;19;18.5;25.3;0.0;
02/03/2025 09:40:33;100;0;131.73;-4;-19.91;-2.59;221.5;17.50;76664;2836.733;-1801.599;1;127;-110;-101.6;42.8;42.6;21;21.7;25.3;0.0;
02/03/2025 09:40:53;100;0;133.91;-4;-19.80;-0.75;223.6;17.50;76651;2836.731;-1801.597;1;127;-110;-103.2;42.8;42.6;24;23.9;25.3;0.0;
02/03/2025 09:41:13;100;0;130.00;-4;-19.46;0.59;225.7;17.50;76652;2836.729;-1801.595;1;127;-110;-103.2;42.8;42.6;19;19.0;25.3;0.0;
02/03/2025 09:41:33;100;0;126.65;-4;-19.57;-2.34;228.0;17.40;76633;2836.727;-1801.592;1;127;-110;-103.2;42.8;42.6;17;17.1;25.3;0.0;
02/03/2025 09:41:53;100;0;126.75;-4;-19.43;-3.41;229.9;17.40;76628;2836.725;-1801.591;1;127;-130;-132.3;42.8;42.6;17;16.7;25.3;0.0;
02/03/2025 09:42:13;100;0;126.61;-4;-18.76;-3.32;232.1;17.40;76689;2836.723;-1801.588;1;127;-130;-132.3;43.1;43.2;17;16.7;25.3;0.0;
02/03/2025 09:42:33;100;0;127.50;-4;-19.83;-3.25;234.3;17.30;76689;2836.721;-1801.586;1;127;-130;-132.3;43.1;43.4;17;16.7;25.3;0.0;
02/03/2025 09:42:53;100;0;125.85;-4;-19.97;-3.23;236.8;17.30;76679;2836.719;-1801.583;1;127;-130;-132.3;43.1;43.4;17;16.7;25.3;0.0;
02/03/2025 09:43:13;100;0;127.96;-4;-20.27;-3.20;239.1;17.30;76666;2836.717;-1801.581;1;127;-130;-133.9;43.1;43.4;17;16.7;25.3;0.0;
02/03/2025 09:43:33;100;0;127.38;-4;-19.77;-3.13;241.6;17.20;76656;2836.715;-1801.578;1;127;-130;-133.9;43.1;43.4;17;16.7;25.3;0.0;
02/03/2025 09:43:53;100;0;125.41;-4;-19.95;-3.28;244.1;17.20;76644;2836.712;-1801.576;1;127;-130;-132.3;43.1;43.4;17;16.7;25.3;0.0;
02/03/2025 09:44:13;100;0;125.08;-4;-19.81;-3.25;246.2;17.20;76637;2836.711;-1801.574;1;127;-130;-133.9;43.1;43.4;17;16.7;25.3;0.0;
02/03/2025 09:44:33;100;0;123.85;-4;-20.06;-3.20;248.7;17.10;76641;2836.708;-1801.571;1;127;-130;-133.9;43.1;43.3;17;16.7;25.3;0.0;
02/03/2025 09:44:53;100;0;123.04;-4;-20.17;-3.20;251.3;17.10;76629;2836.706;-1801.568;1;127;-130;-132.3;43.1;43.4;17;16.7;25.3;0.0;
02/03/2025 09:45:13;100;0;120.42;-4;-20.20;-3.24;253.4;17.10;76617;2836.705;-1801.566;1;127;-130;-133.9;43.1;43.4;15;14.9;25.3;0.0;
02/03/2025 09:45:33;100;0;119.88;-4;-20.02;-4.17;255.8;17.00;76616;2836.703;-1801.563;1;127;-130;-133.9;43.1;43.4;15;14.4;25.3;0.0;
02/03/2025 09:45:53;100;0;119.80;-4;-19.87;-4.16;258.5;17.00;76619;2836.701;-1801.560;1;127;-130;-132.3;43.1;43.3;15;14.4;25.3;0.0;
02/03/2025 09:46:13;100;0;119.54;-4;-20.03;-4.20;260.8;17.00;76613;2836.699;-1801.557;1;127;-130;-132.3;43.1;43.4;15;14.4;25.3;0.0;
02/03/2025 09:46:33;100;0;119.16;-4;-19.96;-4.24;263.0;16.90;76600;2836.697;-1801.555;1;127;-130;-132.3;43.1;43.4;15;14.4;25.3;0.0;
02/03/2025 09:46:53;100;0;117.25;-4;-19.92;-4.14;265.7;16.90;76600;2836.696;-1801.552;1;127;-130;-133.9;43.1;43.3;15;14.4;25.3;0.0;
02/03/2025 09:47:13;100;0;115.80;-4;-19.92;-4.18;268.4;16.90;76590;2836.694;-1801.548;1;127;-130;-133.9;43.1;43.4;15;14.4;25.3;0.0;
02/03/2025 09:47:33;100;0;117.33;-4;-20.10;-4.20;271.0;16.80;76585;2836.692;-1801.545;1;127;-130;-133.9;43.1;43.4;15;14.4;25.3;0.0;
02/03/2025 09:47:53;100;0;116.16;-4;-20.26;-4.19;273.7;16.80;76590;2836.690;-1801.542;1;127;-130;-133.9;43.1;43.3;15;14.9;25.3;0.0;
02/03/2025 09:48:13;100;0;114.03;-4;-20.10;-4.17;276.4;16.80;76580;2836.688;-1801.539;1;127;-130;-133.9;43.1;43.3;15;14.4;25.3;0.0;
02/03/2025 09:48:33;100;0;110.64;-4;-19.98;-4.23;279.1;16.70;76562;2836.687;-1801.535;1;127;-130;-132.3;43.1;43.4;13;13.1;25.3;0.0;
02/03/2025 09:48:53;100;0;109.09;-4;-19.74;-5.20;282.0;16.70;76561;2836.685;-1801.532;1;127;-130;-133.9;43.1;43.4;10;9.9;25.3;0.0;
02/03/2025 09:49:13;100;0;110.43;-4;-19.50;-6.64;284.7;16.70;76558;2836.684;-1801.528;1;127;-130;-132.3;43.1;43.4;12;12.2;25.3;0.0;
02/03/2025 09:49:33;100;0;114.36;-4;-19.53;-5.25;287.6;16.70;76541;2836.682;-1801.525;1;127;-130;-133.9;43.1;43.4;14;14.0;25.3;0.0;
02/03/2025 09:49:53;100;0;116.79;-4;-19.77;-4.19;290.3;16.60;76535;2836.680;-1801.522;1;127;-130;-132.3;43.1;43.4;14;14.4;25.3;0.0;
02/03/2025 09:50:13;100;0;117.12;-4;-19.73;-4.25;293.2;16.60;76529;2836.678;-1801.518;1;127;-130;-133.9;43.1;43.4;14;14.4;25.3;0.0;
02/03/2025 09:50:33;100;0;117.81;-4;-19.59;-4.26;296.1;16.60;76520;2836.676;-1801.515;1;127;-130;-133.9;43.1;43.4;14;14.4;25.3;0.0;
02/03/2025 09:50:53;100;0;117.23;-4;-19.81;-4.22;299.0;16.50;76521;2836.674;-1801.511;1;127;-130;-132.3;43.1;43.4;14;14.4;25.3;0.0;
02/03/2025 09:51:13;100;0;115.94;-4;-19.68;-4.28;302.0;16.50;76511;2836.672;-1801.508;1;127;-130;-133.9;43.1;43.4;14;14.4;25.3;0.0;
02/03/2025 09:51:33;100;0;118.91;-4;-19.59;-4.17;305.1;16.50;76508;2836.670;-1801.504;1;127;-130;-132.3;43.1;43.4;14;14.4;25.3;0.0;
02/03/2025 09:51:53;100;0;123.12;-4;-19.53;-4.17;308.0;16.40;76499;2836.668;-1801.501;1;127;-130;-132.3;43.1;43.4;14;14.4;25.3;0.0;
02/03/2025 09:52:13;100;0;124.59;-4;-19.57;-4.19;311.0;16.40;76495;2836.665;-1801.498;1;127;-130;-132.3;43.1;43.4;14;14.4;25.3;0.0;
02/03/2025 09:52:33;100;0;126.28;-4;-19.50;-4.27;313.9;16.40;76484;2836.663;-1801.494;1;127;-130;-132.3;43.1;43.3;16;15.8;25.3;0.0;
02/03/2025 09:52:53;100;0;128.72;-4;-19.70;-3.34;316.8;16.30;76473;2836.660;-1801.491;1;127;-130;-133.9;43.1;43.3;16;16.2;25.3;0.0;
02/03/2025 09:53:13;100;0;131.09;-4;-19.74;-3.32;319.7;16.30;76473;2836.657;-1801.488;1;127;-130;-132.3;43.1;43.3;18;18.1;25.3;0.0;
02/03/2025 09:53:33;100;0;129.42;-4;-19.83;-2.12;322.5;16.30;76462;2836.655;-1801.486;1;127;-130;-132.3;43.1;43.4;18;18.5;25.3;0.0;
02/03/2025 09:53:53;100;0;127.25;-4;-19.74;-2.30;325.4;16.20;76455;2836.652;-1801.483;1;127;-130;-132.3;43.1;43.4;16;15.8;25.3;0.0;
02/03/2025 09:54:13;100;0;127.85;-4;-19.57;-3.80;328.4;16.20;76457;2836.650;-1801.479;1;127;-130;-132.3;43.1;43.4;16;15.3;25.3;0.0;
02/03/2025 09:54:33;100;0;129.43;-4;-19.64;-3.81;331.4;16.20;76453;2836.647;-1801.476;1;127;-130;-133.9;43.1;43.4;16;15.3;25.3;0.0;
02/03/2025 09:54:53;100;0;130.56;-4;-19.32;-3.86;334.1;16.10;76440;2836.644;-1801.474;1;127;-130;-132.3;43.1;43.3;19;19.0;25.3;0.0;
02/03/2025 09:55:13;100;0;129.61;-4;-19.60;-1.92;337.0;16.10;76434;2836.642;-1801.471;1;127;-130;-132.3;43.1;43.3;17;17.1;25.3;0.0;
02/03/2025 09:55:33;100;0;125.46;-4;-19.25;-3.05;339.9;16.10;76415;2836.639;-1801.467;1;127;-130;-132.3;43.1;43.4;17;17.1;25.3;0.0;
02/03/2025 09:55:53;100;0;121.41;-4;-19.02;-3.06;342.6;16.10;76417;2836.637;-1801.464;1;127;-130;-133.9;43.1;43.4;15;14.9;25.3;0.0;
02/03/2025 09:56:13;100;0;122.31;-4;-19.30;-4.31;345.2;16.00;76413;2836.635;-1801.461;1;127;-130;-132.3;43.1;43.4;15;14.4;25.3;0.0;
02/03/2025 09:56:33;100;0;123.65;-4;-19.26;-4.43;347.9;16.00;76408;2836.632;-1801.458;1;127;-130;-133.9;43.1;43.4;15;14.4;25.3;0.0;
02/03/2025 09:56:53;100;0;127.74;-4;-18.89;-4.32;350.3;16.00;76396;2836.630;-1801.456;1;127;-130;-132.3;43.5;43.3;17;17.1;25.3;0.0;
02/03/2025 09:57:13;100;0;128.45;-4;-19.20;-2.87;352.9;15.90;76386;2836.628;-1801.453;1;127;-130;-133.9;43.5;43.4;17;17.1;25.3;0.0;
02/03/2025 09:57:33;100;0;127.62;-4;-19.43;-2.81;355.5;15.90;76379;2836.625;-1801.450;1;127;-130;-132.3;43.5;43.4;17;17.1;25.3;0.0;
02/03/2025 09:57:53;100;0;129.34;-4;-19.31;-2.87;358.2;15.90;76360;2836.623;-1801.447;1;127;-130;-132.3;43.5;43.4;17;17.1;25.3;0.0;
02/03/2025 09:58:13;100;0;127.56;-4;-19.74;-2.85;360.8;15.80;76362;2836.620;-1801.445;1;127;-130;-133.9;43.5;43.4;17;17.1;25.3;0.0;
02/03/2025 09:58:33;100;0;126.40;-4;-19.24;-2.82;363.4;15.80;76357;2836.618;-1801.442;1;127;-130;-133.9;43.5;43.4;17;17.1;25.3;0.0;
02/03/2025 09:58:53;100;0;125.14;-4;-19.50;-2.80;366.0;15.80;76355;2836.616;-1801.439;1;127;-130;-133.9;43.5;43.4;17;17.1;25.3;0.0;
02/03/2025 09:59:13;100;0;123.94;-4;-19.68;-2.83;368.7;15.70;76347;2836.614;-1801.436;1;127;-130;-133.9;43.5;43.4;17;17.1;25.3;0.0;
02/03/2025 09:59:33;100;0;122.43;-4;-19.63;-2.84;371.1;15.70;76345;2836.612;-1801.433;1;127;-130;-132.3;43.5;43.4;17;17.1;25.3;0.0;
02/03/2025 09:59:53;100;0;120.62;-4;-19.78;-2.83;373.7;15.70;76344;2836.610;-1801.430;1;127;-130;-133.9;43.5;43.4;17;17.1;25.3;0.0;
02/03/2025 10:00:13;100;0;118.75;-4;-19.88;-2.81;376.4;15.60;76334;2836.608;-1801.427;1;127;-130;-132.3;43.5;43.4;17;17.1;25.3;0.0;
02/03/2025 10:00:33;100;0;117.41;-4;-19.77;-2.92;379.0;15.60;76332;2836.606;-1801.424;1;127;-130;-132.3;43.5;43.3;17;17.1;25.3;0.0;
02/03/2025 10:00:53;100;0;116.05;-4;-19.78;-2.81;381.5;15.60;76329;2836.604;-1801.421;1;127;-130;-133.9;43.5;43.4;15;14.9;25.3;0.0;
02/03/2025 10:01:13;100;0;113.55;-4;-19.71;-4.16;384.0;15.60;76321;2836.603;-1801.418;1;127;-130;-132.3;43.5;43.3;15;14.4;25.3;0.0;
02/03/2025 10:01:33;100;0;111.88;-4;-19.73;-4.04;386.7;15.60;76328;2836.601;-1801.415;1;127;-130;-135.5;43.5;43.4;15;14.9;25.3;0.0;
02/03/2025 10:01:53;100;0;110.62;-4;-19.83;-4.02;389.2;15.50;76322;2836.600;-1801.412;1;127;-130;-132.3;43.5;43.4;13;13.1;25.3;0.0;
02/03/2025 10:02:13;100;0;109.24;-4;-19.28;-4.96;391.7;15.50;76320;2836.598;-1801.408;1;127;-130;-132.3;43.5;43.4;13;13.1;25.3;0.0;
02/03/2025 10:02:33;100;0;109.51;-4;-20.39;-5.07;394.3;15.40;76310;2836.597;-1801.405;1;127;-130;-132.3;43.5;43.4;13;13.1;25.3;0.0;
02/03/2025 10:02:53;100;0;105.73;-4;-19.68;-4.73;397.0;15.40;76314;2836.596;-1801.402;1;127;-130;-132.3;43.5;43.4;8;8.1;25.3;0.0;
02/03/2025 10:03:13;100;0;109.22;-4;-19.47;-7.41;399.6;15.40;76315;2836.594;-1801.398;1;127;-130;-133.9;43.5;43.4;12;12.2;25.3;0.0;
02/03/2025 10:03:33;100;0;111.37;-4;-19.71;-5.00;402.3;15.40;76303;2836.593;-1801.395;1;127;-130;-133.9;43.5;43.4;12;12.6;25.3;0.0;
02/03/2025 10:03:53;100;0;107.48;-4;-20.31;-5.04;405.0;15.30;76312;2836.591;-1801.392;1;127;-130;-132.3;43.5;43.4;10;9.9;25.3;0.0;
02/03/2025 10:04:13;100;0;105.51;-4;-19.82;-6.57;407.9;15.30;76302;2836.590;-1801.388;1;127;-130;-132.3;43.5;43.4;6;5.9;25.3;0.0;
02/03/2025 10:04:33;100;0;107.21;-4;-19.12;-8.77;410.8;15.30;76301;2836.589;-1801.384;1;127;-130;-132.3;43.5;43.3;8;8.1;25.3;0.0;
02/03/2025 10:04:53;100;0;108.12;-4;-19.28;-7.14;413.6;15.30;76299;2836.587;-1801.380;1;127;-130;-132.3;43.5;43.4;8;8.6;25.3;0.0;
02/03/2025 10:05:13;100;0;109.56;-4;-19.36;-7.15;416.5;15.20;76278;2836.586;-1801.376;1;127;-130;-132.3;43.5;43.4;11;10.8;25.3;0.0;
02/03/2025 10:05:33;100;0;108.54;-4;-19.27;-5.81;419.1;15.20;76295;2836.584;-1801.373;1;127;-130;-133.9;43.5;43.4;11;11.3;25.3;0.0;
02/03/2025 10:05:53;100;0;107.86;-4;-19.22;-5.85;422.1;15.20;76288;2836.583;-1801.369;1;127;-130;-132.3;43.5;43.4;9;9.0;25.3;0.0;
02/03/2025 10:06:13;100;0;107.88;-4;-19.11;-7.10;424.9;15.20;76275;2836.581;-1801.365;1;127;-130;-132.3;43.5;43.6;9;9.0;25.3;0.0;
02/03/2025 10:06:33;100;0;106.29;-4;-19.46;-7.11;427.8;15.20;76280;2836.580;-1801.361;1;127;-130;-132.3;43.5;43.4;7;7.2;25.3;0.0;
02/03/2025 10:06:53;100;0;109.02;-4;-18.95;-8.04;430.8;15.10;76270;2836.578;-1801.357;1;127;-130;-133.9;43.8;43.9;10;10.4;25.3;0.0;
02/03/2025 10:07:13;100;0;110.35;-4;-19.94;-6.13;433.8;15.10;76262;2836.577;-1801.354;1;127;-130;-132.3;43.8;43.9;10;10.4;25.3;0.0;
02/03/2025 10:07:33;100;0;110.51;-4;-20.21;-6.21;436.8;15.10;76259;2836.575;-1801.350;1;127;-130;-133.9;43.8;43.9;10;10.4;25.3;0.0;
02/03/2025 10:07:53;100;0;110.57;-4;-20.28;-6.16;439.9;15.00;76249;2836.573;-1801.346;1;127;-130;-135.5;43.8;44.0;10;10.4;25.3;0.0;
02/03/2025 10:08:13;100;0;110.03;-4;-20.26;-6.19;443.1;15.00;76254;2836.572;-1801.342;1;127;-130;-132.3;43.8;43.9;10;10.4;25.3;0.0;
02/03/2025 10:08:33;100;0;111.11;-4;-20.28;-6.19;446.2;15.00;76253;2836.570;-1801.338;1;127;-130;-132.3;43.8;43.9;12;12.6;25.3;0.0;
02/03/2025 10:08:53;100;0;111.66;-4;-20.41;-5.03;449.4;15.00;76249;2836.568;-1801.334;1;127;-130;-132.3;43.8;44.0;12;12.6;25.3;0.0;
02/03/2025 10:09:13;100;0;111.84;-4;-20.44;-5.03;452.5;15.00;76243;2836.566;-1801.330;1;127;-130;-132.3;43.8;43.9;12;12.6;25.3;0.0;
02/03/2025 10:09:33;100;0;112.41;-4;-20.57;-4.97;455.8;14.90;76236;2836.564;-1801.326;1;127;-130;-133.9;43.8;43.9;12;12.6;25.3;0.0;
02/03/2025 10:09:53;100;0;113.07;-4;-20.55;-4.96;459.2;14.90;76225;2836.562;-1801.322;1;127;-130;-133.9;43.8;43.9;12;12.6;25.3;0.0;
02/03/2025 10:10:13;100;0;111.62;-4;-20.11;-5.03;462.4;14.90;76235;2836.561;-1801.318;1;127;-130;-132.3;43.8;44.0;12;13.1;25.3;0.0;
02/03/2025 10:10:33;100;0;111.88;-4;-20.20;-5.03;465.7;14.90;76225;2836.559;-1801.314;1;127;-130;-133.9;43.8;44.0;12;12.6;25.3;0.0;
02/03/2025 10:10:53;100;0;115.15;-4;-20.20;-5.05;468.9;14.80;76215;2836.557;-1801.310;1;127;-130;-133.9;43.8;43.9;14;14.0;25.3;0.0;
02/03/2025 10:11:13;100;0;116.36;-4;-20.42;-4.12;472.1;14.80;76221;2836.555;-1801.306;1;127;-130;-133.9;43.8;44.0;14;14.4;25.3;0.0;
02/03/2025 10:11:33;100;0;119.76;-4;-20.22;-4.09;475.4;14.80;76204;2836.552;-1801.302;1;127;-130;-133.9;43.8;43.9;14;14.4;25.3;0.0;
02/03/2025 10:11:53;100;0;121.82;-4;-20.64;-4.14;478.7;14.80;76199;2836.550;-1801.299;1;127;-130;-132.3;43.8;44.0;14;14.4;25.3;0.0;
02/03/2025 10:12:13;100;0;124.06;-4;-20.72;-4.03;481.9;14.80;76192;2836.547;-1801.295;1;127;-130;-133.9;43.8;44.0;14;14.4;25.3;0.0;
02/03/2025 10:12:33;100;0;127.26;-4;-20.41;-4.07;485.3;14.70;76179;2836.544;-1801.292;1;127;-130;-132.3;43.8;44.0;14;14.9;25.3;0.0;
02/03/2025 10:12:53;100;0;128.88;-4;-20.14;-4.06;488.5;14.70;76180;2836.541;-1801.288;1;127;-130;-132.3;43.8;44.0;16;15.8;25.3;0.0;
02/03/2025 10:13:13;100;0;131.36;-4;-20.24;-3.49;491.7;14.70;76176;2836.539;-1801.285;1;127;-130;-133.9;43.8;43.9;18;18.1;25.3;0.0;
02/03/2025 10:13:33;100;0;130.33;-4;-20.12;-2.30;494.6;14.60;76163;2836.536;-1801.282;1;127;-130;-133.9;43.8;44.0;18;18.5;25.3;0.0;
02/03/2025 10:13:54;100;0;128.63;-4;-19.86;-2.28;497.8;14.60;76149;2836.533;-1801.279;1;127;-130;-133.9;43.8;44.0;16;15.8;25.3;0.0;
02/03/2025 10:14:14;100;0;130.90;-4;-20.25;-3.81;500.7;14.60;76161;2836.530;-1801.276;1;127;-130;-132.3;43.8;43.9;18;18.1;25.3;0.0;
02/03/2025 10:14:34;100;0;133.56;-4;-20.95;-2.13;503.8;14.60;76141;2836.527;-1801.273;1;127;-130;-133.9;43.8;44.0;20;19.9;25.3;0.0;
02/03/2025 10:14:54;100;0;132.51;-4;-20.99;-1.27;507.0;14.60;76139;2836.524;-1801.270;1;127;-130;-132.3;43.8;44.0;20;20.3;25.3;0.0;
02/03/2025 10:15:14;100;0;132.19;-4;-20.50;-1.29;510.2;14.50;76134;2836.521;-1801.267;1;127;-130;-132.3;43.8;44.0;20;20.3;25.3;0.0;
02/03/2025 10:15:34;100;0;130.94;-4;-20.52;-1.36;513.3;14.50;76129;2836.518;-1801.264;1;127;-130;-133.9;43.8;43.9;18;18.1;25.3;0.0;
02/03/2025 10:15:54;100;0;129.91;-4;-20.15;-2.74;516.2;14.50;76122;2836.516;-1801.261;1;127;-130;-132.3;43.8;44.0;18;17.6;25.3;0.0;
02/03/2025 10:16:14;100;0;129.14;-4;-20.44;-2.60;519.2;14.40;76118;2836.513;-1801.258;1;127;-130;-132.3;43.8;44.0;18;17.6;25.3;0.0;
02/03/2025 10:16:34;100;0;127.33;-4;-20.44;-2.62;522.2;14.40;76117;2836.510;-1801.255;1;127;-130;-133.9;43.8;43.9;16;15.8;25.3;0.0;
02/03/2025 10:16:54;100;0;125.35;-4;-20.08;-3.86;525.1;14.40;76118;2836.508;-1801.252;1;127;-130;-133.9;43.8;44.0;16;15.3;25.3;0.0;
02/03/2025 10:17:14;100;0;121.64;-4;-20.43;-3.91;528.0;14.40;76103;2836.506;-1801.248;1;127;-130;-132.3;43.8;44.0;16;15.3;25.3;0.0;
02/03/2025 10:17:34;100;0;120.43;-4;-20.33;-3.88;531.1;14.40;76114;2836.503;-1801.245;1;127;-130;-133.9;43.8;44.0;16;15.3;25.3;0.0;
02/03/2025 10:17:54;100;0;118.21;-4;-20.25;-3.94;533.9;14.30;76108;2836.501;-1801.242;1;127;-130;-132.3;43.8;44.0;16;15.3;25.3;0.0;
02/03/2025 10:18:14;100;0;115.83;-4;-20.27;-3.83;536.8;14.30;76105;2836.500;-1801.238;1;127;-130;-132.3;43.8;43.9;16;15.3;25.3;0.0;
02/03/2025 10:18:34;100;0;113.64;-4;-20.32;-3.74;539.7;14.30;76098;2836.498;-1801.235;1;127;-130;-132.3;43.8;44.0;14;14.0;25.3;0.0;
02/03/2025 10:18:54;100;0;111.70;-4;-20.12;-4.56;542.6;14.30;76088;2836.496;-1801.231;1;127;-130;-133.9;43.8;44.0;12;12.2;25.3;0.0;
02/03/2025 10:19:14;100;0;112.08;-4;-19.68;-5.60;545.4;14.30;76091;2836.494;-1801.227;1;127;-130;-133.9;43.8;43.9;12;11.7;25.3;0.0;
02/03/2025 10:19:34;100;0;111.87;-4;-19.77;-5.53;548.3;14.20;76093;2836.493;-1801.224;1;127;-130;-132.3;43.8;43.9;12;11.7;25.3;0.0;
02/03/2025 10:19:54;100;0;113.72;-4;-19.71;-5.41;551.0;14.20;76080;2836.491;-1801.221;1;127;-130;-132.3;43.8;44.0;14;14.0;25.3;0.0;
02/03/2025 10:20:14;100;0;114.39;-4;-20.14;-4.43;553.7;14.20;76073;2836.489;-1801.217;1;127;-130;-132.3;43.8;44.0;14;14.4;25.3;0.0;
02/03/2025 10:20:34;100;0;116.29;-4;-19.94;-4.42;556.6;14.10;76066;2836.487;-1801.214;1;127;-130;-132.3;43.8;44.0;14;14.0;25.3;0.0;
02/03/2025 10:20:54;100;0;118.17;-4;-19.83;-4.41;559.2;14.10;76067;2836.486;-1801.211;1;127;-130;-130.6;43.8;43.9;14;14.4;25.3;0.0;
02/03/2025 10:21:14;100;0;119.20;-4;-19.78;-4.48;561.9;14.10;76073;2836.484;-1801.208;1;127;-130;-137.1;43.8;44.0;14;14.0;25.3;0.0;
02/03/2025 10:21:34;100;0;119.52;-4;-19.71;-4.41;564.6;14.10;76050;2836.482;-1801.205;1;127;-130;-133.9;43.8;44.0;14;14.0;25.3;0.0;
02/03/2025 10:21:54;100;0;120.39;-4;-19.72;-4.40;567.3;14.10;76055;2836.480;-1801.202;1;127;-130;-133.9;43.8;43.9;14;14.4;25.3;0.0;
02/03/2025 10:22:14;100;0;121.28;-4;-19.83;-4.42;569.9;14.00;76052;2836.478;-1801.199;1;127;-130;-133.9;43.8;44.0;14;14.0;25.3;0.0;
02/03/2025 10:22:34;100;0;121.86;-4;-19.94;-4.36;572.7;14.00;76037;2836.475;-1801.196;1;127;-130;-137.1;43.8;44.0;14;14.0;25.3;0.0;
02/03/2025 10:22:54;100;0;120.53;-4;-19.86;-4.35;575.3;14.00;76040;2836.473;-1801.192;1;127;-130;-133.9;43.8;44.0;14;14.4;25.3;0.0;
02/03/2025 10:23:14;100;0;119.23;-4;-20.00;-4.37;578.0;14.00;76028;2836.471;-1801.189;1;127;-130;-133.9;43.8;43.9;14;14.0;25.3;0.0;
02/03/2025 10:23:34;100;0;118.00;-4;-19.95;-4.36;580.7;13.90;76032;2836.469;-1801.186;1;127;-130;-133.9;43.8;44.0;14;14.0;25.3;0.0;
02/03/2025 10:23:54;100;0;117.29;-4;-19.97;-4.39;583.4;13.90;76027;2836.468;-1801.183;1;127;-130;-133.9;43.8;44.0;14;14.0;25.3;0.0;
02/03/2025 10:24:14;100;0;116.81;-4;-19.91;-4.36;586.2;13.90;76015;2836.466;-1801.180;1;127;-130;-132.3;43.8;44.0;14;14.0;25.3;0.0;
02/03/2025 10:24:34;100;0;115.68;-4;-19.87;-4.38;588.9;13.90;76012;2836.464;-1801.177;1;127;-130;-133.9;43.8;43.9;14;14.0;25.3;0.0;
02/03/2025 10:24:54;100;0;113.52;-4;-19.97;-4.35;591.5;13.80;76006;2836.462;-1801.173;1;127;-130;-133.9;43.8;44.0;14;14.0;25.3;0.0;
02/03/2025 10:25:14;100;0;111.35;-4;-19.90;-4.34;594.2;13.80;76006;2836.461;-1801.170;1;127;-130;-133.9;43.8;44.0;14;14.0;25.3;0.0;
02/03/2025 10:25:34;100;0;111.42;-4;-19.85;-4.38;596.9;13.80;75994;2836.459;-1801.167;1;127;-130;-132.3;43.8;44.0;14;14.0;25.3;0.0;
02/03/2025 10:25:54;100;0;112.54;-4;-19.86;-4.34;599.5;13.80;75986;2836.458;-1801.163;1;127;-130;-133.9;43.8;44.0;14;14.4;25.3;0.0;
02/03/2025 10:26:14;100;0;114.30;-4;-19.74;-4.39;602.2;13.80;75994;2836.456;-1801.160;1;127;-130;-133.9;43.8;44.0;14;14.0;25.3;0.0;
02/03/2025 10:26:34;100;0;117.37;-4;-19.72;-4.42;605.0;13.70;75982;2836.454;-1801.157;1;127;-130;-133.9;43.8;44.0;14;14.4;25.3;0.0;
02/03/2025 10:26:54;100;0;119.36;-4;-19.77;-4.33;607.5;13.70;75969;2836.452;-1801.154;1;127;-130;-133.9;43.8;43.9;14;14.4;25.3;0.0;
02/03/2025 10:27:14;100;0;119.29;-4;-19.57;-4.42;610.3;13.70;75967;2836.450;-1801.151;1;127;-130;-132.3;43.8;44.0;14;14.0;25.3;0.0;
02/03/2025 10:27:34;100;0;121.42;-4;-19.94;-4.34;612.9;13.70;75968;2836.448;-1801.148;1;127;-130;-132.3;43.8;44.0;14;14.0;25.3;0.0;
02/03/2025 10:27:54;100;0;123.02;-4;-19.84;-4.37;615.5;13.60;75959;2836.446;-1801.145;1;127;-130;-132.3;43.8;44.0;14;14.0;25.3;0.0;
02/03/2025 10:28:14;100;0;125.11;-4;-20.26;-4.26;618.3;13.60;75951;2836.444;-1801.142;1;127;-130;-132.3;43.8;44.0;14;14.0;25.3;0.0;
02/03/2025 10:28:34;100;0;127.66;-4;-19.93;-4.40;621.1;13.60;75961;2836.441;-1801.139;1;127;-130;-133.9;43.8;43.9;16;15.8;25.3;0.0;
02/03/2025 10:28:54;100;0;130.96;-4;-20.08;-3.25;623.8;13.60;75946;2836.438;-1801.136;1;127;-130;-133.9;43.8;43.9;19;19.0;25.3;0.0;
02/03/2025 10:29:14;100;0;132.99;-4;-20.00;-1.81;626.6;13.50;75949;2836.436;-1801.134;1;127;-130;-133.9;43.8;44.0;21;21.7;25.3;0.0;
02/03/2025 10:29:34;100;0;130.81;-4;-19.94;-0.56;629.3;13.50;75933;2836.433;-1801.131;1;127;-130;-132.3;43.8;44.0;19;19.0;25.3;0.0;
02/03/2025 10:29:54;100;0;128.84;-4;-19.79;-2.38;631.9;13.50;75936;2836.431;-1801.128;1;127;-130;-133.9;43.8;44.0;17;17.1;25.3;0.0;
02/03/2025 10:30:14;100;0;128.97;-4;-19.85;-3.07;634.4;13.50;75933;2836.428;-1801.126;1;127;-130;-133.9;43.8;43.9;17;17.1;25.3;0.0;
02/03/2025 10:30:34;100;0;127.92;-4;-20.00;-3.06;637.2;13.50;75923;2836.426;-1801.123;1;127;-130;-132.3;43.8;44.0;17;16.7;25.3;0.0;
02/03/2025 10:30:54;100;0;128.77;-4;-19.99;-3.08;639.7;13.40;75926;2836.424;-1801.121;1;127;-130;-133.9;43.8;44.0;17;17.1;25.3;0.0;
02/03/2025 10:31:14;100;0;129.38;-4;-20.06;-2.97;642.2;13.40;75911;2836.421;-1801.118;1;127;-130;-133.9;43.8;44.0;17;17.1;25.3;0.0;
02/03/2025 10:31:34;100;0;129.74;-4;-20.09;-2.92;644.9;13.40;75914;2836.419;-1801.115;1;127;-130;-133.9;43.8;43.9;17;17.1;25.3;0.0;
02/03/2025 10:31:54;100;0;129.67;-4;-20.00;-3.02;647.5;13.40;75916;2836.416;-1801.113;1;127;-130;-133.9;43.8;43.9;17;17.1;25.3;0.0;
02/03/2025 10:32:14;100;0;126.33;-4;-19.68;-3.01;650.0;13.40;75913;2836.414;-1801.110;1;127;-130;-132.3;43.8;44.0;17;17.1;25.3;0.0;
02/03/2025 10:32:34;100;0;123.04;-4;-19.47;-3.02;652.6;13.30;75901;2836.412;-1801.107;1;127;-130;-132.3;43.8;44.0;15;14.9;25.3;0.0;
02/03/2025 10:32:54;100;0;122.44;-4;-19.38;-4.20;655.1;13.30;75899;2836.410;-1801.104;1;127;-130;-133.9;43.8;44.0;15;14.4;25.3;0.0;
02/03/2025 10:33:14;100;0;121.17;-4;-19.73;-4.30;657.4;13.30;75892;2836.408;-1801.102;1;127;-130;-133.9;43.8;44.0;15;14.4;25.3;0.0;
02/03/2025 10:33:34;100;0;118.42;-4;-19.63;-4.18;659.8;13.30;75885;2836.406;-1801.099;1;127;-130;-132.3;43.8;44.0;15;14.9;25.3;0.0;
02/03/2025 10:33:54;100;0;117.46;-4;-19.31;-4.34;662.3;13.30;75883;2836.405;-1801.096;1;127;-130;-135.5;43.8;44.0;15;14.9;25.3;0.0;
02/03/2025 10:34:14;100;0;117.92;-4;-19.26;-4.34;664.6;13.20;75879;2836.403;-1801.093;1;127;-130;-132.3;43.8;44.0;15;14.9;25.3;0.0;
02/03/2025 10:34:34;100;0;116.51;-4;-19.40;-4.29;666.9;13.20;75870;2836.401;-1801.090;1;127;-130;-132.3;43.8;44.0;15;14.9;25.3;0.0;
02/03/2025 10:34:54;100;0;115.02;-4;-19.47;-4.26;669.5;13.20;75879;2836.399;-1801.087;1;127;-130;-133.9;43.8;44.0;15;14.9;25.3;0.0;
02/03/2025 10:35:14;100;0;114.10;-4;-19.54;-4.29;672.0;13.20;75872;2836.398;-1801.084;1;127;-130;-132.3;43.8;43.9;15;14.4;25.3;0.0;
02/03/2025 10:35:34;100;0;112.91;-4;-19.48;-4.26;674.3;13.10;75861;2836.396;-1801.081;1;127;-130;-133.9;43.8;44.0;15;14.9;25.3;0.0;
02/03/2025 10:35:54;100;0;111.02;-4;-19.66;-4.23;677.0;13.10;75870;2836.395;-1801.078;1;127;-130;-132.3;43.8;44.0;13;13.1;25.3;0.0;
02/03/2025 10:36:14;100;0;112.43;-4;-19.59;-4.92;679.8;13.10;75862;2836.393;-1801.074;1;127;-130;-133.9;43.8;43.9;13;13.1;25.3;0.0;
02/03/2025 10:36:34;100;0;114.60;-4;-19.36;-4.92;682.3;13.10;75856;2836.391;-1801.071;1;127;-130;-133.9;43.8;44.0;13;13.5;25.3;0.0;
02/03/2025 10:36:54;100;0;116.83;-4;-19.43;-4.92;684.8;13.10;75842;2836.390;-1801.068;1;127;-130;-133.9;43.8;44.0;15;14.9;25.3;0.0;
02/03/2025 10:37:14;100;0;119.41;-4;-19.57;-3.79;687.5;13.00;75844;2836.388;-1801.065;1;127;-130;-132.3;43.8;43.9;15;15.3;25.3;0.0;
02/03/2025 10:37:34;100;0;118.93;-4;-19.53;-3.81;690.2;13.00;75836;2836.386;-1801.062;1;127;-130;-133.9;43.8;43.9;15;15.3;25.3;0.0;
02/03/2025 10:37:54;100;0;120.46;-4;-19.47;-3.75;692.8;13.00;75834;2836.384;-1801.059;1;127;-130;-132.3;43.8;43.9;15;15.3;25.3;0.0;
02/03/2025 10:38:14;100;0;120.70;-4;-19.53;-3.81;695.6;13.00;75828;2836.382;-1801.056;1;127;-130;-132.3;43.8;44.0;15;15.3;25.3;0.0;
02/03/2025 10:38:34;100;0;122.06;-4;-19.43;-3.84;698.2;13.00;75834;2836.379;-1801.053;1;127;-130;-132.3;43.8;44.0;15;15.3;25.3;0.0;
02/03/2025 10:38:54;100;0;123.68;-4;-19.41;-3.77;700.8;13.00;75818;2836.377;-1801.050;1;127;-130;-133.9;43.8;44.0;15;15.3;25.3;0.0;
02/03/2025 10:39:14;100;0;124.34;-4;-19.39;-3.84;703.5;12.90;75811;2836.375;-1801.047;1;127;-130;-133.9;43.8;44.0;15;15.3;25.3;0.0;
02/03/2025 10:39:34;100;0;124.85;-4;-19.35;-3.81;706.1;12.90;75812;2836.373;-1801.044;1;127;-130;-133.9;43.8;44.0;15;15.3;25.3;0.0;
02/03/2025 10:39:54;100;0;123.58;-4;-19.22;-3.87;708.7;12.90;75805;2836.370;-1801.041;1;127;-130;-133.9;43.8;43.9;15;15.3;25.3;0.0;
02/03/2025 10:40:14;100;0;123.72;-4;-19.23;-3.86;711.4;12.90;75797;2836.368;-1801.038;1;127;-130;-133.9;43.8;44.0;15;15.3;25.3;0.0;
02/03/2025 10:40:34;100;0;124.72;-4;-19.30;-3.82;714.1;12.80;75793;2836.366;-1801.035;1;127;-130;-132.3;43.8;44.0;15;15.3;25.3;0.0;
02/03/2025 10:40:54;100;0;126.05;-4;-19.39;-3.87;716.6;12.80;75783;2836.364;-1801.032;1;127;-130;-132.3;43.8;44.0;15;15.8;25.3;0.0;
02/03/2025 10:41:14;100;0;127.94;-4;-19.35;-3.79;719.1;12.80;75778;2836.361;-1801.029;1;127;-130;-133.9;43.8;44.0;17;17.1;25.3;0.0;
02/03/2025 10:41:34;100;0;129.10;-4;-19.42;-2.79;721.9;12.80;75774;2836.359;-1801.026;1;127;-130;-133.9;43.8;44.0;17;17.6;25.3;0.0;
02/03/2025 10:41:54;100;0;130.44;-4;-19.51;-2.75;724.5;12.80;75777;2836.356;-1801.024;1;127;-130;-133.9;43.8;44.0;19;19.4;25.3;0.0;
02/03/2025 10:42:14;100;0;129.21;-4;-19.58;-1.71;726.9;12.70;75758;2836.354;-1801.021;1;127;-130;-133.9;43.8;44.0;19;19.9;25.3;0.0;
02/03/2025 10:42:34;100;0;126.10;-4;-19.45;-1.74;729.3;12.70;75755;2836.352;-1801.019;1;127;-130;-132.3;43.8;44.0;16;15.8;25.3;0.0;
02/03/2025 10:42:54;100;0;126.10;-4;-19.29;-3.76;731.8;12.70;75744;2836.349;-1801.016;1;127;-130;-135.5;43.8;43.9;16;15.8;25.3;0.0;
02/03/2025 10:43:14;100;0;124.04;-4;-19.19;-3.79;734.3;12.60;75729;2836.347;-1801.013;1;127;-130;-132.3;43.8;44.0;16;15.8;25.3;0.0;
02/03/2025 10:43:34;100;0;121.21;-4;-19.23;-3.74;736.9;12.60;75739;2836.345;-1801.010;1;127;-130;-133.9;43.8;44.0;16;15.8;25.3;0.0;
02/03/2025 10:43:54;100;0;117.00;-4;-19.13;-3.78;739.2;12.60;75723;2836.344;-1801.007;1;127;-130;-133.9;43.8;44.0;16;15.8;25.3;0.0;
02/03/2025 10:44:14;100;0;115.21;-4;-19.20;-3.72;741.5;12.60;75718;2836.342;-1801.005;1;127;-130;-132.3;43.8;44.0;16;15.8;25.3;0.0;
02/03/2025 10:44:34;100;0;113.64;-4;-19.08;-3.73;743.9;12.60;75715;2836.340;-1801.002;1;127;-130;-132.3;43.8;44.0;14;13.5;25.3;0.0;
02/03/2025 10:44:54;100;0;112.15;-4;-19.10;-4.71;746.3;12.50;75706;2836.339;-1800.999;1;127;-130;-133.9;43.8;43.9;14;14.0;25.3;0.0;
02/03/2025 10:45:14;100;0;111.90;-4;-19.11;-4.69;749.0;12.50;75696;2836.337;-1800.995;1;127;-130;-133.9;43.8;44.0;14;14.0;25.3;0.0;
02/03/2025 10:45:34;100;0;111.65;-4;-19.19;-4.69;751.5;12.50;75702;2836.336;-1800.992;1;127;-130;-133.9;43.8;44.0;14;14.0;25.3;0.0;
02/03/2025 10:45:54;100;0;111.49;-4;-19.07;-4.64;754.0;12.50;75696;2836.334;-1800.989;1;127;-130;-135.5;43.8;43.9;14;14.0;25.3;0.0;
02/03/2025 10:46:14;100;0;114.34;-4;-19.22;-4.65;756.6;12.40;75691;2836.333;-1800.986;1;127;-130;-133.9;43.8;44.0;14;14.0;25.3;0.0;
02/03/2025 10:46:34;100;0;117.90;-4;-19.02;-4.57;759.1;12.40;75676;2836.331;-1800.982;1;127;-130;-133.9;43.8;44.0;14;14.0;25.3;0.0;
02/03/2025 10:46:54;100;0;119.77;-4;-19.04;-4.64;761.7;12.40;75682;2836.329;-1800.979;1;127;-130;-133.9;43.8;44.0;14;14.0;25.3;0.0;
02/03/2025 10:47:14;100;0;121.41;-4;-19.18;-4.70;764.3;12.40;75661;2836.327;-1800.976;1;127;-130;-133.9;43.8;43.9;14;14.0;25.3;0.0;
02/03/2025 10:47:34;100;0;123.41;-4;-19.04;-4.72;766.9;12.30;75663;2836.324;-1800.973;1;127;-130;-133.9;43.8;44.0;14;14.0;25.3;0.0;
02/03/2025 10:47:54;100;0;125.15;-4;-19.09;-4.75;769.5;12.30;75664;2836.322;-1800.971;1;127;-130;-133.9;43.8;44.0;14;14.0;25.3;0.0;
02/03/2025 10:48:14;100;0;126.94;-4;-18.91;-4.73;772.1;12.30;75649;2836.320;-1800.968;1;127;-130;-133.9;44.1;44.5;16;15.8;25.3;0.0;
02/03/2025 10:48:34;100;0;127.81;-4;-20.07;-3.52;774.8;12.30;75649;2836.317;-1800.965;1;127;-130;-132.3;44.1;44.5;16;15.8;25.3;0.0;
02/03/2025 10:48:54;100;0;128.74;-4;-20.18;-3.52;777.7;12.30;75640;2836.315;-1800.962;1;127;-130;-132.3;44.1;44.5;16;15.8;25.3;0.0;
02/03/2025 10:49:14;100;0;130.92;-4;-20.19;-3.56;780.4;12.20;75635;2836.312;-1800.959;1;127;-130;-132.3;44.1;44.5;19;19.0;25.3;0.0;
02/03/2025 10:49:35;100;0;135.87;-4;-20.96;-1.82;783.2;12.20;75635;2836.309;-1800.957;1;127;-130;-132.3;44.1;44.5;25;24.8;25.3;0.0;
02/03/2025 10:49:55;100;0;137.67;-4;-19.58;1.06;786.1;12.20;75640;2836.306;-1800.954;1;127;-130;-132.3;44.1;44.5;27;27.1;25.3;0.0;
02/03/2025 10:50:15;100;0;133.65;-4;-21.25;1.84;789.0;12.20;75618;2836.304;-1800.952;1;127;-130;-135.5;44.1;44.5;21;20.8;25.3;0.0;
02/03/2025 10:50:35;100;0;134.80;-4;-19.64;-0.84;792.1;12.10;75624;2836.300;-1800.949;1;127;-130;-132.3;44.1;44.5;21;20.8;25.3;0.0;
02/03/2025 10:50:55;100;0;132.96;-4;-20.27;-0.93;795.0;12.10;75616;2836.298;-1800.946;1;127;-130;-132.3;44.1;44.5;21;20.8;25.3;0.0;
02/03/2025 10:51:15;100;0;133.57;-4;-20.27;-1.23;798.0;12.10;75609;2836.295;-1800.943;1;127;-130;-133.9;44.1;44.5;21;20.8;25.3;0.0;
02/03/2025 10:51:35;100;0;134.61;-4;-21.29;-1.20;800.7;12.10;75616;2836.292;-1800.941;1;127;-130;-132.3;44.1;44.5;24;23.9;25.3;0.0;
02/03/2025 10:51:55;100;0;131.38;-4;-20.72;0.51;803.8;12.00;75598;2836.289;-1800.938;1;127;-130;-132.3;44.1;44.5;19;19.0;25.3;0.0;
02/03/2025 10:52:15;100;0;128.05;-4;-20.33;-2.19;806.7;12.00;75594;2836.287;-1800.935;1;127;-130;-132.3;44.1;44.5;17;17.1;25.3;0.0;
02/03/2025 10:52:35;100;0;126.70;-4;-19.91;-3.08;809.5;12.00;75586;2836.284;-1800.932;1;127;-130;-133.9;44.1;44.5;17;17.1;25.3;0.0;
02/03/2025 10:52:55;100;0;125.93;-4;-19.86;-3.19;812.2;12.00;75584;2836.282;-1800.929;1;127;-130;-132.3;44.1;44.5;17;17.1;25.3;0.0;
02/03/2025 10:53:15;100;0;124.53;-4;-19.83;-3.20;814.7;11.90;75576;2836.280;-1800.926;1;127;-130;-132.3;44.1;44.5;17;17.1;25.3;0.0;
02/03/2025 10:53:35;100;0;123.71;-4;-20.00;-3.12;817.5;11.90;75549;2836.278;-1800.923;1;127;-130;-133.9;44.1;44.5;17;17.1;25.3;0.0;
02/03/2025 10:53:55;100;0;122.99;-4;-20.09;-3.18;820.0;11.90;75552;2836.275;-1800.920;1;127;-130;-132.3;44.1;44.6;17;17.1;25.3;0.0;
02/03/2025 10:54:15;100;0;121.95;-4;-20.03;-3.13;822.8;11.90;75553;2836.273;-1800.917;1;127;-130;-133.9;44.1;44.5;17;17.1;25.3;0.0;
02/03/2025 10:54:35;100;0;119.86;-4;-20.09;-3.21;825.2;11.80;75531;2836.271;-1800.915;1;127;-130;-132.3;44.1;44.6;17;17.1;25.3;0.0;
02/03/2025 10:54:55;100;0;118.61;-4;-20.15;-3.15;828.0;11.80;75526;2836.269;-1800.911;1;127;-130;-132.3;44.1;44.5;17;17.1;25.3;0.0;
02/03/2025 10:55:15;100;0;115.78;-4;-19.95;-3.20;830.7;11.80;75526;2836.268;-1800.908;1;127;-130;-132.3;44.1;44.5;15;14.9;25.3;0.0;
02/03/2025 10:55:35;100;0;115.12;-4;-19.92;-4.31;833.3;11.80;75525;2836.266;-1800.905;1;127;-130;-133.9;44.1;44.6;15;14.4;25.3;0.0;
02/03/2025 10:55:55;100;0;114.33;-4;-19.98;-4.25;835.9;11.80;75523;2836.264;-1800.902;1;127;-130;-133.9;44.1;44.5;15;14.9;25.3;0.0;
02/03/2025 10:56:15;100;0;113.49;-4;-19.95;-4.29;838.5;11.70;75519;2836.263;-1800.899;1;127;-130;-132.3;44.1;44.5;15;14.4;25.3;0.0;
02/03/2025 10:56:35;100;0;112.30;-4;-19.98;-4.29;841.2;11.70;75507;2836.261;-1800.895;1;127;-130;-133.9;44.1;44.5;15;14.4;25.3;0.0;
02/03/2025 10:56:55;100;0;112.08;-4;-19.98;-4.29;843.7;11.70;75511;2836.260;-1800.892;1;127;-130;-132.3;44.1;44.5;15;14.4;25.3;0.0;
02/03/2025 10:57:15;100;0;111.83;-4;-20.09;-4.27;846.3;11.70;75507;2836.258;-1800.889;1;127;-130;-132.3;44.1;44.5;15;14.4;25.3;0.0;
02/03/2025 10:57:35;100;0;111.31;-4;-20.12;-4.29;848.8;11.60;75502;2836.257;-1800.886;1;127;-130;-132.3;44.1;44.5;13;13.1;25.3;0.0;
02/03/2025 10:57:55;100;0;111.05;-4;-20.02;-5.10;851.4;11.60;75498;2836.255;-1800.883;1;127;-130;-133.9;44.1;44.6;13;12.6;25.3;0.0;
02/03/2025 10:58:15;100;0;110.26;-4;-19.90;-5.14;853.9;11.60;75488;2836.254;-1800.880;1;127;-130;-133.9;44.1;44.5;13;13.1;25.3;0.0;
02/03/2025 10:58:35;100;0;110.34;-4;-19.82;-5.07;856.3;11.60;75495;2836.252;-1800.877;1;127;-130;-133.9;44.1;44.5;13;13.1;25.3;0.0;
02/03/2025 10:58:55;100;0;109.85;-4;-19.96;-5.15;859.0;11.60;75493;2836.251;-1800.873;1;127;-130;-132.3;44.1;44.5;13;12.6;25.3;0.0;
02/03/2025 10:59:15;100;0;109.45;-4;-19.93;-5.12;861.3;11.50;75483;2836.250;-1800.871;1;127;-130;-132.3;44.1;44.5;13;12.6;25.3;0.0;
02/03/2025 10:59:35;100;0;109.85;-4;-19.82;-5.14;863.7;11.50;75484;2836.248;-1800.868;1;127;-130;-132.3;44.1;44.5;13;12.6;25.3;0.0;
02/03/2025 10:59:55;100;0;110.04;-4;-19.86;-5.05;866.1;11.50;75480;2836.247;-1800.865;1;127;-130;-133.9;44.1;44.6;13;13.1;25.3;0.0;
02/03/2025 11:00:15;100;0;110.12;-4;-19.97;-5.18;868.5;11.50;75480;2836.246;-1800.862;1;127;-130;-133.9;44.1;44.5;13;13.1;25.3;0.0;
02/03/2025 11:00:35;100;0;110.44;-4;-19.96;-5.18;870.9;11.40;75470;2836.244;-1800.859;1;127;-130;-133.9;44.1;44.6;13;13.1;25.3;0.0;
02/03/2025 11:00:55;100;0;109.40;-4;-19.76;-5.15;873.3;11.40;75470;2836.243;-1800.856;1;127;-130;-132.3;44.1;44.5;13;12.6;25.3;0.0;
02/03/2025 11:01:15;100;0;108.95;-4;-20.02;-5.17;875.5;11.40;75474;2836.242;-1800.853;1;127;-130;-132.3;44.1;44.5;13;13.1;25.3;0.0;
02/03/2025 11:01:35;100;0;109.44;-4;-19.77;-5.02;877.8;11.40;75473;2836.240;-1800.850;1;127;-130;-132.3;44.1;44.6;13;12.6;25.3;0.0;
02/03/2025 11:01:55;100;0;109.82;-4;-19.74;-5.21;880.0;11.40;75462;2836.239;-1800.847;1;127;-130;-132.3;44.1;44.6;13;13.1;25.3;0.0;
02/03/2025 11:02:15;100;0;110.42;-4;-19.80;-5.23;882.2;11.40;75457;2836.238;-1800.845;1;127;-130;-133.9;44.1;44.5;13;13.1;25.3;0.0;
02/03/2025 11:02:35;100;0;110.33;-4;-19.92;-5.13;884.2;11.30;75457;2836.237;-1800.842;1;127;-130;-133.9;44.1;44.5;13;13.1;25.3;0.0;
02/03/2025 11:02:55;100;0;108.03;-4;-20.52;-5.15;886.3;11.30;75441;2836.236;-1800.840;1;127;-130;-132.3;44.1;44.5;13;12.6;25.3;0.0;
02/03/2025 11:03:15;100;0;106.37;-4;-19.96;-5.04;888.6;11.30;75446;2836.234;-1800.837;1;127;-130;-133.9;44.1;44.5;9;9.0;25.3;0.0;
02/03/2025 11:03:35;100;0;108.52;-4;-19.68;-7.09;890.6;11.30;75453;2836.233;-1800.834;1;127;-130;-132.3;44.1;44.5;12;12.2;25.3;0.0;
02/03/2025 11:03:55;100;0;112.50;-4;-19.82;-5.26;892.7;11.20;75449;2836.232;-1800.832;1;127;-130;-133.9;44.1;44.5;14;14.4;25.3;0.0;
02/03/2025 11:04:15;100;0;114.54;-4;-19.67;-4.19;894.8;11.20;75437;2836.231;-1800.830;1;127;-130;-133.9;44.1;44.6;14;14.4;25.3;0.0;
02/03/2025 11:04:35;100;0;116.66;-4;-19.64;-4.24;896.8;11.20;75427;2836.229;-1800.827;1;127;-130;-133.9;44.1;44.5;14;14.9;25.3;0.0;
02/03/2025 11:04:55;100;0;121.65;-4;-19.81;-4.29;898.7;11.20;75426;2836.228;-1800.825;1;127;-150;-150.0;44.1;44.5;14;14.4;25.3;0.0;
02/03/2025 11:05:15;100;0;124.50;-4;-19.53;-4.30;900.8;11.20;75462;2836.226;-1800.823;1;127;-150;-151.6;44.1;44.5;16;15.8;25.3;0.0;
02/03/2025 11:05:35;100;0;128.10;-4;-19.65;-3.38;903.1;11.20;75462;2836.224;-1800.821;1;127;-150;-151.6;44.1;44.5;16;16.2;25.3;0.0;
02/03/2025 11:05:55;100;0;130.14;-4;-19.62;-3.37;905.4;11.10;75447;2836.221;-1800.818;1;127;-150;-151.6;44.1;44.6;19;19.0;25.3;0.0;
02/03/2025 11:06:15;100;0;129.31;-4;-19.85;-1.92;907.7;11.10;75453;2836.219;-1800.816;1;127;-150;-151.6;44.1;44.5;19;19.0;25.3;0.0;
02/03/2025 11:06:35;100;0;128.88;-4;-19.82;-1.92;909.9;11.10;75435;2836.217;-1800.814;1;127;-150;-151.6;44.1;44.5;19;19.0;25.3;0.0;
02/03/2025 11:06:55;100;0;129.51;-4;-20.13;-1.86;912.2;11.10;75433;2836.215;-1800.812;1;127;-150;-151.6;44.1;44.5;19;19.0;25.3;0.0;
02/03/2025 11:07:15;100;0;129.47;-4;-19.87;-2.00;914.5;11.10;75434;2836.213;-1800.809;1;127;-150;-153.2;44.1;44.6;19;19.0;25.3;0.0;
02/03/2025 11:07:35;100;0;130.69;-4;-20.13;-2.07;916.7;11.00;75423;2836.211;-1800.807;1;127;-150;-150.0;44.1;44.5;19;19.0;25.3;0.0;
02/03/2025 11:07:55;100;0;131.95;-4;-19.94;-1.86;919.1;11.00;75422;2836.208;-1800.805;1;127;-150;-153.2;44.1;44.6;21;21.2;25.3;0.0;
02/03/2025 11:08:15;100;0;129.38;-4;-20.09;-0.75;921.4;11.00;75417;2836.206;-1800.803;1;127;-150;-151.6;44.1;44.5;18;18.1;25.3;0.0;
02/03/2025 11:08:35;100;0;127.44;-4;-19.97;-2.73;923.9;11.00;75418;2836.204;-1800.800;1;127;-150;-151.6;44.1;44.6;16;15.3;25.3;0.0;
02/03/2025 11:08:55;100;0;127.66;-4;-19.89;-3.77;926.2;11.00;75410;2836.202;-1800.798;1;127;-150;-151.6;44.1;44.6;16;15.3;25.3;0.0;
02/03/2025 11:09:15;100;0;127.40;-4;-19.87;-3.77;928.7;10.90;75406;2836.200;-1800.795;1;127;-150;-151.6;44.1;44.5;16;15.3;25.3;0.0;
02/03/2025 11:09:35;100;0;128.33;-4;-19.26;-3.86;931.2;10.90;75414;2836.197;-1800.793;1;127;-150;-151.6;44.1;44.6;16;15.3;25.3;0.0;
02/03/2025 11:09:55;100;0;131.06;-4;-19.48;-3.87;933.7;10.90;75399;2836.195;-1800.790;1;127;-150;-151.6;44.1;44.5;19;19.0;25.3;0.0;
02/03/2025 11:10:15;100;0;130.91;-4;-19.40;-1.90;936.0;10.90;75391;2836.192;-1800.788;1;127;-150;-151.6;44.1;44.5;19;19.4;25.3;0.0;
02/03/2025 11:10:35;100;0;131.41;-4;-19.62;-1.97;938.5;10.90;75389;2836.190;-1800.785;1;127;-150;-151.6;44.1;44.6;19;19.4;25.3;0.0;
02/03/2025 11:10:55;100;0;130.85;-4;-19.48;-2.01;941.0;10.80;75377;2836.188;-1800.783;1;127;-150;-153.2;44.1;44.5;19;19.0;25.3;0.0;
02/03/2025 11:11:15;100;0;128.69;-4;-19.10;-1.91;943.2;10.80;75372;2836.186;-1800.781;1;127;-150;-151.6;44.1;44.5;19;19.4;25.3;0.0;
02/03/2025 11:11:35;100;0;127.79;-4;-19.14;-2.02;945.6;10.80;75370;2836.183;-1800.778;1;127;-150;-153.2;44.1;44.6;17;17.1;25.3;0.0;
02/03/2025 11:11:55;100;0;127.51;-4;-19.58;-3.27;947.9;10.80;75363;2836.181;-1800.776;1;127;-150;-153.2;44.1;44.6;17;16.7;25.3;0.0;
02/03/2025 11:12:15;100;0;126.64;-4;-19.54;-3.22;950.3;10.80;75358;2836.179;-1800.773;1;127;-150;-151.6;44.1;44.5;17;16.7;25.3;0.0;
02/03/2025 11:12:35;100;0;125.43;-4;-19.67;-3.20;952.7;10.70;75356;2836.177;-1800.771;1;127;-150;-151.6;44.1;44.6;17;16.7;25.3;0.0;
02/03/2025 11:12:55;100;0;123.76;-4;-19.60;-3.25;955.3;10.70;75352;2836.175;-1800.768;1;127;-150;-150.0;44.1;44.6;17;16.7;25.3;0.0;
02/03/2025 11:13:15;100;0;121.35;-4;-19.27;-3.03;957.7;10.70;75361;2836.173;-1800.765;1;127;-150;-151.6;44.1;44.5;17;16.7;25.3;0.0;
02/03/2025 11:13:35;100;0;119.11;-4;-19.53;-3.17;960.2;10.70;75348;2836.171;-1800.762;1;127;-150;-154.8;44.1;44.5;17;16.7;25.3;0.0;
02/03/2025 11:13:55;100;0;116.27;-4;-19.35;-3.25;962.6;10.70;75333;2836.169;-1800.759;1;127;-150;-151.6;44.1;44.5;15;14.9;25.3;0.0;
02/03/2025 11:14:15;100;0;114.97;-4;-19.05;-4.12;965.0;10.60;75336;2836.168;-1800.756;1;127;-150;-151.6;44.1;44.5;15;14.9;25.3;0.0;
02/03/2025 11:14:35;100;0;115.21;-4;-18.76;-4.09;967.3;10.60;75329;2836.166;-1800.753;1;127;-150;-151.6;44.5;44.5;15;14.9;25.3;0.0;
02/03/2025 11:14:55;100;0;116.50;-4;-19.00;-4.08;969.6;10.60;75333;2836.164;-1800.751;1;127;-150;-151.6;44.8;44.8;15;14.9;25.3;0.0;
02/03/2025 11:15:15;100;0;115.92;-4;-19.99;-4.15;971.8;10.60;75325;2836.163;-1800.748;1;127;-150;-150.0;44.8;45.1;15;14.9;25.3;0.0;
02/03/2025 11:15:35;100;0;116.95;-4;-20.22;-4.10;974.2;10.60;75320;2836.161;-1800.745;1;127;-150;-150.0;44.8;45.1;15;14.9;25.3;0.0;
02/03/2025 11:15:55;100;0;117.88;-4;-20.21;-4.13;976.8;10.60;75318;2836.159;-1800.742;1;127;-150;-151.6;44.8;44.9;15;14.9;25.3;0.0;
02/03/2025 11:16:15;100;0;117.40;-4;-20.10;-4.12;979.3;10.50;75319;2836.158;-1800.739;1;127;-150;-151.6;44.8;45.1;15;14.9;25.3;0.0;
02/03/2025 11:16:35;100;0;118.37;-4;-19.95;-4.03;981.8;10.50;75302;2836.156;-1800.736;1;127;-150;-154.8;44.8;45.1;15;14.9;25.3;0.0;
02/03/2025 11:16:55;100;0;117.29;-4;-20.46;-4.18;984.4;10.50;75307;2836.154;-1800.733;1;127;-150;-151.6;44.8;45.1;15;14.9;25.3;0.0;
02/03/2025 11:17:15;100;0;117.10;-4;-20.44;-4.14;987.0;10.50;75309;2836.152;-1800.730;1;127;-150;-151.6;44.8;45.1;15;14.9;25.3;0.0;
02/03/2025 11:17:35;100;0;115.71;-4;-20.26;-4.06;989.7;10.50;75293;2836.150;-1800.727;1;127;-150;-151.6;44.8;44.9;15;14.9;25.3;0.0;
02/03/2025 11:17:55;100;0;117.41;-4;-19.09;-4.03;992.6;10.40;75291;2836.148;-1800.723;1;127;-150;-153.2;44.8;45.1;15;14.9;25.3;0.0;
02/03/2025 11:18:15;100;0;118.66;-4;-19.67;-4.34;995.4;10.40;75280;2836.146;-1800.720;1;127;-150;-153.2;44.8;45.1;15;14.9;25.3;0.0;
02/03/2025 11:18:35;100;0;124.80;-4;-21.14;-3.80;997.9;10.40;75277;2836.144;-1800.718;1;127;-150;-153.2;44.8;45.1;15;14.9;25.3;0.0;
02/03/2025 11:18:43;118;0;124.55;-4;-20.39;-3.99;999.0;10.40;75288;2836.143;-1800.717;1;127;450;-151.6;21.9;21.8;6;5.4;25.3;0.0;
02/03/2025 11:18:53;118;0;109.09;-4;-7.23;-9.60;1000.1;10.40;75254;2836.143;-1800.715;1;127;450;-22.6;21.9;21.6;6;5.4;23.7;-1.0;
02/03/2025 11:19:03;118;0;93.03;-4;20.54;-9.69;1000.4;10.40;74992;2836.142;-1800.714;1;127;450;101.6;21.9;21.9;6;5.4;23.4;-1.0;
02/03/2025 11:19:13;118;0;88.00;-4;30.00;-10.17;999.6;10.40;74739;2836.142;-1800.714;1;127;450;225.8;21.9;22.1;6;5.4;23.7;-1.0;
02/03/2025 11:19:23;118;0;86.07;-4;29.36;-9.76;998.6;10.40;74489;2836.142;-1800.713;1;127;450;348.4;21.9;21.9;6;5.4;23.9;-1.0;
02/03/2025 11:19:33;118;0;87.06;-4;26.67;-9.17;997.1;10.40;74244;2836.142;-1800.711;1;127;450;451.6;21.9;21.9;6;5.4;23.9;-1.0;
02/03/2025 11:19:43;118;0;118.98;-4;23.71;-7.99;995.2;10.40;74030;2836.141;-1800.709;1;127;450;453.2;21.9;21.9;6;5.4;25.3;-1.0;
02/03/2025 11:19:53;118;0;115.81;-4;21.69;-8.38;993.5;10.40;74047;2836.140;-1800.707;1;127;450;453.2;21.9;22.1;6;5.4;25.3;-1.0;
02/03/2025 11:20:13;117;0;108.30;-4;19.24;-8.18;990.1;10.50;74037;2836.138;-1800.703;1;127;450;453.2;21.9;21.9;6;5.4;25.3;-1.0;
02/03/2025 11:20:33;117;0;99.41;-4;18.37;-8.42;986.9;10.50;74037;2836.137;-1800.698;1;127;450;453.2;21.4;21.1;47;46.9;25.3;-1.0;
02/03/2025 11:20:53;117;0;103.90;-4;21.37;13.12;983.8;10.60;74043;2836.136;-1800.694;1;127;450;453.2;21.4;21.1;40;40.2;25.3;-1.0;
02/03/2025 11:21:13;117;0;108.51;-4;23.48;9.44;980.4;10.60;74032;2836.134;-1800.690;1;127;450;453.2;22.5;22.7;34;33.8;25.3;-1.0;
02/03/2025 11:21:33;117;0;110.64;-4;21.42;6.22;976.7;10.60;74034;2836.133;-1800.686;1;127;450;453.2;22.5;22.7;32;32.0;25.3;-1.0;
02/03/2025 11:21:53;117;0;111.75;-4;20.55;5.01;973.6;10.50;74027;2836.131;-1800.682;1;127;450;453.2;22.5;22.7;32;32.0;25.3;-1.0;
02/03/2025 11:22:13;117;0;114.17;-4;20.55;5.03;970.3;10.50;74029;2836.129;-1800.678;1;127;450;451.6;22.5;22.7;29;28.4;25.3;-1.0;
02/03/2025 11:22:33;117;0;117.04;-4;20.60;3.11;967.0;10.50;74030;2836.127;-1800.674;1;127;450;451.6;22.5;22.7;29;28.4;25.3;-1.0;
02/03/2025 11:22:53;117;0;119.34;-4;19.79;3.42;963.6;10.50;74030;2836.124;-1800.670;1;127;450;453.2;22.5;22.7;29;28.4;25.3;-1.0;
02/03/2025 11:23:14;117;0;119.63;-4;19.88;3.20;960.4;10.50;74015;2836.122;-1800.667;1;127;450;453.2;22.5;22.7;29;28.4;25.3;-1.0;
02/03/2025 11:23:34;117;0;121.56;-4;20.11;3.24;957.5;10.50;74027;2836.120;-1800.663;1;127;450;453.2;22.5;22.7;29;28.4;25.3;-1.0;
02/03/2025 11:23:54;117;0;122.62;-4;20.18;3.12;954.4;10.50;74025;2836.117;-1800.660;1;127;450;451.6;22.5;22.7;29;28.4;25.3;-1.0;
02/03/2025 11:24:14;117;0;123.08;-4;20.01;3.30;951.4;10.50;74025;2836.115;-1800.657;1;127;450;451.6;22.5;22.7;29;28.4;25.3;-1.0;
02/03/2025 11:24:34;117;0;123.50;-4;20.06;3.21;948.4;10.40;74018;2836.113;-1800.653;1;127;450;453.2;22.5;22.7;29;28.4;25.3;-1.0;
02/03/2025 11:24:54;117;0;123.64;-4;19.92;3.22;945.6;10.40;74013;2836.110;-1800.650;1;127;450;453.2;22.5;22.7;29;28.4;25.3;-1.0;
02/03/2025 11:25:14;117;0;124.79;-4;19.92;3.14;942.7;10.40;74009;2836.108;-1800.647;1;127;450;453.2;22.5;22.8;29;28.4;25.3;-1.0;
02/03/2025 11:25:34;117;0;124.53;-4;19.92;3.26;939.8;10.40;74008;2836.105;-1800.644;1;127;450;450.0;22.5;22.7;29;28.4;25.3;-1.0;
02/03/2025 11:25:54;117;0;123.97;-4;19.83;3.27;937.0;10.40;74011;2836.103;-1800.641;1;127;450;453.2;22.5;22.7;29;28.4;25.3;-1.0;
02/03/2025 11:26:14;117;0;123.42;-4;19.87;3.29;934.2;10.40;74004;2836.101;-1800.638;1;127;450;453.2;22.5;22.7;29;28.4;25.3;-1.0;
02/03/2025 11:26:34;117;0;123.87;-4;19.78;3.26;931.4;10.40;74009;2836.099;-1800.635;1;127;450;453.2;22.5;22.7;29;28.4;25.3;-1.0;
02/03/2025 11:26:54;117;0;121.71;-4;19.71;3.27;928.8;10.30;74002;2836.096;-1800.632;1;127;450;453.2;22.5;22.7;29;28.4;25.3;-1.0;
02/03/2025 11:27:14;117;0;121.68;-4;19.95;3.24;926.0;10.30;74007;2836.094;-1800.629;1;127;450;453.2;22.5;22.7;29;28.4;25.3;-1.0;
02/03/2025 11:27:34;117;0;121.85;-4;19.94;3.33;923.3;10.30;74007;2836.092;-1800.626;1;127;450;453.2;22.5;22.7;29;28.4;25.3;-1.0;
02/03/2025 11:27:54;117;0;120.88;-4;19.88;3.22;920.7;10.30;74007;2836.090;-1800.623;1;127;450;453.2;22.5;22.7;29;28.4;25.3;-1.0;
02/03/2025 11:28:14;117;0;120.13;-4;20.07;3.17;917.8;10.30;74012;2836.088;-1800.619;1;127;450;453.2;22.5;22.7;29;28.4;25.3;-1.0;
02/03/2025 11:28:34;117;0;117.99;-4;19.92;3.42;914.9;10.30;74003;2836.086;-1800.616;1;127;450;453.2;22.5;22.7;29;28.4;25.3;-1.0;
02/03/2025 11:28:54;117;0;117.64;-4;19.72;3.25;912.4;10.30;74010;2836.084;-1800.613;1;127;450;454.8;22.5;22.7;29;28.4;25.3;-1.0;
02/03/2025 11:29:14;117;0;116.94;-4;19.93;3.19;909.6;10.30;74012;2836.082;-1800.610;1;127;450;453.2;22.5;22.8;29;28.4;25.3;-1.0;
02/03/2025 11:29:34;117;0;117.22;-4;19.94;3.26;907.0;10.20;74005;2836.080;-1800.607;1;127;450;453.2;22.5;22.8;29;28.4;25.3;-1.0;
02/03/2025 11:29:54;117;0;116.93;-4;20.14;3.40;904.4;10.20;74011;2836.079;-1800.603;1;127;450;453.2;22.5;22.7;29;28.4;25.3;-1.0;
02/03/2025 11:30:14;117;0;116.43;-4;20.49;3.22;901.5;10.20;74014;2836.077;-1800.600;1;127;450;453.2;22.5;22.7;29;28.4;25.3;-1.0;
02/03/2025 11:30:34;117;0;114.29;-4;20.05;3.19;898.4;10.20;74009;2836.075;-1800.596;1;127;450;453.2;22.5;22.7;29;28.4;25.3;-1.0;
02/03/2025 11:30:54;117;0;114.21;-4;19.63;3.23;895.4;10.20;74019;2836.073;-1800.593;1;127;450;453.2;22.5;22.7;29;28.4;25.3;-1.0;
02/03/2025 11:31:14;117;0;113.86;-4;19.54;3.17;892.3;10.20;74019;2836.071;-1800.589;1;127;450;453.2;22.5;22.7;29;28.4;25.3;-1.0;
02/03/2025 11:31:34;117;0;113.89;-4;19.63;3.18;889.3;10.20;74012;2836.069;-1800.585;1;127;450;453.2;22.5;22.7;29;28.4;25.3;-1.0;
02/03/2025 11:31:54;117;0;114.49;-4;19.66;3.13;886.4;10.20;74019;2836.067;-1800.582;1;127;450;454.8;22.5;22.7;29;28.4;25.3;-1.0;
02/03/2025 11:32:14;117;0;115.68;-4;19.68;3.14;883.5;10.20;74024;2836.065;-1800.578;1;127;450;450.0;22.5;22.7;29;28.4;25.3;-1.0;
02/03/2025 11:32:34;117;0;116.58;-4;19.82;3.16;880.6;10.20;74022;2836.064;-1800.575;1;127;450;453.2;22.5;22.8;29;28.4;25.3;-1.0;
02/03/2025 11:32:54;117;0;118.34;-4;19.86;3.19;877.7;10.20;74030;2836.061;-1800.571;1;127;450;453.2;22.5;22.7;29;28.4;25.3;-1.0;
02/03/2025 11:33:14;117;0;119.20;-4;20.01;3.19;874.7;10.20;74019;2836.059;-1800.568;1;127;450;451.6;22.5;22.7;29;28.4;25.3;-1.0;
02/03/2025 11:33:34;117;0;120.48;-4;19.91;3.22;871.8;10.20;74030;2836.057;-1800.564;1;127;450;453.2;22.5;22.7;29;28.4;25.3;-1.0;
02/03/2025 11:33:54;117;0;121.41;-4;19.92;3.17;868.8;10.20;74030;2836.055;-1800.561;1;127;450;453.2;22.5;22.8;29;28.4;25.3;-1.0;
02/03/2025 11:34:14;117;0;122.57;-4;19.97;3.22;865.6;10.20;74024;2836.052;-1800.557;1;127;450;454.8;22.5;22.7;29;28.4;25.3;-1.0;
02/03/2025 11:34:34;117;0;123.68;-4;19.87;3.23;862.5;10.20;74012;2836.050;-1800.554;1;127;450;453.2;22.5;22.7;29;28.4;25.3;-1.0;
02/03/2025 11:34:54;117;0;124.41;-4;19.78;3.21;859.4;10.20;74022;2836.047;-1800.550;1;127;450;454.8;22.5;22.7;29;28.4;25.3;-1.0;
02/03/2025 11:35:14;117;0;125.09;-4;19.78;3.23;856.2;10.20;74011;2836.045;-1800.547;1;127;450;453.2;22.5;22.7;29;28.4;25.3;-1.0;
02/03/2025 11:35:34;117;0;125.86;-4;19.77;3.28;853.0;10.20;74022;2836.042;-1800.544;1;127;450;454.8;22.5;22.7;29;28.4;25.3;-1.0;
02/03/2025 11:35:54;117;0;128.46;-4;19.82;2.94;849.6;10.10;74004;2836.039;-1800.540;1;127;450;453.2;22.5;22.7;27;27.1;25.3;-1.0;
02/03/2025 11:36:14;117;0;128.78;-4;19.80;2.45;846.3;10.20;74012;2836.036;-1800.536;1;127;450;453.2;22.5;22.7;27;27.1;25.3;-1.0;
02/03/2025 11:36:34;117;0;129.51;-4;19.66;2.42;843.0;10.20;74012;2836.033;-1800.533;1;127;450;454.8;22.5;22.7;27;27.1;25.3;-1.0;
02/03/2025 11:36:54;117;0;129.85;-4;19.64;2.49;839.7;10.20;74010;2836.030;-1800.530;1;127;450;453.2;22.5;22.8;27;27.1;25.3;-1.0;
02/03/2025 11:37:14;117;0;129.94;-4;19.58;2.43;836.4;10.10;74013;2836.027;-1800.526;1;127;450;453.2;22.5;22.7;27;27.1;25.3;-1.0;
02/03/2025 11:37:34;117;0;130.44;-4;19.64;2.47;833.1;10.10;74010;2836.024;-1800.523;1;127;450;453.2;22.5;22.7;25;24.8;25.3;-1.0;
02/03/2025 11:37:54;117;0;130.70;-4;19.47;1.17;829.7;10.10;74003;2836.021;-1800.519;1;127;450;453.2;22.5;22.7;25;24.4;25.3;-1.0;
02/03/2025 11:38:14;117;0;130.35;-4;19.52;1.33;826.4;10.10;74010;2836.018;-1800.516;1;127;450;453.2;22.5;22.7;25;24.8;25.3;-1.0;
02/03/2025 11:38:34;117;0;129.76;-4;19.17;1.40;823.1;10.10;74006;2836.015;-1800.513;1;127;450;451.6;22.5;22.7;25;24.4;25.3;-1.0;
02/03/2025 11:38:54;117;0;128.25;-4;19.21;1.20;819.8;10.10;74011;2836.012;-1800.509;1;127;450;453.2;22.5;22.7;27;27.1;25.3;-1.0;
02/03/2025 11:39:14;117;0;127.98;-4;19.06;2.79;816.6;10.10;74008;2836.009;-1800.506;1;127;450;454.8;22.5;22.7;27;27.5;25.3;-1.0;
02/03/2025 11:39:34;117;0;126.62;-4;19.12;2.70;813.5;10.10;74008;2836.006;-1800.502;1;127;450;453.2;22.5;22.8;27;27.1;25.3;-1.0;
02/03/2025 11:39:54;117;0;125.85;-4;19.35;2.86;810.7;10.10;74003;2836.003;-1800.499;1;127;450;453.2;22.5;22.7;27;27.1;25.3;-1.0;
02/03/2025 11:40:14;117;0;123.94;-4;18.98;2.81;807.7;10.10;74014;2836.001;-1800.495;1;127;450;453.2;22.2;22.2;27;27.1;25.3;-1.0;
02/03/2025 11:40:34;117;0;121.52;-4;19.24;2.75;804.9;10.10;74025;2835.999;-1800.492;1;127;450;454.8;22.2;22.4;27;27.5;25.3;-1.0;
02/03/2025 11:40:54;117;0;121.05;-4;19.29;2.74;802.1;10.10;74025;2835.996;-1800.489;1;127;450;453.2;22.2;22.2;27;27.5;25.3;-1.0;
02/03/2025 11:41:14;117;0;121.29;-4;19.67;2.60;799.3;10.10;74029;2835.994;-1800.486;1;127;450;453.2;22.2;22.2;27;27.5;25.3;-1.0;
02/03/2025 11:41:34;117;0;118.73;-4;19.38;2.67;796.5;10.20;74029;2835.992;-1800.482;1;127;450;453.2;22.2;22.2;27;27.1;25.3;-1.0;
02/03/2025 11:41:54;117;0;117.67;-4;19.16;2.77;793.5;10.10;74043;2835.990;-1800.479;1;127;450;454.8;22.2;22.2;27;27.1;25.3;-1.0;
02/03/2025 11:42:14;117;0;118.22;-4;19.86;2.43;790.6;10.10;74031;2835.988;-1800.475;1;127;450;453.2;22.2;22.2;27;27.5;25.3;-1.0;
02/03/2025 11:42:34;117;0;116.71;-4;19.63;2.48;787.7;10.20;74034;2835.986;-1800.472;1;127;450;454.8;22.2;22.2;27;27.5;25.3;-1.0;
02/03/2025 11:42:54;117;0;117.11;-4;19.68;2.38;784.7;10.20;74045;2835.984;-1800.468;1;127;450;451.6;22.2;22.2;27;27.5;25.3;-1.0;
02/03/2025 11:43:14;117;0;116.56;-4;19.62;2.61;781.6;10.20;74050;2835.982;-1800.464;1;127;450;453.2;22.2;22.2;27;27.5;25.3;-1.0;
02/03/2025 11:43:34;117;0;119.07;-4;20.02;2.66;778.5;10.20;74037;2835.980;-1800.461;1;127;450;453.2;22.2;22.2;27;27.1;25.3;-1.0;
02/03/2025 11:43:54;117;0;115.59;-4;19.63;2.78;775.4;10.20;74053;2835.978;-1800.457;1;127;450;453.2;22.2;22.2;27;27.5;25.3;-1.0;
02/03/2025 11:44:14;117;0;113.84;-4;19.68;2.73;772.2;10.20;74053;2835.976;-1800.453;1;127;450;451.6;22.2;22.2;29;28.9;25.3;-1.0;
02/03/2025 11:44:34;117;0;115.24;-4;20.57;3.46;769.0;10.20;74058;2835.974;-1800.449;1;127;450;454.8;22.2;21.9;29;28.9;25.3;-1.0;
02/03/2025 11:44:54;117;0;116.40;-4;20.65;3.53;765.6;10.20;74055;2835.972;-1800.445;1;127;450;454.8;22.2;21.8;29;28.9;25.3;-1.0;
02/03/2025 11:45:14;117;0;117.07;-4;20.52;3.66;761.9;10.20;74059;2835.969;-1800.441;1;127;450;454.8;22.2;21.9;29;28.9;25.3;-1.0;
02/03/2025 11:45:34;117;0;118.34;-4;20.30;3.49;758.4;10.20;74063;2835.967;-1800.437;1;127;450;454.8;22.2;21.9;29;28.9;25.3;-1.0;
02/03/2025 11:45:54;117;0;121.26;-4;20.52;3.51;754.8;10.20;74072;2835.964;-1800.433;1;127;450;450.0;22.2;21.9;29;28.9;25.3;-1.0;
02/03/2025 11:46:14;117;0;121.47;-4;20.43;3.40;751.2;10.20;74069;2835.962;-1800.429;1;127;450;454.8;22.2;21.9;29;28.9;25.3;-1.0;
02/03/2025 11:46:34;117;0;122.61;-4;20.31;3.46;747.6;10.20;74072;2835.959;-1800.425;1;127;450;451.6;22.2;21.9;29;28.9;25.3;-1.0;
02/03/2025 11:46:54;117;0;123.01;-4;20.16;3.51;744.1;10.20;74066;2835.956;-1800.421;1;127;450;454.8;22.2;21.8;29;28.9;25.3;-1.0;
02/03/2025 11:47:14;117;0;123.61;-4;20.35;3.46;740.7;10.30;74072;2835.953;-1800.417;1;127;450;454.8;22.2;21.8;29;28.9;25.3;-1.0;
02/03/2025 11:47:34;117;0;124.90;-4;20.40;3.47;737.0;10.30;74076;2835.950;-1800.413;1;127;450;454.8;22.2;21.9;29;28.9;25.3;-1.0;
02/03/2025 11:47:54;117;0;126.12;-4;20.41;3.51;733.4;10.30;74081;2835.947;-1800.409;1;127;450;454.8;22.2;21.9;29;28.9;25.3;-1.0;
02/03/2025 11:48:14;117;0;126.87;-4;20.31;3.51;729.8;10.30;74072;2835.944;-1800.405;1;127;450;454.8;22.2;21.9;29;28.9;25.3;-1.0;
02/03/2025 11:48:34;117;0;127.47;-4;20.31;3.50;726.2;10.30;74070;2835.941;-1800.401;1;127;450;454.8;22.2;21.9;27;27.1;25.3;-1.0;
02/03/2025 11:48:54;117;0;127.68;-4;20.38;2.39;722.5;10.30;74075;2835.938;-1800.397;1;127;450;454.8;22.2;21.8;27;26.6;25.3;-1.0;
02/03/2025 11:49:14;117;0;127.28;-4;20.35;2.30;718.9;10.30;74072;2835.935;-1800.393;1;127;450;453.2;22.2;21.9;27;27.1;25.3;-1.0;
02/03/2025 11:49:34;117;0;127.28;-4;20.35;2.39;715.1;10.30;74085;2835.932;-1800.389;1;127;450;454.8;22.2;21.9;27;27.1;25.3;-1.0;
02/03/2025 11:49:54;117;0;125.66;-4;20.11;2.39;711.5;10.30;74082;2835.929;-1800.385;1;127;450;454.8;22.2;21.8;27;27.1;25.3;-1.0;
02/03/2025 11:50:14;117;0;124.56;-4;20.31;2.42;708.0;10.30;74094;2835.926;-1800.381;1;127;450;454.8;22.2;21.8;27;26.6;25.3;-1.0;
02/03/2025 11:50:34;117;0;124.25;-4;20.37;2.35;704.1;10.30;74089;2835.923;-1800.377;1;127;450;454.8;22.2;21.8;27;26.6;25.3;-1.0;
02/03/2025 11:50:54;117;0;123.37;-4;20.24;2.38;700.4;10.30;74099;2835.920;-1800.373;1;127;450;454.8;22.2;21.8;27;27.1;25.3;-1.0;
02/03/2025 11:51:14;117;0;122.32;-4;20.22;2.50;696.7;10.30;74110;2835.917;-1800.369;1;127;450;454.8;22.2;21.9;27;27.1;25.3;-1.0;
02/03/2025 11:51:34;117;0;121.52;-4;19.92;2.47;693.1;10.40;74107;2835.914;-1800.364;1;127;450;453.2;22.2;21.8;27;27.1;25.3;-1.0;
02/03/2025 11:51:54;117;0;121.51;-4;20.21;2.39;689.5;10.40;74109;2835.912;-1800.360;1;127;450;454.8;22.2;22.1;27;27.1;25.3;-1.0;
02/03/2025 11:52:14;117;0;121.32;-4;19.91;2.33;686.0;10.40;74108;2835.909;-1800.356;1;127;450;453.2;22.2;22.1;27;27.1;25.3;-1.0;
02/03/2025 11:52:34;117;0;120.90;-4;19.81;2.33;682.4;10.40;74114;2835.906;-1800.352;1;127;450;454.8;22.2;21.9;27;27.1;25.3;-1.0;
02/03/2025 11:52:54;117;0;121.92;-4;19.76;2.36;679.1;10.40;74126;2835.904;-1800.348;1;127;450;456.5;22.2;21.8;27;26.6;25.3;-1.0;
02/03/2025 11:53:14;117;0;120.88;-4;20.07;2.49;675.8;10.40;74130;2835.901;-1800.344;1;127;450;454.8;22.2;21.8;27;27.1;25.3;-1.0;
02/03/2025 11:53:34;117;0;119.91;-4;20.20;2.51;672.2;10.40;74122;2835.899;-1800.340;1;127;450;454.8;22.2;21.8;27;27.1;25.3;-1.0;
02/03/2025 11:53:54;117;0;118.43;-4;20.42;2.47;668.8;10.40;74119;2835.896;-1800.336;1;127;450;454.8;22.2;21.9;27;26.6;25.3;-1.0;
02/03/2025 11:54:14;117;0;115.59;-4;19.95;2.91;665.4;10.50;74123;2835.894;-1800.332;1;127;450;454.8;22.2;21.8;29;28.9;25.3;-1.0;
02/03/2025 11:54:34;117;0;114.30;-4;19.87;3.93;661.9;10.50;74141;2835.892;-1800.328;1;127;450;454.8;22.2;21.9;29;29.3;25.3;-1.0;
02/03/2025 11:54:54;117;0;114.93;-4;20.70;3.94;658.6;10.50;74132;2835.890;-1800.324;1;127;450;454.8;22.2;21.8;29;29.3;25.3;-1.0;
02/03/2025 11:55:14;117;0;115.17;-4;19.62;3.77;654.9;10.50;74138;2835.888;-1800.319;1;127;450;454.8;22.2;21.8;29;29.3;25.3;-1.0;
02/03/2025 11:55:34;117;0;115.17;-4;20.10;3.75;651.9;10.50;74130;2835.886;-1800.316;1;127;450;454.8;22.2;21.8;29;29.3;25.3;-1.0;
02/03/2025 11:55:54;117;0;114.77;-4;20.30;3.76;649.0;10.50;74142;2835.884;-1800.312;1;127;450;451.6;22.2;21.8;29;29.3;25.3;-1.0;
02/03/2025 11:56:14;117;0;115.95;-4;20.71;3.84;645.7;10.50;74142;2835.882;-1800.308;1;127;450;454.8;22.2;21.9;29;29.3;25.3;-1.0;
02/03/2025 11:56:34;117;0;117.17;-4;20.55;3.71;642.3;10.50;74144;2835.880;-1800.304;1;127;450;456.5;22.2;21.9;29;29.3;25.3;-1.0;
02/03/2025 11:56:54;117;0;118.02;-4;20.37;3.88;638.9;10.50;74144;2835.877;-1800.300;1;127;450;454.8;22.2;21.9;29;29.3;25.3;-1.0;
02/03/2025 11:57:14;117;0;119.82;-4;20.67;3.73;635.6;10.60;74156;2835.875;-1800.296;1;127;450;454.8;22.2;21.9;29;29.3;25.3;-1.0;
02/03/2025 11:57:34;117;0;122.13;-4;20.47;3.80;632.1;10.60;74158;2835.872;-1800.292;1;127;450;454.8;22.2;21.9;29;29.3;25.3;-1.0;
02/03/2025 11:57:54;117;0;123.01;-4;20.26;3.75;628.5;10.60;74158;2835.869;-1800.288;1;127;450;454.8;22.2;21.8;29;29.3;25.3;-1.0;
02/03/2025 11:58:14;117;0;124.44;-4;20.27;3.76;625.1;10.60;74158;2835.867;-1800.285;1;127;450;454.8;22.2;21.9;29;29.3;25.3;-1.0;
02/03/2025 11:58:34;117;0;125.78;-4;20.06;3.86;621.5;10.60;74158;2835.864;-1800.281;1;127;450;454.8;22.2;21.9;29;29.3;25.3;-1.0;
02/03/2025 11:58:54;117;0;126.79;-4;19.95;3.82;618.2;10.60;74162;2835.861;-1800.277;1;127;450;454.8;22.2;21.9;29;29.3;25.3;-1.0;
02/03/2025 11:59:15;117;0;126.65;-4;19.88;3.70;615.0;10.60;74170;2835.858;-1800.274;1;127;450;454.8;22.2;21.8;27;27.1;25.3;-1.0;
02/03/2025 11:59:35;117;0;126.14;-4;20.06;2.21;611.8;10.70;74166;2835.855;-1800.270;1;127;450;454.8;22.2;21.8;27;27.1;25.3;-1.0;
02/03/2025 11:59:55;117;0;126.06;-4;20.07;2.36;608.3;10.70;74162;2835.853;-1800.267;1;127;450;454.8;22.2;21.8;27;26.6;25.3;-1.0;
02/03/2025 12:00:15;117;0;126.29;-4;20.29;2.47;605.1;10.70;74167;2835.850;-1800.263;1;127;450;454.8;22.2;21.8;27;27.1;25.3;-1.0;
02/03/2025 12:00:35;117;0;125.99;-4;20.04;2.23;601.8;10.70;74169;2835.847;-1800.259;1;127;450;456.5;22.2;21.8;27;26.6;25.3;-1.0;
02/03/2025 12:00:55;117;0;126.22;-4;20.18;2.42;598.5;10.70;74174;2835.844;-1800.256;1;127;450;454.8;22.2;21.8;27;26.6;25.3;-1.0;
02/03/2025 12:01:15;117;0;126.29;-4;20.11;2.25;595.3;10.70;74181;2835.841;-1800.252;1;127;450;454.8;22.2;21.8;27;27.1;25.3;-1.0;
02/03/2025 12:01:35;117;0;126.01;-4;20.00;2.43;592.0;10.70;74186;2835.839;-1800.249;1;127;450;453.2;22.2;21.9;27;26.6;25.3;-1.0;
02/03/2025 12:01:55;117;0;125.55;-4;20.12;2.33;588.7;10.70;74172;2835.836;-1800.245;1;127;450;454.8;22.2;21.8;27;26.6;25.3;-1.0;
02/03/2025 12:02:15;117;0;125.82;-4;19.87;2.31;585.3;10.80;74180;2835.833;-1800.242;1;127;450;454.8;22.2;21.8;27;26.6;25.3;-1.0;
02/03/2025 12:02:35;117;0;124.42;-4;20.40;2.56;581.9;10.80;74189;2835.830;-1800.238;1;127;450;453.2;22.2;21.8;27;26.6;25.3;-1.0;
02/03/2025 12:02:55;117;0;124.52;-4;20.07;2.39;578.6;10.80;74186;2835.828;-1800.234;1;127;450;454.8;22.2;21.8;27;27.1;25.3;-1.0;
02/03/2025 12:03:15;117;0;124.07;-4;19.88;2.27;575.3;10.80;74183;2835.825;-1800.230;1;127;450;454.8;22.2;21.8;27;26.6;25.3;-1.0;
02/03/2025 12:03:35;117;0;124.19;-4;20.13;2.26;572.0;10.80;74178;2835.822;-1800.227;1;127;450;454.8;22.2;21.9;27;27.1;25.3;-1.0;
02/03/2025 12:03:55;117;0;123.66;-4;20.02;2.31;568.8;10.80;74176;2835.820;-1800.223;1;127;450;454.8;22.2;21.8;27;27.1;25.3;-1.0;
02/03/2025 12:04:15;117;0;123.16;-4;19.91;2.33;565.5;10.80;74181;2835.817;-1800.220;1;127;450;454.8;22.2;21.9;27;26.6;25.3;-1.0;
02/03/2025 12:04:35;117;0;122.31;-4;20.01;2.43;562.3;10.80;74186;2835.815;-1800.216;1;127;450;454.8;22.2;21.9;27;26.6;25.3;-1.0;
02/03/2025 12:04:55;117;0;121.64;-4;20.10;2.25;559.1;10.90;74182;2835.812;-1800.212;1;127;450;454.8;22.2;21.8;27;26.6;25.3;-1.0;
02/03/2025 12:05:15;117;0;122.00;-4;19.82;2.43;555.9;10.90;74196;2835.810;-1800.209;1;127;450;454.8;22.2;21.8;27;26.6;25.3;-1.0;
02/03/2025 12:05:35;117;0;121.26;-4;20.12;2.43;552.8;10.90;74199;2835.807;-1800.205;1;127;450;454.8;22.2;21.8;27;26.6;25.3;-1.0;
02/03/2025 12:05:55;117;0;121.18;-4;20.03;2.46;549.6;10.90;74194;2835.805;-1800.201;1;127;450;454.8;22.2;21.8;27;27.1;25.3;-1.0;
02/03/2025 12:06:15;117;0;119.81;-4;19.13;2.67;546.6;10.90;74192;2835.803;-1800.198;1;127;450;454.8;22.2;21.8;27;27.1;25.3;-1.0;
02/03/2025 12:06:35;117;0;119.44;-4;19.75;2.55;543.3;10.90;74200;2835.800;-1800.194;1;127;450;454.8;22.2;21.8;27;26.6;25.3;-1.0;
02/03/2025 12:06:55;117;0;117.64;-4;19.74;2.41;540.2;10.90;74195;2835.798;-1800.190;1;127;450;454.8;22.2;21.8;27;26.6;25.3;-1.0;
02/03/2025 12:07:15;117;0;116.34;-4;20.04;2.52;537.2;10.90;74204;2835.796;-1800.187;1;127;450;454.8;22.2;21.8;27;26.6;25.3;-1.0;
02/03/2025 12:07:35;117;0;115.12;-4;20.02;2.39;533.8;11.00;74216;2835.794;-1800.183;1;127;450;454.8;22.2;21.9;29;28.9;25.3;-1.0;
02/03/2025 12:07:55;117;0;114.69;-4;19.66;3.75;530.6;11.00;74214;2835.792;-1800.179;1;127;450;454.8;22.2;21.8;29;29.3;25.3;-1.0;
02/03/2025 12:08:15;117;0;114.16;-4;19.67;3.78;527.5;11.00;74208;2835.790;-1800.175;1;127;450;454.8;22.2;21.8;29;29.3;25.3;-1.0;
02/03/2025 12:08:35;117;0;113.31;-4;19.73;3.80;524.2;11.00;74202;2835.788;-1800.171;1;127;450;453.2;22.2;21.8;29;29.3;25.3;-1.0;
02/03/2025 12:08:55;117;0;112.97;-4;19.66;3.77;521.0;11.00;74225;2835.786;-1800.167;1;127;450;454.8;22.2;21.8;29;29.3;25.3;-1.0;
02/03/2025 12:09:15;117;0;114.92;-4;19.93;3.75;517.9;11.00;74223;2835.784;-1800.163;1;127;450;454.8;22.2;21.9;29;29.3;25.3;-1.0;
02/03/2025 12:09:35;117;0;115.90;-4;19.90;3.74;514.6;11.00;74219;2835.782;-1800.159;1;127;450;454.8;22.2;21.8;29;29.3;25.3;-1.0;
02/03/2025 12:09:55;117;0;116.70;-4;19.85;3.72;511.5;11.00;74221;2835.780;-1800.155;1;127;450;454.8;22.2;21.9;29;29.3;25.3;-1.0;
02/03/2025 12:10:15;117;0;118.09;-4;19.96;3.74;508.1;11.00;74232;2835.778;-1800.151;1;127;450;454.8;22.2;21.9;29;29.3;25.3;-1.0;
02/03/2025 12:10:35;117;0;118.52;-4;19.85;3.78;504.9;11.10;74231;2835.775;-1800.147;1;127;450;454.8;22.2;21.8;29;29.3;25.3;-1.0;
02/03/2025 12:10:55;117;0;118.50;-4;19.64;3.77;501.7;11.10;74225;2835.773;-1800.144;1;127;450;454.8;22.2;21.9;29;29.3;25.3;-1.0;
02/03/2025 12:11:15;117;0;118.97;-4;19.77;3.79;498.5;11.10;74227;2835.771;-1800.140;1;127;450;454.8;22.2;21.9;29;29.3;25.3;-1.0;
02/03/2025 12:11:35;117;0;118.97;-4;19.73;3.67;495.3;11.10;74240;2835.769;-1800.136;1;127;450;454.8;22.2;21.8;29;29.3;25.3;-1.0;
02/03/2025 12:11:55;117;0;119.12;-4;19.68;3.71;492.2;11.10;74248;2835.766;-1800.132;1;127;450;454.8;22.2;21.9;29;29.8;25.3;-1.0;
02/03/2025 12:12:15;117;0;119.93;-4;19.63;3.71;488.9;11.10;74241;2835.764;-1800.129;1;127;450;454.8;22.2;21.8;29;29.3;25.3;-1.0;
02/03/2025 12:12:35;117;0;120.58;-4;19.75;3.69;485.8;11.10;74247;2835.762;-1800.125;1;127;450;454.8;22.2;21.9;29;29.3;25.3;-1.0;
02/03/2025 12:12:55;117;0;119.54;-4;19.56;3.78;482.5;11.10;74246;2835.759;-1800.121;1;127;450;454.8;22.2;21.8;29;29.3;25.3;-1.0;
02/03/2025 12:13:15;117;0;119.57;-4;19.69;3.73;479.2;11.20;74256;2835.757;-1800.117;1;127;450;454.8;22.2;21.8;29;29.3;25.3;-1.0;
02/03/2025 12:13:35;117;0;120.08;-4;19.56;3.69;476.1;11.20;74248;2835.755;-1800.114;1;127;450;454.8;22.2;21.9;29;29.3;25.3;-1.0;
02/03/2025 12:13:55;117;0;121.45;-4;19.65;3.74;472.9;11.20;74260;2835.752;-1800.110;1;127;450;454.8;22.2;21.9;29;29.3;25.3;-1.0;
02/03/2025 12:14:15;117;0;122.44;-4;19.75;3.68;469.5;11.20;74274;2835.750;-1800.106;1;127;450;454.8;22.2;21.8;29;29.3;25.3;-1.0;
02/03/2025 12:14:35;117;0;123.18;-4;19.78;3.78;466.2;11.20;74262;2835.747;-1800.102;1;127;450;454.8;22.2;21.9;29;29.3;25.3;-1.0;
02/03/2025 12:14:55;117;0;123.62;-4;19.56;3.71;463.0;11.20;74271;2835.744;-1800.099;1;127;450;454.8;22.2;21.9;29;29.3;25.3;-1.0;
02/03/2025 12:15:15;117;0;124.26;-4;19.59;3.75;459.7;11.30;74270;2835.742;-1800.095;1;127;450;454.8;22.2;21.8;29;29.3;25.3;-1.0;
02/03/2025 12:15:35;117;0;124.46;-4;20.02;3.73;456.4;11.30;74273;2835.739;-1800.092;1;127;450;454.8;22.2;21.8;29;29.3;25.3;-1.0;
02/03/2025 12:15:55;117;0;124.84;-4;19.79;3.59;453.0;11.30;74275;2835.736;-1800.088;1;127;450;454.8;22.2;21.9;29;29.3;25.3;-1.0;
02/03/2025 12:16:15;117;0;125.80;-4;19.51;3.89;449.7;11.30;74274;2835.734;-1800.084;1;127;450;454.8;22.2;21.8;29;29.3;25.3;-1.0;
02/03/2025 12:16:35;117;0;127.89;-4;19.86;3.57;446.4;11.30;74290;2835.731;-1800.081;1;127;450;454.8;22.2;21.8;27;27.1;25.3;-1.0;
02/03/2025 12:16:55;117;0;128.06;-4;19.97;2.30;443.1;11.30;74285;2835.728;-1800.077;1;127;450;454.8;22.2;21.8;27;26.6;25.3;-1.0;
02/03/2025 12:17:15;117;0;129.27;-4;19.55;2.37;439.8;11.40;74287;2835.725;-1800.074;1;127;450;454.8;22.2;21.9;27;26.6;25.3;-1.0;
02/03/2025 12:17:35;117;0;128.80;-4;19.72;2.34;436.4;11.40;74290;2835.722;-1800.070;1;127;450;454.8;22.2;21.8;27;26.6;25.3;-1.0;
02/03/2025 12:17:55;117;0;129.03;-4;19.48;2.25;433.2;11.40;74291;2835.719;-1800.067;1;127;450;454.8;22.2;21.8;27;26.6;25.3;-1.0;
02/03/2025 12:18:15;117;0;128.96;-4;19.81;2.37;429.9;11.40;74295;2835.716;-1800.063;1;127;450;454.8;22.2;21.8;27;26.6;25.3;-1.0;
02/03/2025 12:18:35;117;0;129.39;-4;19.21;2.15;426.7;11.40;74291;2835.713;-1800.060;1;127;450;453.2;22.2;21.8;27;26.6;25.3;-1.0;
02/03/2025 12:18:55;117;0;129.86;-4;19.41;2.28;423.5;11.40;74305;2835.710;-1800.057;1;127;450;454.8;22.2;21.8;27;26.6;25.3;-1.0;
02/03/2025 12:19:15;117;0;130.07;-4;19.87;2.39;420.2;11.40;74302;2835.707;-1800.053;1;127;450;454.8;22.2;21.9;27;26.6;25.3;-1.0;
02/03/2025 12:19:35;117;0;129.19;-4;19.83;2.37;417.1;11.40;74302;2835.704;-1800.050;1;127;450;456.5;22.2;21.9;27;26.6;25.3;-1.0;
02/03/2025 12:19:55;117;0;127.28;-4;19.45;2.30;413.7;11.50;74313;2835.701;-1800.046;1;127;450;454.8;22.2;21.8;27;26.6;25.3;-1.0;
02/03/2025 12:20:15;117;0;124.89;-4;19.52;2.50;410.5;11.50;74316;2835.698;-1800.043;1;127;450;454.8;22.2;21.8;27;26.6;25.3;-1.0;
02/03/2025 12:20:35;117;0;123.05;-4;19.10;2.05;407.3;11.50;74318;2835.696;-1800.039;1;127;450;454.8;22.2;21.9;27;27.1;25.3;-1.0;
02/03/2025 12:20:55;117;0;121.02;-4;19.28;2.50;403.9;11.50;74331;2835.693;-1800.035;1;127;450;454.8;22.2;21.8;27;26.6;25.3;-1.0;
02/03/2025 12:21:15;117;0;119.31;-4;19.38;2.50;400.7;11.50;74324;2835.691;-1800.031;1;127;450;454.8;22.2;21.8;27;26.6;25.3;-1.0;
02/03/2025 12:21:35;117;0;117.45;-4;19.51;2.33;397.3;11.50;74321;2835.688;-1800.027;1;127;450;456.5;22.2;21.9;27;26.6;25.3;-1.0;
02/03/2025 12:21:55;117;0;114.42;-4;19.14;2.44;394.0;11.60;74331;2835.686;-1800.023;1;127;450;456.5;22.2;21.8;29;28.9;25.3;-1.0;
02/03/2025 12:22:15;117;0;112.32;-4;19.45;4.03;390.7;11.60;74332;2835.684;-1800.019;1;127;450;454.8;22.2;21.9;31;31.1;25.3;-1.0;
02/03/2025 12:22:35;117;0;113.13;-4;19.44;4.79;387.3;11.60;74345;2835.682;-1800.014;1;127;450;454.8;22.2;21.8;31;31.6;25.3;-1.0;
02/03/2025 12:22:55;117;0;116.49;-4;19.61;4.76;384.0;11.60;74348;2835.680;-1800.010;1;127;450;454.8;22.2;21.8;28;28.0;25.3;-1.0;
02/03/2025 12:23:15;117;0;118.70;-4;19.65;2.82;380.7;11.60;74358;2835.678;-1800.006;1;127;450;453.2;22.2;21.9;28;28.0;25.3;-1.0;
02/03/2025 12:23:35;117;0;120.68;-4;19.65;2.85;377.5;11.70;74371;2835.675;-1800.002;1;127;450;454.8;22.2;21.8;28;28.0;25.3;-1.0;
02/03/2025 12:23:55;117;0;119.56;-4;19.35;2.87;374.2;11.70;74364;2835.673;-1759.999;1;127;450;454.8;22.2;21.8;28;28.0;25.3;-1.0;
02/03/2025 12:24:15;117;0;119.04;-4;19.36;2.83;371.0;11.70;74369;2835.671;-1759.995;1;127;450;453.2;22.2;21.8;28;28.0;25.3;-1.0;
02/03/2025 12:24:35;117;0;118.54;-4;19.39;2.87;367.7;11.70;74379;2835.668;-1759.990;1;127;450;454.8;22.2;21.8;28;28.0;25.3;-1.0;
02/03/2025 12:24:55;117;0;116.86;-4;19.30;2.93;364.5;11.70;74386;2835.666;-1759.986;1;127;450;454.8;22.2;21.9;28;28.0;25.3;-1.0;
02/03/2025 12:25:15;117;0;117.73;-4;19.29;2.85;361.3;11.80;74396;2835.664;-1759.983;1;127;450;454.8;22.2;21.8;28;28.0;25.3;-1.0;
02/03/2025 12:25:35;117;0;118.87;-4;19.42;2.84;358.1;11.80;74393;2835.661;-1759.979;1;127;450;456.5;22.2;21.8;28;28.0;25.3;-1.0;
02/03/2025 12:25:55;117;0;119.31;-4;19.25;2.82;354.9;11.80;74404;2835.659;-1759.975;1;127;450;454.8;22.2;21.8;28;28.0;25.3;-1.0;
02/03/2025 12:26:15;117;0;119.96;-4;19.29;2.85;351.7;11.80;74415;2835.657;-1759.971;1;127;450;454.8;22.2;21.9;28;27.5;25.3;-1.0;
02/03/2025 12:26:35;117;0;120.14;-4;19.27;2.84;348.7;11.80;74411;2835.654;-1759.967;1;127;450;454.8;22.2;21.8;28;28.0;25.3;-1.0;
02/03/2025 12:26:55;117;0;119.98;-4;19.26;2.81;345.4;11.90;74415;2835.652;-1759.963;1;127;450;454.8;22.2;21.9;28;28.0;25.3;-1.0;
02/03/2025 12:27:15;117;0;120.36;-4;19.34;2.83;342.4;11.90;74418;2835.649;-1759.960;1;127;450;456.5;22.2;21.8;28;28.0;25.3;-1.0;
02/03/2025 12:27:35;117;0;121.17;-4;19.20;2.86;339.0;11.90;74427;2835.647;-1759.956;1;127;450;456.5;22.2;21.8;28;28.0;25.3;-1.0;
02/03/2025 12:27:55;117;0;122.70;-4;19.20;2.86;335.9;11.90;74437;2835.644;-1759.952;1;127;450;456.5;22.2;21.9;28;28.0;25.3;-1.0;
02/03/2025 12:28:15;117;0;123.51;-4;19.16;2.82;333.0;11.90;74447;2835.642;-1759.949;1;127;450;456.5;22.2;21.8;28;28.0;25.3;-1.0;
02/03/2025 12:28:35;117;0;123.89;-4;19.31;2.77;329.7;12.00;74445;2835.639;-1759.945;1;127;450;454.8;22.2;21.8;28;28.0;25.3;-1.0;
02/03/2025 12:28:55;117;0;124.80;-4;19.24;2.91;326.6;12.00;74444;2835.637;-1759.941;1;127;450;454.8;22.2;21.8;28;27.5;25.3;-1.0;
02/03/2025 12:29:15;117;0;125.04;-4;18.98;2.85;323.4;12.00;74458;2835.634;-1759.938;1;127;450;456.5;21.9;21.8;28;28.0;25.3;-1.0;
02/03/2025 12:29:35;117;0;125.73;-4;19.18;2.86;320.5;12.00;74459;2835.631;-1759.934;1;127;450;454.8;21.9;21.8;28;28.0;25.3;-1.0;
02/03/2025 12:29:55;117;0;127.25;-4;19.43;3.04;317.4;12.10;74459;2835.629;-1759.931;1;127;450;456.5;21.9;21.9;28;28.0;25.3;-1.0;
02/03/2025 12:30:15;117;0;128.21;-4;19.88;2.70;314.5;12.10;74458;2835.626;-1759.928;1;127;450;456.5;21.9;21.9;28;27.5;25.3;-1.0;
02/03/2025 12:30:35;117;0;128.45;-4;18.93;2.89;311.4;12.10;74459;2835.623;-1759.925;1;127;450;456.5;21.5;21.4;26;26.2;25.3;-1.0;
02/03/2025 12:30:55;117;0;128.88;-4;20.23;2.01;308.1;12.10;74473;2835.620;-1759.921;1;127;450;456.5;21.5;20.9;26;26.2;25.3;-1.0;
02/03/2025 12:31:15;117;0;129.57;-4;21.11;2.30;304.9;12.10;74466;2835.617;-1759.918;1;127;450;456.5;21.5;20.9;26;26.2;25.3;-1.0;
02/03/2025 12:31:35;117;0;129.29;-4;21.26;1.85;301.6;12.20;74476;2835.614;-1759.915;1;127;450;454.8;21.5;20.9;26;26.2;25.3;-1.0;
02/03/2025 12:31:55;117;0;129.39;-4;21.09;2.13;298.1;12.20;74477;2835.611;-1759.911;1;127;450;453.2;21.5;20.9;26;26.2;25.3;-1.0;
02/03/2025 12:32:15;117;0;129.27;-4;21.16;2.05;294.6;12.20;74479;2835.608;-1759.908;1;127;450;456.5;21.5;20.9;26;26.2;25.3;-1.0;
02/03/2025 12:32:35;117;0;128.35;-4;21.12;1.99;291.4;12.20;74486;2835.606;-1759.905;1;127;450;456.5;21.5;20.9;26;26.2;25.3;-1.0;
02/03/2025 12:32:55;117;0;127.34;-4;21.17;2.06;287.9;12.20;74491;2835.603;-1759.901;1;127;450;456.5;21.5;20.9;26;26.2;25.3;-1.0;
02/03/2025 12:33:15;117;0;126.94;-4;21.24;2.14;284.6;12.30;74500;2835.600;-1759.898;1;127;450;456.5;21.5;20.9;26;26.2;25.3;-1.0;
02/03/2025 12:33:35;117;0;127.09;-4;21.20;2.05;280.9;12.30;74505;2835.597;-1759.894;1;127;450;456.5;21.5;20.9;26;26.2;25.3;-1.0;
02/03/2025 12:33:55;117;0;125.62;-4;20.91;2.02;277.4;12.30;74512;2835.594;-1759.890;1;127;450;456.5;21.5;20.9;26;26.2;25.3;-1.0;
02/03/2025 12:34:15;117;0;124.57;-4;20.93;2.07;274.0;12.30;74522;2835.591;-1759.886;1;127;450;454.8;21.5;21.1;26;26.2;25.3;-1.0;
02/03/2025 12:34:36;117;0;123.12;-4;20.96;2.06;270.5;12.40;74521;2835.589;-1759.883;1;127;450;456.5;21.5;20.9;28;28.0;25.3;-1.0;
02/03/2025 12:34:56;117;0;123.02;-4;21.30;3.23;266.9;12.40;74523;2835.586;-1759.879;1;127;450;454.8;21.5;20.9;28;28.4;25.3;-1.0;
02/03/2025 12:35:16;117;0;121.78;-4;21.17;3.33;263.4;12.40;74521;2835.583;-1759.875;1;127;450;456.5;21.5;20.9;28;28.4;25.3;-1.0;
02/03/2025 12:35:36;117;0;118.62;-4;20.92;3.32;259.8;12.40;74539;2835.581;-1759.871;1;127;450;456.5;21.5;20.9;28;28.4;25.3;-1.0;
02/03/2025 12:35:56;117;0;116.23;-4;20.78;3.12;256.3;12.40;74549;2835.579;-1759.867;1;127;450;454.8;21.5;20.8;28;28.4;25.3;-1.0;
02/03/2025 12:36:16;117;0;114.32;-4;21.13;3.35;252.9;12.50;74551;2835.577;-1759.863;1;127;450;456.5;21.5;20.9;28;28.4;25.3;-1.0;
02/03/2025 12:36:36;117;0;112.83;-4;21.19;3.31;249.6;12.50;74557;2835.575;-1759.859;1;127;450;456.5;21.5;20.9;28;28.4;25.3;-1.0;
02/03/2025 12:36:56;117;0;108.96;-4;21.09;3.44;246.0;12.50;74572;2835.573;-1759.854;1;127;450;456.5;21.5;20.9;34;34.3;25.3;-1.0;
02/03/2025 12:37:16;117;0;108.77;-4;21.25;6.09;242.3;12.60;74587;2835.571;-1759.850;1;127;450;456.5;21.5;20.9;34;34.3;25.3;-1.0;
02/03/2025 12:37:36;117;0;108.01;-4;21.37;6.32;238.6;12.60;74594;2835.570;-1759.845;1;127;450;456.5;21.5;20.9;34;34.3;25.3;-1.0;
02/03/2025 12:37:56;117;0;108.61;-4;21.47;6.36;234.8;12.60;74597;2835.568;-1759.840;1;127;450;454.8;21.5;21.1;34;34.3;25.3;-1.0;
02/03/2025 12:38:16;117;0;110.40;-4;21.66;6.36;231.0;12.60;74606;2835.566;-1759.836;1;127;450;454.8;21.5;20.9;32;32.0;25.3;-1.0;
02/03/2025 12:38:36;117;0;110.73;-4;21.54;4.92;227.1;12.70;74613;2835.564;-1759.831;1;127;450;454.8;21.5;20.9;32;31.6;25.3;-1.0;
02/03/2025 12:38:56;117;0;112.69;-4;21.39;4.86;223.2;12.70;74639;2835.562;-1759.826;1;127;450;456.5;21.5;20.9;30;29.8;25.3;-1.0;
02/03/2025 12:39:16;117;0;113.56;-4;21.32;3.80;219.2;12.70;74648;2835.560;-1759.822;1;127;450;454.8;21.5;20.8;30;29.3;25.3;-1.0;
02/03/2025 12:39:36;117;0;114.45;-4;21.23;3.79;215.3;12.80;74652;2835.557;-1759.817;1;127;450;456.5;21.5;20.9;30;29.8;25.3;-1.0;
02/03/2025 12:39:56;117;0;115.70;-4;21.19;3.81;211.4;12.80;74662;2835.555;-1759.812;1;127;450;454.8;21.5;20.9;30;29.3;25.3;-1.0;
02/03/2025 12:40:16;117;0;116.20;-4;21.17;3.77;207.4;12.80;74674;2835.553;-1759.807;1;127;450;456.5;21.5;20.9;30;29.3;25.3;-1.0;
02/03/2025 12:40:36;117;0;117.68;-4;21.07;3.74;203.6;12.90;74667;2835.550;-1759.803;1;127;450;456.5;21.5;21.6;28;27.5;25.3;-1.0;
02/03/2025 12:40:56;117;0;119.29;-4;20.22;2.71;199.9;12.90;74685;2835.548;-1759.799;1;127;450;456.5;21.5;21.6;28;27.5;25.3;-1.0;
02/03/2025 12:41:16;117;0;119.84;-4;19.96;2.69;196.3;12.90;74705;2835.545;-1759.794;1;127;450;456.5;21.5;21.8;28;27.5;25.3;-1.0;
02/03/2025 12:41:36;117;0;119.74;-4;19.85;2.72;192.7;13.00;74708;2835.542;-1759.790;1;127;450;453.2;21.5;21.8;28;27.5;25.3;-1.0;
02/03/2025 12:41:56;117;0;119.37;-4;19.76;2.66;189.3;13.00;74715;2835.540;-1759.786;1;127;450;456.5;21.5;21.8;28;27.5;25.3;-1.0;
02/03/2025 12:42:16;117;0;119.38;-4;19.76;2.69;186.0;13.00;74732;2835.538;-1759.782;1;127;450;456.5;21.5;21.8;28;27.5;25.3;-1.0;
02/03/2025 12:42:36;117;0;118.59;-4;19.82;2.73;182.7;13.10;74742;2835.535;-1759.778;1;127;450;456.5;21.5;21.8;28;27.5;25.3;-1.0;
02/03/2025 12:42:56;117;0;117.00;-4;19.73;2.63;179.4;13.10;74748;2835.533;-1759.774;1;127;450;456.5;21.5;21.8;28;27.5;25.3;-1.0;
02/03/2025 12:43:16;117;0;117.62;-4;19.82;2.60;176.0;13.10;74757;2835.531;-1759.770;1;127;450;456.5;21.5;21.8;28;27.5;25.3;-1.0;
02/03/2025 12:43:36;117;0;118.35;-4;19.85;2.68;172.9;13.20;74761;2835.528;-1759.767;1;127;450;456.5;21.5;21.8;28;27.5;25.3;-1.0;
02/03/2025 12:43:56;117;0;118.10;-4;19.79;2.70;169.7;13.20;74780;2835.526;-1759.763;1;127;450;456.5;21.5;21.9;28;27.5;25.3;-1.0;
02/03/2025 12:44:16;117;0;118.75;-4;19.94;2.59;166.4;13.30;74789;2835.524;-1759.759;1;127;450;456.5;21.5;21.8;28;27.5;25.3;-1.0;
02/03/2025 12:44:36;117;0;118.81;-4;19.88;2.70;163.3;13.30;74807;2835.522;-1759.755;1;127;450;456.5;21.5;21.8;28;27.5;25.3;-1.0;
02/03/2025 12:44:56;117;0;118.39;-4;19.93;2.64;160.0;13.30;74808;2835.519;-1759.752;1;127;450;454.8;21.5;21.8;28;27.5;25.3;-1.0;
02/03/2025 12:45:16;117;0;115.39;-4;19.56;2.79;156.9;13.40;74815;2835.517;-1759.748;1;127;450;453.2;21.5;21.8;28;27.5;25.3;-1.0;
02/03/2025 12:45:36;117;0;114.30;-4;19.74;2.67;153.9;13.40;74834;2835.516;-1759.744;1;127;450;456.5;21.5;21.8;28;27.5;25.3;-1.0;
02/03/2025 12:45:56;117;0;113.83;-4;19.71;2.68;150.5;13.40;74846;2835.514;-1759.740;1;127;450;454.8;21.5;21.6;30;29.8;25.3;-1.0;
02/03/2025 12:46:16;117;0;113.95;-4;19.79;4.08;147.7;13.50;74853;2835.512;-1759.736;1;127;450;456.5;21.5;21.8;30;30.2;25.3;-1.0;
02/03/2025 12:46:36;117;0;113.38;-4;19.80;4.18;144.7;13.50;74862;2835.510;-1759.733;1;127;450;456.5;21.5;21.6;30;30.2;25.3;-1.0;
02/03/2025 12:46:56;117;0;113.85;-4;19.90;4.24;141.6;13.60;74885;2835.508;-1759.729;1;127;450;456.5;21.5;21.8;30;30.2;25.3;-1.0;
02/03/2025 12:47:16;117;0;114.76;-4;19.63;4.16;138.7;13.60;74895;2835.506;-1759.725;1;127;450;454.8;21.5;21.8;30;30.2;25.3;-1.0;
02/03/2025 12:47:36;117;0;113.67;-4;19.88;4.31;135.7;13.60;74901;2835.504;-1759.722;1;127;450;456.5;21.5;21.8;30;30.2;25.3;-1.0;
02/03/2025 12:47:56;117;0;112.99;-4;19.91;4.18;132.8;13.70;74916;2835.503;-1759.718;1;127;450;458.1;21.5;21.8;30;30.2;25.3;-1.0;
02/03/2025 12:48:16;117;0;112.14;-4;19.56;4.29;129.8;13.70;74929;2835.501;-1759.714;1;127;450;456.5;21.5;21.8;30;30.2;25.3;-1.0;
02/03/2025 12:48:36;117;0;111.84;-4;19.68;4.25;126.7;13.80;74935;2835.499;-1759.711;1;127;450;456.5;21.5;21.8;30;30.2;25.3;-1.0;
02/03/2025 12:48:56;117;0;112.65;-4;19.86;4.18;123.9;13.80;74947;2835.497;-1759.707;1;127;450;456.5;21.5;21.8;30;30.2;25.3;-1.0;
02/03/2025 12:49:16;117;0;112.94;-4;19.86;4.23;120.9;13.90;74969;2835.496;-1759.703;1;127;450;454.8;21.5;21.8;30;30.2;25.3;-1.0;
02/03/2025 12:49:36;117;0;110.94;-4;19.82;4.28;117.8;13.90;74984;2835.494;-1759.699;1;127;450;458.1;21.5;21.8;32;32.0;25.3;-1.0;
02/03/2025 12:49:56;117;0;111.33;-4;19.82;5.48;114.5;13.90;74998;2835.492;-1759.695;1;127;450;456.5;21.5;21.8;32;32.5;25.3;-1.0;
02/03/2025 12:50:16;117;0;113.10;-4;19.80;5.30;111.4;14.00;75026;2835.490;-1759.692;1;127;450;456.5;21.5;21.8;30;29.8;25.3;-1.0;
02/03/2025 12:50:36;117;0;113.87;-4;19.50;3.81;108.3;14.00;75057;2835.488;-1759.688;1;127;450;453.2;21.5;21.8;30;29.8;25.3;-1.0;
02/03/2025 12:50:56;117;0;112.03;-4;19.56;3.80;105.2;14.10;75068;2835.487;-1759.684;1;127;450;456.5;21.5;21.8;30;29.3;25.3;-1.0;
02/03/2025 12:51:16;117;0;113.29;-4;19.59;3.71;101.9;14.20;75090;2835.485;-1759.680;1;127;450;454.8;21.5;21.6;30;29.3;25.3;-1.0;
02/03/2025 12:51:36;117;0;117.17;-4;19.50;3.71;98.6;14.20;75100;2835.482;-1759.675;1;127;450;456.5;21.5;21.8;30;29.3;25.3;-1.0;
02/03/2025 12:51:56;117;0;119.72;-4;19.42;3.76;95.2;14.30;75113;2835.480;-1759.671;1;127;450;456.5;21.5;21.8;30;29.3;25.3;-1.0;
02/03/2025 12:52:16;117;0;119.62;-4;19.50;3.79;92.1;14.30;75138;2835.477;-1759.668;1;127;450;456.5;21.5;21.8;30;29.3;25.3;-1.0;
02/03/2025 12:52:36;117;0;118.17;-4;19.38;3.84;88.8;14.40;75156;2835.475;-1759.664;1;127;450;458.1;21.5;21.8;30;29.3;25.3;-1.0;
02/03/2025 12:52:56;117;0;119.06;-4;19.07;3.76;85.6;14.40;75180;2835.473;-1759.660;1;127;450;458.1;21.5;21.8;30;29.3;25.3;-1.0;
02/03/2025 12:53:16;117;0;121.85;-4;19.13;3.38;82.4;14.50;75197;2835.470;-1759.656;1;127;450;456.5;21.5;21.8;30;29.3;25.3;-1.0;
02/03/2025 12:53:36;117;0;125.36;-4;19.13;3.83;79.1;14.50;75224;2835.467;-1759.652;1;127;450;456.5;21.5;21.8;30;29.3;25.3;-1.0;
02/03/2025 12:53:56;117;0;126.27;-4;19.47;3.83;75.9;14.60;75254;2835.465;-1759.649;1;127;450;456.5;21.5;21.8;28;27.5;25.3;-1.0;
02/03/2025 12:54:16;117;0;124.04;-4;19.24;2.67;72.7;14.70;75280;2835.462;-1759.645;1;127;450;458.1;21.5;21.8;28;27.1;25.3;-1.0;
02/03/2025 12:54:36;117;0;122.88;-4;19.09;2.66;69.6;14.70;75303;2835.459;-1759.641;1;127;450;456.5;21.5;21.8;28;27.1;25.3;-1.0;
02/03/2025 12:54:56;117;0;123.72;-4;19.16;2.62;66.4;14.80;75331;2835.457;-1759.638;1;127;450;456.5;21.5;21.8;28;27.1;25.3;-1.0;
02/03/2025 12:55:16;117;0;120.38;-4;18.97;2.60;63.1;14.90;75358;2835.454;-1759.634;1;127;450;456.5;21.2;21.2;28;27.1;25.3;-1.0;
02/03/2025 12:55:36;117;0;117.41;-4;20.19;2.62;60.0;15.00;75384;2835.452;-1759.630;1;127;450;456.5;21.2;20.6;28;27.1;25.3;-1.0;
02/03/2025 12:55:56;117;0;115.89;-4;20.70;2.66;56.5;15.00;75398;2835.450;-1759.626;1;127;450;456.5;21.2;20.6;28;27.1;25.3;-1.0;
02/03/2025 12:56:16;117;0;114.53;-4;20.85;2.66;53.1;15.10;75416;2835.448;-1759.622;1;127;450;456.5;21.2;21.4;30;30.2;25.3;-1.0;
02/03/2025 12:56:36;117;0;114.64;-4;20.44;4.37;49.7;15.20;75437;2835.446;-1759.618;1;127;450;458.1;21.2;21.4;30;30.2;25.3;-1.0;
02/03/2025 12:56:56;117;0;115.16;-4;20.24;4.24;46.4;15.20;75448;2835.444;-1759.614;1;127;450;456.5;21.2;21.4;30;30.2;25.3;-1.0;
02/03/2025 12:57:16;117;0;115.53;-4;20.25;4.32;42.9;15.30;75464;2835.441;-1759.609;1;127;450;456.5;21.2;21.4;30;30.2;25.3;-1.0;
02/03/2025 12:57:36;117;0;116.55;-4;20.22;4.30;39.7;15.40;75472;2835.439;-1759.606;1;127;450;456.5;21.2;21.4;30;30.2;25.3;-1.0;
02/03/2025 12:57:56;117;0;117.54;-4;20.30;4.36;36.3;15.40;75487;2835.437;-1759.601;1;127;450;458.1;21.2;21.4;30;30.2;25.3;-1.0;
02/03/2025 12:58:16;117;0;118.66;-4;20.23;4.35;33.0;15.50;75484;2835.435;-1759.597;1;127;450;456.5;21.2;21.4;30;30.2;25.3;-1.0;
02/03/2025 12:58:36;117;0;119.15;-4;20.32;4.29;29.5;15.60;75489;2835.432;-1759.593;1;127;450;456.5;21.2;21.5;30;30.7;25.3;-1.0;
02/03/2025 12:58:56;117;0;120.23;-4;20.02;4.34;26.3;15.60;75513;2835.430;-1759.590;1;127;450;456.5;21.2;21.5;30;30.2;25.3;-1.0;
02/03/2025 12:59:16;117;0;119.63;-4;20.15;4.28;22.9;15.70;75517;2835.427;-1759.586;1;127;450;456.5;21.2;21.4;30;30.2;25.3;-1.0;
02/03/2025 12:59:36;117;0;120.23;-4;19.95;4.45;19.7;15.80;75531;2835.425;-1759.582;1;127;450;456.5;21.2;21.4;30;30.2;25.3;-1.0;
02/03/2025 12:59:56;117;0;120.59;-4;20.19;4.23;16.4;15.80;75543;2835.423;-1759.578;1;127;450;458.1;21.2;21.4;30;30.2;25.3;-1.0;
02/03/2025 13:00:16;117;0;120.59;-4;20.25;4.10;13.3;15.90;75550;2835.420;-1759.575;1;127;450;456.5;21.2;21.4;30;30.2;25.3;-1.0;
02/03/2025 13:00:36;117;0;121.97;-4;20.14;4.52;10.0;16.00;75558;2835.418;-1759.571;1;127;450;458.1;21.2;21.5;30;30.2;25.3;-1.0;
02/03/2025 13:00:56;117;0;122.03;-4;20.32;3.98;6.8;16.00;75564;2835.415;-1759.567;1;127;450;458.1;21.2;21.5;30;30.2;25.3;-1.0;
02/03/2025 13:01:16;117;0;121.89;-4;20.46;4.03;3.6;16.10;75580;2835.413;-1759.563;1;127;450;456.5;21.2;21.4;30;30.2;25.3;-1.0;
02/03/2025 13:01:19;115;0;124.56;-4;19.37;4.57;3.1;16.10;75571;2835.412;-1759.563;1;127;500;461.3;100.0;60.7;0;-0.5;25.3;-1.0;
02/03/2025 13:01:29;115;0;108.63;-4;6.57;-11.26;1.9;16.10;75542;2835.412;-1759.561;1;127;500;504.8;100.0;100.0;0;-0.5;25.0;-1.0;
02/03/2025 13:01:39;115;0;108.32;-4;-67.24;-12.95;2.2;16.10;75465;2835.411;-1759.561;1;127;500;504.8;100.0;100.3;0;-0.5;25.3;-1.0;
02/03/2025 13:01:59;119;0;163.09;-4;-42.92;-25.35;0.1;16.20;75483;2835.411;-1759.561;1;127;500;506.5;100.0;100.4;0;-0.5;25.3;-1.0;
02/03/2025 13:02:09;119;0;158.62;-4;-61.07;2.00;0.1;16.30;75485;2836.487;-1759.867;0;127;500;506.5;100.0;100.4;0;-0.5;25.3;-1.0;
