PLD_REALTIMECLOCK;NAV_RESOURCE;NAV_LONGITUDE;NAV_LATITUDE;NAV_DEPTH;NAV_HEADING;SD_CARD_USAGE;SSD_USAGE;ACQUISITION_FREQ;RECORDING;LEGATO_CONDUCTIVITY;LEGATO_TEMPERATURE;LEGATO_PRESSURE;LEGATO_SALINITY;LEGATO_CONDTEMP;LEGATO_CODA_DO;LEGATO_CODA_TEMPERATURE;LEGATO_CODA_CORR_PHASE;LEGATO_SOUND_VELOCITY;FLBBCD_CHL_COUNT;FLBBCD_CHL_SCALED;FLBBCD_CDOM_COUNT;FLBBCD_CDOM_SCALED;FLBBCD_BB_700_COUNT;FLBBCD_BB_700_SCALED;User_Field1;User_Field2;User_Field3;User_Field4;User_Field5;User_Field6;User_Field7;User_Field8;User_Field9;User_Field10;BS_HEADING;BS_ZB;BS_ZT;BS_PU;BS_PD;BS_BU;BS_BD;BS_SR;BS_ALTIMETER.ENABLE;BS_ALTIMETER.VALUE;BS_CURRENT.CORRECTION.ENABLE
04/03/2025 22:27:20.074;119;-1802.171;2837.363;0.300;349.000;249092.29;249092.29;192000;0;49.9813;19.7966;1.3361;36.8757;19.5163;242.5594;19.8044;22.7845;1523.0230;73;0.2541;71;1.8180;125;0.000229650;0;9999;9999;9999;9999;9999;9999;9999;9999;9999;9999;9999;9999;9999;9999;9999;9999;9999;9999;9999;9999
04/03/2025 22:27:49.261;116;-1802.177;2837.361;0.300;351.000;249092.32;-1;192000;0;49.9790;19.7940;1.1616;36.8761;19.5300;241.7955;19.7990;22.8141;1523.0133;75;0.2783;71;1.8180;151;0.000309262;0;9999;9999;9999;9999;9999;9999;9999;9999;9999;9999;9999;9999;9999;9999;9999;9999;9999;9999;9999;9999
04/03/2025 22:28:19.264;116;-1802.182;2837.359;0.000;1.000;249092.35;-1;192000;0;49.9878;19.8029;1.1788;36.8755;19.5456;242.0442;19.8047;22.8034;1523.0376;73;0.2541;71;1.8180;124;0.000226588;0;9999;9999;9999;9999;9999;9999;9999;9999;9999;9999;9999;9999;9999;9999;9999;9999;9999;9999;9999;9999
04/03/2025 22:28:49.259;116;-1802.187;2837.358;0.300;13.000;249092.38;-1;192000;0;49.9868;19.8069;1.2295;36.8712;19.5592;243.0604;19.8104;22.7647;1523.0446;77;0.3025;71;1.8180;130;0.000244960;0;9999;9999;9999;9999;9999;9999;9999;9999;9999;9999;9999;9999;9999;9999;9999;9999;9999;9999;9999;9999
04/03/2025 22:29:19.247;116;-1802.196;2837.357;0.200;1.000;249092.43;-1;192000;0;49.9876;19.8063;1.2155;36.8724;19.5768;242.5101;19.8122;22.7842;1523.0441;75;0.2783;70;1.7271;124;0.000226588;0;9999;9999;9999;9999;9999;9999;9999;9999;9999;9999;9999;9999;9999;9999;9999;9999;9999;9999;9999;9999
04/03/2025 22:29:49.270;116;-1802.200;2837.357;0.100;2.000;249092.46;-1;192000;0;49.9908;19.8078;1.2966;36.8737;19.5905;241.3458;19.8083;22.8282;1523.0511;76;0.2904;70;1.7271;147;0.000297014;0;9999;9999;9999;9999;9999;9999;9999;9999;9999;9999;9999;9999;9999;9999;9999;9999;9999;9999;9999;9999
04/03/2025 22:30:19.244;116;-1802.205;2837.356;0.200;10.000;249092.49;-1;192000;0;49.9842;19.8012;1.2881;36.8741;19.6041;243.1005;19.8092;22.7634;1523.0331;77;0.3025;70;1.7271;127;0.000235774;0;9999;9999;9999;9999;9999;9999;9999;9999;9999;9999;9999;9999;9999;9999;9999;9999;9999;9999;9999;9999
04/03/2025 22:30:49.270;116;-1802.214;2837.355;0.200;9.000;249092.53;-1;192000;0;49.9821;19.8000;1.2848;36.8734;19.6178;243.2505;19.8058;22.7589;1523.0290;75;0.2783;71;1.8180;127;0.000235774;0;9999;9999;9999;9999;9999;9999;9999;9999;9999;9999;9999;9999;9999;9999;9999;9999;9999;9999;9999;9999
04/03/2025 22:31:19.271;116;-1802.218;2837.353;0.100;11.000;249092.57;-1;192000;0;49.9800;19.7956;1.3244;36.8755;19.6275;242.9087;19.7988;22.7734;1523.0198;73;0.2541;72;1.9089;127;0.000235774;0;9999;9999;9999;9999;9999;9999;9999;9999;9999;9999;9999;9999;9999;9999;9999;9999;9999;9999;9999;9999
04/03/2025 22:31:49.265;116;-1802.218;2837.353;0.100;11.000;249092.6;-1;192000;0;49.9830;19.7977;1.3203;36.8761;19.6353;242.7629;19.8050;22.7768;1523.0262;76;0.2904;71;1.8180;147;0.000297014;0;9999;9999;9999;9999;9999;9999;9999;9999;9999;9999;9999;9999;9999;9999;9999;9999;9999;9999;9999;9999
04/03/2025 22:32:19.256;116;-1802.218;2837.353;0.100;11.000;249092.62;-1;192000;0;49.9813;19.7956;1.2354;36.8765;19.6470;241.0327;19.7985;22.8424;1523.0194;74;0.2662;71;1.8180;126;0.000232712;0;9999;9999;9999;9999;9999;9999;9999;9999;9999;9999;9999;9999;9999;9999;9999;9999;9999;9999;9999;9999
04/03/2025 22:32:49.265;116;-1802.218;2837.353;0.100;11.000;249092.66;249092.66;192000;0;49.9758;19.7916;1.2962;36.8755;19.6548;242.1165;19.7928;22.8042;1523.0083;75;0.2783;70;1.7271;124;0.000226588;0;9999;9999;9999;9999;9999;9999;9999;9999;9999;9999;9999;9999;9999;9999;9999;9999;9999;9999;9999;9999
04/03/2025 22:33:19.270;116;-1802.249;2837.347;-0.000;3.000;249092.7;249092.7;192000;0;49.9778;19.7889;1.3313;36.8795;19.6626;242.0442;19.7938;22.8063;1523.0059;74;0.2662;71;1.8180;130;0.000244960;0;9999;9999;9999;9999;9999;9999;9999;9999;9999;9999;9999;9999;9999;9999;9999;9999;9999;9999;9999;9999
04/03/2025 22:33:49.266;116;-1802.249;2837.347;-0.000;3.000;249092.73;249092.73;192000;0;49.9726;19.7894;1.2549;36.8749;19.6724;241.5033;19.7938;22.8265;1523.0008;75;0.2783;72;1.9089;129;0.000241898;0;9999;9999;9999;9999;9999;9999;9999;9999;9999;9999;9999;9999;9999;9999;9999;9999;9999;9999;9999;9999
04/03/2025 22:34:19.264;116;-1802.249;2837.347;-0.000;3.000;249092.76;-1;192000;0;49.9758;19.7917;1.3568;36.8753;19.6782;242.3858;19.7940;22.7940;1523.0093;77;0.3025;72;1.9089;131;0.000248022;0;9999;9999;9999;9999;9999;9999;9999;9999;9999;9999;9999;9999;9999;9999;9999;9999;9999;9999;9999;9999
04/03/2025 22:34:49.270;116;-1802.274;2837.341;0.200;344.000;249092.8;-1;192000;0;49.9723;19.7894;1.3385;36.8746;19.6860;242.6401;19.7905;22.7857;1523.0019;72;0.2420;72;1.9089;128;0.000238836;0;9999;9999;9999;9999;9999;9999;9999;9999;9999;9999;9999;9999;9999;9999;9999;9999;9999;9999;9999;9999
04/03/2025 22:35:19.264;110;-1802.276;2837.340;-0.100;351.000;249092.83;-1;192000;0;49.9715;19.7883;1.3353;36.8748;19.6958;241.8105;19.7928;22.8155;1522.9990;73;0.2541;70;1.7271;131;0.000248022;0;9999;9999;9999;9999;9999;9999;9999;9999;9999;9999;9999;9999;9999;9999;9999;9999;9999;9999;9999;9999
04/03/2025 22:35:49.270;110;-1802.276;2837.340;0.700;14.000;249092.87;-1;192000;0;49.9850;19.7979;2.5046;36.8771;19.6977;242.8318;19.8147;22.7717;1523.0476;75;0.2783;71;1.8180;123;0.000223526;0;9999;9999;9999;9999;9999;9999;9999;9999;9999;9999;9999;9999;9999;9999;9999;9999;9999;9999;9999;9999
04/03/2025 22:36:19.251;110;-1802.277;2837.341;2.200;353.000;249092.91;-1;192000;0;49.9986;19.8036;5.9280;36.8821;19.7094;242.9736;19.8134;22.7677;1523.1261;72;0.2420;71;1.8180;125;0.000229650;0;9999;9999;9999;9999;9999;9999;9999;9999;9999;9999;9999;9999;9999;9999;9999;9999;9999;9999;9999;9999
04/03/2025 22:36:49.259;100;-1802.277;2837.347;8.100;15.000;249092.97;-1;192000;0;49.9998;19.8129;9.7831;36.8735;19.7192;241.4375;19.8149;22.8254;1523.2064;72;0.2420;70;1.7271;133;0.000254146;0;9999;9999;9999;9999;9999;9999;9999;9999;9999;9999;9999;9999;9999;9999;9999;9999;9999;9999;9999;9999
04/03/2025 22:37:19.270;100;-1802.276;2837.350;10.800;24.000;249093.0;-1;192000;0;50.0036;19.8142;13.6998;36.8740;19.7269;241.7365;19.8159;22.8151;1523.2758;71;0.2299;70;1.7271;127;0.000235774;0;9999;9999;9999;9999;9999;9999;9999;9999;9999;9999;9999;9999;9999;9999;9999;9999;9999;9999;9999;9999
04/03/2025 22:37:49.266;100;-1802.272;2837.355;16.200;45.000;249093.04;-1;192000;0;50.0035;19.8121;18.0939;36.8740;19.7348;243.8153;19.8141;22.7407;1523.3432;70;0.2178;70;1.7271;127;0.000235774;0;9999;9999;9999;9999;9999;9999;9999;9999;9999;9999;9999;9999;9999;9999;9999;9999;9999;9999;9999;9999
04/03/2025 22:38:19.264;100;-1802.269;2837.357;18.800;59.000;249093.07;-1;192000;0;50.0046;19.8121;22.1298;36.8735;19.7425;241.8121;19.8167;22.8145;1523.4099;73;0.2541;71;1.8180;129;0.000241898;0;9999;9999;9999;9999;9999;9999;9999;9999;9999;9999;9999;9999;9999;9999;9999;9999;9999;9999;9999;9999
04/03/2025 22:38:49.267;100;-1802.263;2837.359;24.400;77.000;249093.11;-1;192000;0;50.0115;19.8171;26.4265;36.8732;19.7484;242.3946;19.8187;22.7938;1523.4950;71;0.2299;71;1.8180;147;0.000297014;0;9999;9999;9999;9999;9999;9999;9999;9999;9999;9999;9999;9999;9999;9999;9999;9999;9999;9999;9999;9999
04/03/2025 22:39:19.252;100;-1802.259;2837.359;27.200;79.000;249093.14;-1;192000;0;50.0050;19.8085;31.0168;36.8736;19.7562;242.6615;19.8097;22.7879;1523.5481;72;0.2420;71;1.8180;139;0.000272518;0;9999;9999;9999;9999;9999;9999;9999;9999;9999;9999;9999;9999;9999;9999;9999;9999;9999;9999;9999;9999
04/03/2025 22:39:49.270;100;-1802.252;2837.360;33.000;85.000;249093.19;-1;192000;0;50.0133;19.8147;35.3175;36.8734;19.7639;243.1716;19.8178;22.7681;1523.6367;73;0.2541;71;1.8180;127;0.000235774;0;9999;9999;9999;9999;9999;9999;9999;9999;9999;9999;9999;9999;9999;9999;9999;9999;9999;9999;9999;9999
04/03/2025 22:40:19.257;100;-1802.249;2837.360;35.500;86.000;249093.22;-1;192000;0;50.0078;19.8110;39.0303;36.8707;19.7639;242.6461;19.8123;22.7901;1523.6853;75;0.2783;71;1.8180;128;0.000238836;0;9999;9999;9999;9999;9999;9999;9999;9999;9999;9999;9999;9999;9999;9999;9999;9999;9999;9999;9999;9999
04/03/2025 22:40:49.270;100;-1802.243;2837.361;40.300;83.000;249093.26;249093.26;192000;0;50.0145;19.8125;42.8581;36.8736;19.7756;243.9181;19.8150;22.7438;1523.7565;71;0.2299;70;1.7271;126;0.000232712;0;9999;9999;9999;9999;9999;9999;9999;9999;9999;9999;9999;9999;9999;9999;9999;9999;9999;9999;9999;9999
04/03/2025 22:41:19.267;100;-1802.240;2837.361;42.700;84.000;249093.29;-1;192000;0;50.0065;19.8057;46.4446;36.8715;19.7756;244.3280;19.8081;22.7320;1523.7951;73;0.2541;70;1.7271;126;0.000232712;0;9999;9999;9999;9999;9999;9999;9999;9999;9999;9999;9999;9999;9999;9999;9999;9999;9999;9999;9999;9999
04/03/2025 22:41:49.266;100;-1802.234;2837.361;47.300;90.000;249093.34;-1;192000;0;50.0091;19.8060;49.8606;36.8722;19.7815;243.4755;19.8061;22.7646;1523.8537;73;0.2541;71;1.8180;134;0.000257208;0;9999;9999;9999;9999;9999;9999;9999;9999;9999;9999;9999;9999;9999;9999;9999;9999;9999;9999;9999;9999
04/03/2025 22:42:19.267;100;-1802.232;2837.362;49.400;80.000;249093.37;-1;192000;0;50.0186;19.8111;53.7917;36.8740;19.7815;246.1072;19.8147;22.6675;1523.9353;71;0.2299;70;1.7271;127;0.000235774;0;9999;9999;9999;9999;9999;9999;9999;9999;9999;9999;9999;9999;9999;9999;9999;9999;9999;9999;9999;9999
04/03/2025 22:42:49.243;100;-1802.226;2837.363;54.400;79.000;249093.4;-1;192000;0;50.0119;19.8070;57.3521;36.8707;19.7854;244.6990;19.8095;22.7212;1523.9796;75;0.2783;70;1.7271;130;0.000244960;0;9999;9999;9999;9999;9999;9999;9999;9999;9999;9999;9999;9999;9999;9999;9999;9999;9999;9999;9999;9999
04/03/2025 22:43:19.267;100;-1802.222;2837.363;57.100;82.000;249093.44;-1;192000;0;50.0187;19.8078;61.4465;36.8742;19.7912;244.1043;19.8075;22.7444;1524.0539;73;0.2541;71;1.8180;135;0.000260270;0;9999;9999;9999;9999;9999;9999;9999;9999;9999;9999;9999;9999;9999;9999;9999;9999;9999;9999;9999;9999
04/03/2025 22:43:49.268;100;-1802.216;2837.364;62.400;86.000;249093.48;-1;192000;0;50.0109;19.8014;65.5678;36.8718;19.7931;245.4424;19.8041;22.6981;1524.1022;75;0.2783;71;1.8180;132;0.000251084;0;9999;9999;9999;9999;9999;9999;9999;9999;9999;9999;9999;9999;9999;9999;9999;9999;9999;9999;9999;9999
04/03/2025 22:44:19.258;100;-1802.212;2837.364;64.900;86.000;249093.51;-1;192000;0;50.0107;19.8056;68.9879;36.8666;19.7970;243.0341;19.7996;22.7884;1524.1650;76;0.2904;71;1.8180;131;0.000248022;0;9999;9999;9999;9999;9999;9999;9999;9999;9999;9999;9999;9999;9999;9999;9999;9999;9999;9999;9999;9999
04/03/2025 22:44:49.263;100;-1802.207;2837.364;69.400;93.000;249093.56;-1;192000;0;50.0366;19.8187;72.8207;36.8751;19.8009;243.7802;19.8212;22.7555;1524.2746;72;0.2420;70;1.7271;130;0.000244960;0;9999;9999;9999;9999;9999;9999;9999;9999;9999;9999;9999;9999;9999;9999;9999;9999;9999;9999;9999;9999
04/03/2025 22:45:19.250;100;-1802.203;2837.364;72.300;93.000;249093.59;-1;192000;0;50.0082;19.7939;77.0377;36.8718;19.8029;244.5206;19.7939;22.7378;1524.2725;75;0.2783;71;1.8180;125;0.000229650;0;9999;9999;9999;9999;9999;9999;9999;9999;9999;9999;9999;9999;9999;9999;9999;9999;9999;9999;9999;9999
04/03/2025 22:45:49.268;100;-1802.197;2837.363;77.200;94.000;249093.63;-1;192000;0;49.9849;19.7826;80.7108;36.8610;19.8029;243.5759;19.7731;22.7799;1524.2903;74;0.2662;71;1.8180;131;0.000248022;0;9999;9999;9999;9999;9999;9999;9999;9999;9999;9999;9999;9999;9999;9999;9999;9999;9999;9999;9999;9999
04/03/2025 22:46:19.269;100;-1802.194;2837.363;79.800;96.000;249093.67;-1;192000;0;49.9838;19.7674;84.7972;36.8721;19.7990;245.0384;19.7668;22.7290;1524.3288;77;0.3025;72;1.9089;132;0.000251084;0;9999;9999;9999;9999;9999;9999;9999;9999;9999;9999;9999;9999;9999;9999;9999;9999;9999;9999;9999;9999
04/03/2025 22:46:49.265;100;-1802.187;2837.362;84.800;94.000;249093.71;-1;192000;0;49.9510;19.7469;88.4690;36.8614;19.7931;244.6587;19.7403;22.7521;1524.3211;78;0.3146;72;1.9089;157;0.000327634;0;9999;9999;9999;9999;9999;9999;9999;9999;9999;9999;9999;9999;9999;9999;9999;9999;9999;9999;9999;9999
04/03/2025 22:47:19.258;100;-1802.185;2837.362;87.000;88.000;249093.74;-1;192000;0;49.7167;19.6013;92.1211;36.7935;19.7815;241.4556;19.5806;22.9206;1523.9013;84;0.3872;72;1.9089;133;0.000254146;0;9999;9999;9999;9999;9999;9999;9999;9999;9999;9999;9999;9999;9999;9999;9999;9999;9999;9999;9999;9999
04/03/2025 22:47:49.256;100;-1802.178;2837.363;91.900;84.000;249093.79;-1;192000;0;49.3773;19.3229;95.8091;36.7544;19.7308;235.3306;19.3052;23.2340;1523.1408;70;0.2178;71;1.8180;120;0.000214340;0;9999;9999;9999;9999;9999;9999;9999;9999;9999;9999;9999;9999;9999;9999;9999;9999;9999;9999;9999;9999
04/03/2025 22:48:19.270;100;-1802.175;2837.363;94.400;80.000;249093.82;249093.82;192000;0;48.8463;18.8934;99.6901;36.6869;19.6412;228.7061;18.9023;23.6148;1521.9175;60;0.0968;75;2.1816;107;0.000174534;0;9999;9999;9999;9999;9999;9999;9999;9999;9999;9999;9999;9999;9999;9999;9999;9999;9999;9999;9999;9999
04/03/2025 22:48:49.265;100;-1802.168;2837.365;99.800;77.000;249093.86;-1;192000;0;48.3195;18.4945;103.8756;36.5932;19.5046;225.3882;18.4962;23.8756;1520.7428;59;0.0847;75;2.1816;100;0.000153100;0;9999;9999;9999;9999;9999;9999;9999;9999;9999;9999;9999;9999;9999;9999;9999;9999;9999;9999;9999;9999
04/03/2025 22:49:19.267;100;-1802.165;2837.365;102.400;84.000;249093.89;-1;192000;0;48.2984;18.4679;108.1690;36.5973;19.3598;225.3053;18.4705;23.8877;1520.7425;59;0.0847;76;2.2725;103;0.000162286;0;9999;9999;9999;9999;9999;9999;9999;9999;9999;9999;9999;9999;9999;9999;9999;9999;9999;9999;9999;9999
04/03/2025 22:49:49.254;100;-1802.158;2837.365;107.700;91.000;249093.92;-1;192000;0;48.2215;18.4055;112.3957;36.5858;19.2462;225.0139;18.4047;23.9214;1520.6205;61;0.1089;75;2.1816;105;0.000168410;0;9999;9999;9999;9999;9999;9999;9999;9999;9999;9999;9999;9999;9999;9999;9999;9999;9999;9999;9999;9999
04/03/2025 22:50:19.268;100;-1802.155;2837.365;110.400;95.000;249093.97;-1;192000;0;48.0183;18.2242;116.4806;36.5724;19.1383;223.4363;18.2563;24.0320;1520.1505;58;0.0726;75;2.1816;99;0.000150038;0;9999;9999;9999;9999;9999;9999;9999;9999;9999;9999;9999;9999;9999;9999;9999;9999;9999;9999;9999;9999
04/03/2025 22:50:49.252;100;-1802.148;2837.364;115.400;100.000;249094.0;-1;192000;0;47.9855;18.2166;120.3602;36.5495;19.0263;222.5159;18.2181;24.0840;1520.1670;57;0.0605;74;2.0907;97;0.000143914;0;9999;9999;9999;9999;9999;9999;9999;9999;9999;9999;9999;9999;9999;9999;9999;9999;9999;9999;9999;9999
04/03/2025 22:51:19.267;100;-1802.145;2837.363;117.800;104.000;249094.03;-1;192000;0;47.8734;18.1283;124.1516;36.5310;18.9338;220.0350;18.1341;24.2140;1519.9535;57;0.0605;75;2.1816;93;0.000131666;0;9999;9999;9999;9999;9999;9999;9999;9999;9999;9999;9999;9999;9999;9999;9999;9999;9999;9999;9999;9999
04/03/2025 22:51:49.243;100;-1802.139;2837.361;122.500;109.000;249094.08;-1;192000;0;47.6684;17.9760;127.8705;36.4896;18.8392;218.3971;17.9644;24.3382;1519.5259;56;0.0484;76;2.2725;94;0.000134728;0;9999;9999;9999;9999;9999;9999;9999;9999;9999;9999;9999;9999;9999;9999;9999;9999;9999;9999;9999;9999
04/03/2025 22:52:19.261;100;-1802.137;2837.360;124.800;110.000;249094.12;-1;192000;0;47.5070;17.8372;131.6963;36.4733;18.7227;217.5611;17.8354;24.4151;1519.1662;54;0.0242;77;2.3634;94;0.000134728;0;9999;9999;9999;9999;9999;9999;9999;9999;9999;9999;9999;9999;9999;9999;9999;9999;9999;9999;9999;9999
04/03/2025 22:52:49.266;100;-1802.130;2837.359;129.700;98.000;249094.16;-1;192000;0;47.4194;17.7635;135.4050;36.4623;18.6180;218.2723;17.7594;24.4105;1518.9998;54;0.0242;76;2.2725;95;0.000137790;0;9999;9999;9999;9999;9999;9999;9999;9999;9999;9999;9999;9999;9999;9999;9999;9999;9999;9999;9999;9999
04/03/2025 22:53:19.240;100;-1802.127;2837.359;132.100;95.000;249094.19;-1;192000;0;47.3479;17.7053;139.0282;36.4513;18.5150;216.5068;17.7022;24.5044;1518.8770;53;0.0121;75;2.1816;93;0.000131666;0;9999;9999;9999;9999;9999;9999;9999;9999;9999;9999;9999;9999;9999;9999;9999;9999;9999;9999;9999;9999
04/03/2025 22:53:49.267;100;-1802.122;2837.358;136.400;92.000;249094.24;-1;192000;0;47.2873;17.6533;142.5373;36.4442;18.4297;217.6492;17.6517;24.4733;1518.7747;51;-0.0121;76;2.2725;91;0.000125542;0;9999;9999;9999;9999;9999;9999;9999;9999;9999;9999;9999;9999;9999;9999;9999;9999;9999;9999;9999;9999
04/03/2025 22:54:19.267;100;-1802.119;2837.358;138.800;91.000;249094.27;-1;192000;0;46.7425;17.2005;146.0336;36.3763;18.3285;215.6748;17.2066;24.7013;1517.4177;54;0.0242;78;2.4543;94;0.000134728;0;9999;9999;9999;9999;9999;9999;9999;9999;9999;9999;9999;9999;9999;9999;9999;9999;9999;9999;9999;9999
04/03/2025 22:54:49.269;100;-1802.113;2837.357;143.000;103.000;249094.32;-1;192000;0;46.6297;17.1088;149.4450;36.3590;18.1774;214.1226;17.1127;24.7996;1517.1817;51;-0.0121;77;2.3634;90;0.000122480;0;9999;9999;9999;9999;9999;9999;9999;9999;9999;9999;9999;9999;9999;9999;9999;9999;9999;9999;9999;9999
04/03/2025 22:55:19.265;100;-1802.110;2837.356;145.500;106.000;249094.35;249094.35;192000;0;46.5665;17.0580;153.0993;36.3482;18.0578;215.0632;17.0581;24.7782;1517.0786;51;-0.0121;76;2.2725;87;0.000113294;0;9999;9999;9999;9999;9999;9999;9999;9999;9999;9999;9999;9999;9999;9999;9999;9999;9999;9999;9999;9999
04/03/2025 22:55:49.247;100;-1802.105;2837.354;150.000;114.000;249094.39;249094.39;192000;0;46.5650;17.0564;156.7447;36.3469;17.9640;215.0101;17.0559;24.7823;1517.1328;52;0.0000;77;2.3634;86;0.000110232;0;9999;9999;9999;9999;9999;9999;9999;9999;9999;9999;9999;9999;9999;9999;9999;9999;9999;9999;9999;9999
04/03/2025 22:56:19.270;100;-1802.102;2837.353;152.500;109.000;249094.43;249094.43;192000;0;46.5179;16.9989;160.5503;36.3559;17.8721;215.3981;17.0029;24.7830;1517.0347;50;-0.0242;78;2.4543;91;0.000125542;0;9999;9999;9999;9999;9999;9999;9999;9999;9999;9999;9999;9999;9999;9999;9999;9999;9999;9999;9999;9999
04/03/2025 22:56:49.266;100;-1802.097;2837.350;157.000;116.000;249094.46;-1;192000;0;46.3983;16.9009;164.1389;36.3382;17.7880;214.6670;16.9057;24.8473;1516.7808;51;-0.0121;78;2.4543;89;0.000119418;0;9999;9999;9999;9999;9999;9999;9999;9999;9999;9999;9999;9999;9999;9999;9999;9999;9999;9999;9999;9999
04/03/2025 22:57:19.266;100;-1802.094;2837.349;159.400;118.000;249094.5;-1;192000;0;46.3151;16.8450;167.8172;36.3140;17.6998;213.9273;16.8449;24.9011;1516.6464;50;-0.0242;78;2.4543;87;0.000113294;0;9999;9999;9999;9999;9999;9999;9999;9999;9999;9999;9999;9999;9999;9999;9999;9999;9999;9999;9999;9999
04/03/2025 22:57:49.262;100;-1802.088;2837.346;164.200;114.000;249094.53;-1;192000;0;46.2770;16.8108;171.6231;36.3099;17.6135;214.1735;16.8118;24.9024;1516.6022;50;-0.0242;77;2.3634;88;0.000116356;0;9999;9999;9999;9999;9999;9999;9999;9999;9999;9999;9999;9999;9999;9999;9999;9999;9999;9999;9999;9999
04/03/2025 22:58:19.247;100;-1802.085;2837.345;166.800;108.000;249094.57;-1;192000;0;46.0543;16.6248;175.6101;36.2804;17.5311;214.6850;16.6257;24.9426;1516.0745;50;-0.0242;77;2.3634;84;0.000104108;0;9999;9999;9999;9999;9999;9999;9999;9999;9999;9999;9999;9999;9999;9999;9999;9999;9999;9999;9999;9999
04/03/2025 22:58:49.247;100;-1802.079;2837.344;171.800;99.000;249094.62;-1;192000;0;45.9739;16.5554;179.4558;36.2706;17.4326;213.5594;16.5548;25.0157;1515.9174;50;-0.0242;78;2.4543;86;0.000110232;0;9999;9999;9999;9999;9999;9999;9999;9999;9999;9999;9999;9999;9999;9999;9999;9999;9999;9999;9999;9999
04/03/2025 22:59:19.264;100;-1802.076;2837.344;174.200;96.000;249094.64;-1;192000;0;45.8988;16.4937;183.3670;36.2586;17.3399;215.2923;16.4929;24.9626;1515.7818;50;-0.0242;78;2.4543;91;0.000125542;0;9999;9999;9999;9999;9999;9999;9999;9999;9999;9999;9999;9999;9999;9999;9999;9999;9999;9999;9999;9999
04/03/2025 22:59:49.270;100;-1802.069;2837.343;179.500;94.000;249094.68;-1;192000;0;45.8271;16.4386;187.3464;36.2434;17.2592;216.2857;16.4312;24.9420;1515.6633;50;-0.0242;77;2.3634;86;0.000110232;0;9999;9999;9999;9999;9999;9999;9999;9999;9999;9999;9999;9999;9999;9999;9999;9999;9999;9999;9999;9999
04/03/2025 23:00:19.266;100;-1802.066;2837.343;181.800;90.000;249094.72;-1;192000;0;45.7962;16.4042;191.3235;36.2456;17.1845;215.5285;16.4036;24.9842;1515.6274;50;-0.0242;79;2.5452;85;0.000107170;0;9999;9999;9999;9999;9999;9999;9999;9999;9999;9999;9999;9999;9999;9999;9999;9999;9999;9999;9999;9999
04/03/2025 23:00:49.270;100;-1802.059;2837.343;187.200;87.000;249094.76;-1;192000;0;45.7191;16.3445;195.4288;36.2298;17.1096;215.1244;16.3369;25.0253;1515.4959;50;-0.0242;76;2.2725;87;0.000113294;0;9999;9999;9999;9999;9999;9999;9999;9999;9999;9999;9999;9999;9999;9999;9999;9999;9999;9999;9999;9999
04/03/2025 23:01:19.269;100;-1802.056;2837.344;189.700;84.000;249094.79;-1;192000;0;45.5448;16.1932;199.4487;36.2106;17.0307;216.4387;16.1940;25.0171;1515.0793;48;-0.0484;79;2.5452;86;0.000110232;0;9999;9999;9999;9999;9999;9999;9999;9999;9999;9999;9999;9999;9999;9999;9999;9999;9999;9999;9999;9999
04/03/2025 23:01:49.263;100;-1802.049;2837.344;194.900;89.000;249094.82;-1;192000;0;45.5151;16.1694;203.5297;36.2041;16.9455;215.9460;16.1674;25.0485;1515.0668;52;0.0000;80;2.6361;89;0.000119418;0;9999;9999;9999;9999;9999;9999;9999;9999;9999;9999;9999;9999;9999;9999;9999;9999;9999;9999;9999;9999
04/03/2025 23:02:19.264;100;-1802.045;2837.344;197.700;91.000;249094.86;-1;192000;0;45.4781;16.1387;207.6870;36.1974;16.8725;216.1188;16.1349;25.0532;1515.0342;51;-0.0121;79;2.5452;88;0.000116356;0;9999;9999;9999;9999;9999;9999;9999;9999;9999;9999;9999;9999;9999;9999;9999;9999;9999;9999;9999;9999
04/03/2025 23:02:49.260;100;-1802.038;2837.344;203.100;90.000;249094.9;249094.9;192000;0;45.4483;16.1093;211.8911;36.1959;16.8115;215.8538;16.1095;25.0741;1515.0123;50;-0.0242;79;2.5452;85;0.000107170;0;9999;9999;9999;9999;9999;9999;9999;9999;9999;9999;9999;9999;9999;9999;9999;9999;9999;9999;9999;9999
04/03/2025 23:03:19.247;100;-1802.034;2837.344;205.800;91.000;249094.94;249094.94;192000;0;45.4139;16.0791;216.0978;36.1910;16.7485;216.8312;16.0775;25.0441;1514.9839;50;-0.0242;78;2.4543;83;0.000101046;0;9999;9999;9999;9999;9999;9999;9999;9999;9999;9999;9999;9999;9999;9999;9999;9999;9999;9999;9999;9999
04/03/2025 23:03:49.257;100;-1802.027;2837.344;211.200;88.000;249094.98;249094.98;192000;0;45.3253;16.0061;220.2524;36.1767;16.6915;216.8537;16.0037;25.0691;1514.8125;49;-0.0363;79;2.5452;84;0.000104108;0;9999;9999;9999;9999;9999;9999;9999;9999;9999;9999;9999;9999;9999;9999;9999;9999;9999;9999;9999;9999
04/03/2025 23:04:19.270;100;-1802.023;2837.344;213.900;89.000;249095.02;-1;192000;0;45.2499;15.9442;224.3812;36.1639;16.6242;215.9735;15.9413;25.1290;1514.6760;50;-0.0242;78;2.4543;83;0.000101046;0;9999;9999;9999;9999;9999;9999;9999;9999;9999;9999;9999;9999;9999;9999;9999;9999;9999;9999;9999;9999
04/03/2025 23:04:49.270;100;-1802.016;2837.344;219.200;91.000;249095.05;-1;192000;0;45.1722;15.8759;228.4212;36.1549;16.5630;216.9310;15.8722;25.1121;1514.5225;50;-0.0242;79;2.5452;86;0.000110232;0;9999;9999;9999;9999;9999;9999;9999;9999;9999;9999;9999;9999;9999;9999;9999;9999;9999;9999;9999;9999
04/03/2025 23:05:19.259;100;-1802.013;2837.344;221.600;91.000;249095.09;-1;192000;0;45.1265;15.8342;232.2655;36.1504;16.5018;216.4332;15.8349;25.1469;1514.4525;50;-0.0242;79;2.5452;86;0.000110232;0;9999;9999;9999;9999;9999;9999;9999;9999;9999;9999;9999;9999;9999;9999;9999;9999;9999;9999;9999;9999
04/03/2025 23:05:49.266;100;-1802.006;2837.344;226.500;88.000;249095.13;-1;192000;0;45.0946;15.8086;235.9721;36.1436;16.4384;216.3065;15.8073;25.1628;1514.4271;50;-0.0242;78;2.4543;83;0.000101046;0;9999;9999;9999;9999;9999;9999;9999;9999;9999;9999;9999;9999;9999;9999;9999;9999;9999;9999;9999;9999
04/03/2025 23:06:19.268;100;-1802.003;2837.344;228.800;89.000;249095.16;-1;192000;0;45.0606;15.7830;239.7292;36.1350;16.3913;216.3232;15.7797;25.1728;1514.4005;51;-0.0121;78;2.4543;83;0.000101046;0;9999;9999;9999;9999;9999;9999;9999;9999;9999;9999;9999;9999;9999;9999;9999;9999;9999;9999;9999;9999
04/03/2025 23:06:49.255;100;-1801.997;2837.344;233.700;90.000;249095.2;-1;192000;0;45.0125;15.7414;243.4388;36.1282;16.3361;216.4943;15.7416;25.1792;1514.3256;51;-0.0121;79;2.5452;85;0.000107170;0;9999;9999;9999;9999;9999;9999;9999;9999;9999;9999;9999;9999;9999;9999;9999;9999;9999;9999;9999;9999
04/03/2025 23:07:19.262;100;-1801.994;2837.344;236.100;90.000;249095.23;-1;192000;0;44.9022;15.6448;247.0040;36.1157;16.2787;216.0142;15.6445;25.2334;1514.0712;51;-0.0121;79;2.5452;85;0.000107170;0;9999;9999;9999;9999;9999;9999;9999;9999;9999;9999;9999;9999;9999;9999;9999;9999;9999;9999;9999;9999
04/03/2025 23:07:49.266;100;-1801.988;2837.344;240.600;94.000;249095.28;-1;192000;0;44.8594;15.6083;250.5741;36.1090;16.2233;216.6466;15.6073;25.2198;1514.0095;50;-0.0242;79;2.5452;85;0.000107170;0;9999;9999;9999;9999;9999;9999;9999;9999;9999;9999;9999;9999;9999;9999;9999;9999;9999;9999;9999;9999
04/03/2025 23:08:19.266;100;-1801.985;2837.344;243.100;93.000;249095.31;-1;192000;0;44.7904;15.5498;254.1060;36.0989;16.1699;217.2686;15.5479;25.2143;1513.8747;50;-0.0242;78;2.4543;84;0.000104108;0;9999;9999;9999;9999;9999;9999;9999;9999;9999;9999;9999;9999;9999;9999;9999;9999;9999;9999;9999;9999
04/03/2025 23:08:49.260;100;-1801.980;2837.343;247.400;90.000;249095.35;-1;192000;0;44.7290;15.4950;257.5375;36.0923;16.1083;216.2213;15.4933;25.2785;1513.7535;50;-0.0242;79;2.5452;82;0.000097984;0;9999;9999;9999;9999;9999;9999;9999;9999;9999;9999;9999;9999;9999;9999;9999;9999;9999;9999;9999;9999
04/03/2025 23:09:19.268;100;-1801.977;2837.343;249.400;89.000;249095.38;-1;192000;0;44.6729;15.4475;260.9054;36.0836;16.0548;216.5902;15.4451;25.2799;1513.6514;52;0.0000;78;2.4543;83;0.000101046;0;9999;9999;9999;9999;9999;9999;9999;9999;9999;9999;9999;9999;9999;9999;9999;9999;9999;9999;9999;9999
04/03/2025 23:09:49.242;100;-1801.972;2837.343;254.000;90.000;249095.42;-1;192000;0;44.6159;15.3972;264.3304;36.0767;15.9972;215.7673;15.3938;25.3337;1513.5433;50;-0.0242;79;2.5452;84;0.000104108;0;9999;9999;9999;9999;9999;9999;9999;9999;9999;9999;9999;9999;9999;9999;9999;9999;9999;9999;9999;9999
04/03/2025 23:10:19.255;100;-1801.969;2837.343;256.300;92.000;249095.46;-1;192000;0;44.5099;15.3055;267.7002;36.0633;15.9374;214.7489;15.3039;25.4091;1513.2972;51;-0.0121;78;2.4543;86;0.000110232;0;9999;9999;9999;9999;9999;9999;9999;9999;9999;9999;9999;9999;9999;9999;9999;9999;9999;9999;9999;9999
04/03/2025 23:10:49.249;100;-1801.964;2837.343;260.500;97.000;249095.5;-1;192000;0;44.4168;15.2293;270.9687;36.0474;15.8735;215.3377;15.2220;25.4126;1513.0943;51;-0.0121;80;2.6361;104;0.000165348;0;9999;9999;9999;9999;9999;9999;9999;9999;9999;9999;9999;9999;9999;9999;9999;9999;9999;9999;9999;9999
04/03/2025 23:11:19.260;100;-1801.961;2837.342;262.600;100.000;249095.52;249095.52;192000;0;44.3594;15.1741;274.2409;36.0445;15.8074;215.6605;15.1756;25.4149;1512.9721;50;-0.0242;80;2.6361;83;0.000101046;0;9999;9999;9999;9999;9999;9999;9999;9999;9999;9999;9999;9999;9999;9999;9999;9999;9999;9999;9999;9999
04/03/2025 23:11:49.268;100;-1801.956;2837.341;266.800;103.000;249095.56;249095.56;192000;0;44.2966;15.1234;277.5409;36.0326;15.7475;215.6166;15.1221;25.4362;1512.8537;50;-0.0242;79;2.5452;82;0.000097984;0;9999;9999;9999;9999;9999;9999;9999;9999;9999;9999;9999;9999;9999;9999;9999;9999;9999;9999;9999;9999
04/03/2025 23:12:19.250;100;-1801.953;2837.340;268.900;103.000;249095.6;-1;192000;0;44.2512;15.0840;280.7964;36.0261;15.6895;215.6548;15.0832;25.4487;1512.7762;51;-0.0121;80;2.6361;82;0.000097984;0;9999;9999;9999;9999;9999;9999;9999;9999;9999;9999;9999;9999;9999;9999;9999;9999;9999;9999;9999;9999
04/03/2025 23:12:49.270;100;-1801.948;2837.339;273.100;104.000;249095.66;-1;192000;0;44.1997;15.0407;284.1048;36.0177;15.6336;215.5357;15.0376;25.4705;1512.6849;49;-0.0363;80;2.6361;82;0.000097984;0;9999;9999;9999;9999;9999;9999;9999;9999;9999;9999;9999;9999;9999;9999;9999;9999;9999;9999;9999;9999
04/03/2025 23:13:19.259;100;-1801.946;2837.338;275.300;104.000;249095.68;-1;192000;0;44.1561;15.0001;287.3529;36.0139;15.5797;215.4580;15.0018;25.4868;1512.6064;50;-0.0242;79;2.5452;85;0.000107170;0;9999;9999;9999;9999;9999;9999;9999;9999;9999;9999;9999;9999;9999;9999;9999;9999;9999;9999;9999;9999
04/03/2025 23:13:49.270;100;-1801.941;2837.337;279.200;107.000;249095.73;-1;192000;0;44.0671;14.9206;290.4398;36.0044;15.5299;214.7456;14.9213;25.5460;1512.3956;51;-0.0121;79;2.5452;82;0.000097984;0;9999;9999;9999;9999;9999;9999;9999;9999;9999;9999;9999;9999;9999;9999;9999;9999;9999;9999;9999;9999
04/03/2025 23:14:19.255;100;-1801.938;2837.336;281.600;107.000;249095.76;-1;192000;0;44.0222;14.8844;293.9522;35.9952;15.4676;214.9564;14.8847;25.5506;1512.3286;50;-0.0242;80;2.6361;86;0.000110232;0;9999;9999;9999;9999;9999;9999;9999;9999;9999;9999;9999;9999;9999;9999;9999;9999;9999;9999;9999;9999
04/03/2025 23:14:49.264;100;-1801.932;2837.334;286.300;105.000;249095.79;-1;192000;0;43.9011;14.7948;297.6411;35.9652;15.4157;213.3567;14.7738;25.6606;1512.0710;50;-0.0242;79;2.5452;81;0.000094922;0;9999;9999;9999;9999;9999;9999;9999;9999;9999;9999;9999;9999;9999;9999;9999;9999;9999;9999;9999;9999
04/03/2025 23:15:19.270;100;-1801.929;2837.333;288.700;107.000;249095.84;-1;192000;0;43.8218;14.7121;301.5525;35.9672;15.3449;213.4159;14.7118;25.6794;1511.8757;50;-0.0242;80;2.6361;82;0.000097984;0;9999;9999;9999;9999;9999;9999;9999;9999;9999;9999;9999;9999;9999;9999;9999;9999;9999;9999;9999;9999
04/03/2025 23:15:49.253;100;-1801.923;2837.331;293.900;102.000;249095.88;-1;192000;0;43.5426;14.4744;305.6133;35.9279;15.2699;213.5865;14.4730;25.7554;1511.1394;50;-0.0242;78;2.4543;80;0.000091860;0;9999;9999;9999;9999;9999;9999;9999;9999;9999;9999;9999;9999;9999;9999;9999;9999;9999;9999;9999;9999
04/03/2025 23:16:19.246;100;-1801.919;2837.331;296.700;98.000;249095.92;-1;192000;0;43.4799;14.4177;309.6036;35.9208;15.1802;212.8315;14.4177;25.8088;1511.0158;49;-0.0363;80;2.6361;81;0.000094922;0;9999;9999;9999;9999;9999;9999;9999;9999;9999;9999;9999;9999;9999;9999;9999;9999;9999;9999;9999;9999
04/03/2025 23:16:49.267;100;-1801.913;2837.330;301.600;92.000;249095.94;-1;192000;0;43.4624;14.4001;313.4632;35.9193;15.1029;212.9434;14.4007;25.8108;1511.0216;51;-0.0121;80;2.6361;80;0.000091860;0;9999;9999;9999;9999;9999;9999;9999;9999;9999;9999;9999;9999;9999;9999;9999;9999;9999;9999;9999;9999
04/03/2025 23:17:19.259;100;-1801.910;2837.330;304.000;90.000;249095.99;-1;192000;0;43.4376;14.3777;317.2794;35.9154;15.0339;212.5908;14.3756;25.8363;1511.0084;50;-0.0242;79;2.5452;86;0.000110232;0;9999;9999;9999;9999;9999;9999;9999;9999;9999;9999;9999;9999;9999;9999;9999;9999;9999;9999;9999;9999
04/03/2025 23:17:49.258;100;-1801.904;2837.331;309.000;85.000;249096.02;-1;192000;0;43.4199;14.3606;321.1195;35.9134;14.9711;212.7506;14.3609;25.8354;1511.0149;52;0.0000;80;2.6361;84;0.000104108;0;9999;9999;9999;9999;9999;9999;9999;9999;9999;9999;9999;9999;9999;9999;9999;9999;9999;9999;9999;9999
04/03/2025 23:18:19.264;100;-1801.900;2837.331;311.700;84.000;249096.05;-1;192000;0;43.3801;14.3279;324.9917;35.9052;14.9208;213.4509;14.3264;25.8177;1510.9645;50;-0.0242;80;2.6361;82;0.000097984;0;9999;9999;9999;9999;9999;9999;9999;9999;9999;9999;9999;9999;9999;9999;9999;9999;9999;9999;9999;9999
04/03/2025 23:18:49.270;100;-1801.894;2837.332;316.700;83.000;249096.1;-1;192000;0;43.3567;14.3021;328.7483;35.9058;14.8662;213.4715;14.3020;25.8261;1510.9446;50;-0.0242;79;2.5452;79;0.000088798;0;9999;9999;9999;9999;9999;9999;9999;9999;9999;9999;9999;9999;9999;9999;9999;9999;9999;9999;9999;9999
04/03/2025 23:19:19.267;100;-1801.891;2837.332;318.800;83.000;249096.12;249096.12;192000;0;43.3209;14.2734;332.2810;35.8979;14.8179;213.4527;14.2724;25.8385;1510.9016;50;-0.0242;80;2.6361;84;0.000104108;0;9999;9999;9999;9999;9999;9999;9999;9999;9999;9999;9999;9999;9999;9999;9999;9999;9999;9999;9999;9999
04/03/2025 23:19:49.254;100;-1801.885;2837.333;323.500;86.000;249096.17;-1;192000;0;43.3160;14.2656;335.9255;35.8989;14.7696;212.2804;14.2652;25.8937;1510.9381;50;-0.0242;81;2.7270;80;0.000091860;0;9999;9999;9999;9999;9999;9999;9999;9999;9999;9999;9999;9999;9999;9999;9999;9999;9999;9999;9999;9999
04/03/2025 23:20:19.249;100;-1801.882;2837.333;325.800;84.000;249096.2;-1;192000;0;43.2218;14.1903;339.5478;35.8799;14.7276;212.5137;14.1803;25.9144;1510.7334;51;-0.0121;80;2.6361;82;0.000097984;0;9999;9999;9999;9999;9999;9999;9999;9999;9999;9999;9999;9999;9999;9999;9999;9999;9999;9999;9999;9999
04/03/2025 23:20:49.266;100;-1801.876;2837.333;330.600;87.000;249096.24;-1;192000;0;43.0275;14.0290;343.3157;35.8473;14.6686;212.2409;14.0217;25.9831;1510.2368;51;-0.0121;79;2.5452;83;0.000101046;0;9999;9999;9999;9999;9999;9999;9999;9999;9999;9999;9999;9999;9999;9999;9999;9999;9999;9999;9999;9999
04/03/2025 23:21:19.270;100;-1801.873;2837.334;333.100;86.000;249096.27;-1;192000;0;43.0081;13.9960;347.0785;35.8582;14.5970;211.9962;13.9960;26.0031;1510.2051;51;-0.0121;80;2.6361;80;0.000091860;0;9999;9999;9999;9999;9999;9999;9999;9999;9999;9999;9999;9999;9999;9999;9999;9999;9999;9999;9999;9999
04/03/2025 23:21:49.264;100;-1801.866;2837.334;338.200;84.000;249096.32;-1;192000;0;42.9559;13.9508;350.8783;35.8500;14.5400;212.3931;13.9508;26.0024;1510.1120;50;-0.0242;80;2.6361;80;0.000091860;0;9999;9999;9999;9999;9999;9999;9999;9999;9999;9999;9999;9999;9999;9999;9999;9999;9999;9999;9999;9999
04/03/2025 23:22:19.266;100;-1801.863;2837.335;340.500;82.000;249096.36;-1;192000;0;42.9079;13.9070;354.7308;35.8443;14.4893;212.3026;13.9038;26.0239;1510.0270;50;-0.0242;80;2.6361;81;0.000094922;0;9999;9999;9999;9999;9999;9999;9999;9999;9999;9999;9999;9999;9999;9999;9999;9999;9999;9999;9999;9999
04/03/2025 23:22:49.257;100;-1801.857;2837.336;345.400;80.000;249096.4;-1;192000;0;42.8575;13.8681;358.6687;35.8317;14.4322;212.3385;13.8627;26.0382;1509.9510;50;-0.0242;81;2.7270;80;0.000091860;0;9999;9999;9999;9999;9999;9999;9999;9999;9999;9999;9999;9999;9999;9999;9999;9999;9999;9999;9999;9999
04/03/2025 23:23:19.267;100;-1801.853;2837.336;348.200;80.000;249096.44;-1;192000;0;42.7970;13.8104;362.7211;35.8271;14.3772;211.3193;13.8089;26.1034;1509.8251;49;-0.0363;82;2.8179;81;0.000094922;0;9999;9999;9999;9999;9999;9999;9999;9999;9999;9999;9999;9999;9999;9999;9999;9999;9999;9999;9999;9999
04/03/2025 23:23:49.266;100;-1801.846;2837.337;353.300;81.000;249096.47;-1;192000;0;42.6823;13.7145;366.7805;35.8073;14.3243;211.9353;13.7046;26.1140;1509.5566;50;-0.0242;81;2.7270;82;0.000097984;0;9999;9999;9999;9999;9999;9999;9999;9999;9999;9999;9999;9999;9999;9999;9999;9999;9999;9999;9999;9999
04/03/2025 23:24:19.266;100;-1801.842;2837.338;356.200;83.000;249096.52;-1;192000;0;42.5362;13.5858;370.8836;35.7882;14.2565;210.6823;13.5707;26.2182;1509.1814;50;-0.0242;80;2.6361;82;0.000097984;0;9999;9999;9999;9999;9999;9999;9999;9999;9999;9999;9999;9999;9999;9999;9999;9999;9999;9999;9999;9999
04/03/2025 23:24:49.258;100;-1801.836;2837.338;361.300;91.000;249096.55;-1;192000;0;42.2888;13.3605;374.9965;35.7637;14.1758;209.9298;13.3614;26.3264;1508.4811;49;-0.0363;81;2.7270;83;0.000101046;0;9999;9999;9999;9999;9999;9999;9999;9999;9999;9999;9999;9999;9999;9999;9999;9999;9999;9999;9999;9999
04/03/2025 23:25:19.265;100;-1801.832;2837.338;364.000;93.000;249096.58;-1;192000;0;42.1719;13.2538;379.0649;35.7512;14.0780;209.8211;13.2557;26.3695;1508.1819;51;-0.0121;80;2.6361;78;0.000085736;0;9999;9999;9999;9999;9999;9999;9999;9999;9999;9999;9999;9999;9999;9999;9999;9999;9999;9999;9999;9999
04/03/2025 23:25:49.250;100;-1801.825;2837.337;369.500;100.000;249096.63;-1;192000;0;42.0594;13.1589;383.1317;35.7317;13.9907;209.4415;13.1502;26.4257;1507.9124;51;-0.0121;82;2.8179;80;0.000091860;0;9999;9999;9999;9999;9999;9999;9999;9999;9999;9999;9999;9999;9999;9999;9999;9999;9999;9999;9999;9999
04/03/2025 23:26:19.271;100;-1801.821;2837.336;372.000;102.000;249096.66;249096.66;192000;0;41.9510;13.0547;387.3023;35.7246;13.8968;208.3845;13.0532;26.5088;1507.6277;51;-0.0121;80;2.6361;79;0.000088798;0;9999;9999;9999;9999;9999;9999;9999;9999;9999;9999;9999;9999;9999;9999;9999;9999;9999;9999;9999;9999
04/03/2025 23:26:49.264;100;-1801.814;2837.334;377.500;105.000;249096.7;-1;192000;0;41.9226;13.0259;391.3572;35.7230;13.8049;208.8274;13.0260;26.4993;1507.5973;50;-0.0242;81;2.7270;82;0.000097984;0;9999;9999;9999;9999;9999;9999;9999;9999;9999;9999;9999;9999;9999;9999;9999;9999;9999;9999;9999;9999
04/03/2025 23:27:19.257;100;-1801.811;2837.333;379.900;104.000;249096.73;-1;192000;0;41.9113;13.0164;395.2840;35.7194;13.7344;208.2020;13.0144;26.5333;1507.6264;52;0.0000;80;2.6361;78;0.000085736;0;9999;9999;9999;9999;9999;9999;9999;9999;9999;9999;9999;9999;9999;9999;9999;9999;9999;9999;9999;9999
04/03/2025 23:27:49.271;100;-1801.805;2837.332;384.900;104.000;249096.77;-1;192000;0;41.9000;13.0032;399.1669;35.7195;13.6658;207.8902;13.0037;26.5524;1507.6469;50;-0.0242;83;2.9088;79;0.000088798;0;9999;9999;9999;9999;9999;9999;9999;9999;9999;9999;9999;9999;9999;9999;9999;9999;9999;9999;9999;9999
04/03/2025 23:28:19.270;100;-1801.801;2837.331;387.400;104.000;249096.81;-1;192000;0;41.8894;12.9916;403.0340;35.7186;13.6057;208.6086;12.9917;26.5250;1507.6713;51;-0.0121;81;2.7270;80;0.000091860;0;9999;9999;9999;9999;9999;9999;9999;9999;9999;9999;9999;9999;9999;9999;9999;9999;9999;9999;9999;9999
04/03/2025 23:28:49.266;100;-1801.795;2837.329;392.500;102.000;249096.84;-1;192000;0;41.8839;12.9877;406.9128;35.7154;13.5585;208.4532;12.9856;26.5356;1507.7187;50;-0.0242;82;2.8179;79;0.000088798;0;9999;9999;9999;9999;9999;9999;9999;9999;9999;9999;9999;9999;9999;9999;9999;9999;9999;9999;9999;9999
04/03/2025 23:29:19.267;100;-1801.792;2837.329;395.100;101.000;249096.88;-1;192000;0;41.8683;12.9701;410.7480;35.7153;13.5112;207.8493;12.9694;26.5699;1507.7235;50;-0.0242;82;2.8179;81;0.000094922;0;9999;9999;9999;9999;9999;9999;9999;9999;9999;9999;9999;9999;9999;9999;9999;9999;9999;9999;9999;9999
04/03/2025 23:29:49.271;100;-1801.785;2837.327;400.000;101.000;249096.92;-1;192000;0;41.8291;12.9320;414.5554;35.7122;13.4639;207.2726;12.9318;26.6107;1507.6561;48;-0.0484;80;2.6361;79;0.000088798;0;9999;9999;9999;9999;9999;9999;9999;9999;9999;9999;9999;9999;9999;9999;9999;9999;9999;9999;9999;9999
04/03/2025 23:30:19.262;100;-1801.782;2837.327;402.200;101.000;249096.95;-1;192000;0;41.8201;12.9243;418.3120;35.7092;13.4231;207.1930;12.9238;26.6185;1507.6890;53;0.0121;81;2.7270;80;0.000091860;0;9999;9999;9999;9999;9999;9999;9999;9999;9999;9999;9999;9999;9999;9999;9999;9999;9999;9999;9999;9999
04/03/2025 23:30:49.258;100;-1801.775;2837.326;407.300;101.000;249096.99;-1;192000;0;41.8122;12.9163;421.9999;35.7077;13.3821;207.0421;12.9160;26.6293;1507.7216;52;0.0000;82;2.8179;80;0.000091860;0;9999;9999;9999;9999;9999;9999;9999;9999;9999;9999;9999;9999;9999;9999;9999;9999;9999;9999;9999;9999
04/03/2025 23:31:19.270;100;-1801.772;2837.325;409.700;100.000;249097.04;-1;192000;0;41.8070;12.9096;425.6702;35.7075;13.3541;207.3726;12.9088;26.6178;1507.7598;50;-0.0242;81;2.7270;87;0.000113294;0;9999;9999;9999;9999;9999;9999;9999;9999;9999;9999;9999;9999;9999;9999;9999;9999;9999;9999;9999;9999
04/03/2025 23:31:49.256;100;-1801.766;2837.324;414.300;104.000;249097.08;-1;192000;0;41.7495;12.8596;429.3511;35.6979;13.3131;206.2514;12.8558;26.6896;1507.6426;50;-0.0242;80;2.6361;80;0.000091860;0;9999;9999;9999;9999;9999;9999;9999;9999;9999;9999;9999;9999;9999;9999;9999;9999;9999;9999;9999;9999
04/03/2025 23:32:19.266;100;-1801.763;2837.323;416.900;106.000;249097.11;-1;192000;0;41.6649;12.7780;433.0016;35.6923;13.2721;206.5682;12.7792;26.7030;1507.4239;49;-0.0363;81;2.7270;80;0.000091860;0;9999;9999;9999;9999;9999;9999;9999;9999;9999;9999;9999;9999;9999;9999;9999;9999;9999;9999;9999;9999
04/03/2025 23:32:49.265;100;-1801.757;2837.321;421.700;105.000;249097.15;249097.15;192000;0;41.6365;12.7515;436.7039;35.6885;13.2311;205.6783;12.7513;26.7552;1507.3920;50;-0.0242;81;2.7270;83;0.000101046;0;9999;9999;9999;9999;9999;9999;9999;9999;9999;9999;9999;9999;9999;9999;9999;9999;9999;9999;9999;9999
04/03/2025 23:33:19.264;100;-1801.754;2837.320;424.000;102.000;249097.18;249097.18;192000;0;41.6136;12.7294;440.3893;35.6859;13.1879;205.5867;12.7286;26.7687;1507.3760;51;-0.0121;80;2.6361;83;0.000101046;0;9999;9999;9999;9999;9999;9999;9999;9999;9999;9999;9999;9999;9999;9999;9999;9999;9999;9999;9999;9999
04/03/2025 23:33:49.264;100;-1801.748;2837.319;428.900;99.000;249097.22;-1;192000;0;41.5939;12.7081;444.0474;35.6854;13.1489;205.7242;12.7075;26.7708;1507.3646;50;-0.0242;81;2.7270;81;0.000094922;0;9999;9999;9999;9999;9999;9999;9999;9999;9999;9999;9999;9999;9999;9999;9999;9999;9999;9999;9999;9999
04/03/2025 23:34:19.271;100;-1801.745;2837.319;431.100;100.000;249097.26;-1;192000;0;41.5757;12.6934;447.7554;35.6803;13.1165;205.6189;12.6886;26.7838;1507.3706;50;-0.0242;82;2.8179;80;0.000091860;0;9999;9999;9999;9999;9999;9999;9999;9999;9999;9999;9999;9999;9999;9999;9999;9999;9999;9999;9999;9999
04/03/2025 23:34:49.262;100;-1801.738;2837.318;435.900;96.000;249097.3;-1;192000;0;41.5055;12.6269;451.5241;35.6740;13.0796;204.7051;12.6269;26.8493;1507.2025;50;-0.0242;82;2.8179;79;0.000088798;0;9999;9999;9999;9999;9999;9999;9999;9999;9999;9999;9999;9999;9999;9999;9999;9999;9999;9999;9999;9999
04/03/2025 23:35:19.271;100;-1801.735;2837.317;438.400;97.000;249097.33;-1;192000;0;41.4016;12.5311;455.2563;35.6629;13.0341;204.3932;12.5309;26.8993;1506.9291;50;-0.0242;82;2.8179;79;0.000088798;0;9999;9999;9999;9999;9999;9999;9999;9999;9999;9999;9999;9999;9999;9999;9999;9999;9999;9999;9999;9999
04/03/2025 23:35:49.271;100;-1801.728;2837.316;443.300;96.000;249097.37;-1;192000;0;41.3698;12.4997;458.9949;35.6604;12.9864;203.7765;12.5001;26.9403;1506.8823;50;-0.0242;82;2.8179;82;0.000097984;0;9999;9999;9999;9999;9999;9999;9999;9999;9999;9999;9999;9999;9999;9999;9999;9999;9999;9999;9999;9999
04/03/2025 23:36:19.268;100;-1801.725;2837.316;445.800;95.000;249097.4;-1;192000;0;41.3245;12.4576;462.8492;35.6548;12.9430;202.2230;12.4570;27.0303;1506.7976;50;-0.0242;81;2.7270;78;0.000085736;0;9999;9999;9999;9999;9999;9999;9999;9999;9999;9999;9999;9999;9999;9999;9999;9999;9999;9999;9999;9999
04/03/2025 23:36:49.257;100;-1801.721;2837.316;448.400;94.000;249097.43;-1;192000;0;41.2488;12.3848;466.7742;35.6489;12.8908;202.6676;12.3833;27.0367;1506.6099;50;-0.0242;82;2.8179;80;0.000091860;0;9999;9999;9999;9999;9999;9999;9999;9999;9999;9999;9999;9999;9999;9999;9999;9999;9999;9999;9999;9999
04/03/2025 23:37:19.268;100;-1801.715;2837.315;453.400;92.000;249097.47;-1;192000;0;41.2223;12.3530;470.7025;35.6517;12.8408;202.1544;12.3538;27.0724;1506.5708;50;-0.0242;82;2.8179;78;0.000085736;0;9999;9999;9999;9999;9999;9999;9999;9999;9999;9999;9999;9999;9999;9999;9999;9999;9999;9999;9999;9999
04/03/2025 23:37:49.247;100;-1801.708;2837.316;458.600;84.000;249097.51;-1;192000;0;41.1108;12.2570;474.5914;35.6331;12.7929;201.5583;12.2555;27.1376;1506.2880;51;-0.0121;82;2.8179;80;0.000091860;0;9999;9999;9999;9999;9999;9999;9999;9999;9999;9999;9999;9999;9999;9999;9999;9999;9999;9999;9999;9999
04/03/2025 23:38:19.266;100;-1801.705;2837.316;461.000;84.000;249097.54;-1;192000;0;41.0586;12.2097;478.4338;35.6257;12.7406;200.3207;12.2052;27.2163;1506.1824;51;-0.0121;82;2.8179;79;0.000088798;0;9999;9999;9999;9999;9999;9999;9999;9999;9999;9999;9999;9999;9999;9999;9999;9999;9999;9999;9999;9999
04/03/2025 23:38:49.265;100;-1801.698;2837.317;466.100;87.000;249097.59;-1;192000;0;40.9845;12.1356;482.2695;35.6224;12.6882;199.4070;12.1315;27.2877;1505.9903;51;-0.0121;80;2.6361;78;0.000085736;0;9999;9999;9999;9999;9999;9999;9999;9999;9999;9999;9999;9999;9999;9999;9999;9999;9999;9999;9999;9999
04/03/2025 23:39:19.270;100;-1801.695;2837.317;468.500;87.000;249097.62;-1;192000;0;40.8820;12.0393;486.1089;35.6126;12.6315;199.0864;12.0335;27.3397;1505.7144;52;0.0000;82;2.8179;81;0.000094922;0;9999;9999;9999;9999;9999;9999;9999;9999;9999;9999;9999;9999;9999;9999;9999;9999;9999;9999;9999;9999
04/03/2025 23:39:49.263;100;-1801.689;2837.317;473.400;89.000;249097.66;-1;192000;0;40.8044;11.9700;489.8795;35.6011;12.5659;198.1595;11.9663;27.4103;1505.5266;51;-0.0121;81;2.7270;80;0.000091860;0;9999;9999;9999;9999;9999;9999;9999;9999;9999;9999;9999;9999;9999;9999;9999;9999;9999;9999;9999;9999
04/03/2025 23:40:19.262;100;-1801.686;2837.317;476.000;92.000;249097.7;249097.7;192000;0;40.7432;11.9062;493.7930;35.6005;12.5024;196.0935;11.9051;27.5345;1505.3727;50;-0.0242;82;2.8179;79;0.000088798;0;9999;9999;9999;9999;9999;9999;9999;9999;9999;9999;9999;9999;9999;9999;9999;9999;9999;9999;9999;9999
04/03/2025 23:40:49.239;100;-1801.679;2837.316;481.200;97.000;249097.74;249097.74;192000;0;40.7104;11.8698;497.9383;35.6013;12.4389;196.8012;11.8713;27.5129;1505.3177;50;-0.0242;82;2.8179;78;0.000085736;0;9999;9999;9999;9999;9999;9999;9999;9999;9999;9999;9999;9999;9999;9999;9999;9999;9999;9999;9999;9999
04/03/2025 23:41:19.243;100;-1801.676;2837.316;483.900;98.000;249097.77;-1;192000;0;40.7074;11.8672;502.1104;35.5989;12.3840;196.8667;11.8596;27.5154;1505.3749;50;-0.0242;83;2.9088;82;0.000097984;0;9999;9999;9999;9999;9999;9999;9999;9999;9999;9999;9999;9999;9999;9999;9999;9999;9999;9999;9999;9999
04/03/2025 23:41:49.264;100;-1801.669;2837.315;489.600;98.000;249097.81;-1;192000;0;40.6629;11.8261;506.4496;35.5927;12.3335;197.7967;11.8258;27.4835;1505.2985;51;-0.0121;81;2.7270;78;0.000085736;0;9999;9999;9999;9999;9999;9999;9999;9999;9999;9999;9999;9999;9999;9999;9999;9999;9999;9999;9999;9999
04/03/2025 23:42:19.257;100;-1801.665;2837.314;492.300;97.000;249097.85;-1;192000;0;40.6662;11.8259;510.5955;35.5944;12.2895;197.8602;11.8265;27.4812;1505.3685;50;-0.0242;83;2.9088;79;0.000088798;0;9999;9999;9999;9999;9999;9999;9999;9999;9999;9999;9999;9999;9999;9999;9999;9999;9999;9999;9999;9999
04/03/2025 23:42:49.270;100;-1801.658;2837.313;497.700;96.000;249097.88;-1;192000;0;40.6595;11.8190;514.6812;35.5926;12.2500;198.1394;11.8196;27.4714;1505.4102;50;-0.0242;82;2.8179;81;0.000094922;0;9999;9999;9999;9999;9999;9999;9999;9999;9999;9999;9999;9999;9999;9999;9999;9999;9999;9999;9999;9999
04/03/2025 23:43:19.253;118;-1801.655;2837.313;499.900;88.000;249097.93;-1;192000;0;40.6600;11.8210;515.7569;35.5908;12.2169;197.7656;11.8221;27.4892;1505.4327;50;-0.0242;82;2.8179;80;0.000091860;0;9999;9999;9999;9999;9999;9999;9999;9999;9999;9999;9999;9999;9999;9999;9999;9999;9999;9999;9999;9999
04/03/2025 23:43:49.257;118;-1801.652;2837.313;496.800;83.000;249097.98;-1;192000;0;40.6674;11.8252;512.1751;35.5956;12.1883;197.0706;11.8255;27.5206;1505.3936;50;-0.0242;81;2.7270;80;0.000091860;0;9999;9999;9999;9999;9999;9999;9999;9999;9999;9999;9999;9999;9999;9999;9999;9999;9999;9999;9999;9999
04/03/2025 23:44:19.266;117;-1801.645;2837.314;492.100;77.000;249098.01;-1;192000;0;40.6699;11.8280;507.6550;35.5973;12.1662;197.8075;11.8288;27.4819;1505.3305;50;-0.0242;83;2.9088;81;0.000094922;0;9999;9999;9999;9999;9999;9999;9999;9999;9999;9999;9999;9999;9999;9999;9999;9999;9999;9999;9999;9999
04/03/2025 23:44:49.262;117;-1801.641;2837.316;489.000;71.000;249098.05;-1;192000;0;40.6657;11.8276;503.2003;35.5954;12.1420;196.6787;11.8289;27.5359;1505.2532;50;-0.0242;82;2.8179;77;0.000082674;0;9999;9999;9999;9999;9999;9999;9999;9999;9999;9999;9999;9999;9999;9999;9999;9999;9999;9999;9999;9999
04/03/2025 23:45:19.255;117;-1801.633;2837.317;482.400;84.000;249098.09;-1;192000;0;40.7084;11.8721;497.7649;35.5971;12.1221;196.6166;11.8736;27.5213;1505.3177;51;-0.0121;82;2.8179;80;0.000091860;0;9999;9999;9999;9999;9999;9999;9999;9999;9999;9999;9999;9999;9999;9999;9999;9999;9999;9999;9999;9999
04/03/2025 23:45:49.265;117;-1801.629;2837.318;478.900;83.000;249098.12;-1;192000;0;40.7694;11.9288;492.5105;35.6050;12.1133;196.0551;11.9284;27.5274;1505.4341;51;-0.0121;82;2.8179;77;0.000082674;0;9999;9999;9999;9999;9999;9999;9999;9999;9999;9999;9999;9999;9999;9999;9999;9999;9999;9999;9999;9999
04/03/2025 23:46:19.265;117;-1801.620;2837.319;472.200;81.000;249098.16;-1;192000;0;40.8893;12.0421;487.4619;35.6164;12.1200;198.6492;12.0415;27.3581;1505.7508;50;-0.0242;82;2.8179;80;0.000091860;0;9999;9999;9999;9999;9999;9999;9999;9999;9999;9999;9999;9999;9999;9999;9999;9999;9999;9999;9999;9999
04/03/2025 23:46:49.263;117;-1801.616;2837.319;469.000;85.000;249098.19;249098.19;192000;0;41.0105;12.1589;482.3740;35.6255;12.1420;199.5049;12.1581;27.2733;1506.0749;51;-0.0121;82;2.8179;81;0.000094922;0;9999;9999;9999;9999;9999;9999;9999;9999;9999;9999;9999;9999;9999;9999;9999;9999;9999;9999;9999;9999
04/03/2025 23:47:19.265;117;-1801.607;2837.320;462.400;89.000;249098.24;-1;192000;0;41.0981;12.2398;477.3293;35.6359;12.1751;199.9975;12.2406;27.2182;1506.2784;50;-0.0242;83;2.9088;78;0.000085736;0;9999;9999;9999;9999;9999;9999;9999;9999;9999;9999;9999;9999;9999;9999;9999;9999;9999;9999;9999;9999
04/03/2025 23:47:49.261;117;-1801.602;2837.320;459.000;91.000;249098.26;-1;192000;0;41.2180;12.3543;472.3062;35.6456;12.2125;202.2995;12.3528;27.0667;1506.5944;51;-0.0121;81;2.7270;81;0.000094922;0;9999;9999;9999;9999;9999;9999;9999;9999;9999;9999;9999;9999;9999;9999;9999;9999;9999;9999;9999;9999
04/03/2025 23:48:19.250;117;-1801.594;2837.319;452.600;95.000;249098.31;-1;192000;0;41.2442;12.3771;467.3987;35.6515;12.2543;201.1709;12.3805;27.1087;1506.5973;51;-0.0121;82;2.8179;81;0.000094922;0;9999;9999;9999;9999;9999;9999;9999;9999;9999;9999;9999;9999;9999;9999;9999;9999;9999;9999;9999;9999
04/03/2025 23:48:49.258;117;-1801.589;2837.319;449.500;97.000;249098.36;-1;192000;0;41.2820;12.4172;462.4483;35.6522;12.2873;202.1013;12.4184;27.0496;1506.6516;50;-0.0242;82;2.8179;80;0.000091860;0;9999;9999;9999;9999;9999;9999;9999;9999;9999;9999;9999;9999;9999;9999;9999;9999;9999;9999;9999;9999
04/03/2025 23:49:19.266;117;-1801.581;2837.318;443.100;98.000;249098.4;-1;192000;0;41.4235;12.5476;457.5216;35.6674;12.3313;203.1968;12.5477;26.9500;1507.0275;51;-0.0121;82;2.8179;81;0.000094922;0;9999;9999;9999;9999;9999;9999;9999;9999;9999;9999;9999;9999;9999;9999;9999;9999;9999;9999;9999;9999
04/03/2025 23:49:49.261;117;-1801.577;2837.317;439.900;99.000;249098.43;-1;192000;0;41.4718;12.5926;452.5553;35.6735;12.3752;203.8806;12.5943;26.8996;1507.1038;50;-0.0242;83;2.9088;81;0.000094922;0;9999;9999;9999;9999;9999;9999;9999;9999;9999;9999;9999;9999;9999;9999;9999;9999;9999;9999;9999;9999
04/03/2025 23:50:19.265;117;-1801.568;2837.316;433.300;100.000;249098.47;-1;192000;0;41.4757;12.6010;447.4205;35.6715;12.4213;203.2181;12.6021;26.9266;1507.0447;51;-0.0121;82;2.8179;80;0.000091860;0;9999;9999;9999;9999;9999;9999;9999;9999;9999;9999;9999;9999;9999;9999;9999;9999;9999;9999;9999;9999
04/03/2025 23:50:49.271;117;-1801.564;2837.315;429.900;100.000;249098.5;-1;192000;0;41.5281;12.6496;442.2497;35.6782;12.4520;204.5173;12.6546;26.8452;1507.1302;50;-0.0242;82;2.8179;82;0.000097984;0;9999;9999;9999;9999;9999;9999;9999;9999;9999;9999;9999;9999;9999;9999;9999;9999;9999;9999;9999;9999
04/03/2025 23:51:19.267;117;-1801.555;2837.314;423.200;100.000;249098.53;-1;192000;0;41.5347;12.6600;437.0478;35.6769;12.4849;204.1531;12.6613;26.8585;1507.0775;50;-0.0242;82;2.8179;80;0.000091860;0;9999;9999;9999;9999;9999;9999;9999;9999;9999;9999;9999;9999;9999;9999;9999;9999;9999;9999;9999;9999
04/03/2025 23:51:49.259;117;-1801.550;2837.313;419.900;101.000;249098.58;-1;192000;0;41.5567;12.6799;431.8222;35.6815;12.5199;205.4480;12.6810;26.7894;1507.0632;50;-0.0242;82;2.8179;82;0.000097984;0;9999;9999;9999;9999;9999;9999;9999;9999;9999;9999;9999;9999;9999;9999;9999;9999;9999;9999;9999;9999
04/03/2025 23:52:19.265;117;-1801.541;2837.311;413.000;100.000;249098.61;-1;192000;0;41.6275;12.7408;426.5425;35.6942;12.5528;204.1998;12.7424;26.8238;1507.1949;51;-0.0121;82;2.8179;81;0.000094922;0;9999;9999;9999;9999;9999;9999;9999;9999;9999;9999;9999;9999;9999;9999;9999;9999;9999;9999;9999;9999
04/03/2025 23:52:49.259;117;-1801.536;2837.311;409.500;100.000;249098.64;-1;192000;0;41.6297;12.7516;421.2890;35.6885;12.5856;205.2429;12.7528;26.7703;1507.1373;50;-0.0242;82;2.8179;79;0.000088798;0;9999;9999;9999;9999;9999;9999;9999;9999;9999;9999;9999;9999;9999;9999;9999;9999;9999;9999;9999;9999
04/03/2025 23:53:19.270;117;-1801.526;2837.309;402.600;98.000;249098.69;-1;192000;0;41.6832;12.8013;416.0203;35.6951;12.6140;206.0073;12.8028;26.7154;1507.2241;52;0.0000;82;2.8179;82;0.000097984;0;9999;9999;9999;9999;9999;9999;9999;9999;9999;9999;9999;9999;9999;9999;9999;9999;9999;9999;9999;9999
04/03/2025 23:53:49.249;117;-1801.521;2837.309;399.200;97.000;249098.72;-1;192000;0;41.7472;12.8570;410.7025;35.7062;12.6467;206.5936;12.8618;26.6655;1507.3353;50;-0.0242;81;2.7270;82;0.000097984;0;9999;9999;9999;9999;9999;9999;9999;9999;9999;9999;9999;9999;9999;9999;9999;9999;9999;9999;9999;9999
04/03/2025 23:54:19.271;117;-1801.512;2837.308;392.200;93.000;249098.76;-1;192000;0;41.7846;12.8964;405.3435;35.7071;12.6839;206.7916;12.8981;26.6421;1507.3790;49;-0.0363;82;2.8179;80;0.000091860;0;9999;9999;9999;9999;9999;9999;9999;9999;9999;9999;9999;9999;9999;9999;9999;9999;9999;9999;9999;9999
04/03/2025 23:54:49.266;117;-1801.507;2837.308;388.800;92.000;249098.79;249098.79;192000;0;41.7904;12.9050;400.0730;35.7068;12.7144;206.9070;12.9066;26.6322;1507.3201;50;-0.0242;81;2.7270;78;0.000085736;0;9999;9999;9999;9999;9999;9999;9999;9999;9999;9999;9999;9999;9999;9999;9999;9999;9999;9999;9999;9999
04/03/2025 23:55:19.271;117;-1801.498;2837.308;382.000;91.000;249098.83;249098.83;192000;0;41.7897;12.9057;394.8646;35.7077;12.7428;206.6252;12.9069;26.6435;1507.2374;50;-0.0242;81;2.7270;79;0.000088798;0;9999;9999;9999;9999;9999;9999;9999;9999;9999;9999;9999;9999;9999;9999;9999;9999;9999;9999;9999;9999
04/03/2025 23:55:49.265;117;-1801.493;2837.308;378.600;90.000;249098.87;-1;192000;0;41.8182;12.9341;389.7308;35.7103;12.7645;207.3730;12.9353;26.5975;1507.2501;50;-0.0242;81;2.7270;83;0.000101046;0;9999;9999;9999;9999;9999;9999;9999;9999;9999;9999;9999;9999;9999;9999;9999;9999;9999;9999;9999;9999
04/03/2025 23:56:19.259;117;-1801.484;2837.309;372.000;90.000;249098.91;-1;192000;0;41.8435;12.9562;384.5997;35.7159;12.7951;207.6021;12.9588;26.5770;1507.2454;50;-0.0242;81;2.7270;82;0.000097984;0;9999;9999;9999;9999;9999;9999;9999;9999;9999;9999;9999;9999;9999;9999;9999;9999;9999;9999;9999;9999
04/03/2025 23:56:49.266;117;-1801.480;2837.309;368.800;90.000;249098.94;-1;192000;0;41.8490;12.9651;379.4646;35.7149;12.8168;206.7656;12.9669;26.6111;1507.1888;50;-0.0242;82;2.8179;78;0.000085736;0;9999;9999;9999;9999;9999;9999;9999;9999;9999;9999;9999;9999;9999;9999;9999;9999;9999;9999;9999;9999
04/03/2025 23:57:19.270;117;-1801.471;2837.309;362.100;89.000;249098.99;-1;192000;0;41.8753;12.9893;374.3240;35.7194;12.8364;207.7875;12.9906;26.5541;1507.1896;52;0.0000;82;2.8179;84;0.000104108;0;9999;9999;9999;9999;9999;9999;9999;9999;9999;9999;9999;9999;9999;9999;9999;9999;9999;9999;9999;9999
04/03/2025 23:57:49.251;117;-1801.466;2837.309;358.600;88.000;249099.01;-1;192000;0;42.0120;13.1054;369.1876;35.7428;12.8625;208.1454;13.1139;26.4920;1507.5177;50;-0.0242;81;2.7270;80;0.000091860;0;9999;9999;9999;9999;9999;9999;9999;9999;9999;9999;9999;9999;9999;9999;9999;9999;9999;9999;9999;9999
04/03/2025 23:58:19.253;117;-1801.457;2837.310;352.000;85.000;249099.06;-1;192000;0;42.2563;13.3239;364.0738;35.7719;12.9147;209.4994;13.3299;26.3528;1508.1895;50;-0.0242;81;2.7270;80;0.000091860;0;9999;9999;9999;9999;9999;9999;9999;9999;9999;9999;9999;9999;9999;9999;9999;9999;9999;9999;9999;9999
04/03/2025 23:58:49.270;117;-1801.453;2837.310;348.700;84.000;249099.09;-1;192000;0;42.6165;13.6481;359.0168;35.8105;12.9929;210.3271;13.6486;26.2024;1509.2151;51;-0.0121;80;2.6361;79;0.000088798;0;9999;9999;9999;9999;9999;9999;9999;9999;9999;9999;9999;9999;9999;9999;9999;9999;9999;9999;9999;9999
04/03/2025 23:59:19.270;117;-1801.444;2837.311;342.100;87.000;249099.13;-1;192000;0;42.8179;13.8239;353.9522;35.8378;13.1100;211.2447;13.8267;26.0973;1509.7365;50;-0.0242;81;2.7270;81;0.000094922;0;9999;9999;9999;9999;9999;9999;9999;9999;9999;9999;9999;9999;9999;9999;9999;9999;9999;9999;9999;9999
04/03/2025 23:59:49.246;117;-1801.440;2837.311;339.000;90.000;249099.17;-1;192000;0;42.8677;13.8710;349.0394;35.8425;13.2160;211.6295;13.8725;26.0629;1509.8138;51;-0.0121;79;2.5452;80;0.000091860;0;9999;9999;9999;9999;9999;9999;9999;9999;9999;9999;9999;9999;9999;9999;9999;9999;9999;9999;9999;9999
05/03/2025 00:00:19.265;117;-1801.432;2837.310;332.700;93.000;249099.2;-1;192000;0;42.9265;13.9276;344.2650;35.8468;13.3024;211.7351;13.9287;26.0374;1509.9235;50;-0.0242;80;2.6361;82;0.000097984;0;9999;9999;9999;9999;9999;9999;9999;9999;9999;9999;9999;9999;9999;9999;9999;9999;9999;9999;9999;9999
05/03/2025 00:00:49.250;117;-1801.428;2837.310;329.900;95.000;249099.24;-1;192000;0;42.9725;13.9658;339.5578;35.8562;13.3929;211.7059;13.9696;26.0228;1509.9805;50;-0.0242;81;2.7270;82;0.000097984;0;9999;9999;9999;9999;9999;9999;9999;9999;9999;9999;9999;9999;9999;9999;9999;9999;9999;9999;9999;9999
05/03/2025 00:01:19.269;117;-1801.420;2837.309;323.800;97.000;249099.27;-1;192000;0;43.1182;14.0568;334.8953;35.9094;13.4639;211.7807;14.0881;25.9743;1510.2603;50;-0.0242;81;2.7270;81;0.000094922;0;9999;9999;9999;9999;9999;9999;9999;9999;9999;9999;9999;9999;9999;9999;9999;9999;9999;9999;9999;9999
05/03/2025 00:01:49.269;117;-1801.416;2837.309;320.800;97.000;249099.3;249099.3;192000;0;43.2513;14.2127;330.3523;35.8903;13.5585;211.9483;14.2159;25.9239;1510.6655;50;-0.0242;81;2.7270;82;0.000097984;0;9999;9999;9999;9999;9999;9999;9999;9999;9999;9999;9999;9999;9999;9999;9999;9999;9999;9999;9999;9999
05/03/2025 00:02:19.270;117;-1801.409;2837.308;314.900;100.000;249099.35;249099.35;192000;0;43.3237;14.2759;325.7846;35.9007;13.6422;212.1100;14.2782;25.8937;1510.8053;50;-0.0242;79;2.5452;82;0.000097984;0;9999;9999;9999;9999;9999;9999;9999;9999;9999;9999;9999;9999;9999;9999;9999;9999;9999;9999;9999;9999
05/03/2025 00:02:49.265;117;-1801.405;2837.307;312.000;100.000;249099.39;249099.39;192000;0;43.3728;14.3209;321.3038;35.9064;13.7193;212.2859;14.3235;25.8690;1510.8823;51;-0.0121;81;2.7270;82;0.000097984;0;9999;9999;9999;9999;9999;9999;9999;9999;9999;9999;9999;9999;9999;9999;9999;9999;9999;9999;9999;9999
05/03/2025 00:03:19.267;117;-1801.397;2837.306;306.400;102.000;249099.42;249099.42;192000;0;43.4973;14.4288;316.9023;35.9236;13.7921;212.1572;14.4307;25.8363;1511.1755;50;-0.0242;80;2.6361;81;0.000094922;0;9999;9999;9999;9999;9999;9999;9999;9999;9999;9999;9999;9999;9999;9999;9999;9999;9999;9999;9999;9999
05/03/2025 00:03:49.259;117;-1801.394;2837.305;303.500;102.000;249099.46;-1;192000;0;43.5530;14.4739;312.5168;35.9351;13.8733;212.4387;14.4783;25.8058;1511.2606;50;-0.0242;81;2.7270;82;0.000097984;0;9999;9999;9999;9999;9999;9999;9999;9999;9999;9999;9999;9999;9999;9999;9999;9999;9999;9999;9999;9999
05/03/2025 00:04:19.270;117;-1801.386;2837.303;297.900;104.000;249099.5;-1;192000;0;43.6368;14.5474;308.1986;35.9463;13.9480;212.8033;14.5487;25.7641;1511.4369;50;-0.0242;80;2.6361;82;0.000097984;0;9999;9999;9999;9999;9999;9999;9999;9999;9999;9999;9999;9999;9999;9999;9999;9999;9999;9999;9999;9999
05/03/2025 00:04:49.264;117;-1801.383;2837.302;295.100;104.000;249099.53;-1;192000;0;43.8801;14.7581;303.9715;35.9773;14.0184;213.5042;14.7601;25.6595;1512.0736;50;-0.0242;80;2.6361;82;0.000097984;0;9999;9999;9999;9999;9999;9999;9999;9999;9999;9999;9999;9999;9999;9999;9999;9999;9999;9999;9999;9999
05/03/2025 00:05:19.270;117;-1801.376;2837.301;289.900;99.000;249099.57;-1;192000;0;44.0919;14.9385;299.8133;36.0068;14.1227;214.5602;14.9415;25.5500;1512.6102;48;-0.0484;79;2.5452;108;0.000177596;0;9999;9999;9999;9999;9999;9999;9999;9999;9999;9999;9999;9999;9999;9999;9999;9999;9999;9999;9999;9999
05/03/2025 00:05:49.251;117;-1801.372;2837.300;286.900;98.000;249099.6;-1;192000;0;44.1211;14.9653;295.5088;36.0105;14.2289;215.2091;14.9724;25.5099;1512.6278;49;-0.0363;80;2.6361;82;0.000097984;0;9999;9999;9999;9999;9999;9999;9999;9999;9999;9999;9999;9999;9999;9999;9999;9999;9999;9999;9999;9999
05/03/2025 00:06:19.262;117;-1801.365;2837.299;281.400;97.000;249099.64;-1;192000;0;44.1693;15.0134;291.0305;36.0121;14.3137;213.9337;15.0305;25.5446;1512.7072;50;-0.0242;79;2.5452;81;0.000094922;0;9999;9999;9999;9999;9999;9999;9999;9999;9999;9999;9999;9999;9999;9999;9999;9999;9999;9999;9999;9999
05/03/2025 00:06:49.264;117;-1801.360;2837.299;278.200;97.000;249099.67;-1;192000;0;44.2144;15.0289;286.5136;36.0409;14.3963;214.1610;15.0438;25.5273;1512.7147;50;-0.0242;81;2.7270;85;0.000107170;0;9999;9999;9999;9999;9999;9999;9999;9999;9999;9999;9999;9999;9999;9999;9999;9999;9999;9999;9999;9999
05/03/2025 00:07:19.269;117;-1801.353;2837.298;272.800;94.000;249099.71;-1;192000;0;44.2862;15.1106;282.0571;36.0330;14.4703;214.9562;15.1127;25.4692;1512.8888;50;-0.0242;79;2.5452;82;0.000097984;0;9999;9999;9999;9999;9999;9999;9999;9999;9999;9999;9999;9999;9999;9999;9999;9999;9999;9999;9999;9999
05/03/2025 00:07:49.266;117;-1801.349;2837.298;269.800;93.000;249099.74;-1;192000;0;44.3075;15.1300;277.6788;36.0364;14.5421;213.6146;15.1335;25.5193;1512.8811;50;-0.0242;80;2.6361;85;0.000107170;0;9999;9999;9999;9999;9999;9999;9999;9999;9999;9999;9999;9999;9999;9999;9999;9999;9999;9999;9999;9999
05/03/2025 00:08:19.264;117;-1801.342;2837.298;264.100;91.000;249099.78;-1;192000;0;44.4273;15.2271;273.2081;36.0581;14.6096;214.7381;15.2353;25.4340;1513.1370;50;-0.0242;79;2.5452;84;0.000104108;0;9999;9999;9999;9999;9999;9999;9999;9999;9999;9999;9999;9999;9999;9999;9999;9999;9999;9999;9999;9999
05/03/2025 00:08:49.267;117;-1801.338;2837.298;261.100;91.000;249099.81;-1;192000;0;44.5780;15.3616;268.6255;36.0732;14.6897;215.0333;15.3642;25.3765;1513.4993;51;-0.0121;79;2.5452;83;0.000101046;0;9999;9999;9999;9999;9999;9999;9999;9999;9999;9999;9999;9999;9999;9999;9999;9999;9999;9999;9999;9999
05/03/2025 00:09:19.259;117;-1801.330;2837.298;255.200;90.000;249099.85;-1;192000;0;44.6234;15.4015;263.9740;36.0797;14.7696;215.0212;15.4046;25.3620;1513.5543;50;-0.0242;79;2.5452;81;0.000094922;0;9999;9999;9999;9999;9999;9999;9999;9999;9999;9999;9999;9999;9999;9999;9999;9999;9999;9999;9999;9999
05/03/2025 00:09:49.263;117;-1801.326;2837.298;252.200;89.000;249099.89;-1;192000;0;44.7448;15.4730;259.2473;36.1259;14.8347;214.2789;15.5054;25.3566;1513.7525;49;-0.0363;80;2.6361;82;0.000097984;0;9999;9999;9999;9999;9999;9999;9999;9999;9999;9999;9999;9999;9999;9999;9999;9999;9999;9999;9999;9999
05/03/2025 00:10:19.270;117;-1801.318;2837.298;245.800;88.000;249099.93;-1;192000;0;44.9231;15.6582;254.4233;36.1193;14.9292;215.0739;15.6590;25.2712;1514.2399;51;-0.0121;79;2.5452;83;0.000101046;0;9999;9999;9999;9999;9999;9999;9999;9999;9999;9999;9999;9999;9999;9999;9999;9999;9999;9999;9999;9999
05/03/2025 00:10:49.265;117;-1801.314;2837.298;242.800;88.000;249099.96;-1;192000;0;44.9445;15.6781;249.5266;36.1223;15.0151;215.1227;15.6790;25.2609;1514.2239;50;-0.0242;79;2.5452;84;0.000104108;0;9999;9999;9999;9999;9999;9999;9999;9999;9999;9999;9999;9999;9999;9999;9999;9999;9999;9999;9999;9999
05/03/2025 00:11:19.270;117;-1801.305;2837.299;236.400;88.000;249100.0;249100.0;192000;0;44.9895;15.7147;244.6237;36.1314;15.0862;216.1448;15.7191;25.2017;1514.2664;50;-0.0242;80;2.6361;83;0.000101046;0;9999;9999;9999;9999;9999;9999;9999;9999;9999;9999;9999;9999;9999;9999;9999;9999;9999;9999;9999;9999
05/03/2025 00:11:49.266;117;-1801.301;2837.299;233.200;90.000;249100.03;249100.03;192000;0;45.0888;15.8011;239.6417;36.1437;15.1593;215.4676;15.8023;25.2016;1514.4650;50;-0.0242;80;2.6361;83;0.000101046;0;9999;9999;9999;9999;9999;9999;9999;9999;9999;9999;9999;9999;9999;9999;9999;9999;9999;9999;9999;9999
05/03/2025 00:12:19.269;117;-1801.292;2837.299;226.600;92.000;249100.07;249100.07;192000;0;45.1521;15.8509;234.6131;36.1572;15.2324;214.4501;15.8543;25.2264;1514.5508;51;-0.0121;80;2.6361;82;0.000097984;0;9999;9999;9999;9999;9999;9999;9999;9999;9999;9999;9999;9999;9999;9999;9999;9999;9999;9999;9999;9999
05/03/2025 00:12:49.241;117;-1801.288;2837.299;223.400;93.000;249100.11;-1;192000;0;45.1959;15.8925;229.5003;36.1605;15.3012;214.8680;15.8951;25.1933;1514.5980;51;-0.0121;78;2.4543;83;0.000101046;0;9999;9999;9999;9999;9999;9999;9999;9999;9999;9999;9999;9999;9999;9999;9999;9999;9999;9999;9999;9999
05/03/2025 00:13:19.262;117;-1801.279;2837.298;216.800;95.000;249100.14;-1;192000;0;45.2120;15.9086;224.3023;36.1624;15.3616;214.7891;15.9109;25.1899;1514.5635;50;-0.0242;81;2.7270;82;0.000097984;0;9999;9999;9999;9999;9999;9999;9999;9999;9999;9999;9999;9999;9999;9999;9999;9999;9999;9999;9999;9999
05/03/2025 00:13:49.262;117;-1801.274;2837.297;213.300;96.000;249100.17;-1;192000;0;45.2827;15.9687;218.9794;36.1731;15.4157;214.8001;15.9711;25.1677;1514.6724;50;-0.0242;79;2.5452;83;0.000101046;0;9999;9999;9999;9999;9999;9999;9999;9999;9999;9999;9999;9999;9999;9999;9999;9999;9999;9999;9999;9999
05/03/2025 00:14:19.269;117;-1801.265;2837.296;206.500;98.000;249100.22;-1;192000;0;45.3048;15.9872;213.7250;36.1782;15.4759;215.3442;15.9908;25.1359;1514.6480;50;-0.0242;79;2.5452;85;0.000107170;0;9999;9999;9999;9999;9999;9999;9999;9999;9999;9999;9999;9999;9999;9999;9999;9999;9999;9999;9999;9999
05/03/2025 00:14:49.268;117;-1801.260;2837.296;203.100;97.000;249100.25;-1;192000;0;45.3450;16.0189;208.4828;36.1873;15.5320;215.5441;16.0242;25.1144;1514.6688;51;-0.0121;79;2.5452;84;0.000104108;0;9999;9999;9999;9999;9999;9999;9999;9999;9999;9999;9999;9999;9999;9999;9999;9999;9999;9999;9999;9999
05/03/2025 00:15:19.256;117;-1801.251;2837.295;196.500;99.000;249100.3;-1;192000;0;45.3799;16.0515;203.4334;36.1908;15.5756;214.6610;16.0557;25.1406;1514.6891;50;-0.0242;78;2.4543;85;0.000107170;0;9999;9999;9999;9999;9999;9999;9999;9999;9999;9999;9999;9999;9999;9999;9999;9999;9999;9999;9999;9999
05/03/2025 00:15:49.266;117;-1801.246;2837.294;192.800;101.000;249100.33;-1;192000;0;45.4199;16.0895;197.9736;36.1942;15.6253;215.4459;16.0933;25.0927;1514.7189;50;-0.0242;79;2.5452;84;0.000104108;0;9999;9999;9999;9999;9999;9999;9999;9999;9999;9999;9999;9999;9999;9999;9999;9999;9999;9999;9999;9999
05/03/2025 00:16:19.246;117;-1801.237;2837.292;185.800;101.000;249100.37;-1;192000;0;45.4723;16.1308;192.6298;36.2054;15.6709;215.0363;16.1364;25.0942;1514.7695;50;-0.0242;78;2.4543;83;0.000101046;0;9999;9999;9999;9999;9999;9999;9999;9999;9999;9999;9999;9999;9999;9999;9999;9999;9999;9999;9999;9999
05/03/2025 00:16:49.262;117;-1801.233;2837.291;182.600;103.000;249100.41;-1;192000;0;45.7485;16.3595;187.4566;36.2454;15.7309;214.2163;16.3640;25.0523;1515.4272;50;-0.0242;78;2.4543;92;0.000128604;0;9999;9999;9999;9999;9999;9999;9999;9999;9999;9999;9999;9999;9999;9999;9999;9999;9999;9999;9999;9999
05/03/2025 00:17:19.265;117;-1801.224;2837.289;176.000;105.000;249100.45;-1;192000;0;45.8270;16.4292;182.2967;36.2539;15.8136;214.1904;16.4310;25.0299;1515.5630;52;0.0000;79;2.5452;88;0.000116356;0;9999;9999;9999;9999;9999;9999;9999;9999;9999;9999;9999;9999;9999;9999;9999;9999;9999;9999;9999;9999
05/03/2025 00:17:49.264;117;-1801.219;2837.288;172.500;104.000;249100.48;-1;192000;0;46.0723;16.6346;177.0881;36.2868;15.8920;214.6827;16.6370;24.9391;1516.1360;50;-0.0242;77;2.3634;92;0.000128604;0;9999;9999;9999;9999;9999;9999;9999;9999;9999;9999;9999;9999;9999;9999;9999;9999;9999;9999;9999;9999
05/03/2025 00:18:19.266;117;-1801.210;2837.286;165.600;101.000;249100.51;-1;192000;0;46.0883;16.6515;171.8973;36.2876;15.9827;214.0225;16.6540;24.9606;1516.1017;49;-0.0363;80;2.6361;85;0.000107170;0;9999;9999;9999;9999;9999;9999;9999;9999;9999;9999;9999;9999;9999;9999;9999;9999;9999;9999;9999;9999
05/03/2025 00:18:49.270;117;-1801.205;2837.286;162.400;99.000;249100.55;-1;192000;0;46.2578;16.7925;166.5754;36.3116;16.0651;212.7032;16.7943;24.9700;1516.4654;51;-0.0121;78;2.4543;87;0.000113294;0;9999;9999;9999;9999;9999;9999;9999;9999;9999;9999;9999;9999;9999;9999;9999;9999;9999;9999;9999;9999
05/03/2025 00:19:19.271;117;-1801.196;2837.285;155.500;94.000;249100.59;249100.59;192000;0;46.3479;16.8716;161.2208;36.3214;16.1597;212.7813;16.8747;24.9388;1516.6252;50;-0.0242;77;2.3634;86;0.000110232;0;9999;9999;9999;9999;9999;9999;9999;9999;9999;9999;9999;9999;9999;9999;9999;9999;9999;9999;9999;9999
05/03/2025 00:19:49.250;117;-1801.191;2837.285;151.900;94.000;249100.62;-1;192000;0;46.3739;16.8957;155.9096;36.3246;16.2397;212.7366;16.8968;24.9320;1516.6129;51;-0.0121;79;2.5452;91;0.000125542;0;9999;9999;9999;9999;9999;9999;9999;9999;9999;9999;9999;9999;9999;9999;9999;9999;9999;9999;9999;9999
05/03/2025 00:20:19.265;117;-1801.182;2837.285;145.200;89.000;249100.66;-1;192000;0;46.4521;16.9615;150.5526;36.3359;16.3156;213.5706;16.9643;24.8721;1516.7339;50;-0.0242;79;2.5452;98;0.000146976;0;9999;9999;9999;9999;9999;9999;9999;9999;9999;9999;9999;9999;9999;9999;9999;9999;9999;9999;9999;9999
05/03/2025 00:20:49.266;117;-1801.177;2837.285;141.800;88.000;249100.7;-1;192000;0;46.7970;17.2271;145.1728;36.4003;16.3893;214.3369;17.2436;24.7452;1517.5099;52;0.0000;77;2.3634;88;0.000116356;0;9999;9999;9999;9999;9999;9999;9999;9999;9999;9999;9999;9999;9999;9999;9999;9999;9999;9999;9999;9999
05/03/2025 00:21:19.268;117;-1801.168;2837.286;134.600;85.000;249100.74;-1;192000;0;46.9770;17.3949;139.6607;36.4082;16.5140;215.8427;17.3963;24.6309;1517.9245;53;0.0121;78;2.4543;90;0.000122480;0;9999;9999;9999;9999;9999;9999;9999;9999;9999;9999;9999;9999;9999;9999;9999;9999;9999;9999;9999;9999
05/03/2025 00:21:49.265;117;-1801.163;2837.286;131.000;84.000;249100.78;-1;192000;0;47.2639;17.6264;134.1105;36.4513;16.6344;218.6491;17.6270;24.4361;1518.5638;54;0.0242;76;2.2725;121;0.000217402;0;9999;9999;9999;9999;9999;9999;9999;9999;9999;9999;9999;9999;9999;9999;9999;9999;9999;9999;9999;9999
05/03/2025 00:22:19.266;117;-1801.154;2837.287;123.900;88.000;249100.8;-1;192000;0;47.4101;17.7418;128.6616;36.4764;16.7647;220.0577;17.7434;24.3381;1518.8403;55;0.0363;75;2.1816;99;0.000150038;0;9999;9999;9999;9999;9999;9999;9999;9999;9999;9999;9999;9999;9999;9999;9999;9999;9999;9999;9999;9999
05/03/2025 00:22:49.266;117;-1801.149;2837.287;120.600;90.000;249100.85;-1;192000;0;47.5671;17.8713;123.2343;36.4979;16.8948;221.0554;17.8738;24.2536;1519.1532;57;0.0605;75;2.1816;98;0.000146976;0;9999;9999;9999;9999;9999;9999;9999;9999;9999;9999;9999;9999;9999;9999;9999;9999;9999;9999;9999;9999
05/03/2025 00:23:19.260;117;-1801.140;2837.287;113.700;93.000;249100.89;-1;192000;0;47.7271;18.0010;117.8550;36.5216;17.0145;222.1753;18.0043;24.1644;1519.4685;57;0.0605;75;2.1816;98;0.000146976;0;9999;9999;9999;9999;9999;9999;9999;9999;9999;9999;9999;9999;9999;9999;9999;9999;9999;9999;9999;9999
05/03/2025 00:23:49.262;117;-1801.135;2837.287;110.200;93.000;249100.91;-1;192000;0;47.9077;18.1502;112.6951;36.5452;17.1501;221.9315;18.1595;24.1238;1519.8426;56;0.0484;77;2.3634;99;0.000150038;0;9999;9999;9999;9999;9999;9999;9999;9999;9999;9999;9999;9999;9999;9999;9999;9999;9999;9999;9999;9999
05/03/2025 00:24:19.268;117;-1801.127;2837.286;103.800;92.000;249100.96;-1;192000;0;47.8665;18.1303;107.6010;36.5297;17.2612;220.9163;18.1345;24.1727;1519.6826;55;0.0363;77;2.3634;102;0.000159224;0;9999;9999;9999;9999;9999;9999;9999;9999;9999;9999;9999;9999;9999;9999;9999;9999;9999;9999;9999;9999
05/03/2025 00:24:49.268;117;-1801.122;2837.286;100.400;90.000;249101.0;249101.0;192000;0;48.2513;18.4283;102.3476;36.5947;17.3580;220.8131;18.4376;24.0790;1520.5290;57;0.0605;76;2.2725;103;0.000162286;0;9999;9999;9999;9999;9999;9999;9999;9999;9999;9999;9999;9999;9999;9999;9999;9999;9999;9999;9999;9999
05/03/2025 00:25:19.271;117;-1801.114;2837.287;93.400;86.000;249101.04;249101.04;192000;0;48.5789;18.6628;96.7033;36.6666;17.5070;224.3314;18.6901;23.8531;1521.1884;57;0.0605;75;2.1816;106;0.000171472;0;9999;9999;9999;9999;9999;9999;9999;9999;9999;9999;9999;9999;9999;9999;9999;9999;9999;9999;9999;9999
05/03/2025 00:25:49.269;117;-1801.109;2837.287;89.700;86.000;249101.08;-1;192000;0;48.8650;18.9075;90.9875;36.6934;17.6657;226.9967;18.9147;23.6759;1521.8200;61;0.1089;74;2.0907;106;0.000171472;0;9999;9999;9999;9999;9999;9999;9999;9999;9999;9999;9999;9999;9999;9999;9999;9999;9999;9999;9999;9999
05/03/2025 00:26:19.258;117;-1801.100;2837.288;82.500;87.000;249101.12;-1;192000;0;48.9598;18.9879;85.3861;36.7043;17.8240;228.1581;18.9920;23.6046;1521.9669;61;0.1089;74;2.0907;106;0.000171472;0;9999;9999;9999;9999;9999;9999;9999;9999;9999;9999;9999;9999;9999;9999;9999;9999;9999;9999;9999;9999
05/03/2025 00:26:49.269;117;-1801.096;2837.288;78.900;89.000;249101.16;-1;192000;0;49.2862;19.2337;79.7287;36.7630;17.9720;232.5743;19.2396;23.3537;1522.6322;66;0.1694;74;2.0907;110;0.000183720;0;9999;9999;9999;9999;9999;9999;9999;9999;9999;9999;9999;9999;9999;9999;9999;9999;9999;9999;9999;9999
05/03/2025 00:27:19.264;117;-1801.087;2837.287;71.900;95.000;249101.19;-1;192000;0;49.6269;19.5023;74.2281;36.8128;18.1336;238.4880;19.5028;23.0472;1523.3490;73;0.2541;72;1.9089;128;0.000238836;0;9999;9999;9999;9999;9999;9999;9999;9999;9999;9999;9999;9999;9999;9999;9999;9999;9999;9999;9999;9999
05/03/2025 00:27:49.253;117;-1801.083;2837.287;68.600;94.000;249101.22;-1;192000;0;49.8122;19.6359;68.9563;36.8512;18.3047;240.1091;19.6374;22.9440;1523.6765;82;0.3630;72;1.9089;133;0.000254146;0;9999;9999;9999;9999;9999;9999;9999;9999;9999;9999;9999;9999;9999;9999;9999;9999;9999;9999;9999;9999
05/03/2025 00:28:19.255;117;-1801.074;2837.287;62.100;91.000;249101.26;-1;192000;0;49.9832;19.7708;63.8669;36.8763;18.4595;243.1606;19.7729;22.7894;1523.9942;78;0.3146;72;1.9089;147;0.000297014;0;9999;9999;9999;9999;9999;9999;9999;9999;9999;9999;9999;9999;9999;9999;9999;9999;9999;9999;9999;9999
05/03/2025 00:28:49.257;117;-1801.070;2837.287;58.700;91.000;249101.29;-1;192000;0;50.0466;19.8256;58.4756;36.8827;18.6120;244.9858;19.8308;22.7043;1524.0632;70;0.2178;72;1.9089;132;0.000251084;0;9999;9999;9999;9999;9999;9999;9999;9999;9999;9999;9999;9999;9999;9999;9999;9999;9999;9999;9999;9999
05/03/2025 00:29:19.262;117;-1801.061;2837.287;51.800;90.000;249101.33;-1;192000;0;50.0611;19.8437;53.0793;36.8809;18.7464;245.4530;19.8462;22.6816;1524.0213;69;0.2057;71;1.8180;126;0.000232712;0;9999;9999;9999;9999;9999;9999;9999;9999;9999;9999;9999;9999;9999;9999;9999;9999;9999;9999;9999;9999
05/03/2025 00:29:49.270;117;-1801.057;2837.287;48.200;89.000;249101.37;-1;192000;0;50.0775;19.8548;47.5042;36.8867;18.8530;245.8049;19.8586;22.6634;1523.9656;67;0.1815;71;1.8180;125;0.000229650;0;9999;9999;9999;9999;9999;9999;9999;9999;9999;9999;9999;9999;9999;9999;9999;9999;9999;9999;9999;9999
05/03/2025 00:30:19.257;117;-1801.048;2837.287;41.400;91.000;249101.41;-1;192000;0;50.0998;19.8768;42.3822;36.8878;18.9515;244.2429;19.8800;22.7123;1523.9422;68;0.1936;71;1.8180;122;0.000220464;0;9999;9999;9999;9999;9999;9999;9999;9999;9999;9999;9999;9999;9999;9999;9999;9999;9999;9999;9999;9999
05/03/2025 00:30:49.262;117;-1801.044;2837.287;38.300;91.000;249101.44;-1;192000;0;50.0988;19.8767;37.4994;36.8889;19.0380;242.7806;19.8811;22.7639;1523.8618;67;0.1815;72;1.9089;124;0.000226588;0;9999;9999;9999;9999;9999;9999;9999;9999;9999;9999;9999;9999;9999;9999;9999;9999;9999;9999;9999;9999
05/03/2025 00:31:19.271;117;-1801.036;2837.287;32.300;90.000;249101.48;-1;192000;0;50.0966;19.8748;33.0309;36.8904;19.1127;243.6407;19.8788;22.7318;1523.7838;67;0.1815;70;1.7271;127;0.000235774;0;9999;9999;9999;9999;9999;9999;9999;9999;9999;9999;9999;9999;9999;9999;9999;9999;9999;9999;9999;9999
05/03/2025 00:31:49.268;117;-1801.031;2837.287;28.900;88.000;249101.51;-1;192000;0;50.0852;19.8704;27.4959;36.8869;19.1775;243.0794;19.8741;22.7523;1523.6755;67;0.1815;70;1.7271;126;0.000232712;0;9999;9999;9999;9999;9999;9999;9999;9999;9999;9999;9999;9999;9999;9999;9999;9999;9999;9999;9999;9999
05/03/2025 00:32:19.271;117;-1801.023;2837.287;22.100;89.000;249101.55;-1;192000;0;50.0886;19.8749;22.2376;36.8878;19.2325;243.1759;19.8784;22.7460;1523.6013;68;0.1936;71;1.8180;124;0.000226588;0;9999;9999;9999;9999;9999;9999;9999;9999;9999;9999;9999;9999;9999;9999;9999;9999;9999;9999;9999;9999
05/03/2025 00:32:49.254;117;-1801.019;2837.287;18.800;89.000;249101.59;-1;192000;0;50.0899;19.8755;17.1320;36.8902;19.2854;244.5286;19.8789;22.6949;1523.5205;67;0.1815;69;1.6362;124;0.000226588;0;9999;9999;9999;9999;9999;9999;9999;9999;9999;9999;9999;9999;9999;9999;9999;9999;9999;9999;9999;9999
05/03/2025 00:33:19.271;117;-1801.010;2837.288;11.800;87.000;249101.63;249101.63;192000;0;50.0813;19.8712;11.7855;36.8890;19.3324;242.9558;19.8749;22.7520;1523.4182;68;0.1936;71;1.8180;120;0.000214340;0;9999;9999;9999;9999;9999;9999;9999;9999;9999;9999;9999;9999;9999;9999;9999;9999;9999;9999;9999;9999
05/03/2025 00:33:49.266;117;-1801.006;2837.288;8.800;88.000;249101.68;-1;192000;0;50.0751;19.8692;7.1205;36.8873;19.3696;243.6332;19.8715;22.7270;1523.3330;69;0.2057;72;1.9089;126;0.000232712;0;9999;9999;9999;9999;9999;9999;9999;9999;9999;9999;9999;9999;9999;9999;9999;9999;9999;9999;9999;9999
05/03/2025 00:34:19.253;115;-1800.998;2837.288;3.300;87.000;249101.7;-1;192000;0;50.0764;19.8709;2.6598;36.8885;19.4049;242.9736;19.8743;22.7490;1523.2647;68;0.1936;69;1.6362;122;0.000220464;0;9999;9999;9999;9999;9999;9999;9999;9999;9999;9999;9999;9999;9999;9999;9999;9999;9999;9999;9999;9999
05/03/2025 00:34:49.256;115;-1800.997;2837.288;2.500;75.000;249101.74;-1;192000;0;50.0678;19.8643;1.0180;36.8879;19.4322;242.4287;19.8627;22.7719;1523.2185;70;0.2178;72;1.9089;122;0.000220464;0;9999;9999;9999;9999;9999;9999;9999;9999;9999;9999;9999;9999;9999;9999;9999;9999;9999;9999;9999;9999
05/03/2025 00:35:12.049;119;-1801.672;2837.545;0.100;46.000;249101.77;-1;192000;0;50.0660;19.8628;1.3172;36.8876;19.4538;243.0687;19.8616;22.7489;1523.2190;72;0.2420;71;1.8180;132;0.000251084;0;9999;9999;9999;9999;9999;9999;9999;9999;9999;9999;9999;9999;9999;9999;9999;9999;9999;9999;9999;9999
