Timestamp;NavState;SecurityLevel;Heading;Declination;Pitch;Roll;Depth;Temperature;Pa;Lat;Lon;DeadReckoning;DesiredH;BallastCmd;BallastPos;LinCmd;LinPos;AngCmd;AngPos;Voltage;Altitude;
24/02/2025 21:27:59;119;0;285.76;-4;-44.92;-12.31;0.1;16.90;75600;2837.596;-1801.618;0;319;500;508.1;100.0;100.6;0;-0.5;26.4;-1.0;
24/02/2025 21:28:09;116;0;267.16;-4;-52.55;-10.31;0.2;16.90;75610;2837.602;-1801.625;0;319;500;506.5;100.0;100.6;0;-0.5;26.5;-1.0;
24/02/2025 21:28:37;116;0;257.27;-4;-53.23;-2.17;0.1;17.00;75616;2837.594;-1801.631;0;319;500;506.5;100.0;100.6;0;-0.5;26.5;-1.0;
24/02/2025 21:28:57;116;0;262.51;-4;-48.74;-7.26;0.1;17.10;75621;2837.595;-1801.631;0;319;500;506.5;100.0;100.6;0;-0.5;26.5;-1.0;
24/02/2025 21:29:15;116;0;270.45;-4;-52.68;-17.06;0.0;17.10;75628;2837.597;-1801.633;0;134;500;506.5;100.0;100.6;0;-0.5;26.5;-1.0;
24/02/2025 21:29:26;116;0;266.86;-4;-52.27;-13.20;0.1;17.10;75624;2837.599;-1801.634;0;134;500;506.5;100.0;100.6;0;-0.5;26.5;-1.0;
24/02/2025 21:30:29;116;0;262.71;-4;-51.51;-14.01;0.0;17.40;75656;2837.608;-1801.639;0;134;500;506.5;100.0;100.6;0;-0.5;26.5;-1.0;
24/02/2025 21:31:49;116;0;285.49;-4;-56.79;-17.10;0.1;17.70;75689;2837.622;-1801.647;0;134;500;508.1;100.0;100.6;0;-0.5;26.5;-1.0;
24/02/2025 21:33:07;116;0;285.63;-4;-44.42;-8.64;0.1;18.10;75716;2837.634;-1801.655;0;134;500;506.5;100.0;100.6;0;-0.5;26.5;-1.0;
24/02/2025 21:34:11;116;0;264.05;-4;-54.34;-2.50;0.1;18.40;75735;2837.645;-1801.660;0;134;500;508.1;100.0;100.6;0;-0.5;26.5;-1.0;
24/02/2025 21:34:31;110;0;268.03;-4;-56.53;-15.11;0.1;18.50;75750;2837.645;-1801.660;0;134;-70;387.1;100.0;100.6;-6;-5.9;26.5;-1.0;
24/02/2025 21:34:41;110;0;249.01;-4;-48.31;-2.77;0.1;18.50;76094;2837.645;-1801.660;1;134;-70;238.7;100.0;100.6;-6;-5.9;26.4;-1.0;
24/02/2025 21:34:51;110;0;272.78;-4;-58.00;-14.81;0.5;18.50;76340;2837.645;-1801.661;1;134;-70;80.6;100.0;100.6;-6;-5.9;26.4;-1.0;
24/02/2025 21:35:01;110;0;269.35;-4;-69.35;-17.59;0.9;18.60;76672;2837.646;-1801.661;1;134;-70;-69.4;100.0;100.6;-6;-5.9;26.4;-1.0;
24/02/2025 21:35:11;110;0;292.10;-4;-60.14;-22.67;1.3;18.60;76973;2837.646;-1801.662;1;134;-70;-69.4;43.0;43.0;-6;-5.9;26.5;-1.0;
24/02/2025 21:35:31;100;0;306.43;-4;-31.53;-14.49;4.4;18.70;76943;2837.648;-1801.664;1;134;-70;-67.7;43.0;42.9;-6;-5.9;26.5;-1.0;
24/02/2025 21:35:51;100;0;312.49;-4;-21.30;-14.76;7.2;18.80;76965;2837.651;-1801.668;1;134;-70;-64.5;43.0;42.7;70;69.9;26.5;-1.0;
24/02/2025 21:36:11;100;0;312.32;-4;-23.47;23.88;9.8;18.80;76967;2837.653;-1801.671;1;134;-70;-64.5;42.0;41.8;70;70.4;26.5;-1.0;
24/02/2025 21:36:32;100;0;304.03;-4;-21.66;23.69;12.4;18.80;76965;2837.656;-1801.674;1;134;-70;-64.5;42.0;41.7;70;70.4;26.5;-1.0;
24/02/2025 21:36:52;100;0;293.95;-4;-23.36;23.53;14.9;18.80;76978;2837.657;-1801.678;1;134;-70;-64.5;41.0;40.9;70;70.4;26.5;0.0;
24/02/2025 21:37:12;100;0;287.18;-4;-19.79;23.99;17.3;18.90;76984;2837.659;-1801.682;1;134;-70;-62.9;41.0;40.9;70;70.4;26.5;0.0;
24/02/2025 21:37:32;100;0;275.92;-4;-19.95;24.06;19.6;18.90;76991;2837.660;-1801.685;1;134;-70;-64.5;41.0;40.9;70;70.4;26.5;0.0;
24/02/2025 21:37:52;100;0;266.48;-4;-19.24;23.91;21.9;18.90;76992;2837.660;-1801.689;1;134;-70;-62.9;41.0;40.8;70;70.4;26.5;0.0;
24/02/2025 21:38:12;100;0;256.54;-4;-19.64;23.81;24.0;18.90;76995;2837.660;-1801.693;1;134;-70;-64.5;41.0;40.8;70;70.4;26.5;0.0;
24/02/2025 21:38:32;100;0;247.33;-4;-19.74;23.56;26.4;18.90;76995;2837.659;-1801.697;1;134;-70;-64.5;41.0;40.8;70;70.4;26.5;0.0;
24/02/2025 21:38:52;100;0;237.94;-4;-19.20;23.84;28.5;18.90;77003;2837.659;-1801.700;1;134;-70;-64.5;41.0;40.8;70;70.4;26.5;0.0;
24/02/2025 21:39:12;100;0;227.05;-4;-19.17;23.83;30.7;18.90;77003;2837.657;-1801.703;1;134;-70;-64.5;41.0;40.8;70;70.4;26.5;0.0;
24/02/2025 21:39:32;100;0;215.62;-4;-19.24;23.90;32.8;18.90;77010;2837.655;-1801.705;1;134;-70;-64.5;41.0;40.8;70;70.4;26.5;0.0;
24/02/2025 21:39:52;100;0;205.99;-4;-19.48;23.85;34.9;18.90;77010;2837.653;-1801.707;1;134;-70;-64.5;41.0;40.8;70;70.4;26.5;0.0;
24/02/2025 21:40:12;100;0;197.68;-4;-19.30;23.80;36.9;19.00;77016;2837.651;-1801.708;1;134;-90;-91.9;41.0;40.8;70;70.4;26.5;0.0;
24/02/2025 21:40:32;100;0;185.94;-4;-18.22;23.70;39.2;18.90;77090;2837.649;-1801.709;1;134;-90;-91.9;41.5;41.5;70;70.4;26.5;0.0;
24/02/2025 21:40:52;100;0;176.20;-4;-18.77;23.65;41.3;19.00;77093;2837.646;-1801.709;1;134;-90;-91.9;41.9;42.3;62;61.8;26.5;0.0;
24/02/2025 21:41:12;100;0;164.42;-4;-18.85;18.84;43.6;19.00;77104;2837.644;-1801.709;1;134;-90;-93.5;42.2;42.3;46;46.0;26.5;0.0;
24/02/2025 21:41:32;100;0;156.31;-4;-19.12;10.85;45.8;19.00;77097;2837.642;-1801.708;1;134;-90;-91.9;42.2;42.3;32;32.0;26.5;0.0;
24/02/2025 21:41:52;100;0;149.60;-4;-18.85;4.07;48.2;19.00;77085;2837.640;-1801.707;1;134;-90;-91.9;42.6;42.9;22;22.1;26.5;0.0;
24/02/2025 21:42:12;100;0;147.65;-4;-19.59;-0.64;50.5;19.00;77085;2837.638;-1801.705;1;134;-90;-91.9;42.6;42.9;19;19.0;26.5;0.0;
24/02/2025 21:42:32;100;0;147.53;-4;-19.92;-2.33;52.9;19.00;77091;2837.636;-1801.704;1;134;-90;-91.9;42.6;42.9;19;18.5;26.5;0.0;
24/02/2025 21:42:52;100;0;147.14;-4;-19.76;-2.35;55.4;19.00;77098;2837.634;-1801.702;1;134;-90;-91.9;42.6;42.9;19;18.5;26.5;0.0;
24/02/2025 21:43:12;100;0;144.99;-4;-19.77;-2.38;57.9;19.00;77101;2837.632;-1801.701;1;134;-90;-91.9;42.6;42.9;17;16.7;26.5;0.0;
24/02/2025 21:43:32;100;0;143.39;-4;-19.75;-3.52;60.4;19.10;77110;2837.630;-1801.699;1;134;-90;-91.9;42.6;42.9;17;16.2;26.5;0.0;
24/02/2025 21:43:52;100;0;140.70;-4;-19.12;-3.53;62.7;19.10;77104;2837.628;-1801.697;1;134;-90;-93.5;42.6;42.9;15;14.4;26.5;0.0;
24/02/2025 21:44:12;100;0;139.30;-4;-19.45;-4.58;65.2;19.10;77102;2837.626;-1801.696;1;134;-90;-90.3;42.6;42.7;15;14.0;26.5;0.0;
24/02/2025 21:44:32;100;0;137.96;-4;-19.52;-4.55;67.6;19.10;77104;2837.624;-1801.694;1;134;-90;-91.9;42.6;42.9;15;14.4;26.5;0.0;
24/02/2025 21:44:52;100;0;138.17;-4;-19.50;-4.58;70.1;19.10;77104;2837.622;-1801.692;1;134;-90;-91.9;42.6;42.9;15;14.4;26.5;0.0;
24/02/2025 21:45:12;100;0;140.08;-4;-19.66;-4.59;72.7;19.10;77098;2837.620;-1801.690;1;134;-90;-91.9;42.6;42.9;15;14.0;26.5;0.0;
24/02/2025 21:45:32;100;0;139.62;-4;-20.01;-4.56;75.4;19.10;77102;2837.618;-1801.688;1;134;-90;-91.9;42.6;42.9;15;14.0;26.5;0.0;
24/02/2025 21:45:52;100;0;139.30;-4;-19.88;-4.52;78.0;19.10;77106;2837.616;-1801.686;1;134;-90;-91.9;42.6;42.9;15;14.4;26.5;0.0;
24/02/2025 21:46:12;100;0;144.10;-4;-19.09;-4.55;80.5;19.10;77098;2837.614;-1801.684;1;134;-90;-91.9;42.6;42.9;17;17.1;26.5;0.0;
24/02/2025 21:46:32;100;0;145.53;-4;-19.25;-2.73;82.9;19.10;77084;2837.612;-1801.682;1;134;-90;-91.9;42.6;42.9;17;18.1;26.5;0.0;
24/02/2025 21:46:52;100;0;146.04;-4;-19.10;-2.72;85.3;19.10;77081;2837.610;-1801.681;1;134;-90;-93.5;42.6;42.9;17;18.1;26.5;0.0;
24/02/2025 21:47:12;100;0;146.39;-4;-19.04;-2.73;87.6;19.00;77063;2837.608;-1801.679;1;134;-90;-90.3;42.6;42.9;19;19.4;26.4;0.0;
24/02/2025 21:47:32;100;0;146.27;-4;-19.13;-1.77;89.9;19.00;77054;2837.606;-1801.678;1;134;-90;-91.9;42.6;42.9;19;19.9;26.5;0.0;
24/02/2025 21:47:52;100;0;145.19;-4;-19.12;-1.78;92.2;19.00;77056;2837.604;-1801.676;1;134;-90;-95.2;42.6;42.9;19;19.9;26.5;0.0;
24/02/2025 21:48:12;100;0;144.09;-4;-19.30;-1.78;94.6;19.00;77035;2837.602;-1801.675;1;134;-90;-91.9;42.6;42.9;17;17.1;26.5;0.0;
24/02/2025 21:48:32;100;0;142.47;-4;-19.36;-3.23;97.0;19.00;77036;2837.600;-1801.673;1;134;-90;-91.9;42.6;42.9;17;16.7;26.5;0.0;
24/02/2025 21:48:52;100;0;141.11;-4;-19.46;-3.22;99.4;19.00;77022;2837.598;-1801.671;1;134;-90;-91.9;42.6;42.9;17;16.7;26.5;0.0;
24/02/2025 21:49:12;100;0;140.95;-4;-19.34;-3.19;101.9;19.00;77031;2837.596;-1801.669;1;134;-90;-91.9;42.6;42.9;17;16.7;26.5;0.0;
24/02/2025 21:49:32;100;0;140.37;-4;-19.50;-3.18;104.7;19.00;77032;2837.593;-1801.667;1;134;-90;-91.9;42.6;42.9;17;16.7;26.5;0.0;
24/02/2025 21:49:52;100;0;139.65;-4;-19.71;-3.17;107.2;19.00;77016;2837.592;-1801.665;1;134;-90;-90.3;42.6;42.9;15;14.4;26.5;0.0;
24/02/2025 21:50:12;100;0;139.53;-4;-19.51;-4.49;109.9;18.90;77010;2837.589;-1801.663;1;134;-90;-91.9;42.6;42.9;15;14.0;26.5;0.0;
24/02/2025 21:50:32;100;0;142.77;-4;-19.32;-4.43;112.5;18.90;77005;2837.587;-1801.661;1;134;-90;-91.9;42.6;42.9;15;14.4;26.5;0.0;
24/02/2025 21:50:52;100;0;143.67;-4;-18.74;-4.53;115.0;18.90;76989;2837.585;-1801.659;1;134;-90;-95.2;42.9;43.4;17;17.1;26.5;0.0;
24/02/2025 21:51:12;100;0;142.45;-4;-19.83;-2.99;117.4;18.90;76970;2837.583;-1801.658;1;134;-90;-91.9;42.9;43.4;17;17.1;26.5;0.0;
24/02/2025 21:51:32;100;0;140.15;-4;-19.97;-3.05;119.8;18.90;76982;2837.581;-1801.656;1;134;-90;-91.9;42.9;43.4;17;17.1;26.5;0.0;
24/02/2025 21:51:52;100;0;136.71;-4;-20.64;-2.68;122.3;18.80;76949;2837.580;-1801.654;1;134;-90;-91.9;42.9;43.3;15;14.9;26.5;0.0;
24/02/2025 21:52:12;100;0;132.23;-4;-19.58;-4.50;124.9;18.80;76940;2837.578;-1801.652;1;134;-90;-91.9;42.9;43.4;15;14.4;26.5;0.0;
24/02/2025 21:52:32;100;0;131.88;-4;-19.71;-4.49;127.3;18.80;76924;2837.576;-1801.650;1;134;-90;-91.9;42.9;43.4;15;14.4;26.5;0.0;
24/02/2025 21:52:52;100;0;134.41;-4;-20.07;-4.43;129.8;18.80;76904;2837.575;-1801.648;1;134;-90;-91.9;42.9;43.4;15;14.4;26.5;0.0;
24/02/2025 21:53:12;100;0;136.81;-4;-20.06;-4.39;132.4;18.70;76895;2837.573;-1801.645;1;134;-90;-91.9;42.9;43.4;15;14.4;26.5;0.0;
24/02/2025 21:53:32;100;0;139.21;-4;-20.23;-4.47;135.0;18.70;76893;2837.571;-1801.643;1;134;-90;-91.9;42.9;43.4;15;14.4;26.5;0.0;
24/02/2025 21:53:52;100;0;143.15;-4;-20.21;-4.33;137.6;18.70;76886;2837.569;-1801.642;1;134;-90;-91.9;42.9;43.4;17;17.1;26.5;0.0;
24/02/2025 21:54:12;100;0;142.66;-4;-19.93;-2.80;140.2;18.60;76866;2837.567;-1801.640;1;134;-90;-91.9;42.9;43.4;17;17.6;26.5;0.0;
24/02/2025 21:54:32;100;0;142.90;-4;-19.78;-2.81;142.8;18.60;76859;2837.565;-1801.638;1;134;-90;-91.9;42.9;43.4;17;17.6;26.5;0.0;
24/02/2025 21:54:52;100;0;141.17;-4;-20.05;-2.84;145.3;18.60;76848;2837.563;-1801.636;1;134;-90;-91.9;42.9;43.4;17;17.6;26.5;0.0;
24/02/2025 21:55:12;100;0;141.15;-4;-20.09;-2.81;147.6;18.50;76834;2837.561;-1801.635;1;134;-90;-91.9;42.9;43.4;17;17.6;26.5;0.0;
24/02/2025 21:55:32;100;0;139.75;-4;-19.93;-2.86;150.0;18.50;76835;2837.559;-1801.633;1;134;-90;-91.9;42.9;43.4;17;17.6;26.5;0.0;
24/02/2025 21:55:52;100;0;138.07;-4;-19.99;-2.77;152.5;18.50;76823;2837.557;-1801.631;1;134;-90;-91.9;42.9;43.4;17;17.6;26.5;0.0;
24/02/2025 21:56:12;100;0;137.12;-4;-19.69;-2.83;154.9;18.40;76796;2837.555;-1801.629;1;134;-90;-91.9;42.9;43.4;17;17.6;26.5;0.0;
24/02/2025 21:56:32;100;0;139.27;-4;-19.90;-2.81;157.1;18.40;76787;2837.554;-1801.627;1;134;-90;-93.5;42.9;43.4;17;17.6;26.5;0.0;
24/02/2025 21:56:52;100;0;139.36;-4;-19.84;-2.83;159.3;18.40;76785;2837.552;-1801.626;1;134;-90;-91.9;42.9;43.4;17;17.6;26.5;0.0;
24/02/2025 21:57:12;100;0;140.53;-4;-19.85;-2.84;161.7;18.30;76769;2837.550;-1801.624;1;134;-90;-91.9;42.9;43.4;17;17.6;26.5;0.0;
24/02/2025 21:57:32;100;0;139.96;-4;-20.03;-2.87;164.1;18.30;76762;2837.549;-1801.622;1;134;-90;-90.3;42.9;43.4;17;17.6;26.5;0.0;
24/02/2025 21:57:52;100;0;138.49;-4;-20.07;-2.82;166.6;18.30;76746;2837.547;-1801.620;1;134;-90;-91.9;42.9;43.4;17;17.6;26.5;0.0;
24/02/2025 21:58:12;100;0;137.61;-4;-19.84;-2.81;169.2;18.20;76740;2837.545;-1801.618;1;134;-90;-91.9;42.9;43.4;17;17.6;26.5;0.0;
24/02/2025 21:58:32;100;0;136.74;-4;-20.02;-2.82;171.7;18.20;76730;2837.543;-1801.616;1;134;-90;-91.9;42.9;43.4;17;17.6;26.5;0.0;
24/02/2025 21:58:52;100;0;134.21;-4;-20.11;-2.72;174.2;18.10;76730;2837.541;-1801.614;1;134;-90;-91.9;42.9;43.4;17;17.6;26.5;0.0;
24/02/2025 21:59:12;100;0;132.40;-4;-20.41;-2.81;176.8;18.10;76718;2837.540;-1801.612;1;134;-90;-91.9;42.9;43.4;15;14.4;26.5;0.0;
24/02/2025 21:59:32;100;0;130.62;-4;-20.19;-4.49;179.7;18.10;76721;2837.538;-1801.609;1;134;-90;-91.9;42.9;43.4;15;14.0;26.5;0.0;
24/02/2025 21:59:52;100;0;129.32;-4;-19.89;-4.58;182.3;18.00;76707;2837.536;-1801.607;1;134;-90;-91.9;42.9;43.4;15;14.4;26.5;0.0;
24/02/2025 22:00:12;100;0;127.77;-4;-20.15;-4.51;185.0;18.00;76703;2837.535;-1801.604;1;134;-90;-91.9;42.9;43.4;15;14.4;26.5;0.0;
24/02/2025 22:00:32;100;0;126.78;-4;-20.04;-4.48;187.8;18.00;76699;2837.533;-1801.601;1;134;-90;-91.9;42.9;43.4;13;13.1;26.5;0.0;
24/02/2025 22:00:52;100;0;126.46;-4;-19.89;-5.27;190.4;17.90;76692;2837.532;-1801.598;1;134;-90;-91.9;42.9;43.4;13;12.6;26.5;0.0;
24/02/2025 22:01:12;100;0;127.50;-4;-19.95;-5.34;193.1;17.90;76691;2837.530;-1801.596;1;134;-90;-91.9;42.9;43.4;13;12.6;26.5;0.0;
24/02/2025 22:01:32;100;0;129.56;-4;-19.78;-5.30;195.7;17.90;76675;2837.528;-1801.593;1;134;-90;-93.5;42.9;43.4;15;14.9;26.5;0.0;
24/02/2025 22:01:52;100;0;132.22;-4;-19.95;-3.99;198.4;17.80;76666;2837.527;-1801.591;1;134;-90;-93.5;42.9;43.4;15;15.3;26.5;0.0;
24/02/2025 22:02:12;100;0;134.23;-4;-19.94;-4.01;201.2;17.80;76667;2837.525;-1801.589;1;134;-90;-91.9;42.9;43.4;15;15.3;26.5;0.0;
24/02/2025 22:02:32;100;0;136.88;-4;-19.98;-3.98;203.9;17.80;76663;2837.523;-1801.586;1;134;-90;-91.9;42.9;43.4;15;15.3;26.5;0.0;
24/02/2025 22:02:52;100;0;137.38;-4;-20.26;-3.98;206.7;17.70;76649;2837.521;-1801.584;1;134;-90;-91.9;42.9;43.4;15;15.3;26.5;0.0;
24/02/2025 22:03:12;100;0;138.22;-4;-19.98;-3.98;209.4;17.70;76631;2837.519;-1801.582;1;134;-90;-91.9;42.9;43.4;15;15.3;26.5;0.0;
24/02/2025 22:03:32;100;0;139.39;-4;-19.81;-3.98;212.3;17.60;76635;2837.516;-1801.580;1;134;-90;-91.9;42.9;43.4;15;15.3;26.5;0.0;
24/02/2025 22:03:52;100;0;142.16;-4;-19.93;-3.99;215.1;17.60;76624;2837.514;-1801.578;1;134;-90;-91.9;42.9;43.4;15;15.3;26.5;0.0;
24/02/2025 22:04:12;100;0;142.44;-4;-20.03;-3.95;218.0;17.60;76624;2837.512;-1801.576;1;134;-90;-91.9;42.9;43.4;17;17.1;26.5;0.0;
24/02/2025 22:04:32;100;0;142.40;-4;-20.10;-2.69;220.9;17.50;76613;2837.509;-1801.573;1;134;-90;-93.5;42.9;43.4;17;17.6;26.5;0.0;
24/02/2025 22:04:52;100;0;141.00;-4;-20.10;-2.88;223.6;17.50;76605;2837.507;-1801.571;1;134;-90;-91.9;42.9;43.4;17;17.6;26.5;0.0;
24/02/2025 22:05:12;100;0;140.56;-4;-20.19;-2.70;226.7;17.50;76602;2837.504;-1801.569;1;134;-90;-91.9;42.9;43.4;17;17.6;26.5;0.0;
24/02/2025 22:05:32;100;0;138.00;-4;-19.97;-2.72;229.6;17.40;76584;2837.502;-1801.567;1;134;-90;-91.9;42.9;43.4;17;17.6;26.5;0.0;
24/02/2025 22:05:52;100;0;138.49;-4;-19.94;-2.66;232.5;17.40;76589;2837.500;-1801.564;1;134;-90;-91.9;42.9;43.4;17;17.6;26.5;0.0;
24/02/2025 22:06:12;100;0;134.82;-4;-20.05;-2.74;235.5;17.40;76585;2837.498;-1801.562;1;134;-90;-93.5;42.9;43.4;17;17.6;26.5;0.0;
24/02/2025 22:06:32;100;0;134.79;-4;-20.46;-2.80;238.4;17.30;76578;2837.496;-1801.559;1;134;-90;-91.9;42.9;43.4;17;17.6;26.5;0.0;
24/02/2025 22:06:52;100;0;134.79;-4;-20.20;-2.71;241.4;17.30;76579;2837.494;-1801.557;1;134;-90;-93.5;42.9;43.4;17;17.6;26.5;0.0;
24/02/2025 22:07:12;100;0;135.27;-4;-20.43;-2.83;244.3;17.30;76577;2837.492;-1801.554;1;134;-90;-91.9;42.9;43.4;17;17.6;26.5;0.0;
24/02/2025 22:07:32;100;0;135.30;-4;-20.23;-2.71;247.3;17.20;76568;2837.489;-1801.551;1;134;-90;-90.3;42.9;43.4;17;17.6;26.4;0.0;
24/02/2025 22:07:52;100;0;134.58;-4;-19.93;-2.73;250.2;17.20;76578;2837.487;-1801.549;1;134;-90;-91.9;42.9;43.4;17;17.6;26.5;0.0;
24/02/2025 22:08:12;100;0;132.95;-4;-20.02;-2.72;253.1;17.20;76571;2837.485;-1801.546;1;134;-90;-91.9;42.9;43.4;17;17.6;26.5;0.0;
24/02/2025 22:08:32;100;0;130.30;-4;-20.08;-2.70;256.1;17.10;76553;2837.483;-1801.543;1;134;-90;-90.3;42.9;43.4;15;14.9;26.5;0.0;
24/02/2025 22:08:52;100;0;130.59;-4;-19.67;-4.36;259.0;17.10;76558;2837.481;-1801.541;1;134;-90;-93.5;42.9;43.4;15;14.4;26.5;0.0;
24/02/2025 22:09:12;100;0;129.96;-4;-19.47;-4.35;261.7;17.10;76536;2837.480;-1801.538;1;134;-90;-91.9;42.9;43.4;15;14.4;26.5;0.0;
24/02/2025 22:09:32;100;0;127.72;-4;-19.57;-4.41;264.5;17.00;76527;2837.478;-1801.535;1;134;-90;-91.9;42.9;43.4;15;14.4;26.5;0.0;
24/02/2025 22:09:52;100;0;125.52;-4;-19.73;-4.35;267.3;17.00;76511;2837.476;-1801.533;1;134;-90;-91.9;42.9;43.4;12;12.2;26.5;0.0;
24/02/2025 22:10:12;100;0;128.06;-4;-19.56;-5.61;270.1;17.00;76496;2837.475;-1801.530;1;134;-90;-91.9;42.9;43.4;14;14.0;26.5;0.0;
24/02/2025 22:10:32;100;0;131.05;-4;-19.52;-4.38;272.9;16.90;76484;2837.473;-1801.527;1;134;-90;-91.9;42.9;43.4;14;14.4;26.5;0.0;
24/02/2025 22:10:53;100;0;134.43;-4;-19.83;-4.30;275.7;16.90;76476;2837.471;-1801.525;1;134;-90;-91.9;42.9;43.4;14;14.4;26.5;0.0;
24/02/2025 22:11:13;100;0;138.31;-4;-19.83;-4.37;278.6;16.90;76475;2837.469;-1801.522;1;134;-90;-90.3;42.9;43.4;16;15.8;26.5;0.0;
24/02/2025 22:11:33;100;0;140.86;-4;-19.66;-3.37;281.4;16.80;76468;2837.467;-1801.520;1;134;-90;-91.9;42.9;43.4;16;16.7;26.5;0.0;
24/02/2025 22:11:53;100;0;137.57;-4;-19.43;-3.41;284.0;16.80;76453;2837.465;-1801.518;1;134;-90;-95.2;42.9;43.4;16;16.2;26.5;0.0;
24/02/2025 22:12:13;100;0;135.85;-4;-19.51;-3.48;286.7;16.80;76446;2837.463;-1801.516;1;134;-90;-91.9;42.9;43.6;16;16.2;26.5;0.0;
24/02/2025 22:12:33;100;0;135.76;-4;-19.55;-3.39;289.4;16.70;76431;2837.461;-1801.514;1;134;-90;-91.9;42.9;43.4;16;16.2;26.5;0.0;
24/02/2025 22:12:53;100;0;134.64;-4;-19.49;-3.40;291.9;16.70;76433;2837.459;-1801.511;1;134;-90;-91.9;42.9;43.4;16;16.7;26.5;0.0;
24/02/2025 22:13:13;100;0;130.12;-4;-19.57;-3.45;294.6;16.60;76413;2837.457;-1801.509;1;134;-90;-91.9;42.9;43.4;16;16.2;26.5;0.0;
24/02/2025 22:13:33;100;0;129.79;-4;-19.71;-3.41;297.1;16.60;76411;2837.456;-1801.507;1;134;-90;-91.9;42.9;43.4;16;16.2;26.5;0.0;
24/02/2025 22:13:53;100;0;128.83;-4;-19.61;-3.45;299.7;16.60;76399;2837.454;-1801.504;1;134;-90;-91.9;42.9;43.4;14;14.0;26.5;0.0;
24/02/2025 22:14:13;100;0;129.09;-4;-19.38;-4.79;302.2;16.50;76392;2837.453;-1801.502;1;134;-90;-91.9;42.9;43.6;14;14.0;26.5;0.0;
24/02/2025 22:14:33;100;0;128.96;-4;-19.53;-4.85;304.8;16.50;76388;2837.451;-1801.499;1;134;-90;-91.9;42.9;43.4;14;13.5;26.5;0.0;
24/02/2025 22:14:53;100;0;129.50;-4;-19.60;-4.83;307.3;16.50;76384;2837.449;-1801.497;1;134;-90;-91.9;42.9;43.4;14;13.5;26.5;0.0;
24/02/2025 22:15:13;100;0;129.55;-4;-19.49;-4.86;309.9;16.40;76386;2837.448;-1801.494;1;134;-90;-91.9;42.9;43.4;14;13.5;26.5;0.0;
24/02/2025 22:15:33;100;0;128.03;-4;-19.49;-4.80;312.4;16.40;76370;2837.446;-1801.492;1;134;-90;-91.9;42.9;43.4;14;13.5;26.5;0.0;
24/02/2025 22:15:53;100;0;127.72;-4;-19.56;-4.81;314.8;16.40;76368;2837.445;-1801.489;1;134;-90;-91.9;42.9;43.4;14;13.5;26.5;0.0;
24/02/2025 22:16:13;100;0;128.56;-4;-19.57;-4.85;317.4;16.30;76358;2837.443;-1801.487;1;134;-90;-91.9;42.9;43.4;14;13.5;26.5;0.0;
24/02/2025 22:16:33;100;0;130.32;-4;-19.89;-4.82;319.9;16.30;76351;2837.442;-1801.485;1;134;-90;-93.5;42.9;43.4;14;13.5;26.5;0.0;
24/02/2025 22:16:53;100;0;131.19;-4;-19.58;-4.80;322.5;16.30;76345;2837.440;-1801.482;1;134;-90;-91.9;42.9;43.4;14;13.5;26.5;0.0;
24/02/2025 22:17:13;100;0;131.64;-4;-19.56;-4.77;325.1;16.20;76340;2837.439;-1801.480;1;134;-90;-91.9;42.9;43.4;14;13.5;26.5;0.0;
24/02/2025 22:17:33;100;0;127.87;-4;-19.73;-4.80;327.6;16.20;76339;2837.437;-1801.477;1;134;-90;-91.9;42.9;43.4;14;14.0;26.5;0.0;
24/02/2025 22:17:53;100;0;129.09;-4;-19.47;-4.80;330.2;16.20;76334;2837.435;-1801.475;1;134;-90;-91.9;42.9;43.4;14;14.0;26.5;0.0;
24/02/2025 22:18:13;100;0;130.79;-4;-19.40;-4.74;332.8;16.10;76319;2837.434;-1801.472;1;134;-90;-91.9;42.9;43.4;14;13.5;26.5;0.0;
24/02/2025 22:18:33;100;0;130.16;-4;-19.20;-4.83;335.2;16.10;76310;2837.432;-1801.470;1;134;-90;-91.9;42.9;43.4;14;13.5;26.5;0.0;
24/02/2025 22:18:53;100;0;130.27;-4;-18.92;-4.90;337.7;16.10;76296;2837.431;-1801.468;1;134;-90;-91.9;43.3;43.3;14;13.5;26.5;0.0;
24/02/2025 22:19:13;100;0;131.04;-4;-19.02;-4.86;340.0;16.00;76292;2837.429;-1801.466;1;134;-90;-90.3;43.3;43.2;14;13.5;26.5;0.0;
24/02/2025 22:19:33;100;0;133.30;-4;-19.26;-4.84;342.4;16.00;76282;2837.428;-1801.463;1;134;-90;-91.9;43.3;43.0;14;13.5;26.5;0.0;
24/02/2025 22:19:53;100;0;133.50;-4;-19.29;-4.81;344.8;16.00;76280;2837.426;-1801.461;1;134;-90;-91.9;43.3;43.2;14;13.5;26.5;0.0;
24/02/2025 22:20:13;100;0;134.40;-4;-19.25;-4.82;347.3;15.90;76277;2837.424;-1801.459;1;134;-90;-91.9;43.3;43.2;14;13.5;26.5;0.0;
24/02/2025 22:20:33;100;0;135.22;-4;-19.13;-4.87;349.9;15.90;76267;2837.422;-1801.457;1;134;-90;-91.9;43.3;43.2;14;13.5;26.5;0.0;
24/02/2025 22:20:53;100;0;136.88;-4;-19.14;-4.83;352.3;15.90;76258;2837.420;-1801.455;1;134;-90;-91.9;43.3;43.2;14;13.5;26.5;0.0;
24/02/2025 22:21:13;100;0;136.90;-4;-19.15;-4.85;354.8;15.80;76249;2837.419;-1801.453;1;134;-90;-91.9;43.3;43.2;14;13.5;26.5;0.0;
24/02/2025 22:21:33;100;0;137.37;-4;-19.13;-4.85;357.4;15.80;76256;2837.417;-1801.451;1;134;-90;-91.9;43.3;43.2;14;13.5;26.5;0.0;
24/02/2025 22:21:53;100;0;137.99;-4;-19.18;-4.86;359.8;15.80;76242;2837.415;-1801.449;1;134;-90;-91.9;43.3;43.0;14;13.5;26.5;0.0;
24/02/2025 22:22:13;100;0;138.50;-4;-19.22;-4.85;362.4;15.70;76238;2837.413;-1801.446;1;134;-90;-91.9;43.3;43.2;14;13.5;26.5;0.0;
24/02/2025 22:22:33;100;0;137.87;-4;-19.26;-4.86;364.9;15.70;76231;2837.411;-1801.444;1;134;-90;-91.9;43.3;43.2;14;13.5;26.5;0.0;
24/02/2025 22:22:53;100;0;137.84;-4;-19.28;-4.84;367.5;15.70;76224;2837.409;-1801.442;1;134;-90;-90.3;43.3;43.2;14;13.5;26.5;0.0;
24/02/2025 22:23:13;100;0;136.51;-4;-19.38;-4.86;370.2;15.60;76226;2837.407;-1801.440;1;134;-90;-90.3;43.3;43.2;14;14.0;26.5;0.0;
24/02/2025 22:23:33;100;0;134.92;-4;-19.40;-4.81;372.8;15.60;76222;2837.405;-1801.438;1;134;-90;-91.9;43.3;43.2;14;13.5;26.5;0.0;
24/02/2025 22:23:53;100;0;134.11;-4;-19.34;-4.85;375.4;15.60;76207;2837.403;-1801.435;1;134;-90;-91.9;43.3;43.0;14;13.5;26.5;0.0;
24/02/2025 22:24:13;100;0;134.17;-4;-19.14;-4.82;378.0;15.50;76208;2837.401;-1801.433;1;134;-90;-91.9;43.3;43.2;14;13.5;26.4;0.0;
24/02/2025 22:24:33;100;0;132.55;-4;-19.18;-4.85;380.7;15.50;76201;2837.399;-1801.430;1;134;-90;-91.9;43.3;43.2;14;13.5;26.5;0.0;
24/02/2025 22:24:53;100;0;130.91;-4;-19.04;-4.82;383.1;15.50;76202;2837.398;-1801.428;1;134;-90;-91.9;43.3;43.2;14;13.5;26.5;0.0;
24/02/2025 22:25:13;100;0;129.04;-4;-19.05;-4.87;385.6;15.40;76187;2837.396;-1801.426;1;134;-90;-91.9;43.3;43.2;14;13.5;26.5;0.0;
24/02/2025 22:25:33;100;0;127.79;-4;-18.98;-4.85;388.0;15.40;76188;2837.395;-1801.423;1;134;-90;-91.9;43.6;43.6;14;13.5;26.5;0.0;
24/02/2025 22:25:53;100;0;128.07;-4;-19.90;-4.85;390.6;15.40;76186;2837.393;-1801.421;1;134;-90;-91.9;43.6;43.9;14;13.5;26.5;0.0;
24/02/2025 22:26:13;100;0;131.31;-4;-20.30;-4.85;393.2;15.40;76171;2837.392;-1801.418;1;134;-90;-91.9;43.6;43.9;14;13.5;26.5;0.0;
24/02/2025 22:26:33;100;0;134.61;-4;-20.27;-4.83;395.8;15.30;76168;2837.390;-1801.416;1;134;-90;-91.9;43.6;43.9;14;13.5;26.5;0.0;
24/02/2025 22:26:53;100;0;137.62;-4;-20.48;-4.79;398.4;15.30;76166;2837.388;-1801.414;1;134;-90;-91.9;43.6;43.9;14;13.5;26.5;0.0;
24/02/2025 22:27:13;100;0;138.99;-4;-20.31;-4.78;401.2;15.30;76150;2837.386;-1801.412;1;134;-90;-93.5;43.6;43.9;14;13.5;26.5;0.0;
24/02/2025 22:27:33;100;0;140.98;-4;-20.29;-4.79;404.0;15.20;76149;2837.383;-1801.410;1;134;-90;-91.9;43.6;43.9;14;13.5;26.5;0.0;
24/02/2025 22:27:53;100;0;142.74;-4;-19.92;-4.91;406.7;15.20;76139;2837.381;-1801.408;1;134;-90;-91.9;43.6;43.9;16;15.8;26.5;0.0;
24/02/2025 22:28:13;100;0;140.49;-4;-20.17;-3.34;409.3;15.20;76130;2837.379;-1801.406;1;134;-90;-91.9;43.6;43.9;16;16.2;26.5;0.0;
24/02/2025 22:28:33;100;0;142.35;-4;-20.14;-3.18;411.9;15.10;76116;2837.377;-1801.404;1;134;-90;-91.9;43.6;43.9;16;16.7;26.5;0.0;
24/02/2025 22:28:53;100;0;143.71;-4;-20.18;-3.26;414.5;15.10;76114;2837.375;-1801.402;1;134;-90;-91.9;43.6;43.9;16;16.7;26.5;0.0;
24/02/2025 22:29:13;100;0;144.48;-4;-19.88;-3.30;417.1;15.10;76104;2837.373;-1801.401;1;134;-90;-91.9;43.6;43.9;18;18.1;26.5;0.0;
24/02/2025 22:29:33;100;0;142.55;-4;-19.87;-2.38;419.7;15.00;76098;2837.371;-1801.399;1;134;-90;-91.9;43.6;43.9;16;15.8;26.5;0.0;
24/02/2025 22:29:53;100;0;141.42;-4;-20.02;-3.83;422.3;15.00;76102;2837.369;-1801.397;1;134;-90;-91.9;43.6;43.9;16;15.8;26.5;0.0;
24/02/2025 22:30:13;100;0;139.17;-4;-20.12;-3.75;425.0;15.00;76090;2837.366;-1801.395;1;134;-90;-91.9;43.6;43.9;16;15.8;26.5;0.0;
24/02/2025 22:30:33;100;0;136.89;-4;-19.83;-3.69;427.6;15.00;76085;2837.365;-1801.393;1;134;-90;-90.3;43.6;43.9;16;15.8;26.5;0.0;
24/02/2025 22:30:53;100;0;135.24;-4;-20.03;-3.85;430.4;14.90;76079;2837.363;-1801.390;1;134;-90;-91.9;43.6;43.9;16;15.8;26.5;0.0;
24/02/2025 22:31:13;100;0;133.66;-4;-19.90;-3.83;433.1;14.90;76074;2837.361;-1801.388;1;134;-90;-91.9;43.6;43.9;16;15.8;26.5;0.0;
24/02/2025 22:31:33;100;0;133.34;-4;-20.18;-3.81;435.9;14.90;76078;2837.359;-1801.385;1;134;-90;-91.9;43.6;43.9;16;15.8;26.5;0.0;
24/02/2025 22:31:53;100;0;131.27;-4;-19.70;-3.76;438.6;14.80;76066;2837.357;-1801.383;1;134;-90;-91.9;43.6;43.9;16;15.8;26.5;0.0;
24/02/2025 22:32:13;100;0;130.15;-4;-20.02;-3.86;441.4;14.80;76065;2837.355;-1801.380;1;134;-90;-91.9;43.6;43.9;16;15.8;26.5;0.0;
24/02/2025 22:32:33;100;0;130.58;-4;-19.60;-3.82;444.2;14.80;76069;2837.354;-1801.378;1;134;-90;-91.9;43.6;43.9;14;14.0;26.5;0.0;
24/02/2025 22:32:53;100;0;134.07;-4;-19.76;-4.73;446.9;14.80;76059;2837.352;-1801.375;1;134;-90;-90.3;43.6;43.9;14;13.5;26.5;0.0;
24/02/2025 22:33:13;100;0;133.81;-4;-19.67;-4.82;449.6;14.70;76052;2837.350;-1801.373;1;134;-90;-91.9;43.6;43.9;14;14.0;26.5;0.0;
24/02/2025 22:33:33;100;0;133.80;-4;-20.00;-4.81;452.5;14.70;76053;2837.348;-1801.370;1;134;-90;-91.9;43.6;43.9;14;13.5;26.5;0.0;
24/02/2025 22:33:53;100;0;137.49;-4;-19.92;-4.79;455.3;14.70;76038;2837.346;-1801.368;1;134;-90;-91.9;43.6;43.9;14;14.0;26.5;0.0;
24/02/2025 22:34:13;100;0;135.32;-4;-19.86;-4.82;458.2;14.70;76024;2837.344;-1801.366;1;134;-90;-91.9;43.6;43.9;14;13.5;26.4;0.0;
24/02/2025 22:34:33;100;0;133.29;-4;-19.73;-4.94;461.0;14.60;76021;2837.342;-1801.363;1;134;-90;-91.9;43.6;43.9;14;13.5;26.5;0.0;
24/02/2025 22:34:53;100;0;132.21;-4;-20.27;-4.75;463.9;14.60;76019;2837.340;-1801.360;1;134;-90;-91.9;43.6;43.9;14;13.5;26.5;0.0;
24/02/2025 22:35:13;100;0;134.02;-4;-19.89;-4.75;466.7;14.60;76012;2837.338;-1801.358;1;134;-90;-91.9;43.6;43.9;14;13.5;26.5;0.0;
24/02/2025 22:35:33;100;0;131.83;-4;-13.91;-4.79;469.4;14.50;76003;2837.336;-1801.355;1;134;-90;-91.9;45.4;45.4;14;14.0;26.5;0.0;
24/02/2025 22:35:53;100;0;130.36;-4;-22.33;-4.83;472.1;14.50;76010;2837.334;-1801.353;1;134;-90;-91.9;44.7;44.6;14;13.5;26.5;0.0;
24/02/2025 22:36:13;100;0;130.24;-4;-22.26;-4.80;475.2;14.50;75992;2837.332;-1801.350;1;134;-90;-91.9;44.0;44.0;14;13.5;26.5;0.0;
24/02/2025 22:36:33;100;0;129.50;-4;-20.63;-4.86;478.3;14.50;75986;2837.330;-1801.347;1;134;-90;-91.9;44.0;43.9;14;13.5;26.5;0.0;
24/02/2025 22:36:53;100;0;130.04;-4;-20.07;-4.77;481.2;14.40;75980;2837.328;-1801.344;1;134;-90;-91.9;44.0;43.9;14;13.5;26.5;0.0;
24/02/2025 22:37:13;100;0;129.74;-4;-20.16;-4.76;484.1;14.40;75980;2837.327;-1801.342;1;134;-90;-91.9;44.0;43.9;14;13.5;26.5;0.0;
24/02/2025 22:37:33;100;0;129.86;-4;-20.09;-4.87;486.9;14.40;75984;2837.325;-1801.339;1;134;-90;-93.5;44.0;43.9;14;13.5;26.5;0.0;
24/02/2025 22:37:53;100;0;130.87;-4;-20.53;-4.87;489.8;14.30;75972;2837.323;-1801.336;1;134;-90;-91.9;44.0;43.9;14;13.5;26.5;0.0;
24/02/2025 22:38:13;100;0;132.59;-4;-20.57;-4.86;492.6;14.30;75961;2837.321;-1801.334;1;134;-90;-90.3;44.0;43.9;14;13.5;26.5;0.0;
24/02/2025 22:38:33;100;0;134.99;-4;-20.84;-4.85;495.5;14.30;75963;2837.319;-1801.332;1;134;-90;-91.9;44.0;43.9;14;13.5;26.5;0.0;
24/02/2025 22:38:53;100;0;135.12;-4;-20.19;-4.80;498.4;14.30;75959;2837.317;-1801.329;1;134;-90;-91.9;44.0;43.9;14;14.0;26.5;0.0;
24/02/2025 22:39:13;100;0;138.95;-4;-20.55;-4.81;501.2;14.20;75948;2837.315;-1801.327;1;134;-90;-91.9;44.0;43.9;14;13.5;26.5;0.0;
24/02/2025 22:39:33;100;0;140.33;-4;-20.63;-4.80;504.0;14.20;75948;2837.313;-1801.325;1;134;-90;-90.3;44.0;43.9;14;13.5;26.5;0.0;
24/02/2025 22:39:53;100;0;141.13;-4;-20.59;-4.78;506.7;14.20;75944;2837.311;-1801.323;1;134;-90;-91.9;44.0;43.7;14;13.5;26.5;0.0;
24/02/2025 22:40:13;100;0;140.92;-4;-19.80;-4.81;509.5;14.20;75937;2837.309;-1801.321;1;134;-90;-91.9;44.0;43.9;14;13.5;26.4;0.0;
24/02/2025 22:40:33;100;0;141.99;-4;-20.30;-4.80;512.3;14.10;75930;2837.306;-1801.319;1;134;-90;-91.9;44.0;43.7;14;14.0;26.5;0.0;
24/02/2025 22:40:53;100;0;142.99;-4;-20.12;-4.82;514.9;14.10;75933;2837.304;-1801.317;1;134;-90;-91.9;44.0;43.9;16;15.8;26.5;0.0;
24/02/2025 22:41:13;100;0;142.87;-4;-20.38;-3.55;517.4;14.10;75926;2837.302;-1801.315;1;134;-90;-91.9;44.0;43.7;16;16.2;26.5;0.0;
24/02/2025 22:41:33;100;0;142.86;-4;-20.02;-3.62;519.9;14.10;75916;2837.300;-1801.314;1;134;-90;-91.9;44.0;43.9;16;16.2;26.5;0.0;
24/02/2025 22:41:53;100;0;142.89;-4;-20.09;-3.64;522.1;14.10;75922;2837.298;-1801.312;1;134;-90;-91.9;44.0;43.7;16;16.2;26.5;0.0;
24/02/2025 22:42:13;100;0;142.76;-4;-19.97;-3.66;524.5;14.00;75908;2837.297;-1801.311;1;134;-90;-91.9;44.0;43.9;16;16.2;26.5;0.0;
24/02/2025 22:42:33;100;0;140.39;-4;-20.31;-3.63;526.8;14.00;75903;2837.295;-1801.309;1;134;-90;-91.9;44.0;43.9;16;16.2;26.5;0.0;
24/02/2025 22:42:53;100;0;139.04;-4;-20.28;-3.63;529.1;14.00;75905;2837.293;-1801.307;1;134;-90;-91.9;44.0;43.7;16;16.2;26.5;0.0;
24/02/2025 22:43:13;100;0;137.09;-4;-20.24;-3.62;531.4;13.90;75893;2837.292;-1801.305;1;134;-90;-91.9;44.0;43.9;16;16.2;26.5;0.0;
24/02/2025 22:43:33;100;0;135.68;-4;-19.76;-3.65;533.8;13.90;75889;2837.290;-1801.303;1;134;-90;-90.3;44.0;43.9;16;16.2;26.5;0.0;
24/02/2025 22:43:53;100;0;136.30;-4;-19.68;-3.72;535.9;13.90;75896;2837.288;-1801.302;1;134;-90;-91.9;44.0;43.7;16;16.2;26.5;0.0;
24/02/2025 22:44:13;100;0;137.34;-4;-19.89;-3.67;538.0;13.90;75885;2837.287;-1801.300;1;134;-90;-91.9;44.0;43.9;16;16.2;26.5;0.0;
24/02/2025 22:44:33;100;0;138.55;-4;-19.93;-3.63;540.1;13.80;75881;2837.286;-1801.298;1;134;-90;-93.5;44.0;43.7;16;16.2;26.5;0.0;
24/02/2025 22:44:53;100;0;139.72;-4;-20.10;-3.60;542.3;13.80;75867;2837.284;-1801.297;1;134;-90;-93.5;44.0;43.7;16;16.2;26.5;0.0;
24/02/2025 22:45:13;100;0;140.31;-4;-20.09;-3.58;544.6;13.80;75864;2837.282;-1801.295;1;134;-90;-91.9;44.0;43.9;16;16.2;26.5;0.0;
24/02/2025 22:45:34;100;0;140.87;-4;-20.21;-3.61;546.8;13.80;75854;2837.281;-1801.294;1;134;-90;-91.9;44.0;43.9;16;16.2;26.4;0.0;
24/02/2025 22:45:54;100;0;141.31;-4;-20.07;-3.61;548.9;13.70;75849;2837.279;-1801.292;1;134;-90;-93.5;44.0;43.9;16;16.2;26.5;0.0;
24/02/2025 22:46:14;100;0;141.55;-4;-20.09;-3.64;551.0;13.70;75846;2837.277;-1801.291;1;134;-90;-91.9;44.0;43.9;16;16.2;26.5;0.0;
24/02/2025 22:46:34;100;0;142.19;-4;-20.22;-3.57;553.1;13.70;75857;2837.276;-1801.289;1;134;-90;-91.9;44.0;43.7;16;16.2;26.5;0.0;
24/02/2025 22:46:54;100;0;141.60;-4;-19.99;-3.62;555.3;13.70;75853;2837.274;-1801.288;1;134;-90;-90.3;44.0;43.9;16;15.8;26.5;0.0;
24/02/2025 22:47:14;100;0;140.53;-4;-19.98;-3.61;557.4;13.70;75848;2837.273;-1801.287;1;134;-90;-91.9;44.0;43.9;16;16.2;26.5;0.0;
24/02/2025 22:47:34;100;0;138.05;-4;-19.98;-3.68;559.3;13.60;75836;2837.271;-1801.285;1;134;-110;-109.7;44.0;43.9;16;16.2;26.5;0.0;
24/02/2025 22:47:54;100;0;136.63;-4;-19.76;-3.57;561.5;13.60;75879;2837.270;-1801.283;1;134;-110;-111.3;44.0;43.9;16;16.2;26.5;0.0;
24/02/2025 22:48:14;100;0;135.84;-4;-19.71;-3.54;563.7;13.60;75872;2837.268;-1801.282;1;134;-110;-111.3;44.0;43.9;16;15.8;26.5;0.0;
24/02/2025 22:48:34;100;0;135.13;-4;-20.14;-3.61;565.8;13.60;75878;2837.267;-1801.280;1;134;-110;-111.3;44.0;43.9;16;16.2;26.5;0.0;
24/02/2025 22:48:54;100;0;133.89;-4;-20.18;-3.51;568.1;13.50;75872;2837.266;-1801.278;1;134;-110;-111.3;44.0;43.7;16;16.2;26.5;0.0;
24/02/2025 22:49:14;100;0;130.55;-4;-19.79;-3.62;570.5;13.50;75869;2837.264;-1801.276;1;134;-110;-109.7;44.0;43.9;16;16.2;26.5;0.0;
24/02/2025 22:49:34;100;0;129.07;-4;-19.38;-3.59;572.6;13.50;75862;2837.263;-1801.274;1;134;-110;-111.3;44.0;43.7;14;14.0;26.5;0.0;
24/02/2025 22:49:54;100;0;126.95;-4;-19.52;-4.66;574.8;13.50;75860;2837.262;-1801.272;1;134;-110;-111.3;44.0;43.9;14;14.0;26.5;0.0;
24/02/2025 22:50:14;100;0;126.61;-4;-19.61;-4.61;576.9;13.50;75858;2837.261;-1801.270;1;134;-110;-111.3;44.0;43.9;12;11.7;26.5;0.0;
24/02/2025 22:50:34;100;0;126.89;-4;-19.39;-5.83;579.3;13.40;75862;2837.259;-1801.267;1;134;-110;-111.3;44.0;43.7;12;11.7;26.5;0.0;
24/02/2025 22:50:54;100;0;128.40;-4;-19.39;-5.87;581.3;13.40;75844;2837.258;-1801.265;1;134;-110;-111.3;44.0;43.9;12;11.7;26.5;0.0;
24/02/2025 22:51:14;100;0;128.05;-4;-19.52;-5.89;583.7;13.40;75842;2837.257;-1801.263;1;134;-110;-112.9;44.0;43.9;12;11.7;26.5;0.0;
24/02/2025 22:51:34;100;0;129.66;-4;-19.79;-5.70;585.9;13.40;75832;2837.256;-1801.261;1;134;-110;-111.3;44.0;43.7;14;14.0;26.5;0.0;
24/02/2025 22:51:54;100;0;131.42;-4;-20.04;-4.35;588.4;13.30;75831;2837.254;-1801.259;1;134;-110;-111.3;44.0;43.7;14;14.4;26.5;0.0;
24/02/2025 22:52:14;100;0;130.01;-4;-19.59;-4.37;590.9;13.30;75815;2837.253;-1801.257;1;134;-110;-111.3;44.0;43.9;14;14.4;26.5;0.0;
24/02/2025 22:52:34;100;0;128.87;-4;-19.63;-4.39;593.3;13.30;75827;2837.251;-1801.254;1;134;-110;-111.3;44.0;43.7;14;14.4;26.5;0.0;
24/02/2025 22:52:54;100;0;129.69;-4;-19.68;-4.41;595.7;13.30;75817;2837.250;-1801.252;1;134;-110;-111.3;44.0;43.9;14;14.4;26.4;0.0;
24/02/2025 22:53:14;100;0;129.62;-4;-19.89;-4.36;598.3;13.30;75815;2837.248;-1801.250;1;134;-110;-111.3;44.0;43.9;14;14.4;26.5;0.0;
24/02/2025 22:53:34;100;0;129.58;-4;-19.92;-4.36;600.8;13.30;75810;2837.247;-1801.247;1;134;-110;-111.3;44.0;43.7;14;14.0;26.5;0.0;
24/02/2025 22:53:54;100;0;128.95;-4;-20.12;-4.23;603.4;13.20;75806;2837.245;-1801.245;1;134;-110;-111.3;44.0;43.9;14;14.0;26.5;0.0;
24/02/2025 22:54:14;100;0;130.30;-4;-20.17;-4.32;606.0;13.20;75802;2837.243;-1801.242;1;134;-110;-111.3;44.0;43.7;14;14.4;26.5;0.0;
24/02/2025 22:54:34;100;0;133.44;-4;-19.98;-4.16;608.7;13.20;75789;2837.242;-1801.240;1;134;-110;-111.3;44.0;43.7;14;14.4;26.5;0.0;
24/02/2025 22:54:54;100;0;135.04;-4;-19.58;-4.40;611.4;13.10;75773;2837.240;-1801.238;1;134;-110;-111.3;44.0;43.9;14;14.4;26.4;0.0;
24/02/2025 22:55:14;100;0;132.87;-4;-19.35;-4.42;613.9;13.10;75766;2837.238;-1801.235;1;134;-110;-109.7;44.0;43.7;14;14.4;26.5;0.0;
24/02/2025 22:55:34;100;0;131.48;-4;-19.22;-4.44;616.4;13.10;75751;2837.236;-1801.233;1;134;-110;-111.3;44.0;43.7;14;14.0;26.5;0.0;
24/02/2025 22:55:54;100;0;130.13;-4;-19.18;-4.52;618.8;13.10;75751;2837.235;-1801.231;1;134;-110;-111.3;44.0;43.9;14;14.4;26.5;0.0;
24/02/2025 22:56:14;100;0;129.87;-4;-19.12;-4.36;621.4;13.10;75750;2837.233;-1801.228;1;134;-110;-111.3;44.0;43.7;14;14.4;26.5;0.0;
24/02/2025 22:56:34;100;0;129.92;-4;-19.32;-4.38;623.9;13.00;75744;2837.232;-1801.226;1;134;-110;-112.9;44.0;43.7;14;14.0;26.5;0.0;
24/02/2025 22:56:54;100;0;129.73;-4;-19.12;-4.33;626.5;13.00;75736;2837.230;-1801.223;1;134;-110;-111.3;44.0;43.7;14;14.4;26.5;0.0;
24/02/2025 22:57:14;100;0;128.84;-4;-19.13;-4.41;628.9;13.00;75741;2837.228;-1801.221;1;134;-110;-111.3;44.0;43.9;14;14.4;26.5;0.0;
24/02/2025 22:57:34;100;0;130.28;-4;-19.44;-4.41;631.5;13.00;75720;2837.227;-1801.218;1;134;-110;-111.3;44.0;43.9;14;14.0;26.4;0.0;
24/02/2025 22:57:54;100;0;131.15;-4;-19.36;-4.40;634.3;12.90;75713;2837.225;-1801.216;1;134;-110;-109.7;44.0;43.9;14;14.4;26.5;0.0;
24/02/2025 22:58:14;100;0;131.82;-4;-19.13;-4.42;637.2;12.90;75707;2837.223;-1801.213;1;134;-110;-111.3;44.0;43.9;14;14.4;26.5;0.0;
24/02/2025 22:58:34;100;0;131.57;-4;-19.14;-4.40;639.8;12.90;75691;2837.221;-1801.211;1;134;-110;-111.3;44.0;43.7;14;14.4;26.5;0.0;
24/02/2025 22:58:54;100;0;131.40;-4;-19.22;-4.43;642.7;12.90;75697;2837.219;-1801.208;1;134;-110;-109.7;44.0;43.7;14;14.0;26.5;0.0;
24/02/2025 22:59:14;100;0;131.85;-4;-19.35;-4.42;645.4;12.80;75685;2837.217;-1801.205;1;134;-110;-111.3;44.0;43.7;14;14.4;26.4;0.0;
24/02/2025 22:59:34;100;0;132.74;-4;-19.43;-4.36;648.4;12.80;75683;2837.215;-1801.202;1;134;-110;-111.3;44.0;43.9;14;14.4;26.5;0.0;
24/02/2025 22:59:54;100;0;132.38;-4;-19.41;-4.44;651.2;12.80;75673;2837.213;-1801.200;1;134;-110;-111.3;44.0;43.7;14;14.4;26.5;0.0;
24/02/2025 23:00:14;100;0;132.23;-4;-19.33;-4.45;654.2;12.80;75674;2837.211;-1801.197;1;134;-110;-111.3;44.0;43.7;14;14.4;26.4;0.0;
24/02/2025 23:00:34;100;0;132.78;-4;-19.40;-4.39;657.2;12.70;75656;2837.209;-1801.194;1;134;-110;-111.3;44.0;43.9;14;14.4;26.5;0.0;
24/02/2025 23:00:54;100;0;133.96;-4;-19.23;-4.40;660.2;12.70;75654;2837.206;-1801.191;1;134;-110;-111.3;44.0;43.7;14;14.4;26.5;0.0;
24/02/2025 23:01:14;100;0;136.66;-4;-19.34;-4.37;663.2;12.70;75646;2837.204;-1801.189;1;134;-110;-111.3;44.0;43.9;14;14.4;26.5;0.0;
24/02/2025 23:01:34;100;0;140.97;-4;-19.22;-4.51;666.3;12.70;75645;2837.202;-1801.186;1;134;-110;-112.9;44.0;43.7;14;14.4;26.5;0.0;
24/02/2025 23:01:54;100;0;143.59;-4;-19.36;-4.25;669.5;12.60;75643;2837.199;-1801.184;1;134;-110;-111.3;44.0;43.7;16;15.8;26.5;0.0;
24/02/2025 23:02:14;100;0;143.96;-4;-19.56;-3.36;672.5;12.60;75636;2837.196;-1801.182;1;134;-110;-111.3;44.0;43.9;16;16.7;26.4;0.0;
24/02/2025 23:02:34;100;0;143.51;-4;-19.63;-3.33;675.6;12.60;75637;2837.193;-1801.179;1;134;-110;-111.3;44.0;43.7;16;16.7;26.5;0.0;
24/02/2025 23:02:54;100;0;142.73;-4;-19.67;-3.28;678.7;12.60;75624;2837.191;-1801.177;1;134;-110;-111.3;44.0;43.9;16;16.7;26.5;0.0;
24/02/2025 23:03:14;100;0;142.87;-4;-19.59;-3.30;681.9;12.50;75625;2837.188;-1801.175;1;134;-110;-112.9;44.0;43.7;16;16.7;26.4;0.0;
24/02/2025 23:03:34;100;0;141.75;-4;-19.36;-3.33;685.1;12.50;75610;2837.185;-1801.172;1;134;-110;-111.3;44.0;43.7;16;16.7;26.5;0.0;
24/02/2025 23:03:54;100;0;136.41;-4;-19.17;-3.34;688.3;12.50;75611;2837.183;-1801.169;1;134;-110;-109.7;44.0;43.7;16;16.7;26.5;0.0;
24/02/2025 23:04:14;100;0;133.95;-4;-19.10;-3.38;691.2;12.50;75605;2837.181;-1801.167;1;134;-110;-111.3;44.0;43.9;16;16.7;26.4;0.0;
24/02/2025 23:04:34;100;0;133.12;-4;-19.43;-3.31;694.3;12.40;75584;2837.178;-1801.164;1;134;-110;-111.3;44.0;43.7;14;14.0;26.5;0.0;
24/02/2025 23:04:54;100;0;132.56;-4;-18.84;-4.92;697.3;12.40;75587;2837.176;-1801.161;1;134;-110;-111.3;44.4;44.3;14;13.5;26.5;0.0;
24/02/2025 23:05:14;100;0;133.10;-4;-19.97;-4.86;700.4;12.40;75583;2837.174;-1801.158;1;134;-110;-111.3;44.4;44.5;14;13.5;26.5;0.0;
24/02/2025 23:05:34;100;0;131.24;-4;-19.73;-4.80;703.5;12.40;75584;2837.172;-1801.155;1;134;-110;-111.3;44.4;44.5;14;13.5;26.4;0.0;
24/02/2025 23:05:54;100;0;130.94;-4;-19.98;-4.71;706.6;12.30;75574;2837.170;-1801.152;1;134;-110;-111.3;44.4;44.5;14;13.5;26.5;0.0;
24/02/2025 23:06:14;100;0;131.08;-4;-20.06;-4.84;709.7;12.30;75571;2837.168;-1801.149;1;134;-110;-111.3;44.4;44.5;14;13.5;26.5;0.0;
24/02/2025 23:06:34;100;0;129.32;-4;-19.90;-4.83;712.8;12.30;75562;2837.166;-1801.146;1;134;-110;-111.3;44.4;44.5;14;13.5;26.5;0.0;
24/02/2025 23:06:54;100;0;128.48;-4;-19.81;-4.86;716.0;12.30;75556;2837.164;-1801.143;1;134;-110;-111.3;44.4;44.5;14;13.5;26.5;0.0;
24/02/2025 23:07:14;100;0;128.27;-4;-20.23;-4.96;719.0;12.30;75567;2837.162;-1801.140;1;134;-110;-111.3;44.4;44.5;14;13.5;26.5;0.0;
24/02/2025 23:07:34;100;0;128.38;-4;-19.76;-4.89;722.0;12.20;75545;2837.160;-1801.137;1;134;-110;-111.3;44.4;44.5;14;13.5;26.5;0.0;
24/02/2025 23:07:54;100;0;129.83;-4;-19.44;-4.85;725.0;12.20;75539;2837.158;-1801.134;1;134;-110;-111.3;44.4;44.6;14;13.5;26.5;0.0;
24/02/2025 23:08:14;100;0;132.70;-4;-19.53;-4.74;728.0;12.20;75542;2837.156;-1801.131;1;134;-110;-109.7;44.4;44.5;14;13.5;26.4;0.0;
24/02/2025 23:08:34;100;0;137.52;-4;-19.63;-4.85;731.0;12.10;75522;2837.154;-1801.129;1;134;-110;-111.3;44.4;44.6;14;13.5;26.5;0.0;
24/02/2025 23:08:54;100;0;142.02;-4;-19.42;-4.86;734.0;12.10;75524;2837.151;-1801.127;1;134;-110;-111.3;44.4;44.5;14;13.5;26.5;0.0;
24/02/2025 23:09:14;100;0;142.39;-4;-19.75;-4.82;736.9;12.10;75514;2837.149;-1801.125;1;134;-110;-111.3;44.4;44.6;16;16.2;26.5;0.0;
24/02/2025 23:09:34;100;0;142.76;-4;-20.08;-3.22;739.8;12.10;75494;2837.146;-1801.122;1;134;-110;-112.9;44.4;44.5;16;16.7;26.5;0.0;
24/02/2025 23:09:54;100;0;141.54;-4;-20.18;-3.19;743.0;12.00;75506;2837.144;-1801.120;1;134;-110;-111.3;44.4;44.6;16;16.7;26.5;0.0;
24/02/2025 23:10:14;100;0;142.87;-4;-20.00;-3.14;746.0;12.00;75488;2837.141;-1801.118;1;134;-110;-111.3;44.4;44.5;16;16.7;26.4;0.0;
24/02/2025 23:10:34;100;0;144.93;-4;-20.24;-3.18;749.1;12.00;75487;2837.138;-1801.116;1;134;-110;-111.3;44.4;44.5;18;18.1;26.5;0.0;
24/02/2025 23:10:54;100;0;146.31;-4;-20.37;-2.33;752.1;12.00;75496;2837.136;-1801.114;1;134;-110;-109.7;44.4;44.5;18;18.5;26.5;0.0;
24/02/2025 23:11:14;100;0;145.45;-4;-20.22;-2.30;755.2;11.90;75484;2837.133;-1801.112;1;134;-110;-111.3;44.4;44.6;18;18.5;26.4;0.0;
24/02/2025 23:11:34;100;0;146.35;-4;-19.93;-2.36;758.2;11.90;75482;2837.130;-1801.110;1;134;-110;-111.3;44.4;44.5;18;18.5;26.4;0.0;
24/02/2025 23:11:54;100;0;147.03;-4;-20.06;-2.30;761.2;11.90;75473;2837.128;-1801.108;1;134;-110;-111.3;44.4;44.5;20;20.3;26.5;0.0;
24/02/2025 23:12:14;100;0;148.42;-4;-19.83;-1.48;764.2;11.90;75458;2837.125;-1801.106;1;134;-110;-111.3;44.4;44.5;20;20.3;26.4;0.0;
24/02/2025 23:12:34;100;0;147.88;-4;-19.97;-1.45;767.2;11.80;75462;2837.122;-1801.104;1;134;-110;-111.3;44.4;44.5;20;20.3;26.4;0.0;
24/02/2025 23:12:54;100;0;145.69;-4;-20.35;-1.47;770.0;11.80;75453;2837.120;-1801.102;1;134;-110;-109.7;44.4;44.5;18;18.1;26.5;0.0;
24/02/2025 23:13:14;100;0;144.31;-4;-20.01;-2.78;773.0;11.80;75453;2837.117;-1801.100;1;134;-110;-109.7;44.4;44.6;18;17.6;26.5;0.0;
24/02/2025 23:13:34;100;0;142.30;-4;-20.09;-2.78;776.0;11.80;75463;2837.115;-1801.098;1;134;-110;-111.3;44.4;44.6;16;15.8;26.5;0.0;
24/02/2025 23:13:54;100;0;140.86;-4;-19.76;-3.74;778.9;11.70;75442;2837.112;-1801.096;1;134;-110;-111.3;44.4;44.6;16;15.8;26.4;0.0;
24/02/2025 23:14:14;100;0;140.51;-4;-19.71;-3.75;781.8;11.70;75436;2837.110;-1801.094;1;134;-110;-114.5;44.4;44.6;16;15.8;26.5;0.0;
24/02/2025 23:14:34;100;0;140.72;-4;-20.10;-3.72;784.8;11.70;75446;2837.108;-1801.091;1;134;-110;-114.5;44.4;44.5;16;15.8;26.5;0.0;
24/02/2025 23:14:54;100;0;139.81;-4;-19.87;-3.71;787.7;11.70;75445;2837.105;-1801.089;1;134;-110;-111.3;44.4;44.5;16;15.8;26.5;0.0;
24/02/2025 23:15:14;100;0;140.58;-4;-19.72;-3.77;790.7;11.70;75432;2837.103;-1801.087;1;134;-110;-111.3;44.4;44.8;16;15.8;26.5;0.0;
24/02/2025 23:15:34;100;0;141.85;-4;-19.68;-3.79;793.6;11.60;75433;2837.101;-1801.085;1;134;-110;-111.3;44.4;44.5;16;15.8;26.5;0.0;
24/02/2025 23:15:54;100;0;143.19;-4;-19.62;-3.76;796.4;11.60;75419;2837.098;-1801.083;1;134;-110;-111.3;44.4;44.5;16;15.8;26.5;0.0;
24/02/2025 23:16:14;100;0;145.42;-4;-19.18;-3.78;799.2;11.60;75414;2837.096;-1801.081;1;134;-110;-111.3;44.4;44.5;19;19.0;26.5;0.0;
24/02/2025 23:16:34;100;0;144.74;-4;-19.85;-1.96;802.0;11.60;75406;2837.093;-1801.079;1;134;-110;-111.3;44.4;44.6;17;17.1;26.4;0.0;
24/02/2025 23:16:54;100;0;145.81;-4;-19.57;-3.30;804.8;11.50;75404;2837.091;-1801.077;1;134;-110;-111.3;44.4;44.6;17;17.1;26.5;0.0;
24/02/2025 23:17:14;100;0;148.29;-4;-19.62;-3.21;807.5;11.50;75390;2837.088;-1801.076;1;134;-110;-111.3;44.4;44.6;21;21.2;26.5;0.0;
24/02/2025 23:17:34;100;0;146.69;-4;-19.78;-0.75;810.5;11.50;75387;2837.086;-1801.074;1;134;-110;-109.7;44.4;44.6;21;21.7;26.5;0.0;
24/02/2025 23:17:54;100;0;144.65;-4;-19.64;-0.83;813.4;11.50;75384;2837.083;-1801.072;1;134;-110;-111.3;44.4;44.6;18;18.1;26.5;0.0;
24/02/2025 23:18:14;100;0;142.25;-4;-19.59;-2.68;816.2;11.50;75374;2837.081;-1801.070;1;134;-110;-111.3;44.4;44.6;16;15.8;26.5;0.0;
24/02/2025 23:18:34;100;0;140.07;-4;-19.60;-3.91;819.2;11.40;75372;2837.079;-1801.067;1;134;-110;-111.3;44.4;44.5;16;15.8;26.5;0.0;
24/02/2025 23:18:54;100;0;138.54;-4;-19.44;-3.84;822.2;11.40;75362;2837.076;-1801.065;1;134;-110;-111.3;44.4;44.5;16;15.8;26.4;0.0;
24/02/2025 23:19:14;100;0;137.48;-4;-19.63;-3.78;825.0;11.40;75363;2837.074;-1801.063;1;134;-110;-109.7;44.4;44.5;16;15.8;26.5;0.0;
24/02/2025 23:19:34;100;0;136.61;-4;-19.61;-3.70;828.0;11.40;75354;2837.072;-1801.060;1;134;-110;-111.3;44.4;44.5;16;15.8;26.5;0.0;
24/02/2025 23:19:54;100;0;135.76;-4;-19.42;-3.76;831.0;11.30;75357;2837.069;-1801.057;1;134;-110;-111.3;44.4;44.5;16;15.8;26.5;0.0;
24/02/2025 23:20:14;100;0;133.74;-4;-19.54;-3.78;833.9;11.30;75353;2837.067;-1801.055;1;134;-110;-111.3;44.4;44.6;16;15.8;26.4;0.0;
24/02/2025 23:20:34;100;0;132.02;-4;-19.60;-3.82;836.9;11.30;75347;2837.065;-1801.052;1;134;-110;-111.3;44.4;44.6;16;15.8;26.4;0.0;
24/02/2025 23:20:54;100;0;130.52;-4;-19.71;-3.73;839.9;11.30;75347;2837.063;-1801.049;1;134;-110;-111.3;44.4;44.6;16;15.8;26.5;0.0;
24/02/2025 23:21:15;100;0;128.46;-4;-19.47;-3.75;842.9;11.20;75343;2837.061;-1801.046;1;134;-110;-111.3;44.4;44.5;14;14.0;26.4;0.0;
24/02/2025 23:21:35;100;0;126.89;-4;-19.44;-4.65;845.8;11.20;75346;2837.060;-1801.043;1;134;-110;-111.3;44.4;44.6;14;14.0;26.5;0.0;
24/02/2025 23:21:55;100;0;126.41;-4;-19.16;-4.68;848.8;11.20;75340;2837.058;-1801.040;1;134;-110;-111.3;44.4;44.5;14;14.0;26.5;0.0;
24/02/2025 23:22:15;100;0;129.14;-4;-19.15;-4.82;851.7;11.20;75338;2837.056;-1801.037;1;134;-110;-111.3;44.4;44.5;14;14.0;26.5;0.0;
24/02/2025 23:22:35;100;0;129.05;-4;-19.29;-4.75;854.7;11.20;75322;2837.054;-1801.034;1;134;-110;-109.7;44.4;44.5;14;14.0;26.5;0.0;
24/02/2025 23:22:55;100;0;131.03;-4;-19.28;-4.75;857.6;11.10;75324;2837.052;-1801.031;1;134;-110;-109.7;44.4;44.5;14;14.0;26.5;0.0;
24/02/2025 23:23:15;100;0;130.24;-4;-19.64;-4.60;860.4;11.10;75316;2837.050;-1801.028;1;134;-110;-111.3;44.4;44.6;14;14.0;26.4;0.0;
24/02/2025 23:23:35;100;0;130.47;-4;-19.03;-4.78;863.4;11.10;75307;2837.048;-1801.025;1;134;-110;-111.3;44.4;44.6;14;14.0;26.4;0.0;
24/02/2025 23:23:55;100;0;127.15;-4;-18.99;-5.01;866.2;11.10;75309;2837.046;-1801.023;1;134;-110;-111.3;44.7;44.6;14;14.0;26.5;0.0;
24/02/2025 23:24:15;100;0;125.30;-4;-18.90;-4.76;869.1;11.00;75306;2837.045;-1801.020;1;134;-110;-111.3;45.0;45.1;12;12.2;26.5;0.0;
24/02/2025 23:24:35;100;0;124.12;-4;-20.18;-5.73;872.1;11.00;75284;2837.043;-1801.016;1;134;-110;-111.3;45.0;45.2;12;12.2;26.5;0.0;
24/02/2025 23:24:55;100;0;124.66;-4;-20.70;-5.78;875.0;11.00;75285;2837.042;-1801.013;1;134;-110;-111.3;45.0;45.2;12;12.2;26.5;0.0;
24/02/2025 23:25:15;100;0;124.68;-4;-21.12;-5.58;878.1;11.00;75289;2837.040;-1801.010;1;134;-110;-111.3;45.0;45.2;12;12.2;26.5;0.0;
24/02/2025 23:25:35;100;0;121.98;-4;-20.47;-5.74;880.9;11.00;75273;2837.039;-1801.007;1;134;-110;-111.3;45.0;45.4;7;7.2;26.4;0.0;
24/02/2025 23:25:55;100;0;127.22;-4;-20.19;-7.98;883.9;10.90;75261;2837.037;-1801.004;1;134;-110;-111.3;45.0;45.4;13;13.1;26.4;0.0;
24/02/2025 23:26:15;100;0;130.62;-4;-20.98;-4.84;886.7;10.90;75261;2837.035;-1801.002;1;134;-110;-112.9;45.0;45.4;13;13.5;26.5;0.0;
24/02/2025 23:26:35;100;0;132.18;-4;-21.29;-4.83;889.5;10.90;75258;2837.033;-1800.999;1;134;-110;-111.3;45.0;45.2;15;14.9;26.5;0.0;
24/02/2025 23:26:55;100;0;132.36;-4;-20.97;-3.82;892.5;10.90;75252;2837.031;-1800.997;1;134;-110;-111.3;45.0;45.2;15;15.3;26.4;0.0;
24/02/2025 23:27:15;100;0;133.64;-4;-21.11;-3.96;895.4;10.90;75258;2837.030;-1800.994;1;134;-110;-111.3;45.0;45.4;15;15.3;26.5;0.0;
24/02/2025 23:27:35;100;0;134.84;-4;-20.86;-3.86;898.2;10.80;75251;2837.028;-1800.992;1;134;-110;-109.7;45.0;45.2;15;15.3;26.4;0.0;
24/02/2025 23:27:55;100;0;136.49;-4;-20.96;-3.93;900.9;10.80;75247;2837.026;-1800.990;1;134;-110;-111.3;45.0;45.2;15;15.3;26.4;0.0;
24/02/2025 23:28:15;100;0;136.53;-4;-21.42;-3.92;903.7;10.80;75242;2837.024;-1800.988;1;134;-110;-111.3;45.0;45.4;15;15.3;26.5;0.0;
24/02/2025 23:28:35;100;0;139.14;-4;-21.11;-3.87;906.5;10.80;75243;2837.022;-1800.986;1;134;-110;-111.3;45.0;45.4;15;15.3;26.5;0.0;
24/02/2025 23:28:55;100;0;140.49;-4;-21.32;-4.03;909.3;10.70;75242;2837.020;-1800.984;1;134;-110;-111.3;45.0;45.4;15;15.3;26.4;0.0;
24/02/2025 23:29:15;100;0;140.01;-4;-21.05;-3.99;911.9;10.70;75242;2837.018;-1800.982;1;134;-110;-111.3;45.0;45.2;15;15.3;26.5;0.0;
24/02/2025 23:29:35;100;0;140.08;-4;-21.13;-3.95;914.4;10.70;75246;2837.016;-1800.980;1;134;-110;-111.3;45.0;45.4;15;15.3;26.5;0.0;
24/02/2025 23:29:55;100;0;141.62;-4;-20.87;-3.96;916.9;10.70;75236;2837.014;-1800.978;1;134;-110;-111.3;45.0;45.2;15;15.3;26.5;0.0;
24/02/2025 23:30:15;100;0;142.26;-4;-20.76;-4.02;919.5;10.70;75240;2837.012;-1800.976;1;134;-110;-112.9;45.0;45.2;15;15.3;26.5;0.0;
24/02/2025 23:30:35;100;0;143.11;-4;-20.83;-4.00;922.0;10.70;75219;2837.010;-1800.975;1;134;-110;-111.3;45.0;45.4;15;15.3;26.5;0.0;
24/02/2025 23:30:55;100;0;143.34;-4;-20.69;-3.96;924.4;10.60;75226;2837.008;-1800.973;1;134;-110;-111.3;45.0;45.4;15;15.3;26.5;0.0;
24/02/2025 23:31:15;100;0;143.13;-4;-20.70;-4.01;926.8;10.60;75226;2837.006;-1800.972;1;134;-110;-111.3;45.0;45.4;15;15.3;26.4;0.0;
24/02/2025 23:31:35;100;0;142.39;-4;-21.46;-3.99;929.2;10.60;75214;2837.005;-1800.970;1;134;-110;-111.3;45.0;45.4;15;15.3;26.4;0.0;
24/02/2025 23:31:55;100;0;142.57;-4;-20.43;-4.02;931.6;10.60;75218;2837.003;-1800.968;1;134;-110;-111.3;45.0;45.4;15;15.3;26.5;0.0;
24/02/2025 23:32:15;100;0;142.71;-4;-20.00;-4.03;933.9;10.60;75212;2837.001;-1800.967;1;134;-110;-111.3;45.0;45.2;15;15.3;26.5;0.0;
24/02/2025 23:32:35;100;0;143.42;-4;-20.64;-4.02;936.2;10.50;75214;2836.999;-1800.965;1;134;-110;-112.9;45.0;45.4;15;15.3;26.5;0.0;
24/02/2025 23:32:55;100;0;142.16;-4;-20.39;-4.02;938.3;10.50;75217;2836.998;-1800.964;1;134;-110;-111.3;45.0;45.4;15;15.3;26.5;0.0;
24/02/2025 23:33:15;100;0;142.00;-4;-21.03;-4.01;940.4;10.50;75211;2836.996;-1800.963;1;134;-110;-109.7;45.0;45.2;15;15.3;26.5;0.0;
24/02/2025 23:33:35;100;0;139.60;-4;-21.20;-3.84;942.8;10.50;75207;2836.994;-1800.961;1;134;-110;-114.5;45.0;45.4;15;15.3;26.5;0.0;
24/02/2025 23:33:55;100;0;138.19;-4;-20.91;-4.01;945.1;10.50;75207;2836.993;-1800.959;1;134;-110;-111.3;45.0;45.4;15;15.3;26.5;0.0;
24/02/2025 23:34:15;100;0;137.84;-4;-20.81;-3.96;947.2;10.50;75205;2836.991;-1800.958;1;134;-110;-111.3;45.0;45.4;15;15.3;26.5;0.0;
24/02/2025 23:34:35;100;0;137.22;-4;-20.90;-4.03;949.5;10.40;75192;2836.990;-1800.956;1;134;-110;-114.5;45.0;45.4;15;15.3;26.5;0.0;
24/02/2025 23:34:55;100;0;137.37;-4;-21.75;-3.86;951.8;10.40;75198;2836.988;-1800.955;1;134;-110;-111.3;45.0;45.4;15;15.3;26.4;0.0;
24/02/2025 23:35:15;100;0;135.86;-4;-21.39;-4.05;954.3;10.40;75202;2836.987;-1800.953;1;134;-110;-111.3;45.0;45.4;15;15.3;26.5;0.0;
24/02/2025 23:35:35;100;0;133.99;-4;-20.72;-3.89;956.9;10.40;75197;2836.985;-1800.950;1;134;-110;-111.3;45.0;45.4;15;15.3;26.5;0.0;
24/02/2025 23:35:55;100;0;132.83;-4;-20.64;-4.01;959.3;10.40;75187;2836.984;-1800.948;1;134;-110;-111.3;45.0;45.2;15;15.3;26.4;0.0;
24/02/2025 23:36:15;100;0;130.78;-4;-21.24;-4.03;961.7;10.40;75199;2836.982;-1800.946;1;134;-110;-112.9;45.0;45.4;15;15.3;26.5;0.0;
24/02/2025 23:36:35;100;0;130.57;-4;-21.14;-4.00;964.0;10.30;75192;2836.981;-1800.944;1;134;-110;-111.3;45.0;45.4;15;15.3;26.4;0.0;
24/02/2025 23:36:55;100;0;135.49;-4;-21.73;-3.86;966.6;10.30;75181;2836.979;-1800.942;1;134;-110;-111.3;45.0;45.4;15;15.3;26.4;0.0;
24/02/2025 23:37:15;100;0;135.72;-4;-20.83;-3.96;969.1;10.30;75179;2836.977;-1800.940;1;134;-110;-111.3;45.0;45.4;15;15.3;26.5;0.0;
24/02/2025 23:37:35;100;0;136.34;-4;-19.68;-3.30;971.9;10.30;75174;2836.975;-1800.938;1;134;-110;-109.7;45.0;45.2;15;15.3;26.5;0.0;
24/02/2025 23:37:55;100;0;140.71;-4;-19.88;-4.04;974.4;10.30;75170;2836.973;-1800.936;1;134;-110;-111.3;45.0;45.4;15;15.3;26.4;0.0;
24/02/2025 23:38:15;100;0;139.73;-4;-21.16;-4.40;977.0;10.30;75170;2836.972;-1800.934;1;134;-110;-111.3;45.0;45.2;15;15.3;26.5;0.0;
24/02/2025 23:38:35;100;0;137.87;-4;-20.61;-4.06;979.6;10.30;75182;2836.970;-1800.932;1;134;-110;-109.7;45.0;45.2;15;15.3;26.4;0.0;
24/02/2025 23:38:55;100;0;136.36;-4;-20.47;-4.00;982.1;10.20;75169;2836.968;-1800.930;1;134;-110;-111.3;45.0;45.4;15;15.3;26.4;0.0;
24/02/2025 23:39:15;100;0;134.93;-4;-21.35;-4.07;984.7;10.20;75164;2836.966;-1800.928;1;134;-110;-111.3;45.0;45.4;15;15.3;26.4;0.0;
24/02/2025 23:39:35;100;0;133.63;-4;-20.66;-4.08;987.3;10.20;75163;2836.965;-1800.926;1;134;-110;-114.5;45.0;45.4;15;15.3;26.5;0.0;
24/02/2025 23:39:55;100;0;133.96;-4;-20.16;-4.02;989.8;10.20;75156;2836.963;-1800.924;1;134;-110;-112.9;45.0;45.4;15;15.3;26.5;0.0;
24/02/2025 23:40:15;100;0;133.81;-4;-20.47;-3.83;992.3;10.20;75159;2836.961;-1800.922;1;134;-110;-109.7;45.0;45.2;15;15.3;26.5;0.0;
24/02/2025 23:40:35;100;0;134.77;-4;-20.96;-3.97;994.5;10.20;75159;2836.960;-1800.920;1;134;-110;-111.3;45.0;45.4;15;15.3;26.5;0.0;
24/02/2025 23:40:55;100;0;134.02;-4;-20.66;-3.99;996.9;10.10;75153;2836.958;-1800.918;1;134;-110;-111.3;45.0;45.2;15;15.3;26.4;0.0;
24/02/2025 23:41:11;118;0;134.21;-4;-21.03;-4.06;998.8;10.10;75153;2836.957;-1800.916;1;134;450;-106.5;22.8;22.8;6;5.9;26.4;0.0;
24/02/2025 23:41:21;118;0;111.98;-4;-6.86;-9.75;999.8;10.10;75127;2836.957;-1800.915;1;134;450;19.4;22.8;22.5;6;5.4;25.1;-1.0;
24/02/2025 23:41:31;118;0;96.45;-4;19.82;-9.51;999.8;10.10;74868;2836.957;-1800.915;1;134;450;143.5;22.8;22.8;6;5.9;25.2;-1.0;
24/02/2025 23:41:41;118;0;92.56;-4;27.43;-9.93;998.9;10.10;74616;2836.957;-1800.915;1;134;450;266.1;22.8;23.0;6;5.9;24.9;-1.0;
24/02/2025 23:41:51;118;0;92.48;-4;26.05;-9.70;997.7;10.10;74368;2836.957;-1800.913;1;134;450;387.1;22.8;23.1;6;5.4;24.9;-1.0;
24/02/2025 23:42:01;118;0;92.75;-4;23.95;-9.14;996.2;10.20;74138;2836.958;-1800.912;1;134;450;451.6;22.8;23.0;6;5.4;25.0;-1.0;
24/02/2025 23:42:11;118;0;131.90;-4;21.18;-8.67;994.5;10.20;74001;2836.956;-1800.910;1;134;450;451.6;22.8;23.0;6;5.4;26.4;-1.0;
24/02/2025 23:42:31;117;0;125.75;-4;18.67;-8.39;991.4;10.20;73999;2836.955;-1800.907;1;134;450;450.0;22.8;23.0;6;5.4;26.4;-1.0;
24/02/2025 23:42:51;117;0;118.13;-4;18.19;-8.67;988.0;10.20;74002;2836.953;-1800.903;1;134;450;450.0;22.2;21.6;39;38.8;26.4;-1.0;
24/02/2025 23:43:11;117;0;121.76;-4;21.50;8.69;984.8;10.30;74000;2836.951;-1800.899;1;134;450;451.6;22.2;21.6;34;33.8;26.4;-1.0;
24/02/2025 23:43:31;117;0;125.53;-4;22.29;5.86;980.9;10.30;73992;2836.949;-1800.896;1;134;450;450.0;22.9;23.0;30;29.3;26.4;-1.0;
24/02/2025 23:43:51;117;0;126.13;-4;21.53;3.99;977.2;10.30;73986;2836.947;-1800.892;1;134;450;451.6;22.9;23.1;30;29.3;26.4;-1.0;
24/02/2025 23:44:11;117;0;128.32;-4;20.84;3.71;973.3;10.30;73988;2836.945;-1800.888;1;134;450;451.6;22.9;23.1;28;27.5;26.4;-1.0;
24/02/2025 23:44:31;117;0;124.92;-4;19.39;2.85;969.7;10.30;73985;2836.943;-1800.884;1;134;450;451.6;22.9;23.1;31;31.1;26.4;-1.0;
24/02/2025 23:44:51;117;0;127.43;-4;19.87;4.47;966.2;10.30;73978;2836.940;-1800.881;1;134;450;451.6;22.9;23.1;29;28.9;26.4;-1.0;
24/02/2025 23:45:11;117;0;128.12;-4;21.03;3.17;962.7;10.30;73981;2836.938;-1800.877;1;134;450;451.6;22.9;23.3;29;28.4;26.4;-1.0;
24/02/2025 23:45:31;117;0;128.55;-4;20.02;3.09;958.8;10.30;73973;2836.936;-1800.873;1;134;450;451.6;22.9;23.1;29;28.4;26.4;-1.0;
24/02/2025 23:45:51;117;0;129.35;-4;19.40;3.04;955.2;10.20;73983;2836.933;-1800.869;1;134;450;453.2;22.9;23.1;29;28.4;26.4;-1.0;
24/02/2025 23:46:11;117;0;130.09;-4;19.99;3.16;951.9;10.20;73975;2836.931;-1800.866;1;134;450;451.6;22.9;23.1;29;28.4;26.4;-1.0;
24/02/2025 23:46:31;117;0;131.19;-4;20.16;3.08;948.6;10.20;73971;2836.929;-1800.863;1;134;450;451.6;22.9;23.1;29;28.4;26.4;-1.0;
24/02/2025 23:46:51;117;0;131.79;-4;19.60;3.25;945.5;10.20;73968;2836.927;-1800.860;1;134;450;451.6;22.9;23.1;29;28.4;26.4;-1.0;
24/02/2025 23:47:11;117;0;132.70;-4;19.81;3.17;942.4;10.20;73954;2836.924;-1800.857;1;134;450;451.6;22.9;23.1;29;28.4;26.4;-1.0;
24/02/2025 23:47:31;117;0;134.55;-4;19.99;3.11;939.6;10.10;73959;2836.922;-1800.855;1;134;450;451.6;22.9;23.1;29;28.4;26.4;-1.0;
24/02/2025 23:47:51;117;0;135.05;-4;19.97;3.16;936.6;10.20;73962;2836.920;-1800.852;1;134;450;450.0;22.9;23.1;29;28.4;26.4;-1.0;
24/02/2025 23:48:11;117;0;135.96;-4;19.95;3.27;933.6;10.10;73948;2836.918;-1800.850;1;134;450;451.6;22.9;23.1;29;28.4;26.5;-1.0;
24/02/2025 23:48:31;117;0;135.02;-4;20.54;3.11;930.4;10.10;73957;2836.916;-1800.847;1;134;450;451.6;22.9;23.1;29;28.4;26.4;-1.0;
24/02/2025 23:48:51;117;0;134.96;-4;20.29;3.08;927.1;10.10;73952;2836.913;-1800.844;1;134;450;451.6;22.9;23.1;29;28.4;26.4;-1.0;
24/02/2025 23:49:11;117;0;135.19;-4;19.83;3.16;924.0;10.10;73947;2836.911;-1800.841;1;134;450;451.6;22.9;23.1;29;28.4;26.4;-1.0;
24/02/2025 23:49:31;117;0;135.15;-4;19.84;3.28;921.0;10.10;73941;2836.909;-1800.839;1;134;450;451.6;22.9;23.1;29;28.4;26.4;-1.0;
24/02/2025 23:49:51;117;0;136.23;-4;19.99;3.40;917.8;10.10;73945;2836.907;-1800.836;1;134;450;451.6;22.9;23.1;29;28.4;26.4;-1.0;
24/02/2025 23:50:11;117;0;136.47;-4;19.24;3.24;914.8;10.00;73937;2836.904;-1800.833;1;134;450;451.6;22.9;23.0;29;28.4;26.4;-1.0;
24/02/2025 23:50:31;117;0;134.98;-4;20.29;3.00;911.7;10.10;73953;2836.902;-1800.831;1;134;450;451.6;22.9;23.1;29;28.4;26.4;-1.0;
24/02/2025 23:50:51;117;0;131.53;-4;20.21;3.17;908.7;10.00;73935;2836.900;-1800.828;1;134;450;451.6;22.9;23.1;29;28.4;26.5;-1.0;
24/02/2025 23:51:11;117;0;131.62;-4;20.17;3.25;905.5;10.00;73922;2836.898;-1800.825;1;134;450;451.6;22.9;23.0;29;28.4;26.4;-1.0;
24/02/2025 23:51:31;117;0;130.75;-4;20.05;3.60;902.3;10.00;73912;2836.896;-1800.822;1;134;450;451.6;22.9;23.1;29;28.4;26.4;-1.0;
24/02/2025 23:51:51;117;0;129.04;-4;19.94;3.24;899.0;10.00;73917;2836.893;-1800.819;1;134;450;450.0;22.9;23.1;29;28.4;26.4;-1.0;
24/02/2025 23:52:11;117;0;129.58;-4;19.77;3.15;895.9;10.00;73914;2836.891;-1800.816;1;134;450;451.6;22.9;23.0;29;28.4;26.5;-1.0;
24/02/2025 23:52:31;117;0;130.40;-4;19.87;3.12;892.8;10.00;73919;2836.889;-1800.813;1;134;450;450.0;22.9;23.1;29;28.4;26.4;-1.0;
24/02/2025 23:52:51;117;0;131.19;-4;19.98;3.26;889.5;10.00;73916;2836.887;-1800.809;1;134;450;451.6;22.9;23.1;29;28.4;26.4;-1.0;
24/02/2025 23:53:11;117;0;131.70;-4;19.88;3.20;886.4;9.90;73905;2836.885;-1800.807;1;134;450;451.6;22.9;23.1;29;28.4;26.4;-1.0;
24/02/2025 23:53:31;117;0;132.22;-4;19.84;3.21;883.2;9.90;73909;2836.883;-1800.804;1;134;450;451.6;22.9;23.1;29;28.9;26.4;-1.0;
24/02/2025 23:53:51;117;0;132.89;-4;19.54;3.23;880.0;9.90;73903;2836.881;-1800.801;1;134;450;451.6;22.9;23.1;29;28.4;26.4;-1.0;
24/02/2025 23:54:11;117;0;137.23;-4;20.53;3.38;877.0;9.90;73896;2836.878;-1800.798;1;134;450;451.6;22.9;23.1;29;28.4;26.4;-1.0;
24/02/2025 23:54:31;117;0;137.55;-4;20.07;3.12;873.7;9.90;73911;2836.876;-1800.795;1;134;450;451.6;22.9;23.1;29;28.4;26.4;-1.0;
24/02/2025 23:54:51;117;0;137.17;-4;19.63;3.20;870.6;9.90;73905;2836.873;-1800.793;1;134;450;450.0;22.9;23.1;29;28.4;26.4;-1.0;
24/02/2025 23:55:12;117;0;137.38;-4;19.56;3.32;867.5;9.90;73903;2836.871;-1800.790;1;134;450;451.6;22.9;23.1;29;28.4;26.4;-1.0;
24/02/2025 23:55:32;117;0;138.04;-4;19.35;3.37;864.4;9.90;73913;2836.869;-1800.788;1;134;450;451.6;22.9;23.1;29;28.4;26.4;-1.0;
24/02/2025 23:55:52;117;0;138.22;-4;19.79;3.27;861.6;9.90;73907;2836.867;-1800.785;1;134;450;451.6;22.9;23.1;29;28.4;26.4;-1.0;
24/02/2025 23:56:12;117;0;138.03;-4;20.05;3.20;858.5;9.90;73918;2836.864;-1800.783;1;134;450;451.6;22.9;23.1;29;28.4;26.4;-1.0;
24/02/2025 23:56:32;117;0;136.95;-4;19.88;3.15;855.4;9.90;73916;2836.862;-1800.780;1;134;450;450.0;22.9;23.1;29;28.4;26.4;-1.0;
24/02/2025 23:56:52;117;0;137.79;-4;19.61;3.25;852.5;9.90;73916;2836.859;-1800.778;1;134;450;451.6;22.9;23.1;29;28.4;26.4;-1.0;
24/02/2025 23:57:12;117;0;138.10;-4;19.57;2.77;849.4;9.90;73908;2836.857;-1800.775;1;134;450;451.6;22.9;23.1;29;28.4;26.4;-1.0;
24/02/2025 23:57:32;117;0;138.11;-4;19.68;3.19;846.4;9.90;73908;2836.855;-1800.773;1;134;450;451.6;22.9;23.1;29;28.4;26.4;-1.0;
24/02/2025 23:57:52;117;0;138.01;-4;19.73;3.18;843.4;9.90;73906;2836.852;-1800.770;1;134;450;451.6;22.9;23.1;29;28.4;26.4;-1.0;
24/02/2025 23:58:12;117;0;138.06;-4;19.78;3.28;840.4;9.80;73903;2836.850;-1800.768;1;134;450;451.6;22.9;23.1;29;28.4;26.4;-1.0;
24/02/2025 23:58:32;117;0;138.40;-4;19.69;3.15;837.4;9.90;73917;2836.848;-1800.766;1;134;450;451.6;22.9;23.0;29;28.4;26.4;-1.0;
24/02/2025 23:58:52;117;0;139.08;-4;20.20;3.35;834.3;9.90;73911;2836.845;-1800.763;1;134;450;453.2;22.9;23.1;27;27.1;26.4;-1.0;
24/02/2025 23:59:12;117;0;140.51;-4;19.80;2.42;831.2;9.80;73899;2836.843;-1800.761;1;134;450;453.2;22.9;23.1;27;27.1;26.4;-1.0;
24/02/2025 23:59:32;117;0;140.84;-4;19.63;2.55;828.2;9.80;73899;2836.840;-1800.758;1;134;450;451.6;22.9;23.1;27;27.1;26.4;-1.0;
24/02/2025 23:59:52;117;0;140.61;-4;19.73;2.46;825.3;9.80;73904;2836.838;-1800.756;1;134;450;451.6;22.9;23.1;27;27.1;26.4;-1.0;
25/02/2025 00:00:12;117;0;140.56;-4;19.59;2.40;822.3;9.80;73907;2836.836;-1800.754;1;134;450;451.6;22.9;23.0;27;27.1;26.5;-1.0;
25/02/2025 00:00:32;117;0;139.80;-4;19.44;2.47;819.4;9.80;73901;2836.833;-1800.752;1;134;450;451.6;22.9;23.1;27;27.1;26.4;-1.0;
25/02/2025 00:00:52;117;0;139.06;-4;19.50;2.40;816.5;9.80;73911;2836.831;-1800.749;1;134;450;451.6;22.9;23.1;27;26.6;26.4;-1.0;
25/02/2025 00:01:12;117;0;139.05;-4;19.56;2.45;813.5;9.80;73908;2836.829;-1800.747;1;134;450;453.2;22.9;23.1;27;27.1;26.4;-1.0;
25/02/2025 00:01:32;117;0;140.13;-4;19.47;2.44;810.5;9.80;73911;2836.826;-1800.744;1;134;450;451.6;22.9;23.1;27;27.1;26.4;-1.0;
25/02/2025 00:01:52;117;0;140.92;-4;19.55;2.41;807.6;9.80;73912;2836.824;-1800.742;1;134;450;451.6;22.9;23.1;27;27.1;26.4;-1.0;
25/02/2025 00:02:12;117;0;141.53;-4;19.59;2.38;804.7;9.80;73916;2836.821;-1800.740;1;134;450;451.6;22.9;23.1;27;27.1;26.4;-1.0;
25/02/2025 00:02:32;117;0;141.84;-4;19.65;2.42;801.7;9.80;73903;2836.819;-1800.738;1;134;450;453.2;22.9;23.1;27;27.1;26.4;-1.0;
25/02/2025 00:02:52;117;0;142.32;-4;19.54;2.39;798.8;9.80;73913;2836.816;-1800.736;1;134;450;451.6;22.9;23.1;27;27.1;26.4;-1.0;
25/02/2025 00:03:12;117;0;142.08;-4;19.42;2.45;795.8;9.80;73914;2836.814;-1800.733;1;134;450;451.6;22.9;23.1;27;27.1;26.4;-1.0;
25/02/2025 00:03:32;117;0;142.41;-4;19.51;2.43;792.9;9.80;73911;2836.811;-1800.731;1;134;450;451.6;22.9;23.1;27;26.6;26.4;-1.0;
25/02/2025 00:03:52;117;0;142.75;-4;19.41;2.39;790.0;9.80;73908;2836.809;-1800.729;1;134;450;453.2;22.9;23.1;27;27.1;26.4;-1.0;
25/02/2025 00:04:12;117;0;143.26;-4;19.59;2.41;787.1;9.80;73916;2836.806;-1800.727;1;134;450;451.6;22.9;23.1;25;24.8;26.4;-1.0;
25/02/2025 00:04:32;117;0;142.60;-4;19.38;1.11;784.1;9.80;73919;2836.804;-1800.725;1;134;450;451.6;22.9;23.1;25;24.4;26.4;-1.0;
25/02/2025 00:04:52;117;0;140.74;-4;18.98;1.10;781.3;9.80;73908;2836.802;-1800.723;1;134;450;451.6;22.6;22.7;25;24.4;26.5;-1.0;
25/02/2025 00:05:12;117;0;138.90;-4;19.10;1.10;778.8;9.80;73917;2836.800;-1800.721;1;134;450;451.6;22.6;22.7;27;27.1;26.4;-1.0;
25/02/2025 00:05:32;117;0;137.64;-4;19.45;3.10;776.2;9.80;73911;2836.798;-1800.718;1;134;450;451.6;22.6;22.7;27;28.0;26.4;-1.0;
25/02/2025 00:05:52;117;0;137.37;-4;19.72;2.95;773.5;9.80;73925;2836.796;-1800.716;1;134;450;451.6;22.6;22.7;27;28.0;26.4;-1.0;
25/02/2025 00:06:12;117;0;136.22;-4;19.83;3.07;770.6;9.80;73919;2836.793;-1800.714;1;134;450;453.2;22.6;22.7;27;28.0;26.4;-1.0;
25/02/2025 00:06:32;117;0;135.67;-4;19.58;3.06;768.0;9.80;73927;2836.792;-1800.712;1;134;450;451.6;22.6;22.7;27;28.0;26.4;-1.0;
25/02/2025 00:06:52;117;0;135.34;-4;19.94;2.91;765.2;9.80;73925;2836.790;-1800.709;1;134;450;451.6;22.6;22.7;27;28.0;26.4;-1.0;
25/02/2025 00:07:12;117;0;134.92;-4;19.82;2.90;762.3;9.80;73929;2836.787;-1800.707;1;134;450;451.6;22.6;22.7;27;28.0;26.4;-1.0;
25/02/2025 00:07:32;117;0;133.88;-4;20.03;3.05;759.6;9.80;73927;2836.786;-1800.704;1;134;450;451.6;22.6;22.5;27;28.0;26.4;-1.0;
25/02/2025 00:07:52;117;0;134.73;-4;20.21;2.95;756.7;9.80;73921;2836.783;-1800.702;1;134;450;450.0;22.6;22.7;27;28.0;26.4;-1.0;
25/02/2025 00:08:12;117;0;132.88;-4;19.65;2.96;753.8;9.80;73919;2836.782;-1800.699;1;134;450;451.6;22.6;22.5;27;28.0;26.4;-1.0;
25/02/2025 00:08:32;117;0;131.99;-4;19.71;3.10;751.0;9.80;73927;2836.780;-1800.697;1;134;450;453.2;22.6;22.7;27;28.0;26.5;-1.0;
25/02/2025 00:08:52;117;0;132.08;-4;19.73;3.03;748.0;9.80;73937;2836.778;-1800.694;1;134;450;451.6;22.6;22.7;27;28.0;26.4;-1.0;
25/02/2025 00:09:12;117;0;131.02;-4;19.50;2.96;745.1;9.80;73940;2836.776;-1800.691;1;134;450;451.6;22.6;22.7;27;28.0;26.4;-1.0;
25/02/2025 00:09:32;117;0;130.52;-4;19.71;2.75;742.0;9.80;73949;2836.774;-1800.688;1;134;450;451.6;22.6;22.7;27;28.0;26.4;-1.0;
25/02/2025 00:09:52;117;0;130.38;-4;19.64;2.96;739.0;9.90;73943;2836.772;-1800.685;1;134;450;451.6;22.6;22.7;27;28.0;26.4;-1.0;
25/02/2025 00:10:12;117;0;131.62;-4;19.49;2.91;735.9;9.90;73943;2836.769;-1800.682;1;134;450;453.2;22.6;22.7;27;28.0;26.4;-1.0;
25/02/2025 00:10:32;117;0;132.89;-4;19.57;2.94;732.8;9.90;73954;2836.767;-1800.679;1;134;450;453.2;22.6;22.7;27;28.0;26.4;-1.0;
25/02/2025 00:10:52;117;0;134.39;-4;19.74;2.94;729.9;9.90;73954;2836.765;-1800.677;1;134;450;453.2;22.6;22.7;27;28.0;26.4;-1.0;
25/02/2025 00:11:12;117;0;135.46;-4;19.60;2.93;726.8;9.90;73961;2836.763;-1800.674;1;134;450;453.2;22.6;22.7;27;28.0;26.4;-1.0;
25/02/2025 00:11:32;117;0;135.62;-4;19.55;2.89;723.7;9.90;73956;2836.761;-1800.672;1;134;450;453.2;22.6;22.7;27;28.0;26.4;-1.0;
25/02/2025 00:11:52;117;0;136.45;-4;19.85;2.70;720.6;9.90;73957;2836.758;-1800.669;1;134;450;453.2;22.6;22.7;27;28.0;26.5;-1.0;
25/02/2025 00:12:12;117;0;136.87;-4;19.55;3.01;717.5;9.90;73954;2836.756;-1800.666;1;134;450;451.6;22.6;22.7;27;28.0;26.4;-1.0;
25/02/2025 00:12:32;117;0;138.44;-4;19.73;2.89;714.4;9.90;73965;2836.754;-1800.664;1;134;450;451.6;22.6;22.7;27;28.0;26.4;-1.0;
25/02/2025 00:12:52;117;0;139.72;-4;19.55;2.91;711.4;9.90;73953;2836.751;-1800.661;1;134;450;451.6;22.6;22.5;27;28.0;26.4;-1.0;
25/02/2025 00:13:12;117;0;139.68;-4;19.52;2.94;708.5;9.90;73970;2836.749;-1800.659;1;134;450;453.2;22.6;22.7;27;28.0;26.4;-1.0;
25/02/2025 00:13:32;117;0;140.57;-4;19.49;2.89;705.5;9.90;73969;2836.746;-1800.657;1;134;450;453.2;22.6;22.7;27;28.0;26.4;-1.0;
25/02/2025 00:13:52;117;0;141.50;-4;19.68;3.02;702.4;9.90;73972;2836.744;-1800.654;1;134;450;451.6;22.6;22.7;27;28.0;26.4;-1.0;
25/02/2025 00:14:12;117;0;143.04;-4;19.69;2.82;699.5;9.90;73977;2836.741;-1800.652;1;134;450;451.6;22.6;22.5;25;24.4;26.4;-1.0;
25/02/2025 00:14:32;117;0;142.27;-4;19.40;1.04;696.6;10.00;73985;2836.739;-1800.650;1;134;450;453.2;22.6;22.7;25;24.4;26.4;-1.0;
25/02/2025 00:14:52;117;0;141.22;-4;19.47;1.04;693.7;10.00;73990;2836.736;-1800.648;1;134;450;453.2;22.6;22.5;25;24.4;26.4;-1.0;
25/02/2025 00:15:12;117;0;138.99;-4;19.48;1.08;690.8;10.00;73984;2836.734;-1800.646;1;134;450;453.2;22.6;22.7;27;28.0;26.4;-1.0;
25/02/2025 00:15:32;117;0;138.40;-4;19.60;3.39;687.9;10.00;73994;2836.732;-1800.643;1;134;450;453.2;22.6;22.7;27;28.9;26.4;-1.0;
25/02/2025 00:15:52;117;0;137.86;-4;19.67;3.38;684.7;10.00;73994;2836.729;-1800.641;1;134;450;451.6;22.6;22.5;27;28.9;26.4;-1.0;
25/02/2025 00:16:12;117;0;137.58;-4;19.55;3.40;681.7;10.00;73986;2836.727;-1800.638;1;134;450;450.0;22.6;22.7;27;28.9;26.4;-1.0;
25/02/2025 00:16:32;117;0;137.54;-4;19.64;3.37;678.5;10.00;73985;2836.724;-1800.635;1;134;450;451.6;22.6;22.5;27;28.9;26.4;-1.0;
25/02/2025 00:16:52;117;0;137.49;-4;19.80;3.39;675.4;10.00;73995;2836.722;-1800.633;1;134;450;453.2;22.6;22.5;27;28.9;26.4;-1.0;
25/02/2025 00:17:12;117;0;137.91;-4;19.72;3.40;672.2;10.00;74000;2836.720;-1800.630;1;134;450;453.2;22.6;22.7;27;28.9;26.4;-1.0;
25/02/2025 00:17:32;117;0;138.32;-4;19.71;3.29;668.9;10.00;73994;2836.717;-1800.627;1;134;450;453.2;22.6;22.5;27;28.9;26.4;-1.0;
25/02/2025 00:17:52;117;0;138.56;-4;19.75;3.36;665.8;10.10;74002;2836.714;-1800.625;1;134;450;453.2;22.6;22.7;27;28.9;26.4;-1.0;
25/02/2025 00:18:12;117;0;139.14;-4;19.64;3.39;662.5;10.10;73995;2836.712;-1800.622;1;134;450;454.8;22.6;22.5;27;28.9;26.4;-1.0;
25/02/2025 00:18:32;117;0;140.29;-4;19.71;3.36;659.5;10.10;74001;2836.709;-1800.620;1;134;450;453.2;22.6;22.5;27;28.9;26.4;-1.0;
25/02/2025 00:18:52;117;0;141.21;-4;19.74;3.37;656.3;10.10;73992;2836.707;-1800.618;1;134;450;453.2;22.6;22.5;27;28.9;26.4;-1.0;
25/02/2025 00:19:12;117;0;139.86;-4;19.52;3.44;653.2;10.10;73992;2836.704;-1800.615;1;134;450;453.2;22.6;22.7;27;28.9;26.4;-1.0;
25/02/2025 00:19:32;117;0;140.40;-4;19.38;3.44;650.1;10.10;74009;2836.702;-1800.612;1;134;450;453.2;22.6;22.5;27;28.9;26.4;-1.0;
25/02/2025 00:19:52;117;0;141.54;-4;19.38;3.43;646.9;10.10;74016;2836.699;-1800.610;1;134;450;453.2;22.6;22.7;27;28.9;26.4;-1.0;
25/02/2025 00:20:12;117;0;141.95;-4;19.42;3.43;643.9;10.10;73999;2836.696;-1800.608;1;134;450;453.2;22.6;22.5;27;28.9;26.4;-1.0;
25/02/2025 00:20:32;117;0;142.26;-4;19.37;3.42;640.8;10.10;74018;2836.694;-1800.605;1;134;450;450.0;22.6;22.5;25;24.8;26.4;-1.0;
25/02/2025 00:20:52;117;0;143.52;-4;19.34;1.00;637.8;10.20;74038;2836.691;-1800.603;1;134;450;451.6;22.6;22.7;25;24.8;26.4;-1.0;
25/02/2025 00:21:12;117;0;142.82;-4;19.25;1.18;634.9;10.20;74029;2836.688;-1800.601;1;134;450;453.2;22.6;22.5;25;24.8;26.4;-1.0;
25/02/2025 00:21:32;117;0;142.12;-4;19.28;1.19;631.8;10.20;74034;2836.686;-1800.598;1;134;450;454.8;22.6;22.5;25;24.4;26.4;-1.0;
25/02/2025 00:21:52;117;0;140.54;-4;19.36;1.16;628.9;10.20;74039;2836.683;-1800.596;1;134;450;453.2;22.6;22.5;25;24.8;26.4;-1.0;
25/02/2025 00:22:12;117;0;138.86;-4;19.23;1.18;625.9;10.20;74047;2836.681;-1800.594;1;134;450;451.6;22.6;22.5;25;24.8;26.4;-1.0;
25/02/2025 00:22:32;117;0;137.14;-4;19.19;1.19;622.8;10.20;74041;2836.678;-1800.591;1;134;450;453.2;22.6;22.5;27;27.1;26.4;-1.0;
25/02/2025 00:22:52;117;0;139.97;-4;19.31;2.62;619.9;10.20;74048;2836.676;-1800.589;1;134;450;453.2;22.6;22.5;27;27.5;26.4;-1.0;
25/02/2025 00:23:12;117;0;140.40;-4;19.43;2.65;616.9;10.20;74043;2836.673;-1800.586;1;134;450;453.2;22.6;22.7;27;27.5;26.4;-1.0;
25/02/2025 00:23:32;117;0;140.82;-4;19.25;2.69;613.9;10.20;74048;2836.671;-1800.584;1;134;450;450.0;22.6;22.7;27;27.5;26.4;-1.0;
25/02/2025 00:23:52;117;0;141.69;-4;19.18;2.57;611.1;10.20;74050;2836.668;-1800.582;1;134;450;453.2;22.6;22.5;25;24.8;26.4;-1.0;
25/02/2025 00:24:12;117;0;141.31;-4;19.17;0.98;608.2;10.30;74058;2836.666;-1800.579;1;134;450;453.2;22.6;22.7;25;24.4;26.4;-1.0;
25/02/2025 00:24:32;117;0;140.03;-4;19.35;1.03;605.4;10.30;74045;2836.664;-1800.577;1;134;450;453.2;22.6;22.5;25;24.4;26.4;-1.0;
25/02/2025 00:24:52;117;0;137.80;-4;19.06;0.99;602.5;10.30;74047;2836.661;-1800.575;1;134;450;453.2;22.6;22.5;25;24.4;26.4;-1.0;
25/02/2025 00:25:12;117;0;135.18;-4;19.06;1.05;599.7;10.30;74055;2836.659;-1800.572;1;134;450;453.2;22.6;22.5;25;24.4;26.4;-1.0;
25/02/2025 00:25:32;117;0;132.16;-4;18.64;1.30;597.0;10.30;74060;2836.657;-1800.570;1;134;450;451.6;22.2;21.8;27;27.1;26.4;-1.0;
25/02/2025 00:25:52;117;0;129.76;-4;20.28;2.85;594.3;10.30;74072;2836.656;-1800.567;1;134;450;453.2;22.2;21.8;27;27.5;26.4;-1.0;
25/02/2025 00:26:12;117;0;129.44;-4;21.20;2.77;591.4;10.30;74077;2836.654;-1800.564;1;134;450;453.2;22.2;21.6;27;27.5;26.4;-1.0;
25/02/2025 00:26:32;117;0;128.79;-4;21.39;2.81;588.5;10.40;74075;2836.652;-1800.562;1;134;450;453.2;22.2;21.8;27;27.5;26.5;-1.0;
25/02/2025 00:26:52;117;0;127.85;-4;21.19;2.67;585.4;10.40;74081;2836.650;-1800.559;1;134;450;453.2;22.2;21.6;27;27.5;26.4;-1.0;
25/02/2025 00:27:12;117;0;125.65;-4;21.26;2.83;582.3;10.40;74081;2836.649;-1800.556;1;134;450;451.6;22.2;21.6;29;29.3;26.4;-1.0;
25/02/2025 00:27:32;117;0;124.81;-4;21.58;3.93;579.3;10.40;74086;2836.647;-1800.553;1;134;450;453.2;22.2;22.2;31;32.0;26.4;-1.0;
25/02/2025 00:27:52;117;0;125.14;-4;21.10;5.08;576.2;10.40;74091;2836.646;-1800.550;1;134;450;453.2;22.2;22.4;31;32.0;26.4;-1.0;
25/02/2025 00:28:12;117;0;128.31;-4;20.98;5.02;573.2;10.40;74092;2836.644;-1800.547;1;134;450;453.2;22.2;22.4;28;27.5;26.4;-1.0;
25/02/2025 00:28:32;117;0;128.88;-4;20.75;2.86;570.1;10.40;74102;2836.642;-1800.544;1;134;450;453.2;22.2;22.4;28;27.5;26.4;-1.0;
25/02/2025 00:28:52;117;0;128.44;-4;20.70;2.78;567.1;10.50;74104;2836.640;-1800.541;1;134;450;453.2;22.2;22.4;28;27.5;26.4;-1.0;
25/02/2025 00:29:12;117;0;127.87;-4;20.71;2.80;564.1;10.50;74111;2836.638;-1800.538;1;134;450;453.2;22.2;22.4;28;27.5;26.4;-1.0;
25/02/2025 00:29:32;117;0;128.47;-4;20.67;2.80;561.1;10.50;74110;2836.637;-1800.536;1;134;450;453.2;22.2;22.4;28;27.5;26.4;-1.0;
25/02/2025 00:29:52;117;0;129.10;-4;20.61;2.78;558.1;10.50;74124;2836.635;-1800.533;1;134;450;450.0;22.2;22.4;28;27.5;26.4;-1.0;
25/02/2025 00:30:12;117;0;129.76;-4;20.58;2.75;554.9;10.50;74127;2836.633;-1800.530;1;134;450;451.6;22.2;22.4;28;27.5;26.4;-1.0;
25/02/2025 00:30:32;117;0;129.10;-4;20.65;2.82;551.9;10.50;74125;2836.631;-1800.527;1;134;450;453.2;22.2;22.2;28;27.5;26.4;-1.0;
25/02/2025 00:30:53;117;0;128.55;-4;20.55;2.82;548.9;10.50;74124;2836.629;-1800.524;1;134;450;454.8;22.2;22.4;28;27.5;26.4;-1.0;
25/02/2025 00:31:13;117;0;127.95;-4;20.45;2.88;545.8;10.60;74132;2836.627;-1800.521;1;134;450;453.2;22.2;22.4;28;27.5;26.4;-1.0;
25/02/2025 00:31:33;117;0;127.77;-4;20.43;2.86;542.8;10.60;74132;2836.626;-1800.518;1;134;450;453.2;22.2;22.4;28;27.5;26.4;-1.0;
25/02/2025 00:31:53;117;0;128.53;-4;20.60;2.81;539.8;10.60;74132;2836.624;-1800.515;1;134;450;453.2;22.2;22.4;28;27.5;26.4;-1.0;
25/02/2025 00:32:13;117;0;129.32;-4;20.48;2.82;536.8;10.60;74137;2836.622;-1800.512;1;134;450;453.2;22.2;22.4;28;27.5;26.4;-1.0;
25/02/2025 00:32:33;117;0;128.58;-4;20.60;2.82;533.8;10.60;74144;2836.620;-1800.510;1;134;450;453.2;22.2;22.4;28;28.0;26.4;-1.0;
25/02/2025 00:32:53;117;0;126.63;-4;20.37;2.92;530.7;10.70;74146;2836.618;-1800.506;1;134;450;453.2;22.2;22.4;28;27.5;26.4;-1.0;
25/02/2025 00:33:13;117;0;125.66;-4;20.57;2.83;527.7;10.70;74141;2836.617;-1800.503;1;134;450;453.2;22.2;22.4;30;30.2;26.4;-1.0;
25/02/2025 00:33:33;117;0;126.22;-4;20.10;4.08;524.6;10.70;74152;2836.615;-1800.500;1;134;450;454.8;22.2;22.4;30;30.2;26.4;-1.0;
25/02/2025 00:33:53;117;0;126.43;-4;20.46;4.11;521.4;10.70;74155;2836.613;-1800.497;1;134;450;453.2;22.2;22.4;30;30.2;26.4;-1.0;
25/02/2025 00:34:13;117;0;126.68;-4;20.52;4.27;518.4;10.70;74157;2836.611;-1800.494;1;134;450;453.2;22.2;22.4;30;30.2;26.4;-1.0;
25/02/2025 00:34:33;117;0;127.41;-4;20.55;4.31;515.3;10.70;74161;2836.610;-1800.491;1;134;450;453.2;22.2;22.4;30;30.7;26.4;-1.0;
25/02/2025 00:34:53;117;0;127.61;-4;20.47;4.34;512.4;10.80;74157;2836.608;-1800.488;1;134;450;453.2;22.2;22.4;30;30.7;26.4;-1.0;
25/02/2025 00:35:13;117;0;127.20;-4;20.61;4.30;509.3;10.80;74160;2836.606;-1800.485;1;134;450;453.2;22.2;22.4;30;30.2;26.4;-1.0;
25/02/2025 00:35:33;117;0;128.01;-4;20.69;4.16;506.2;10.80;74175;2836.604;-1800.482;1;134;450;453.2;22.2;22.4;28;27.1;26.4;-1.0;
25/02/2025 00:35:53;117;0;128.97;-4;20.61;2.82;503.2;10.80;74172;2836.603;-1800.480;1;134;450;453.2;22.2;22.4;28;27.5;26.4;-1.0;
25/02/2025 00:36:13;117;0;130.53;-4;20.54;2.76;500.2;10.80;74166;2836.601;-1800.477;1;134;450;453.2;22.2;22.4;28;27.5;26.4;-1.0;
25/02/2025 00:36:33;117;0;130.71;-4;20.51;2.84;497.2;10.80;74185;2836.599;-1800.474;1;134;450;453.2;22.2;22.4;28;27.5;26.4;-1.0;
25/02/2025 00:36:53;117;0;129.93;-4;20.50;2.82;494.2;10.80;74183;2836.597;-1800.471;1;134;450;453.2;22.2;22.4;28;27.5;26.4;-1.0;
25/02/2025 00:37:13;117;0;130.62;-4;20.45;2.78;491.3;10.90;74185;2836.595;-1800.468;1;134;450;454.8;22.2;22.4;28;27.5;26.4;-1.0;
25/02/2025 00:37:33;117;0;131.51;-4;20.56;2.75;488.3;10.90;74199;2836.593;-1800.466;1;134;450;453.2;22.2;22.4;28;27.5;26.4;-1.0;
25/02/2025 00:37:53;117;0;132.48;-4;20.55;2.75;485.3;10.90;74197;2836.591;-1800.463;1;134;450;454.8;22.2;22.4;28;27.5;26.4;-1.0;
25/02/2025 00:38:13;117;0;130.24;-4;20.31;2.86;482.2;10.90;74200;2836.589;-1800.460;1;134;450;453.2;22.2;22.5;28;27.5;26.4;-1.0;
25/02/2025 00:38:33;117;0;130.25;-4;20.54;2.85;479.2;10.90;74195;2836.587;-1800.457;1;134;450;454.8;22.2;22.4;28;27.5;26.4;-1.0;
25/02/2025 00:38:53;117;0;128.75;-4;20.55;2.79;476.2;11.00;74214;2836.585;-1800.455;1;134;450;453.2;22.2;22.4;28;28.0;26.4;-1.0;
25/02/2025 00:39:13;117;0;128.21;-4;20.18;2.84;473.0;11.00;74208;2836.583;-1800.451;1;134;450;451.6;22.2;22.4;28;27.5;26.4;-1.0;
25/02/2025 00:39:33;117;0;128.35;-4;20.74;2.80;469.9;11.00;74216;2836.582;-1800.448;1;134;450;453.2;22.2;22.4;28;27.5;26.4;-1.0;
25/02/2025 00:39:53;117;0;128.36;-4;20.49;2.94;466.6;11.00;74223;2836.580;-1800.445;1;134;450;454.8;22.2;22.4;28;27.5;26.4;-1.0;
25/02/2025 00:40:13;117;0;127.74;-4;20.47;2.85;463.4;11.00;74220;2836.578;-1800.442;1;134;450;453.2;22.2;22.4;28;27.5;26.4;-1.0;
25/02/2025 00:40:33;117;0;127.33;-4;20.37;2.81;460.2;11.00;74224;2836.576;-1800.439;1;134;450;454.8;22.2;22.4;28;27.5;26.4;-1.0;
25/02/2025 00:40:53;117;0;128.64;-4;20.34;2.70;456.9;11.10;74228;2836.574;-1800.435;1;134;450;453.2;22.2;22.4;28;27.5;26.4;-1.0;
25/02/2025 00:41:13;117;0;129.50;-4;20.35;2.76;453.7;11.10;74233;2836.571;-1800.432;1;134;450;453.2;22.2;22.4;28;27.5;26.4;-1.0;
25/02/2025 00:41:33;117;0;128.83;-4;20.34;2.85;450.4;11.10;74240;2836.569;-1800.429;1;134;450;453.2;22.2;22.4;28;27.5;26.4;-1.0;
25/02/2025 00:41:53;117;0;127.63;-4;20.26;2.74;447.2;11.10;74228;2836.567;-1800.426;1;134;450;454.8;22.2;22.4;28;27.5;26.4;-1.0;
25/02/2025 00:42:13;117;0;127.20;-4;20.15;2.82;444.0;11.10;74244;2836.565;-1800.423;1;134;450;453.2;22.2;22.4;28;27.5;26.4;-1.0;
25/02/2025 00:42:33;117;0;128.29;-4;20.08;2.74;440.7;11.10;74249;2836.563;-1800.419;1;134;450;454.8;22.2;22.4;28;28.0;26.4;-1.0;
25/02/2025 00:42:53;117;0;128.17;-4;20.02;2.78;437.5;11.20;74250;2836.561;-1800.416;1;134;450;453.2;22.2;22.4;28;27.5;26.4;-1.0;
25/02/2025 00:43:13;117;0;128.38;-4;20.19;2.90;434.4;11.20;74260;2836.559;-1800.413;1;134;450;453.2;22.2;22.4;28;27.5;26.4;-1.0;
25/02/2025 00:43:33;117;0;128.47;-4;19.96;2.79;431.2;11.20;74259;2836.557;-1800.410;1;134;450;453.2;22.2;22.4;28;27.5;26.4;-1.0;
25/02/2025 00:43:53;117;0;128.52;-4;20.06;2.76;428.1;11.20;74262;2836.556;-1800.407;1;134;450;453.2;22.2;22.4;28;27.5;26.4;-1.0;
25/02/2025 00:44:13;117;0;127.79;-4;20.03;2.83;424.9;11.20;74265;2836.554;-1800.404;1;134;450;453.2;22.2;22.4;28;28.0;26.4;-1.0;
25/02/2025 00:44:33;117;0;126.33;-4;19.99;2.86;421.8;11.20;74262;2836.552;-1800.400;1;134;450;453.2;22.2;22.4;30;29.8;26.4;-1.0;
25/02/2025 00:44:53;117;0;125.38;-4;20.01;4.06;418.9;11.30;74270;2836.550;-1800.397;1;134;450;454.8;22.2;22.4;30;29.8;26.4;-1.0;
25/02/2025 00:45:13;117;0;126.33;-4;20.04;4.10;415.9;11.30;74271;2836.548;-1800.394;1;134;450;453.2;22.2;22.4;30;29.8;26.4;-1.0;
25/02/2025 00:45:33;117;0;127.67;-4;20.09;4.01;412.8;11.30;74281;2836.546;-1800.391;1;134;450;453.2;22.2;22.4;30;30.2;26.4;-1.0;
25/02/2025 00:45:53;117;0;130.10;-4;20.17;4.01;409.8;11.30;74283;2836.545;-1800.389;1;134;450;454.8;22.2;22.4;30;30.2;26.4;-1.0;
25/02/2025 00:46:13;117;0;132.12;-4;20.23;4.03;406.8;11.40;74288;2836.543;-1800.386;1;134;450;453.2;22.2;22.4;28;27.5;26.4;-1.0;
25/02/2025 00:46:33;117;0;131.37;-4;20.14;2.82;403.6;11.40;74287;2836.540;-1800.383;1;134;450;453.2;22.2;22.4;28;27.5;26.4;-1.0;
25/02/2025 00:46:53;117;0;130.27;-4;19.93;2.87;400.7;11.40;74288;2836.538;-1800.380;1;134;450;454.8;22.2;22.4;28;28.0;26.4;-1.0;
25/02/2025 00:47:13;117;0;129.58;-4;19.91;2.93;397.6;11.40;74298;2836.537;-1800.377;1;134;450;453.2;22.2;22.4;28;27.5;26.4;-1.0;
25/02/2025 00:47:33;117;0;128.83;-4;19.92;2.95;394.7;11.40;74305;2836.535;-1800.374;1;134;450;453.2;22.2;22.4;28;28.0;26.4;-1.0;
25/02/2025 00:47:53;117;0;129.23;-4;20.00;2.83;391.7;11.40;74309;2836.533;-1800.371;1;134;450;453.2;22.2;22.4;28;28.0;26.4;-1.0;
25/02/2025 00:48:13;117;0;129.20;-4;20.11;2.83;388.6;11.50;74307;2836.531;-1800.368;1;134;450;453.2;22.2;22.4;28;27.5;26.4;-1.0;
25/02/2025 00:48:33;117;0;128.06;-4;20.02;2.88;385.5;11.50;74307;2836.529;-1800.365;1;134;450;453.2;22.2;22.4;28;28.0;26.4;-1.0;
25/02/2025 00:48:53;117;0;126.18;-4;19.95;2.89;382.6;11.50;74320;2836.527;-1800.362;1;134;450;454.8;22.2;22.4;31;31.1;26.4;-1.0;
25/02/2025 00:49:13;117;0;127.99;-4;20.15;4.82;379.6;11.50;74328;2836.525;-1800.359;1;134;450;453.2;22.2;22.4;31;31.6;26.4;-1.0;
25/02/2025 00:49:33;117;0;129.84;-4;20.07;4.72;376.5;11.50;74332;2836.523;-1800.356;1;134;450;453.2;22.2;22.4;29;28.9;26.4;-1.0;
25/02/2025 00:49:53;117;0;130.02;-4;20.10;3.34;373.4;11.60;74333;2836.521;-1800.353;1;134;450;453.2;22.2;22.4;29;28.9;26.4;-1.0;
25/02/2025 00:50:13;117;0;129.68;-4;19.99;3.26;370.3;11.60;74341;2836.519;-1800.350;1;134;450;453.2;22.2;22.4;29;28.9;26.4;-1.0;
25/02/2025 00:50:33;117;0;129.96;-4;20.05;3.28;367.4;11.60;74348;2836.518;-1800.347;1;134;450;453.2;22.2;22.4;29;28.9;26.4;-1.0;
25/02/2025 00:50:53;117;0;131.33;-4;20.07;3.34;364.1;11.60;74349;2836.515;-1800.344;1;134;450;454.8;22.2;22.4;29;28.9;26.4;-1.0;
25/02/2025 00:51:13;117;0;130.27;-4;19.83;3.34;361.0;11.70;74365;2836.513;-1800.341;1;134;450;453.2;22.2;22.4;29;28.9;26.4;-1.0;
25/02/2025 00:51:33;117;0;129.72;-4;19.80;3.40;357.9;11.70;74370;2836.511;-1800.338;1;134;450;453.2;22.2;22.4;29;28.9;26.4;-1.0;
25/02/2025 00:51:53;117;0;131.52;-4;19.82;3.34;354.7;11.70;74379;2836.509;-1800.335;1;134;450;451.6;22.2;22.4;29;28.9;26.4;-1.0;
25/02/2025 00:52:13;117;0;131.73;-4;19.81;3.32;351.6;11.70;74394;2836.507;-1800.332;1;134;450;453.2;22.2;22.4;29;28.9;26.4;-1.0;
25/02/2025 00:52:33;117;0;133.26;-4;19.80;3.26;348.4;11.80;74399;2836.505;-1800.330;1;134;450;453.2;22.2;22.4;29;28.9;26.4;-1.0;
25/02/2025 00:52:53;117;0;134.71;-4;19.95;3.25;345.4;11.80;74399;2836.503;-1800.327;1;134;450;454.8;22.2;22.4;29;28.9;26.4;-1.0;
25/02/2025 00:53:13;117;0;136.08;-4;19.87;3.29;342.1;11.80;74401;2836.500;-1800.324;1;134;450;454.8;22.2;22.4;29;28.9;26.4;-1.0;
25/02/2025 00:53:33;117;0;137.72;-4;19.91;3.35;339.0;11.80;74406;2836.498;-1800.321;1;134;450;454.8;22.2;22.4;29;28.9;26.4;-1.0;
25/02/2025 00:53:53;117;0;137.98;-4;19.87;3.35;335.8;11.90;74413;2836.495;-1800.319;1;134;450;453.2;22.2;22.4;29;28.9;26.4;-1.0;
25/02/2025 00:54:13;117;0;136.93;-4;19.97;3.32;332.6;11.90;74420;2836.493;-1800.316;1;134;450;453.2;22.2;22.4;29;28.9;26.4;-1.0;
25/02/2025 00:54:33;117;0;135.62;-4;19.85;3.36;329.4;11.90;74427;2836.490;-1800.313;1;134;450;453.2;22.2;22.4;29;28.9;26.4;-1.0;
25/02/2025 00:54:53;117;0;134.87;-4;19.88;3.33;326.1;11.90;74432;2836.488;-1800.310;1;134;450;454.8;22.2;22.4;29;28.9;26.4;-1.0;
25/02/2025 00:55:13;117;0;134.00;-4;19.80;3.32;322.8;11.90;74450;2836.486;-1800.307;1;134;450;453.2;22.2;22.4;29;28.9;26.4;-1.0;
25/02/2025 00:55:33;117;0;135.70;-4;19.82;3.09;319.5;12.00;74461;2836.483;-1800.305;1;134;450;453.2;22.2;22.4;29;28.9;26.4;-1.0;
25/02/2025 00:55:53;117;0;138.43;-4;19.72;3.24;316.3;12.00;74470;2836.481;-1800.302;1;134;450;454.8;22.2;22.4;29;28.4;26.4;-1.0;
25/02/2025 00:56:13;117;0;140.18;-4;19.66;3.29;312.9;12.00;74485;2836.478;-1800.299;1;134;450;454.8;22.2;22.4;29;28.9;26.4;-1.0;
25/02/2025 00:56:33;117;0;141.02;-4;19.96;3.19;309.8;12.10;74494;2836.475;-1800.297;1;134;450;453.2;22.2;22.5;29;28.9;26.4;-1.0;
25/02/2025 00:56:53;117;0;142.07;-4;19.71;3.26;306.4;12.10;74496;2836.472;-1800.294;1;134;450;454.8;22.2;22.4;27;26.6;26.4;-1.0;
25/02/2025 00:57:13;117;0;142.26;-4;19.61;2.78;303.2;12.10;74498;2836.470;-1800.292;1;134;450;454.8;22.2;22.4;27;27.5;26.4;-1.0;
25/02/2025 00:57:33;117;0;140.72;-4;19.71;2.81;300.0;12.10;74499;2836.467;-1800.289;1;134;450;453.2;22.2;22.4;27;27.5;26.4;-1.0;
25/02/2025 00:57:53;117;0;140.25;-4;19.65;2.78;296.7;12.20;74522;2836.464;-1800.287;1;134;450;454.8;22.2;22.4;27;27.5;26.4;-1.0;
25/02/2025 00:58:13;117;0;141.75;-4;19.58;2.70;293.6;12.20;74521;2836.462;-1800.284;1;134;450;453.2;22.2;22.4;27;28.0;26.4;-1.0;
25/02/2025 00:58:33;117;0;143.46;-4;19.69;2.68;290.3;12.30;74540;2836.459;-1800.282;1;134;450;453.2;22.2;22.4;27;27.5;26.4;-1.0;
25/02/2025 00:58:53;117;0;143.41;-4;19.59;2.75;287.1;12.30;74544;2836.456;-1800.280;1;134;450;453.2;22.2;22.4;27;27.5;26.4;-1.0;
25/02/2025 00:59:13;117;0;142.80;-4;19.59;2.75;283.9;12.30;74550;2836.453;-1800.277;1;134;450;454.8;22.2;22.4;27;27.5;26.4;-1.0;
25/02/2025 00:59:33;117;0;143.38;-4;19.56;2.70;280.6;12.30;74552;2836.450;-1800.275;1;134;450;453.2;22.2;22.5;27;27.5;26.4;-1.0;
25/02/2025 00:59:53;117;0;142.96;-4;19.66;2.69;277.3;12.40;74554;2836.448;-1800.273;1;134;450;454.8;22.2;22.4;27;27.5;26.4;-1.0;
25/02/2025 01:00:13;117;0;143.67;-4;19.63;2.72;274.2;12.40;74574;2836.445;-1800.270;1;134;450;453.2;22.2;22.4;27;27.5;26.4;-1.0;
25/02/2025 01:00:33;117;0;143.98;-4;19.58;2.68;270.9;12.40;74579;2836.442;-1800.268;1;134;450;453.2;22.2;22.4;27;27.5;26.4;-1.0;
25/02/2025 01:00:53;117;0;145.50;-4;19.45;2.74;267.7;12.40;74591;2836.439;-1800.266;1;134;450;454.8;22.2;22.4;25;24.8;26.4;-1.0;
25/02/2025 01:01:13;117;0;143.89;-4;19.41;1.17;264.5;12.50;74610;2836.436;-1800.263;1;134;450;454.8;22.2;22.4;25;24.4;26.4;-1.0;
25/02/2025 01:01:33;117;0;142.29;-4;19.30;1.07;261.6;12.50;74629;2836.434;-1800.261;1;134;450;454.8;22.2;22.4;27;28.0;26.4;-1.0;
25/02/2025 01:01:53;117;0;142.60;-4;19.44;3.49;258.3;12.60;74638;2836.431;-1800.259;1;134;450;453.2;22.2;22.4;27;28.9;26.4;-1.0;
25/02/2025 01:02:13;117;0;142.85;-4;19.53;3.43;255.1;12.60;74642;2836.428;-1800.256;1;134;450;454.8;22.2;22.4;27;28.9;26.4;-1.0;
25/02/2025 01:02:33;117;0;142.22;-4;19.54;3.46;251.9;12.60;74651;2836.425;-1800.254;1;134;450;454.8;22.2;22.4;27;28.9;26.4;-1.0;
25/02/2025 01:02:53;117;0;141.80;-4;19.60;3.58;248.7;12.70;74660;2836.423;-1800.252;1;134;450;454.8;22.2;22.4;27;28.9;26.4;-1.0;
25/02/2025 01:03:13;117;0;141.54;-4;19.56;3.41;245.4;12.70;74669;2836.420;-1800.249;1;134;450;453.2;22.2;22.2;27;28.9;26.4;-1.0;
25/02/2025 01:03:33;117;0;142.30;-4;19.50;3.47;242.1;12.70;74676;2836.417;-1800.246;1;134;450;454.8;22.2;22.5;27;28.9;26.4;-1.0;
25/02/2025 01:03:53;117;0;143.74;-4;19.62;3.40;238.8;12.80;74698;2836.414;-1800.244;1;134;450;454.8;22.2;22.4;27;28.9;26.4;-1.0;
25/02/2025 01:04:13;117;0;143.83;-4;19.43;3.45;235.6;12.80;74718;2836.411;-1800.242;1;134;450;454.8;22.2;22.4;27;28.9;26.4;-1.0;
25/02/2025 01:04:33;117;0;144.00;-4;19.58;3.40;232.3;12.90;74722;2836.408;-1800.239;1;134;450;454.8;22.2;22.4;25;24.4;26.4;-1.0;
25/02/2025 01:04:53;117;0;143.42;-4;19.47;0.96;229.0;12.90;74723;2836.405;-1800.237;1;134;450;454.8;22.2;22.4;25;24.4;26.4;-1.0;
25/02/2025 01:05:13;117;0;140.86;-4;19.24;1.20;225.8;12.90;74735;2836.403;-1800.234;1;134;450;454.8;22.2;22.4;27;27.5;26.4;-1.0;
25/02/2025 01:05:33;117;0;139.74;-4;19.10;3.47;222.6;13.00;74751;2836.400;-1800.232;1;134;450;453.2;22.2;22.4;27;28.9;26.4;-1.0;
25/02/2025 01:05:54;117;0;139.28;-4;19.57;3.34;219.5;13.00;74752;2836.397;-1800.229;1;134;450;456.5;22.2;22.4;27;28.9;26.4;-1.0;
25/02/2025 01:06:14;117;0;140.83;-4;19.53;3.32;216.2;13.10;74773;2836.395;-1800.227;1;134;450;454.8;22.2;22.4;27;28.9;26.4;-1.0;
25/02/2025 01:06:34;117;0;142.03;-4;19.53;3.40;212.9;13.10;74768;2836.392;-1800.224;1;134;450;454.8;22.2;22.4;27;28.9;26.4;-1.0;
25/02/2025 01:06:54;117;0;142.43;-4;19.40;3.38;209.6;13.10;74781;2836.389;-1800.222;1;134;450;454.8;22.2;22.4;27;28.4;26.4;-1.0;
25/02/2025 01:07:14;117;0;143.27;-4;19.35;3.39;206.4;13.20;74797;2836.386;-1800.219;1;134;450;454.8;22.2;22.4;27;28.9;26.4;-1.0;
25/02/2025 01:07:34;117;0;143.60;-4;19.33;3.37;203.3;13.20;74805;2836.383;-1800.217;1;134;450;453.2;22.2;22.4;25;24.8;26.4;-1.0;
25/02/2025 01:07:54;117;0;142.52;-4;19.18;1.03;200.1;13.30;74817;2836.380;-1800.214;1;134;450;454.8;22.2;22.4;25;24.4;26.4;-1.0;
25/02/2025 01:08:14;117;0;140.43;-4;19.14;1.07;197.0;13.30;74829;2836.378;-1800.212;1;134;450;454.8;22.2;22.4;27;27.1;26.4;-1.0;
25/02/2025 01:08:34;117;0;139.03;-4;19.22;2.98;193.9;13.30;74827;2836.375;-1800.209;1;134;450;453.2;22.2;22.5;27;27.5;26.4;-1.0;
25/02/2025 01:08:54;117;0;138.91;-4;19.38;2.85;190.9;13.40;74837;2836.373;-1800.207;1;134;450;453.2;22.2;22.4;27;27.5;26.4;-1.0;
25/02/2025 01:09:14;117;0;139.58;-4;19.22;2.76;187.7;13.40;74851;2836.370;-1800.204;1;134;450;453.2;22.2;22.4;27;27.5;26.4;-1.0;
25/02/2025 01:09:34;117;0;140.06;-4;19.19;2.83;184.7;13.50;74861;2836.368;-1800.202;1;134;450;454.8;22.2;22.4;27;27.5;26.4;-1.0;
25/02/2025 01:09:54;117;0;140.65;-4;19.04;2.82;181.7;13.50;74867;2836.365;-1800.199;1;134;450;453.2;22.2;22.4;27;27.5;26.4;-1.0;
25/02/2025 01:10:14;117;0;140.11;-4;19.15;2.85;178.9;13.60;74883;2836.363;-1800.197;1;134;450;453.2;22.2;22.4;27;27.5;26.4;-1.0;
25/02/2025 01:10:34;117;0;139.52;-4;19.17;2.87;176.0;13.60;74885;2836.360;-1800.195;1;134;450;454.8;22.2;22.5;27;27.5;26.4;-1.0;
25/02/2025 01:10:54;117;0;140.11;-4;19.29;2.82;173.1;13.60;74899;2836.358;-1800.192;1;134;450;454.8;22.2;22.4;27;27.5;26.4;-1.0;
25/02/2025 01:11:14;117;0;140.29;-4;19.28;2.88;170.1;13.60;74906;2836.355;-1800.190;1;134;450;454.8;22.2;22.4;27;27.5;26.4;-1.0;
25/02/2025 01:11:34;117;0;140.93;-4;19.34;2.81;167.1;13.70;74919;2836.353;-1800.188;1;134;450;454.8;22.2;22.4;27;27.5;26.4;-1.0;
25/02/2025 01:11:54;117;0;139.32;-4;19.11;2.91;164.2;13.80;74933;2836.350;-1800.185;1;134;450;454.8;22.2;22.4;27;27.5;26.4;-1.0;
25/02/2025 01:12:14;117;0;140.37;-4;19.23;2.75;161.3;13.80;74942;2836.348;-1800.183;1;134;450;454.8;22.2;22.4;27;27.5;26.4;-1.0;
25/02/2025 01:12:34;117;0;137.99;-4;19.14;2.94;158.3;13.80;74960;2836.346;-1800.180;1;134;450;454.8;22.2;22.4;27;27.5;26.4;-1.0;
25/02/2025 01:12:54;117;0;137.41;-4;19.25;2.87;155.3;13.90;74993;2836.343;-1800.178;1;134;450;453.2;22.2;22.4;27;27.5;26.4;-1.0;
25/02/2025 01:13:14;117;0;137.35;-4;19.17;2.88;152.1;13.90;75003;2836.341;-1800.175;1;134;450;456.5;22.2;22.4;27;27.5;26.4;-1.0;
25/02/2025 01:13:34;117;0;136.80;-4;18.82;2.84;149.2;14.00;75030;2836.338;-1800.172;1;134;450;453.2;21.8;21.6;27;27.5;26.4;-1.0;
25/02/2025 01:13:54;117;0;137.09;-4;20.45;2.80;146.0;14.00;75041;2836.336;-1800.170;1;134;450;453.2;21.8;21.2;27;27.5;26.4;-1.0;
25/02/2025 01:14:14;117;0;136.34;-4;20.88;2.74;142.9;14.10;75050;2836.334;-1800.167;1;134;450;453.2;21.8;21.1;27;27.5;26.4;-1.0;
25/02/2025 01:14:34;117;0;133.23;-4;21.11;2.87;139.4;14.10;75061;2836.331;-1800.164;1;134;450;453.2;21.8;21.2;27;27.5;26.4;-1.0;
25/02/2025 01:14:54;117;0;131.47;-4;20.86;2.87;136.1;14.20;75103;2836.329;-1800.161;1;134;450;454.8;21.8;21.2;27;27.5;26.4;-1.0;
25/02/2025 01:15:14;117;0;130.81;-4;20.96;2.81;132.6;14.20;75107;2836.327;-1800.158;1;134;450;454.8;21.8;21.2;27;27.5;26.4;-1.0;
25/02/2025 01:15:34;117;0;129.06;-4;21.00;2.87;129.3;14.30;75123;2836.325;-1800.155;1;134;450;454.8;21.8;21.2;27;28.0;26.4;-1.0;
25/02/2025 01:15:54;117;0;127.10;-4;20.94;2.88;126.1;14.40;75136;2836.323;-1800.152;1;134;450;451.6;21.8;21.9;29;29.8;26.4;-1.0;
25/02/2025 01:16:14;117;0;126.54;-4;20.15;3.92;122.8;14.40;75157;2836.321;-1800.148;1;134;450;454.8;21.8;22.1;29;29.8;26.4;-1.0;
25/02/2025 01:16:34;117;0;128.23;-4;19.86;3.78;119.9;14.40;75167;2836.319;-1800.145;1;134;450;456.5;21.8;22.1;29;29.8;26.4;-1.0;
25/02/2025 01:16:54;117;0;129.87;-4;19.79;3.78;116.9;14.50;75195;2836.317;-1800.142;1;134;450;454.8;21.8;22.1;29;29.8;26.4;-1.0;
25/02/2025 01:17:14;117;0;132.52;-4;19.70;3.68;114.0;14.60;75224;2836.315;-1800.140;1;134;450;454.8;21.8;22.1;27;26.2;26.4;-1.0;
25/02/2025 01:17:34;117;0;133.64;-4;19.68;2.70;111.3;14.60;75242;2836.313;-1800.137;1;134;450;454.8;21.8;22.1;27;27.5;26.4;-1.0;
25/02/2025 01:17:54;117;0;132.55;-4;19.58;2.73;108.4;14.70;75277;2836.312;-1800.135;1;134;450;454.8;21.8;22.1;27;27.5;26.4;-1.0;
25/02/2025 01:18:14;117;0;129.90;-4;19.50;2.74;105.4;14.80;75302;2836.310;-1800.132;1;134;450;454.8;21.8;22.1;27;27.1;26.4;-1.0;
25/02/2025 01:18:34;117;0;124.93;-4;19.38;2.79;102.6;14.80;75331;2836.308;-1800.129;1;134;450;453.2;21.8;21.9;31;31.1;26.4;-1.0;
25/02/2025 01:18:54;117;0;126.01;-4;19.53;5.01;99.9;14.90;75365;2836.306;-1800.126;1;134;450;451.6;21.8;22.1;31;32.0;26.4;-1.0;
25/02/2025 01:19:14;117;0;125.93;-4;19.80;5.14;97.1;15.00;75387;2836.305;-1800.123;1;134;450;454.8;21.8;21.9;31;32.0;26.4;-1.0;
25/02/2025 01:19:34;117;0;127.66;-4;19.56;5.09;94.2;15.00;75408;2836.303;-1800.120;1;134;450;454.8;21.8;22.1;29;28.9;26.4;-1.0;
25/02/2025 01:19:54;117;0;126.94;-4;19.46;3.20;91.4;15.10;75426;2836.301;-1800.118;1;134;450;454.8;21.8;22.1;29;28.4;26.4;-1.0;
25/02/2025 01:20:14;117;0;128.59;-4;19.51;3.14;88.6;15.20;75447;2836.300;-1800.115;1;134;450;454.8;21.8;22.1;29;28.4;26.4;-1.0;
25/02/2025 01:20:34;117;0;129.85;-4;19.58;3.17;85.7;15.20;75456;2836.298;-1800.112;1;134;450;454.8;21.8;22.1;29;28.4;26.4;-1.0;
25/02/2025 01:20:54;117;0;130.46;-4;19.61;3.16;82.9;15.30;75479;2836.296;-1800.109;1;134;450;454.8;21.8;22.1;29;28.4;26.4;-1.0;
25/02/2025 01:21:14;117;0;131.57;-4;19.72;3.20;80.1;15.40;75495;2836.294;-1800.107;1;134;450;454.8;21.8;22.1;29;28.4;26.4;-1.0;
25/02/2025 01:21:34;117;0;132.33;-4;19.46;3.20;77.2;15.50;75503;2836.292;-1800.104;1;134;450;454.8;21.8;21.9;29;28.4;26.4;-1.0;
25/02/2025 01:21:54;117;0;132.66;-4;19.29;3.11;74.2;15.50;75507;2836.290;-1800.101;1;134;450;454.8;21.8;22.1;29;28.4;26.4;-1.0;
25/02/2025 01:22:14;117;0;133.16;-4;19.56;3.15;71.2;15.60;75524;2836.288;-1800.099;1;134;450;454.8;21.8;22.1;29;28.4;26.4;-1.0;
25/02/2025 01:22:34;117;0;133.73;-4;19.55;3.17;68.4;15.70;75536;2836.286;-1800.096;1;134;450;454.8;21.8;22.1;29;28.4;26.4;-1.0;
25/02/2025 01:22:54;117;0;134.12;-4;19.57;3.20;65.5;15.70;75544;2836.284;-1800.094;1;134;450;454.8;21.8;22.1;29;28.4;26.4;-1.0;
25/02/2025 01:23:14;117;0;134.50;-4;19.45;3.12;62.7;15.80;75558;2836.282;-1800.091;1;134;450;454.8;21.8;21.9;29;28.4;26.4;-1.0;
25/02/2025 01:23:34;117;0;134.39;-4;19.57;3.28;59.7;15.90;75561;2836.280;-1800.088;1;134;450;454.8;21.8;22.1;29;28.4;26.4;-1.0;
25/02/2025 01:23:54;117;0;135.32;-4;19.73;3.28;56.9;15.90;75580;2836.278;-1800.086;1;134;450;454.8;21.8;22.1;29;28.4;26.4;-1.0;
25/02/2025 01:24:14;117;0;134.77;-4;19.57;3.35;54.1;16.00;75582;2836.276;-1800.084;1;134;450;454.8;21.8;21.9;29;28.4;26.4;-1.0;
25/02/2025 01:24:34;117;0;135.23;-4;19.43;3.18;51.1;16.00;75593;2836.273;-1800.081;1;134;450;454.8;21.8;21.9;29;28.4;26.4;-1.0;
25/02/2025 01:24:54;117;0;135.89;-4;18.99;3.03;48.3;16.10;75596;2836.271;-1800.078;1;134;450;454.8;21.5;21.5;29;28.4;26.4;-1.0;
25/02/2025 01:25:14;117;0;136.50;-4;21.05;3.21;45.5;16.20;75620;2836.269;-1800.076;1;134;450;454.8;21.5;21.2;29;28.4;26.4;-1.0;
25/02/2025 01:25:34;117;0;136.80;-4;21.14;3.22;42.4;16.20;75623;2836.267;-1800.074;1;134;450;454.8;21.5;21.1;29;28.4;26.4;-1.0;
25/02/2025 01:25:54;117;0;136.55;-4;21.07;3.31;39.3;16.30;75639;2836.265;-1800.071;1;134;450;454.8;21.5;20.9;29;28.4;26.4;-1.0;
25/02/2025 01:26:14;117;0;134.41;-4;20.92;3.26;36.1;16.30;75629;2836.263;-1800.068;1;134;450;454.8;21.5;21.1;29;28.4;26.4;-1.0;
25/02/2025 01:26:34;117;0;133.63;-4;20.68;3.22;32.9;16.40;75649;2836.261;-1800.066;1;134;450;454.8;21.5;21.1;29;28.4;26.4;-1.0;
25/02/2025 01:26:54;117;0;131.75;-4;21.29;3.24;29.8;16.40;75656;2836.258;-1800.063;1;134;450;454.8;21.5;21.1;29;28.4;26.4;-1.0;
25/02/2025 01:27:14;117;0;131.25;-4;21.31;3.19;26.5;16.50;75667;2836.256;-1800.060;1;134;450;454.8;21.5;21.1;29;28.4;26.4;-1.0;
25/02/2025 01:27:34;117;0;129.29;-4;20.68;3.34;23.2;16.60;75667;2836.254;-1800.057;1;134;450;453.2;21.5;21.1;29;28.4;26.4;-1.0;
25/02/2025 01:27:54;117;0;128.78;-4;20.51;3.16;19.9;16.60;75679;2836.252;-1800.054;1;134;450;454.8;21.5;21.1;29;28.4;26.4;-1.0;
25/02/2025 01:28:14;117;0;126.14;-4;21.29;3.32;16.7;16.70;75682;2836.250;-1800.050;1;134;450;454.8;21.5;21.1;29;28.4;26.4;-1.0;
25/02/2025 01:28:34;117;0;125.18;-4;20.77;3.24;13.4;16.70;75689;2836.249;-1800.047;1;134;450;456.5;21.5;21.5;31;32.0;26.4;-1.0;
25/02/2025 01:28:54;117;0;127.93;-4;20.90;5.27;10.2;16.80;75702;2836.247;-1800.044;1;134;450;454.8;21.5;21.6;29;28.9;26.4;-1.0;
25/02/2025 01:29:14;117;0;126.19;-4;20.07;4.13;6.9;16.80;75715;2836.245;-1800.041;1;134;450;454.8;21.5;21.6;29;28.4;26.4;-1.0;
25/02/2025 01:29:34;117;0;124.86;-4;20.35;3.64;4.0;16.90;75716;2836.243;-1800.038;1;134;450;453.2;21.5;21.6;31;32.0;26.4;-1.0;
25/02/2025 01:29:39;115;0;127.91;-4;18.08;5.14;3.4;16.90;75726;2836.243;-1800.037;1;134;500;459.7;100.0;63.2;0;-0.5;26.4;-1.0;
25/02/2025 01:29:49;115;0;115.47;-4;6.17;-12.38;2.5;16.90;75694;2836.242;-1800.036;1;134;500;504.8;100.0;100.1;0;-0.5;26.2;-1.0;
25/02/2025 01:29:59;115;0;103.61;-4;-68.53;-7.06;2.8;16.90;75610;2836.243;-1800.036;1;134;500;504.8;100.0;100.6;0;-0.5;26.4;-1.0;
25/02/2025 01:30:19;119;0;104.92;-4;-53.47;-10.75;0.3;17.00;75619;2836.243;-1800.036;1;134;500;506.5;100.0;100.6;0;-0.5;26.4;-1.0;
25/02/2025 01:30:29;119;0;109.46;-4;-55.06;-24.82;0.0;17.10;75616;2836.512;-1759.814;0;134;500;506.5;100.0;100.6;0;-0.5;26.4;-1.0;
