Timestamp;NavState;SecurityLevel;Heading;Declination;Pitch;Roll;Depth;Temperature;Pa;Lat;Lon;DeadReckoning;DesiredH;BallastCmd;BallastPos;LinCmd;LinPos;AngCmd;AngPos;Voltage;Altitude;
22/02/2025 17:47:39;119;0;314.87;-4;-43.57;-8.77;-0.5;17.30;75655;2836.965;-1800.884;0;319;500;509.7;100.0;100.6;0;-0.5;27.1;-1.0;
22/02/2025 17:47:49;116;0;314.89;-4;-52.34;-16.30;-0.2;17.40;75654;2836.970;-1800.890;0;319;500;508.1;100.0;100.7;0;-0.5;27.1;-1.0;
22/02/2025 17:48:14;116;0;310.35;-4;-60.71;-17.11;-0.3;17.40;75661;2836.973;-1800.894;0;319;500;509.7;100.0;100.7;0;-0.9;27.1;-1.0;
22/02/2025 17:48:43;116;0;298.29;-4;-52.29;-0.20;-0.4;17.50;75673;2836.974;-1800.895;0;320;500;509.7;100.0;100.7;0;-0.5;27.1;-1.0;
22/02/2025 17:49:05;116;0;293.53;-4;-56.09;-10.73;-0.3;17.60;75687;2836.975;-1800.898;0;320;500;509.7;100.0;100.6;0;-0.5;27.1;-1.0;
22/02/2025 17:49:25;116;0;303.09;-4;-58.25;-22.49;-0.3;17.60;75691;2836.975;-1800.898;0;320;500;508.1;100.0;100.6;0;-0.5;27.1;-1.0;
22/02/2025 17:50:28;116;0;277.71;-4;-56.89;-7.72;-0.4;17.80;75718;2836.982;-1800.905;0;320;500;508.1;100.0;100.7;0;-0.5;27.1;-1.0;
22/02/2025 17:52:03;116;0;283.70;-4;-55.06;-23.93;-0.4;18.20;75756;2836.996;-1800.913;0;320;500;508.1;100.0;100.7;0;-0.5;27.1;-1.0;
22/02/2025 17:53:19;116;0;288.38;-4;-53.93;-5.24;-0.2;18.50;75778;2837.004;-1800.918;0;320;500;508.1;100.0;100.6;0;-0.5;27.1;-1.0;
22/02/2025 17:53:30;116;0;290.51;-4;-45.90;-10.70;-0.4;18.60;75789;2837.005;-1800.919;0;320;500;509.7;100.0;100.7;0;-0.5;27.1;-1.0;
22/02/2025 17:53:50;110;0;264.95;-4;-56.45;-13.55;-0.1;18.70;75785;2837.005;-1800.919;0;320;-70;395.2;100.0;99.9;-7;-7.2;27.1;-1.0;
22/02/2025 17:54:00;110;0;266.58;-4;-43.54;-11.73;0.1;18.70;76124;2837.005;-1800.919;1;320;-70;246.8;100.0;99.9;-7;-7.2;27.1;-1.0;
22/02/2025 17:54:10;110;0;258.10;-4;-55.67;-11.58;0.7;18.70;76372;2837.005;-1800.920;1;320;-70;83.9;100.0;99.9;-7;-7.2;27.1;-1.0;
22/02/2025 17:54:20;110;0;250.63;-4;-66.70;-24.21;1.1;18.80;76695;2837.005;-1800.920;1;320;-70;-67.7;100.0;99.9;-7;-7.2;27.1;-1.0;
22/02/2025 17:54:30;110;0;236.01;-4;-69.83;-7.86;1.4;18.80;77022;2837.005;-1800.921;1;320;-70;-67.7;43.3;43.3;-7;-7.2;27.1;-1.0;
22/02/2025 17:54:50;100;0;260.35;-4;-30.41;-14.92;4.9;18.90;76983;2837.005;-1800.925;1;320;-70;-64.5;43.3;43.0;-7;-7.2;27.1;-1.0;
22/02/2025 17:55:10;100;0;268.93;-4;-19.97;-15.05;8.3;19.00;76986;2837.005;-1800.930;1;320;-70;-59.7;43.3;42.7;-50;-50.1;27.1;-1.0;
22/02/2025 17:55:30;100;0;277.17;-4;-19.53;-36.25;11.2;19.00;76996;2837.006;-1800.935;1;320;-70;-59.7;43.3;43.4;-40;-40.2;27.1;-1.0;
22/02/2025 17:55:51;100;0;292.15;-4;-19.48;-30.96;13.8;19.10;77009;2837.007;-1800.939;1;320;-70;-59.7;43.3;43.6;-20;-19.9;27.1;0.0;
22/02/2025 17:56:11;100;0;302.01;-4;-20.13;-20.25;16.4;19.10;77020;2837.009;-1800.943;1;320;-70;-59.7;43.3;43.6;-6;-5.9;27.1;0.0;
22/02/2025 17:56:31;100;0;310.33;-4;-21.17;-14.19;19.0;19.10;77017;2837.012;-1800.946;1;320;-70;-59.7;43.3;43.7;7;7.2;27.1;0.0;
22/02/2025 17:56:51;100;0;316.20;-4;-20.83;-7.48;21.7;19.10;77017;2837.014;-1800.949;1;320;-70;-59.7;43.3;43.7;13;13.1;27.1;0.0;
22/02/2025 17:57:11;100;0;318.53;-4;-22.21;-4.88;24.5;19.10;77010;2837.017;-1800.952;1;320;-70;-59.7;42.7;42.7;13;13.5;27.1;0.0;
22/02/2025 17:57:31;100;0;320.22;-4;-20.25;-4.73;27.3;19.10;77014;2837.020;-1800.955;1;320;-70;-59.7;42.7;42.6;13;13.5;27.1;0.0;
22/02/2025 17:57:51;100;0;319.23;-4;-19.92;-4.68;30.0;19.10;77019;2837.023;-1800.959;1;320;-70;-59.7;42.7;42.6;13;13.5;27.1;0.0;
22/02/2025 17:58:11;100;0;319.63;-4;-19.60;-4.69;32.7;19.10;77030;2837.026;-1800.962;1;320;-70;-59.7;42.7;42.4;13;13.5;27.1;0.0;
22/02/2025 17:58:31;100;0;320.55;-4;-19.73;-4.83;35.3;19.10;77026;2837.028;-1800.964;1;320;-70;-59.7;42.7;42.4;13;13.5;27.1;0.0;
22/02/2025 17:58:51;100;0;321.57;-4;-20.00;-4.76;37.8;19.10;77037;2837.031;-1800.967;1;320;-70;-59.7;42.7;42.6;13;13.5;27.1;0.0;
22/02/2025 17:59:11;100;0;321.18;-4;-19.79;-4.76;40.4;19.20;77031;2837.034;-1800.970;1;320;-70;-59.7;42.7;42.4;13;13.5;27.1;0.0;
22/02/2025 17:59:31;100;0;320.60;-4;-19.64;-4.80;43.0;19.10;77035;2837.037;-1800.973;1;320;-70;-59.7;42.7;42.6;13;13.5;27.1;0.0;
22/02/2025 17:59:51;100;0;320.53;-4;-19.90;-4.79;45.6;19.20;77042;2837.040;-1800.976;1;320;-70;-59.7;42.7;42.4;13;13.5;27.1;0.0;
22/02/2025 18:00:11;100;0;320.80;-4;-19.80;-4.71;48.1;19.20;77048;2837.042;-1800.979;1;320;-70;-58.1;42.7;42.4;13;13.5;27.1;0.0;
22/02/2025 18:00:31;100;0;320.26;-4;-19.21;-4.78;50.7;19.20;77048;2837.045;-1800.982;1;320;-70;-59.7;42.7;42.4;13;13.5;27.1;0.0;
22/02/2025 18:00:51;100;0;318.14;-4;-20.25;-4.77;53.2;19.20;77053;2837.048;-1800.985;1;320;-70;-59.7;42.7;42.4;13;13.5;27.1;0.0;
22/02/2025 18:01:11;100;0;317.98;-4;-19.65;-4.79;55.8;19.20;77064;2837.051;-1800.988;1;320;-70;-59.7;42.7;42.4;13;13.5;27.1;0.0;
22/02/2025 18:01:31;100;0;318.27;-4;-19.68;-4.78;58.4;19.20;77061;2837.053;-1800.991;1;320;-70;-59.7;42.7;42.6;13;13.5;27.1;0.0;
22/02/2025 18:01:51;100;0;317.38;-4;-19.71;-4.79;61.0;19.20;77069;2837.056;-1800.994;1;320;-70;-59.7;42.7;42.6;13;13.5;27.1;0.0;
22/02/2025 18:02:11;100;0;317.66;-4;-19.48;-4.81;63.7;19.20;77070;2837.059;-1800.997;1;320;-70;-58.1;42.7;42.4;13;13.5;27.1;0.0;
22/02/2025 18:02:31;100;0;318.52;-4;-19.13;-4.66;66.2;19.20;77080;2837.061;-1801.000;1;320;-70;-59.7;42.7;42.4;13;13.5;27.1;0.0;
22/02/2025 18:02:51;100;0;319.50;-4;-20.03;-4.78;68.9;19.20;77083;2837.064;-1801.003;1;320;-70;-59.7;42.7;42.4;13;13.5;27.1;0.0;
22/02/2025 18:03:11;100;0;319.58;-4;-19.33;-4.69;71.5;19.20;77080;2837.067;-1801.006;1;320;-70;-59.7;42.7;42.6;13;13.5;27.1;0.0;
22/02/2025 18:03:31;100;0;320.59;-4;-19.41;-4.84;74.3;19.20;77081;2837.070;-1801.009;1;320;-70;-59.7;42.7;42.6;13;13.5;27.1;0.0;
22/02/2025 18:03:51;100;0;320.52;-4;-19.55;-4.67;76.9;19.20;77088;2837.073;-1801.012;1;320;-70;-59.7;42.7;42.4;13;13.5;27.1;0.0;
22/02/2025 18:04:11;100;0;320.25;-4;-19.61;-4.79;79.5;19.20;77103;2837.076;-1801.015;1;320;-70;-59.7;42.7;42.6;13;13.5;27.1;0.0;
22/02/2025 18:04:31;100;0;320.19;-4;-19.77;-4.76;82.2;19.20;77100;2837.079;-1801.018;1;320;-70;-59.7;42.7;42.6;13;13.5;27.1;0.0;
22/02/2025 18:04:51;100;0;320.89;-4;-19.37;-4.71;84.8;19.20;77103;2837.082;-1801.021;1;320;-70;-59.7;42.7;42.4;13;13.5;27.1;0.0;
22/02/2025 18:05:11;100;0;320.36;-4;-19.58;-4.73;87.5;19.20;77106;2837.084;-1801.024;1;320;-70;-59.7;42.7;42.4;13;13.5;27.1;0.0;
22/02/2025 18:05:31;100;0;320.82;-4;-19.47;-4.78;90.1;19.20;77108;2837.087;-1801.027;1;320;-70;-59.7;42.7;42.4;13;13.5;27.1;0.0;
22/02/2025 18:05:51;100;0;322.62;-4;-19.83;-4.77;92.7;19.20;77099;2837.090;-1801.030;1;320;-70;-59.7;42.7;42.6;13;13.5;27.1;0.0;
22/02/2025 18:06:11;100;0;319.91;-4;-19.97;-4.73;95.4;19.20;77099;2837.093;-1801.033;1;320;-70;-58.1;42.7;42.4;13;13.5;27.1;0.0;
22/02/2025 18:06:31;100;0;315.00;-4;-19.02;-4.82;98.0;19.20;77083;2837.096;-1801.037;1;320;-70;-59.7;42.7;42.4;13;13.5;27.1;0.0;
22/02/2025 18:06:51;100;0;312.64;-4;-19.07;-4.88;100.5;19.20;77086;2837.098;-1801.040;1;320;-70;-59.7;42.7;42.4;11;10.8;27.1;0.0;
22/02/2025 18:07:11;100;0;317.46;-4;-19.09;-6.56;102.9;19.20;77071;2837.101;-1801.043;1;320;-70;-59.7;42.7;42.4;13;13.1;27.1;0.0;
22/02/2025 18:07:31;100;0;322.88;-4;-18.90;-4.90;105.3;19.20;77049;2837.104;-1801.046;1;320;-70;-59.7;43.0;43.2;13;13.5;27.1;0.0;
22/02/2025 18:07:51;100;0;319.91;-4;-19.99;-4.92;107.9;19.20;77018;2837.106;-1801.048;1;320;-70;-59.7;43.0;43.3;13;13.5;27.1;0.0;
22/02/2025 18:08:11;100;0;318.40;-4;-20.25;-4.91;110.5;19.20;77017;2837.109;-1801.051;1;320;-70;-59.7;43.0;43.4;13;13.5;27.1;0.0;
22/02/2025 18:08:31;100;0;316.93;-4;-20.95;-4.79;113.3;19.10;76996;2837.112;-1801.055;1;320;-70;-59.7;43.0;43.3;13;13.5;27.1;0.0;
22/02/2025 18:08:51;100;0;320.41;-4;-20.49;-4.77;116.2;19.10;76969;2837.115;-1801.058;1;320;-70;-59.7;43.0;43.4;13;13.5;27.1;0.0;
22/02/2025 18:09:11;100;0;323.66;-4;-20.43;-4.81;119.0;19.10;76956;2837.118;-1801.061;1;320;-70;-59.7;43.0;43.3;13;13.5;27.1;0.0;
22/02/2025 18:09:31;100;0;326.96;-4;-19.99;-4.86;121.8;19.10;76945;2837.121;-1801.064;1;320;-70;-59.7;43.0;43.3;13;13.5;27.1;0.0;
22/02/2025 18:09:51;100;0;328.92;-4;-19.74;-4.83;124.5;19.10;76943;2837.124;-1801.066;1;320;-70;-59.7;43.0;43.3;15;14.9;27.1;0.0;
22/02/2025 18:10:11;100;0;329.13;-4;-19.99;-3.89;127.2;19.00;76918;2837.127;-1801.069;1;320;-70;-59.7;43.0;43.3;15;15.3;27.1;0.0;
22/02/2025 18:10:31;100;0;326.36;-4;-20.11;-3.91;129.8;19.00;76913;2837.131;-1801.071;1;320;-70;-59.7;43.0;43.4;15;15.3;27.1;0.0;
22/02/2025 18:10:51;100;0;322.22;-4;-19.95;-3.85;132.5;19.00;76905;2837.133;-1801.074;1;320;-70;-59.7;43.0;43.3;15;15.3;27.1;0.0;
22/02/2025 18:11:11;100;0;321.59;-4;-19.88;-3.90;135.2;18.90;76890;2837.136;-1801.077;1;320;-70;-59.7;43.0;43.3;15;15.3;27.1;0.0;
22/02/2025 18:11:31;100;0;317.51;-4;-19.88;-3.92;137.9;18.90;76867;2837.139;-1801.080;1;320;-70;-59.7;43.0;43.4;13;13.1;27.1;0.0;
22/02/2025 18:11:51;100;0;313.83;-4;-19.95;-5.20;140.6;18.90;76874;2837.142;-1801.084;1;320;-70;-59.7;43.0;43.4;11;10.8;27.1;0.0;
22/02/2025 18:12:11;100;0;309.72;-4;-19.81;-6.26;143.3;18.80;76872;2837.144;-1801.087;1;320;-70;-58.1;43.0;43.3;7;7.2;27.1;0.0;
22/02/2025 18:12:31;100;0;307.52;-4;-19.74;-8.02;146.0;18.80;76853;2837.146;-1801.091;1;320;-70;-59.7;43.0;43.3;4;3.6;27.1;0.0;
22/02/2025 18:12:51;100;0;308.11;-4;-19.26;-10.01;148.7;18.80;76851;2837.149;-1801.094;1;320;-70;-59.7;43.0;43.4;4;3.2;27.1;0.0;
22/02/2025 18:13:11;100;0;308.28;-4;-19.23;-10.03;151.5;18.80;76848;2837.151;-1801.098;1;320;-70;-59.7;43.0;43.3;4;3.2;27.1;0.0;
22/02/2025 18:13:31;100;0;310.16;-4;-19.21;-9.98;154.3;18.70;76824;2837.154;-1801.102;1;320;-70;-59.7;43.0;43.3;8;8.1;27.1;0.0;
22/02/2025 18:13:51;100;0;312.90;-4;-19.58;-7.35;157.0;18.70;76825;2837.157;-1801.105;1;320;-70;-59.7;43.0;43.3;10;9.9;27.1;0.0;
22/02/2025 18:14:11;100;0;318.11;-4;-19.23;-6.34;159.9;18.70;76807;2837.160;-1801.109;1;320;-70;-59.7;43.0;43.4;13;13.5;27.1;0.0;
22/02/2025 18:14:31;100;0;319.32;-4;-20.02;-4.73;162.6;18.60;76811;2837.163;-1801.112;1;320;-70;-59.7;43.0;43.4;13;13.5;27.1;0.0;
22/02/2025 18:14:51;100;0;320.24;-4;-20.04;-4.74;165.4;18.60;76815;2837.166;-1801.115;1;320;-70;-59.7;43.0;43.3;13;13.5;27.1;0.0;
22/02/2025 18:15:11;100;0;321.01;-4;-19.91;-4.74;168.3;18.60;76800;2837.169;-1801.118;1;320;-70;-59.7;43.0;43.4;13;13.5;27.1;0.0;
22/02/2025 18:15:31;100;0;322.48;-4;-19.95;-4.71;171.1;18.50;76784;2837.172;-1801.121;1;320;-70;-59.7;43.0;43.3;13;13.5;27.1;0.0;
22/02/2025 18:15:51;100;0;324.42;-4;-19.86;-4.74;173.8;18.50;76786;2837.175;-1801.124;1;320;-70;-61.3;43.0;43.4;13;13.5;27.1;0.0;
22/02/2025 18:16:11;100;0;327.35;-4;-19.96;-4.73;176.6;18.50;76776;2837.178;-1801.127;1;320;-70;-59.7;43.0;43.4;13;13.5;27.1;0.0;
22/02/2025 18:16:31;100;0;330.38;-4;-19.92;-4.73;179.2;18.40;76767;2837.181;-1801.129;1;320;-70;-59.7;43.0;43.4;15;14.9;27.1;0.0;
22/02/2025 18:16:51;100;0;333.56;-4;-20.12;-3.86;181.9;18.40;76762;2837.184;-1801.131;1;320;-70;-59.7;43.0;43.3;17;17.1;27.1;0.0;
22/02/2025 18:17:11;100;0;333.22;-4;-20.17;-2.85;184.6;18.40;76751;2837.188;-1801.134;1;320;-70;-59.7;43.0;43.4;17;17.6;27.1;0.0;
22/02/2025 18:17:31;100;0;335.94;-4;-20.35;-2.81;187.3;18.40;76747;2837.191;-1801.136;1;320;-70;-59.7;43.0;43.4;20;20.3;27.1;0.0;
22/02/2025 18:17:51;100;0;333.23;-4;-20.02;-1.24;190.1;18.30;76735;2837.194;-1801.138;1;320;-70;-59.7;43.0;43.4;17;17.1;27.1;0.0;
22/02/2025 18:18:11;100;0;330.88;-4;-19.81;-3.38;192.7;18.30;76728;2837.198;-1801.140;1;320;-70;-59.7;43.0;43.3;15;14.9;27.1;0.0;
22/02/2025 18:18:31;100;0;331.33;-4;-19.84;-4.47;195.3;18.20;76730;2837.201;-1801.143;1;320;-70;-59.7;43.0;43.3;15;14.4;27.1;0.0;
22/02/2025 18:18:51;100;0;330.30;-4;-20.02;-4.43;197.9;18.20;76723;2837.204;-1801.145;1;320;-70;-59.7;43.0;43.4;15;14.4;27.1;0.0;
22/02/2025 18:19:11;100;0;329.99;-4;-20.18;-4.38;200.6;18.20;76713;2837.207;-1801.148;1;320;-70;-59.7;43.0;43.4;15;14.4;27.1;0.0;
22/02/2025 18:19:31;100;0;326.32;-4;-19.72;-4.49;203.2;18.20;76700;2837.210;-1801.150;1;320;-70;-59.7;43.0;43.4;15;14.4;27.1;0.0;
22/02/2025 18:19:51;100;0;328.05;-4;-19.69;-4.44;205.7;18.10;76697;2837.213;-1801.153;1;320;-70;-58.1;43.0;43.4;15;14.4;27.1;0.0;
22/02/2025 18:20:11;100;0;329.96;-4;-19.44;-4.40;208.2;18.10;76684;2837.216;-1801.155;1;320;-70;-58.1;43.0;43.3;15;14.0;27.1;0.0;
22/02/2025 18:20:31;100;0;326.39;-4;-19.50;-4.38;210.6;18.00;76674;2837.219;-1801.158;1;320;-70;-59.7;43.0;43.4;15;14.4;27.1;0.0;
22/02/2025 18:20:51;100;0;326.21;-4;-19.85;-4.46;213.1;18.00;76667;2837.222;-1801.160;1;320;-70;-58.1;43.0;43.4;15;14.4;27.1;0.0;
22/02/2025 18:21:11;100;0;325.45;-4;-19.86;-4.46;215.6;18.00;76664;2837.225;-1801.163;1;320;-70;-59.7;43.0;43.3;15;14.4;27.1;0.0;
22/02/2025 18:21:31;100;0;323.30;-4;-19.66;-4.46;218.0;17.90;76654;2837.227;-1801.165;1;320;-70;-59.7;43.0;43.4;15;14.4;27.1;0.0;
22/02/2025 18:21:51;100;0;322.60;-4;-19.71;-4.48;220.4;17.90;76637;2837.230;-1801.168;1;320;-70;-59.7;43.0;43.3;15;14.4;27.1;0.0;
22/02/2025 18:22:11;100;0;322.15;-4;-19.64;-4.51;222.8;17.90;76648;2837.233;-1801.171;1;320;-70;-59.7;43.0;43.4;15;14.4;27.1;0.0;
22/02/2025 18:22:31;100;0;317.64;-4;-19.52;-4.42;225.2;17.80;76644;2837.235;-1801.173;1;320;-70;-59.7;43.0;43.4;13;13.1;27.1;0.0;
22/02/2025 18:22:51;100;0;316.54;-4;-19.59;-5.25;227.5;17.80;76628;2837.237;-1801.176;1;320;-70;-58.1;43.0;43.3;13;12.6;27.1;0.0;
22/02/2025 18:23:11;100;0;314.75;-4;-19.77;-5.28;229.9;17.80;76621;2837.240;-1801.179;1;320;-70;-59.7;43.0;43.4;11;10.8;27.1;0.0;
22/02/2025 18:23:31;100;0;316.53;-4;-19.62;-6.27;232.4;17.70;76613;2837.242;-1801.182;1;320;-70;-59.7;43.0;43.4;13;13.1;27.1;0.0;
22/02/2025 18:23:51;100;0;318.56;-4;-19.68;-4.86;234.8;17.70;76604;2837.245;-1801.185;1;320;-70;-59.7;43.0;43.3;13;13.5;27.1;0.0;
22/02/2025 18:24:11;100;0;319.71;-4;-19.41;-4.91;237.2;17.70;76595;2837.248;-1801.188;1;320;-70;-59.7;43.0;43.4;13;13.5;27.1;0.0;
22/02/2025 18:24:31;100;0;319.49;-4;-19.45;-5.01;239.6;17.60;76583;2837.250;-1801.191;1;320;-70;-59.7;43.0;43.4;13;13.5;27.1;0.0;
22/02/2025 18:24:51;100;0;317.49;-4;-19.44;-4.94;241.8;17.60;76576;2837.253;-1801.194;1;320;-70;-58.1;43.0;43.4;13;13.5;27.1;0.0;
22/02/2025 18:25:11;100;0;321.17;-4;-19.51;-4.96;244.1;17.60;76558;2837.255;-1801.196;1;320;-70;-59.7;43.0;43.3;13;13.5;27.1;0.0;
22/02/2025 18:25:31;100;0;324.62;-4;-19.33;-4.96;246.4;17.50;76564;2837.258;-1801.199;1;320;-70;-59.7;43.0;43.3;13;13.1;27.1;0.0;
22/02/2025 18:25:51;100;0;326.10;-4;-19.58;-4.91;248.7;17.50;76555;2837.260;-1801.201;1;320;-70;-59.7;43.0;43.4;13;13.5;27.1;0.0;
22/02/2025 18:26:11;100;0;324.15;-4;-19.67;-4.92;251.0;17.50;76540;2837.263;-1801.204;1;320;-70;-59.7;43.0;43.3;13;13.5;27.1;0.0;
22/02/2025 18:26:31;100;0;322.24;-4;-19.56;-4.91;253.3;17.40;76525;2837.266;-1801.206;1;320;-70;-59.7;43.0;43.3;13;13.1;27.1;0.0;
22/02/2025 18:26:51;100;0;318.22;-4;-19.70;-4.96;255.6;17.40;76529;2837.268;-1801.209;1;320;-70;-59.7;43.0;43.4;13;13.1;27.1;0.0;
22/02/2025 18:27:11;100;0;314.98;-4;-19.72;-4.94;257.9;17.30;76508;2837.270;-1801.212;1;320;-70;-59.7;43.0;43.3;11;10.8;27.1;0.0;
22/02/2025 18:27:31;100;0;314.04;-4;-19.57;-6.44;260.1;17.30;76498;2837.273;-1801.215;1;320;-70;-59.7;43.0;43.4;11;10.4;27.1;0.0;
22/02/2025 18:27:51;100;0;317.86;-4;-19.32;-6.44;262.5;17.30;76505;2837.275;-1801.217;1;320;-70;-59.7;43.0;43.4;13;13.1;27.1;0.0;
22/02/2025 18:28:11;100;0;319.30;-4;-19.50;-4.79;264.8;17.20;76493;2837.278;-1801.220;1;320;-70;-59.7;43.0;43.3;13;13.5;27.1;0.0;
22/02/2025 18:28:31;100;0;319.72;-4;-19.52;-4.75;267.1;17.20;76477;2837.280;-1801.223;1;320;-70;-59.7;43.0;43.3;13;13.5;27.1;0.0;
22/02/2025 18:28:51;100;0;322.17;-4;-19.33;-4.76;269.5;17.20;76475;2837.283;-1801.226;1;320;-70;-58.1;43.0;43.4;13;13.5;27.1;0.0;
22/02/2025 18:29:11;100;0;326.63;-4;-19.24;-4.77;271.8;17.10;76468;2837.285;-1801.228;1;320;-70;-59.7;43.0;43.4;13;13.5;27.1;0.0;
22/02/2025 18:29:31;100;0;329.00;-4;-19.07;-4.81;274.0;17.10;76455;2837.288;-1801.230;1;320;-70;-59.7;43.0;43.4;13;13.5;27.1;0.0;
22/02/2025 18:29:51;100;0;331.39;-4;-19.13;-4.82;276.3;17.10;76448;2837.291;-1801.232;1;320;-70;-59.7;43.0;43.4;15;14.9;27.1;0.0;
22/02/2025 18:30:12;100;0;332.96;-4;-19.22;-3.82;278.6;17.00;76447;2837.294;-1801.234;1;320;-70;-59.7;43.0;43.4;15;15.8;27.1;0.0;
22/02/2025 18:30:32;100;0;331.96;-4;-18.57;-3.81;280.9;17.00;76426;2837.297;-1801.237;1;320;-70;-59.7;43.4;43.4;15;15.8;27.1;0.0;
22/02/2025 18:30:52;100;0;330.51;-4;-19.64;-3.79;283.2;16.90;76422;2837.300;-1801.239;1;320;-70;-59.7;43.4;43.4;15;15.8;27.1;0.0;
22/02/2025 18:31:12;100;0;325.67;-4;-19.61;-3.83;285.6;16.90;76405;2837.303;-1801.241;1;320;-70;-59.7;43.4;43.6;15;15.8;27.1;0.0;
22/02/2025 18:31:32;100;0;323.78;-4;-18.56;-3.81;288.2;16.90;76404;2837.305;-1801.244;1;320;-70;-58.1;43.8;43.9;15;15.8;27.1;0.0;
22/02/2025 18:31:52;100;0;321.70;-4;-21.12;-3.89;290.8;16.80;76397;2837.308;-1801.247;1;320;-70;-59.7;43.8;44.2;15;15.8;27.1;0.0;
22/02/2025 18:32:12;100;0;318.77;-4;-20.59;-3.80;293.5;16.80;76392;2837.311;-1801.250;1;320;-70;-59.7;43.8;44.2;13;13.1;27.1;0.0;
22/02/2025 18:32:32;100;0;318.25;-4;-21.00;-5.28;296.2;16.80;76392;2837.314;-1801.253;1;320;-70;-59.7;43.8;44.2;13;12.6;27.1;0.0;
22/02/2025 18:32:52;100;0;317.68;-4;-20.95;-5.23;299.1;16.70;76391;2837.317;-1801.256;1;320;-70;-59.7;43.8;44.2;13;12.6;27.1;0.0;
22/02/2025 18:33:12;100;0;316.43;-4;-20.93;-5.25;302.1;16.70;76379;2837.319;-1801.259;1;320;-70;-59.7;43.8;44.2;13;12.6;27.1;0.0;
22/02/2025 18:33:32;100;0;316.60;-4;-20.76;-5.22;304.9;16.70;76374;2837.322;-1801.263;1;320;-70;-59.7;43.8;44.2;13;12.6;27.1;0.0;
22/02/2025 18:33:52;100;0;317.26;-4;-20.85;-5.26;307.8;16.60;76374;2837.325;-1801.266;1;320;-70;-59.7;43.8;44.2;13;12.6;27.1;0.0;
22/02/2025 18:34:12;100;0;316.66;-4;-21.02;-5.23;310.8;16.60;76370;2837.328;-1801.269;1;320;-70;-59.7;43.8;44.2;13;12.6;27.1;0.0;
22/02/2025 18:34:32;100;0;315.77;-4;-21.04;-5.25;313.8;16.50;76353;2837.331;-1801.273;1;320;-70;-59.7;43.8;44.2;13;12.6;27.1;0.0;
22/02/2025 18:34:52;100;0;315.70;-4;-20.71;-5.20;316.7;16.50;76345;2837.334;-1801.276;1;320;-70;-62.9;43.8;44.2;13;12.6;27.1;0.0;
22/02/2025 18:35:12;100;0;314.59;-4;-20.90;-5.21;319.7;16.50;76341;2837.336;-1801.280;1;320;-70;-59.7;43.8;44.2;13;13.1;27.1;0.0;
22/02/2025 18:35:32;100;0;313.86;-4;-20.86;-5.24;322.7;16.50;76331;2837.339;-1801.283;1;320;-70;-59.7;43.8;44.2;11;10.8;27.1;0.0;
22/02/2025 18:35:52;100;0;314.22;-4;-20.79;-6.33;325.7;16.40;76333;2837.342;-1801.287;1;320;-70;-59.7;43.8;44.2;11;10.8;27.1;0.0;
22/02/2025 18:36:12;100;0;317.29;-4;-20.87;-6.28;328.6;16.40;76324;2837.345;-1801.290;1;320;-70;-59.7;43.8;44.2;13;13.1;27.1;0.0;
22/02/2025 18:36:32;100;0;317.82;-4;-21.08;-4.78;331.7;16.40;76312;2837.348;-1801.294;1;320;-70;-59.7;43.8;44.2;13;13.5;27.1;0.0;
22/02/2025 18:36:52;100;0;319.03;-4;-21.08;-4.74;334.8;16.30;76319;2837.351;-1801.297;1;320;-70;-58.1;43.8;44.2;13;13.5;27.1;0.0;
22/02/2025 18:37:12;100;0;320.54;-4;-20.97;-4.72;337.9;16.30;76300;2837.354;-1801.300;1;320;-70;-59.7;43.8;44.2;13;13.5;27.1;0.0;
22/02/2025 18:37:32;100;0;319.55;-4;-20.91;-4.77;341.0;16.30;76291;2837.357;-1801.304;1;320;-70;-59.7;43.8;44.2;13;13.5;27.1;0.0;
22/02/2025 18:37:52;100;0;320.62;-4;-20.87;-4.77;344.1;16.20;76292;2837.361;-1801.307;1;320;-70;-59.7;43.8;44.2;13;13.5;27.1;0.0;
22/02/2025 18:38:12;100;0;322.13;-4;-20.88;-4.83;347.2;16.20;76283;2837.364;-1801.310;1;320;-70;-59.7;43.8;44.2;13;13.5;27.1;0.0;
22/02/2025 18:38:32;100;0;323.29;-4;-20.73;-4.79;350.3;16.20;76278;2837.367;-1801.313;1;320;-70;-58.1;43.8;44.2;13;13.5;27.1;0.0;
22/02/2025 18:38:52;100;0;324.19;-4;-20.75;-4.76;353.4;16.10;76280;2837.370;-1801.316;1;320;-70;-59.7;43.8;44.2;13;13.5;27.1;0.0;
22/02/2025 18:39:12;100;0;324.59;-4;-20.84;-4.79;356.5;16.10;76260;2837.374;-1801.319;1;320;-70;-59.7;43.8;44.2;13;13.5;27.1;0.0;
22/02/2025 18:39:32;100;0;326.04;-4;-20.84;-4.77;359.7;16.10;76261;2837.377;-1801.322;1;320;-70;-59.7;43.8;44.2;13;13.5;27.1;0.0;
22/02/2025 18:39:52;100;0;327.02;-4;-20.84;-4.75;362.7;16.00;76259;2837.380;-1801.325;1;320;-70;-59.7;43.8;44.2;13;13.5;27.1;0.0;
22/02/2025 18:40:12;100;0;327.07;-4;-20.83;-4.72;365.9;16.00;76259;2837.384;-1801.328;1;320;-70;-59.7;43.8;44.2;13;13.5;27.1;0.0;
22/02/2025 18:40:32;100;0;330.61;-4;-20.92;-4.67;369.0;16.00;76237;2837.388;-1801.331;1;320;-70;-59.7;43.8;44.2;15;14.9;27.1;0.0;
22/02/2025 18:40:52;100;0;332.13;-4;-21.03;-3.83;372.1;15.90;76237;2837.391;-1801.333;1;320;-70;-59.7;43.8;44.2;15;15.8;27.1;0.0;
22/02/2025 18:41:12;100;0;332.41;-4;-20.92;-3.74;375.2;15.90;76228;2837.395;-1801.336;1;320;-70;-59.7;43.8;44.3;15;15.3;27.1;0.0;
22/02/2025 18:41:32;100;0;328.33;-4;-20.71;-3.86;378.2;15.90;76221;2837.398;-1801.338;1;320;-70;-59.7;43.8;44.2;15;15.8;27.1;0.0;
22/02/2025 18:41:52;100;0;325.29;-4;-20.66;-3.85;381.2;15.90;76214;2837.401;-1801.341;1;320;-70;-59.7;43.8;44.2;15;15.3;27.1;0.0;
22/02/2025 18:42:12;100;0;323.22;-4;-20.81;-3.88;384.1;15.80;76205;2837.405;-1801.344;1;320;-70;-59.7;43.8;44.2;15;15.3;27.1;0.0;
22/02/2025 18:42:32;100;0;318.92;-4;-20.43;-3.88;387.0;15.80;76204;2837.408;-1801.348;1;320;-70;-59.7;43.8;44.2;13;13.1;27.1;0.0;
22/02/2025 18:42:52;100;0;318.36;-4;-20.41;-5.30;389.8;15.80;76199;2837.410;-1801.351;1;320;-70;-59.7;43.8;44.2;13;12.6;27.1;0.0;
22/02/2025 18:43:12;100;0;319.68;-4;-20.27;-5.29;392.5;15.70;76196;2837.413;-1801.354;1;320;-70;-59.7;43.8;44.3;13;12.6;27.1;0.0;
22/02/2025 18:43:32;100;0;320.28;-4;-20.24;-5.31;395.2;15.70;76186;2837.416;-1801.357;1;320;-70;-59.7;43.8;44.2;13;12.6;27.1;0.0;
22/02/2025 18:43:52;100;0;322.39;-4;-20.44;-5.31;397.8;15.60;76179;2837.419;-1801.360;1;320;-70;-59.7;43.8;44.2;13;12.6;27.1;0.0;
22/02/2025 18:44:12;100;0;325.92;-4;-20.62;-5.31;400.4;15.60;76183;2837.422;-1801.362;1;320;-70;-59.7;43.8;44.2;13;12.6;27.1;0.0;
22/02/2025 18:44:32;100;0;326.65;-4;-20.21;-5.35;402.9;15.60;76165;2837.425;-1801.365;1;320;-70;-61.3;43.8;44.2;13;12.6;27.1;0.0;
22/02/2025 18:44:52;100;0;325.75;-4;-20.29;-5.33;405.3;15.60;76161;2837.428;-1801.367;1;320;-70;-59.7;43.8;44.2;13;12.6;27.1;0.0;
22/02/2025 18:45:12;100;0;326.32;-4;-20.41;-5.34;407.7;15.50;76154;2837.430;-1801.370;1;320;-70;-59.7;43.8;44.2;13;12.6;27.1;0.0;
22/02/2025 18:45:32;100;0;329.26;-4;-20.57;-5.31;410.2;15.50;76150;2837.433;-1801.372;1;320;-70;-58.1;43.8;44.2;13;12.6;27.1;0.0;
22/02/2025 18:45:52;100;0;326.03;-4;-20.55;-5.35;412.6;15.50;76138;2837.436;-1801.374;1;320;-70;-59.7;43.8;44.2;13;12.6;27.1;0.0;
22/02/2025 18:46:12;100;0;325.01;-4;-20.33;-5.28;414.9;15.40;76137;2837.439;-1801.377;1;320;-70;-58.1;43.8;44.2;13;12.6;27.1;0.0;
22/02/2025 18:46:32;100;0;326.43;-4;-20.41;-5.31;417.3;15.40;76119;2837.441;-1801.379;1;320;-70;-58.1;43.8;44.3;13;13.1;27.1;0.0;
22/02/2025 18:46:52;100;0;327.15;-4;-20.64;-5.29;419.7;15.40;76115;2837.444;-1801.382;1;320;-70;-59.7;43.8;44.2;13;12.6;27.1;0.0;
22/02/2025 18:47:12;100;0;328.70;-4;-20.59;-5.25;422.1;15.30;76116;2837.447;-1801.384;1;320;-70;-58.1;43.8;44.2;13;12.6;27.1;0.0;
22/02/2025 18:47:32;100;0;331.41;-4;-20.62;-5.23;424.6;15.30;76102;2837.450;-1801.386;1;320;-70;-59.7;43.8;44.2;15;14.9;27.1;0.0;
22/02/2025 18:47:52;100;0;328.05;-4;-19.92;-3.80;426.9;15.30;76085;2837.452;-1801.388;1;320;-70;-59.7;43.8;44.2;15;15.3;27.1;0.0;
22/02/2025 18:48:12;100;0;327.63;-4;-20.61;-3.99;429.3;15.30;76095;2837.455;-1801.391;1;320;-70;-59.7;43.8;44.2;15;15.3;27.1;0.0;
22/02/2025 18:48:32;100;0;330.50;-4;-20.50;-3.88;431.7;15.20;76080;2837.458;-1801.393;1;320;-70;-58.1;43.8;44.3;15;15.3;27.1;0.0;
22/02/2025 18:48:52;100;0;331.69;-4;-20.51;-3.96;434.0;15.20;76087;2837.461;-1801.395;1;320;-70;-59.7;43.8;44.3;15;15.3;27.1;0.0;
22/02/2025 18:49:12;100;0;332.30;-4;-20.50;-3.91;436.4;15.20;76072;2837.464;-1801.397;1;320;-70;-59.7;43.8;44.2;15;15.3;27.1;0.0;
22/02/2025 18:49:32;100;0;332.52;-4;-20.40;-3.96;438.8;15.10;76065;2837.466;-1801.399;1;320;-70;-59.7;43.8;44.2;15;15.3;27.1;0.0;
22/02/2025 18:49:52;100;0;333.56;-4;-20.53;-3.96;441.1;15.10;76061;2837.469;-1801.401;1;320;-70;-59.7;43.8;44.2;17;17.1;27.1;0.0;
22/02/2025 18:50:12;100;0;333.51;-4;-20.77;-2.77;443.6;15.10;76049;2837.472;-1801.403;1;320;-70;-59.7;43.8;44.3;17;17.6;27.1;0.0;
22/02/2025 18:50:32;100;0;333.20;-4;-20.64;-2.74;446.1;15.00;76050;2837.475;-1801.405;1;320;-70;-59.7;43.8;44.2;17;17.6;27.1;0.0;
22/02/2025 18:50:52;100;0;333.39;-4;-20.57;-2.74;448.5;15.00;76037;2837.478;-1801.407;1;320;-70;-59.7;43.8;44.2;17;17.6;27.1;0.0;
22/02/2025 18:51:12;100;0;334.25;-4;-20.61;-2.69;451.0;15.00;76031;2837.481;-1801.409;1;320;-70;-58.1;43.8;44.2;17;17.6;27.1;0.0;
22/02/2025 18:51:32;100;0;333.88;-4;-20.59;-2.76;453.5;15.00;76032;2837.484;-1801.411;1;320;-70;-59.7;43.8;44.2;17;17.6;27.1;0.0;
22/02/2025 18:51:52;100;0;334.15;-4;-20.32;-2.88;456.0;14.90;76013;2837.487;-1801.413;1;320;-70;-59.7;43.8;44.2;17;17.6;27.1;0.0;
22/02/2025 18:52:12;100;0;334.58;-4;-20.51;-2.81;458.3;14.90;76013;2837.490;-1801.415;1;320;-70;-59.7;43.8;44.2;17;17.6;27.1;0.0;
22/02/2025 18:52:32;100;0;334.63;-4;-20.48;-2.85;460.7;14.80;76001;2837.493;-1801.417;1;320;-70;-58.1;43.8;44.2;17;17.6;27.1;0.0;
22/02/2025 18:52:52;100;0;333.53;-4;-20.54;-2.78;463.2;14.80;76004;2837.496;-1801.419;1;320;-70;-58.1;43.8;44.2;17;17.6;27.1;0.0;
22/02/2025 18:53:12;100;0;331.10;-4;-20.48;-2.74;465.7;14.80;75998;2837.499;-1801.422;1;320;-70;-59.7;43.8;44.2;15;14.9;27.1;0.0;
22/02/2025 18:53:32;100;0;329.72;-4;-20.45;-3.93;468.1;14.80;75987;2837.502;-1801.424;1;320;-70;-59.7;43.8;44.2;15;15.3;27.1;0.0;
22/02/2025 18:53:52;100;0;328.74;-4;-20.35;-3.91;470.6;14.80;76002;2837.505;-1801.426;1;320;-70;-58.1;43.8;44.2;15;15.3;27.1;0.0;
22/02/2025 18:54:12;100;0;326.79;-4;-20.37;-3.98;473.0;14.70;75986;2837.508;-1801.429;1;320;-70;-59.7;43.8;44.2;15;15.8;27.1;0.0;
22/02/2025 18:54:32;100;0;325.25;-4;-20.38;-3.98;475.5;14.70;75979;2837.510;-1801.431;1;320;-70;-59.7;43.8;44.3;15;15.3;27.1;0.0;
22/02/2025 18:54:52;100;0;322.23;-4;-20.08;-4.00;478.0;14.70;75972;2837.513;-1801.434;1;320;-70;-58.1;43.8;44.2;15;15.8;27.1;0.0;
22/02/2025 18:55:12;100;0;319.94;-4;-20.38;-3.92;480.4;14.60;75965;2837.516;-1801.437;1;320;-70;-59.7;43.8;44.3;15;15.3;27.1;0.0;
22/02/2025 18:55:32;100;0;317.74;-4;-20.45;-3.92;482.9;14.60;75964;2837.518;-1801.440;1;320;-70;-59.7;43.8;44.2;13;13.1;27.1;0.0;
22/02/2025 18:55:52;100;0;314.53;-4;-20.21;-5.33;485.4;14.60;75963;2837.521;-1801.443;1;320;-70;-59.7;43.8;44.2;11;10.8;27.1;0.0;
22/02/2025 18:56:12;100;0;315.04;-4;-19.97;-6.25;487.9;14.60;75952;2837.523;-1801.446;1;320;-70;-59.7;43.8;44.2;11;10.8;27.1;0.0;
22/02/2025 18:56:32;100;0;317.85;-4;-19.82;-6.26;490.5;14.50;75948;2837.526;-1801.449;1;320;-70;-59.7;43.8;44.2;14;14.0;27.1;0.0;
22/02/2025 18:56:52;100;0;320.22;-4;-20.09;-4.56;493.0;14.50;75936;2837.529;-1801.452;1;320;-70;-59.7;43.8;44.2;14;14.0;27.1;0.0;
22/02/2025 18:57:12;100;0;321.37;-4;-20.31;-4.45;495.6;14.50;75935;2837.531;-1801.455;1;320;-70;-59.7;43.8;44.2;14;14.0;27.1;0.0;
22/02/2025 18:57:32;100;0;322.84;-4;-20.16;-4.43;498.2;14.50;75935;2837.534;-1801.458;1;320;-70;-59.7;43.8;44.2;14;14.4;27.1;0.0;
22/02/2025 18:57:52;100;0;324.54;-4;-20.36;-4.44;500.7;14.40;75931;2837.537;-1801.460;1;320;-70;-59.7;43.8;44.3;14;14.0;27.1;0.0;
22/02/2025 18:58:12;100;0;324.38;-4;-20.29;-4.47;503.4;14.40;75923;2837.540;-1801.463;1;320;-70;-59.7;43.8;44.2;14;14.0;27.1;0.0;
22/02/2025 18:58:32;100;0;320.87;-4;-20.31;-4.52;506.0;14.40;75912;2837.543;-1801.466;1;320;-70;-59.7;43.8;44.2;14;14.0;27.1;0.0;
22/02/2025 18:58:52;100;0;320.40;-4;-20.03;-4.51;508.6;14.30;75910;2837.546;-1801.469;1;320;-70;-59.7;43.8;44.2;14;14.4;27.1;0.0;
22/02/2025 18:59:12;100;0;320.04;-4;-19.92;-4.50;511.1;14.30;75911;2837.548;-1801.472;1;320;-70;-58.1;43.8;44.2;14;14.0;27.1;0.0;
22/02/2025 18:59:32;100;0;318.91;-4;-20.30;-4.43;513.7;14.30;75887;2837.551;-1801.475;1;320;-70;-59.7;43.8;44.2;14;14.4;27.1;0.0;
22/02/2025 18:59:52;100;0;318.23;-4;-20.80;-4.49;516.3;14.30;75900;2837.554;-1801.478;1;320;-70;-59.7;43.8;44.2;14;14.0;27.1;0.0;
22/02/2025 19:00:12;100;0;316.27;-4;-19.84;-4.44;518.9;14.20;75890;2837.556;-1801.481;1;320;-70;-58.1;43.8;44.2;14;14.0;27.1;0.0;
22/02/2025 19:00:32;100;0;314.12;-4;-20.45;-4.51;521.5;14.20;75879;2837.559;-1801.484;1;320;-70;-59.7;43.8;44.2;11;10.8;27.1;0.0;
22/02/2025 19:00:52;100;0;311.26;-4;-19.98;-6.48;524.1;14.20;75872;2837.561;-1801.487;1;320;-70;-59.7;43.8;44.2;9;9.0;27.1;0.0;
22/02/2025 19:01:12;100;0;314.83;-4;-19.73;-7.28;526.6;14.20;75878;2837.564;-1801.490;1;320;-70;-59.7;43.8;44.2;11;10.8;27.1;0.0;
22/02/2025 19:01:32;100;0;314.20;-4;-20.28;-6.21;529.3;14.10;75874;2837.566;-1801.494;1;320;-70;-59.7;43.8;44.2;11;10.8;27.1;0.0;
22/02/2025 19:01:52;100;0;314.02;-4;-19.86;-6.20;532.1;14.10;75844;2837.569;-1801.497;1;320;-70;-59.7;43.8;44.2;11;10.8;27.1;0.0;
22/02/2025 19:02:12;100;0;314.30;-4;-19.52;-6.24;534.8;14.10;75864;2837.572;-1801.500;1;320;-70;-59.7;43.8;44.2;11;10.8;27.1;0.0;
22/02/2025 19:02:32;100;0;313.47;-4;-19.85;-6.12;537.5;14.10;75846;2837.574;-1801.504;1;320;-70;-59.7;43.8;44.2;11;10.8;27.1;0.0;
22/02/2025 19:02:52;100;0;312.85;-4;-20.42;-6.36;540.3;14.00;75848;2837.577;-1801.507;1;320;-70;-59.7;43.8;44.2;11;10.8;27.1;0.0;
22/02/2025 19:03:12;100;0;312.57;-4;-20.11;-6.09;543.0;14.00;75836;2837.580;-1801.511;1;320;-70;-59.7;43.8;44.2;11;10.8;27.1;0.0;
22/02/2025 19:03:32;100;0;314.33;-4;-20.22;-5.93;545.8;14.00;75829;2837.582;-1801.514;1;320;-70;-59.7;43.8;44.2;11;10.8;27.1;0.0;
22/02/2025 19:03:52;100;0;316.07;-4;-19.96;-6.12;548.5;13.90;75820;2837.585;-1801.517;1;320;-70;-58.1;43.8;44.2;11;10.8;27.1;0.0;
22/02/2025 19:04:12;100;0;319.66;-4;-19.86;-6.15;551.2;13.90;75815;2837.588;-1801.520;1;320;-70;-59.7;43.8;44.2;13;13.1;27.1;0.0;
22/02/2025 19:04:32;100;0;320.30;-4;-19.90;-4.90;553.8;13.90;75825;2837.591;-1801.523;1;320;-70;-59.7;43.8;44.2;13;13.1;27.1;0.0;
22/02/2025 19:04:53;100;0;320.95;-4;-20.07;-5.06;556.5;13.90;75811;2837.594;-1801.526;1;320;-70;-59.7;43.8;44.2;13;13.5;27.1;0.0;
22/02/2025 19:05:13;100;0;323.08;-4;-19.85;-4.94;559.1;13.80;75802;2837.596;-1801.529;1;320;-70;-59.7;43.8;44.2;13;13.5;27.1;0.0;
22/02/2025 19:05:33;100;0;323.85;-4;-19.72;-4.94;561.7;13.80;75791;2837.599;-1801.532;1;320;-70;-59.7;43.8;44.2;13;13.5;27.1;0.0;
22/02/2025 19:05:53;100;0;324.48;-4;-19.38;-4.96;564.3;13.80;75790;2837.602;-1801.535;1;320;-70;-59.7;43.8;44.2;13;13.5;27.1;0.0;
22/02/2025 19:06:13;100;0;327.47;-4;-19.71;-4.97;566.9;13.80;75778;2837.605;-1801.537;1;320;-70;-59.7;43.8;44.2;13;13.5;27.1;0.0;
22/02/2025 19:06:33;100;0;328.42;-4;-19.54;-5.00;569.5;13.80;75786;2837.608;-1801.540;1;320;-70;-59.7;43.8;44.2;13;13.5;27.1;0.0;
22/02/2025 19:06:53;100;0;330.20;-4;-19.74;-5.01;572.0;13.70;75778;2837.611;-1801.542;1;320;-70;-59.7;43.8;44.2;13;13.5;27.1;0.0;
22/02/2025 19:07:13;100;0;331.07;-4;-19.30;-4.99;574.6;13.70;75771;2837.615;-1801.544;1;320;-70;-58.1;43.8;44.2;15;14.9;27.1;0.0;
22/02/2025 19:07:33;100;0;331.55;-4;-19.52;-3.79;577.1;13.70;75771;2837.618;-1801.547;1;320;-70;-58.1;43.8;44.2;15;15.8;27.1;0.0;
22/02/2025 19:07:53;100;0;332.03;-4;-19.89;-3.80;579.6;13.60;75761;2837.621;-1801.549;1;320;-70;-59.7;43.8;44.2;15;15.8;27.1;0.0;
22/02/2025 19:08:13;100;0;331.81;-4;-19.90;-3.79;582.1;13.60;75767;2837.624;-1801.551;1;320;-70;-59.7;43.8;44.2;15;15.8;27.1;0.0;
22/02/2025 19:08:33;100;0;332.45;-4;-19.41;-3.90;584.5;13.60;75758;2837.627;-1801.553;1;320;-70;-59.7;43.8;44.2;15;15.8;27.1;0.0;
22/02/2025 19:08:53;100;0;327.89;-4;-19.31;-3.94;586.9;13.60;75748;2837.630;-1801.556;1;320;-70;-59.7;43.8;44.3;15;15.8;27.1;0.0;
22/02/2025 19:09:13;100;0;327.70;-4;-19.88;-3.83;589.3;13.50;75752;2837.633;-1801.558;1;320;-70;-59.7;43.8;44.2;15;15.8;27.1;0.0;
22/02/2025 19:09:33;100;0;326.76;-4;-19.75;-3.94;591.8;13.50;75746;2837.635;-1801.561;1;320;-70;-58.1;43.8;44.2;15;15.8;27.1;0.0;
22/02/2025 19:09:53;100;0;324.97;-4;-19.04;-4.14;594.2;13.50;75737;2837.638;-1801.563;1;320;-70;-59.7;43.8;44.2;15;15.8;27.1;0.0;
22/02/2025 19:10:13;100;0;324.37;-4;-19.34;-3.76;596.6;13.50;75740;2837.641;-1801.566;1;320;-70;-59.7;43.8;44.2;15;15.8;27.1;0.0;
22/02/2025 19:10:33;100;0;322.57;-4;-19.09;-4.02;599.0;13.40;75736;2837.644;-1801.569;1;320;-70;-59.7;43.8;44.2;15;15.8;27.1;0.0;
22/02/2025 19:10:53;100;0;321.07;-4;-19.65;-3.80;601.3;13.40;75724;2837.646;-1801.571;1;320;-70;-59.7;43.8;44.2;15;15.8;27.1;0.0;
22/02/2025 19:11:13;100;0;318.75;-4;-19.64;-3.90;603.7;13.40;75720;2837.649;-1801.574;1;320;-70;-61.3;43.8;44.2;13;12.6;27.1;0.0;
22/02/2025 19:11:33;100;0;317.68;-4;-19.36;-5.46;606.1;13.40;75726;2837.651;-1801.577;1;320;-70;-59.7;43.8;44.2;13;12.6;27.1;0.0;
22/02/2025 19:11:53;100;0;317.94;-4;-19.17;-5.50;608.5;13.30;75708;2837.654;-1801.580;1;320;-70;-58.1;43.8;44.2;13;12.6;27.1;0.0;
22/02/2025 19:12:13;100;0;318.51;-4;-19.36;-5.48;610.8;13.30;75706;2837.657;-1801.583;1;320;-70;-59.7;43.8;44.3;13;12.6;27.1;0.0;
22/02/2025 19:12:33;100;0;314.38;-4;-19.73;-5.44;613.2;13.30;75701;2837.659;-1801.586;1;320;-70;-59.7;43.8;44.2;11;10.8;27.1;0.0;
22/02/2025 19:12:53;100;0;313.17;-4;-19.27;-6.25;615.6;13.30;75700;2837.661;-1801.589;1;320;-70;-59.7;43.8;44.2;11;10.4;27.1;0.0;
22/02/2025 19:13:13;100;0;309.78;-4;-19.36;-5.96;618.0;13.30;75700;2837.664;-1801.592;1;320;-70;-59.7;43.8;44.2;6;5.4;27.1;0.0;
22/02/2025 19:13:33;100;0;310.95;-4;-19.62;-8.95;620.3;13.20;75685;2837.666;-1801.595;1;320;-70;-59.7;43.8;44.2;6;5.0;27.1;0.0;
22/02/2025 19:13:53;100;0;312.44;-4;-18.88;-9.17;622.7;13.20;75680;2837.668;-1801.598;1;320;-70;-59.7;44.2;44.2;9;9.0;27.1;0.0;
22/02/2025 19:14:13;100;0;316.90;-4;-19.10;-7.08;625.2;13.20;75674;2837.671;-1801.601;1;320;-70;-59.7;44.2;44.2;12;12.2;27.1;0.0;
22/02/2025 19:14:33;100;0;321.15;-4;-19.29;-5.30;627.6;13.20;75680;2837.673;-1801.604;1;320;-70;-59.7;44.2;44.2;12;12.2;27.1;0.0;
22/02/2025 19:14:53;100;0;323.66;-4;-19.32;-5.43;630.0;13.20;75662;2837.676;-1801.607;1;320;-70;-59.7;44.2;44.2;12;12.6;27.1;0.0;
22/02/2025 19:15:13;100;0;326.70;-4;-19.84;-5.29;632.5;13.10;75668;2837.679;-1801.609;1;320;-70;-59.7;44.2;44.2;14;14.0;27.1;0.0;
22/02/2025 19:15:33;100;0;328.29;-4;-19.44;-4.22;635.0;13.10;75669;2837.682;-1801.612;1;320;-70;-59.7;44.2;44.2;14;14.9;27.1;0.0;
22/02/2025 19:15:53;100;0;332.90;-4;-19.74;-4.18;637.5;13.10;75657;2837.685;-1801.614;1;320;-70;-59.7;44.2;44.2;16;16.2;27.1;0.0;
22/02/2025 19:16:13;100;0;334.62;-4;-19.66;-3.23;640.1;13.10;75647;2837.688;-1801.616;1;320;-70;-61.3;44.2;44.2;16;16.7;27.1;0.0;
22/02/2025 19:16:33;100;0;336.47;-4;-19.61;-3.27;642.7;13.00;75646;2837.692;-1801.618;1;320;-70;-58.1;44.2;44.2;20;20.3;27.1;0.0;
22/02/2025 19:16:53;100;0;336.63;-4;-19.83;-1.40;645.2;13.00;75642;2837.695;-1801.620;1;320;-70;-59.7;44.2;44.2;20;20.8;27.1;0.0;
22/02/2025 19:17:13;100;0;337.25;-4;-20.03;-1.47;647.6;13.00;75633;2837.698;-1801.622;1;320;-70;-58.1;44.2;44.2;20;20.3;27.1;0.0;
22/02/2025 19:17:33;100;0;338.29;-4;-19.88;-1.40;650.2;13.00;75619;2837.701;-1801.624;1;320;-70;-59.7;44.2;44.2;22;22.6;27.1;0.0;
22/02/2025 19:17:53;100;0;337.58;-4;-19.98;-0.24;652.6;13.00;75631;2837.704;-1801.626;1;320;-70;-59.7;44.2;44.2;22;22.6;27.1;0.0;
22/02/2025 19:18:13;100;0;337.99;-4;-19.97;-0.26;655.1;12.90;75618;2837.707;-1801.628;1;320;-70;-59.7;44.2;44.2;22;23.0;27.1;0.0;
22/02/2025 19:18:33;100;0;339.39;-4;-19.70;-0.15;657.6;12.90;75622;2837.711;-1801.629;1;320;-70;-59.7;44.2;44.2;22;22.6;27.1;0.0;
22/02/2025 19:18:53;100;0;342.91;-4;-19.84;-0.26;660.0;12.90;75603;2837.714;-1801.631;1;320;-70;-58.1;44.2;44.2;29;29.3;27.1;0.0;
22/02/2025 19:19:13;100;0;338.55;-4;-20.14;3.05;662.4;12.90;75607;2837.717;-1801.633;1;320;-70;-61.3;44.2;44.2;22;22.1;27.1;0.0;
22/02/2025 19:19:33;100;0;333.59;-4;-19.73;-0.90;664.7;12.80;75590;2837.720;-1801.635;1;320;-70;-59.7;44.2;44.2;17;17.1;27.1;0.0;
22/02/2025 19:19:53;100;0;329.41;-4;-19.43;-3.40;667.0;12.80;75590;2837.723;-1801.637;1;320;-70;-59.7;44.2;44.2;15;14.9;27.1;0.0;
22/02/2025 19:20:13;100;0;327.60;-4;-19.31;-4.28;669.3;12.80;75585;2837.725;-1801.639;1;320;-70;-58.1;44.2;44.2;15;14.9;27.1;0.0;
22/02/2025 19:20:33;100;0;326.87;-4;-19.42;-4.20;671.6;12.80;75581;2837.728;-1801.642;1;320;-70;-59.7;44.2;44.2;15;14.9;27.1;0.0;
22/02/2025 19:20:53;100;0;325.47;-4;-19.40;-4.44;673.8;12.80;75573;2837.731;-1801.644;1;320;-70;-59.7;44.2;44.3;15;14.9;27.1;0.0;
22/02/2025 19:21:13;100;0;323.02;-4;-19.48;-4.33;676.1;12.70;75562;2837.733;-1801.647;1;320;-70;-59.7;44.2;44.2;15;14.9;27.1;0.0;
22/02/2025 19:21:33;100;0;321.61;-4;-19.49;-4.35;678.3;12.70;75571;2837.736;-1801.649;1;320;-70;-59.7;44.2;44.2;15;14.9;27.1;0.0;
22/02/2025 19:21:53;100;0;319.87;-4;-19.44;-4.36;680.6;12.70;75561;2837.739;-1801.652;1;320;-70;-59.7;44.2;44.2;15;14.9;27.1;0.0;
22/02/2025 19:22:13;100;0;317.58;-4;-19.32;-4.41;682.8;12.70;75562;2837.741;-1801.655;1;320;-70;-59.7;44.2;44.2;13;13.1;27.1;0.0;
22/02/2025 19:22:33;100;0;316.83;-4;-19.24;-5.37;685.0;12.60;75555;2837.743;-1801.658;1;320;-70;-56.5;44.2;44.2;13;12.6;27.1;0.0;
22/02/2025 19:22:53;100;0;316.07;-4;-19.25;-5.37;687.2;12.60;75551;2837.746;-1801.661;1;320;-70;-58.1;44.2;44.2;13;12.6;27.1;0.0;
22/02/2025 19:23:13;100;0;315.24;-4;-19.33;-5.35;689.3;12.60;75546;2837.748;-1801.663;1;320;-70;-58.1;44.2;44.2;13;13.1;27.1;0.0;
22/02/2025 19:23:33;100;0;315.81;-4;-19.07;-5.32;691.6;12.60;75553;2837.750;-1801.666;1;320;-70;-59.7;44.2;44.2;13;12.6;27.1;0.0;
22/02/2025 19:23:53;100;0;317.07;-4;-19.01;-5.36;693.6;12.60;75542;2837.752;-1801.669;1;320;-70;-58.1;44.2;44.2;13;12.6;27.1;0.0;
22/02/2025 19:24:13;100;0;317.92;-4;-19.03;-5.40;695.7;12.60;75546;2837.755;-1801.671;1;320;-70;-59.7;44.2;44.2;13;12.6;27.1;0.0;
22/02/2025 19:24:33;100;0;318.41;-4;-18.83;-5.37;697.7;12.50;75532;2837.757;-1801.674;1;320;-70;-59.7;44.5;44.5;13;12.6;27.1;0.0;
22/02/2025 19:24:53;100;0;317.53;-4;-20.26;-5.42;699.8;12.50;75529;2837.759;-1801.676;1;320;-70;-59.7;44.5;44.8;13;12.6;27.1;0.0;
22/02/2025 19:25:13;100;0;319.87;-4;-20.23;-5.37;702.0;12.50;75508;2837.761;-1801.679;1;320;-70;-59.7;44.5;44.8;13;12.6;27.1;0.0;
22/02/2025 19:25:33;100;0;322.55;-4;-19.93;-5.26;704.1;12.40;75507;2837.764;-1801.681;1;320;-70;-59.7;44.5;44.8;13;12.6;27.1;0.0;
22/02/2025 19:25:53;100;0;326.61;-4;-20.02;-5.34;706.3;12.40;75501;2837.766;-1801.684;1;320;-70;-59.7;44.5;44.8;13;12.6;27.1;0.0;
22/02/2025 19:26:13;100;0;326.69;-4;-19.98;-5.39;708.4;12.40;75484;2837.769;-1801.686;1;320;-70;-59.7;44.5;44.8;13;12.6;27.1;0.0;
22/02/2025 19:26:33;100;0;327.05;-4;-20.04;-5.37;710.5;12.40;75483;2837.771;-1801.688;1;320;-70;-59.7;44.5;44.8;13;12.6;27.1;0.0;
22/02/2025 19:26:53;100;0;326.51;-4;-20.28;-5.38;712.7;12.40;75481;2837.774;-1801.690;1;320;-70;-59.7;44.5;44.8;13;13.1;27.1;0.0;
22/02/2025 19:27:13;100;0;327.05;-4;-20.52;-5.34;715.0;12.30;75466;2837.776;-1801.693;1;320;-70;-59.7;44.5;44.8;13;13.1;27.1;0.0;
22/02/2025 19:27:33;100;0;328.01;-4;-20.34;-5.30;717.3;12.30;75464;2837.779;-1801.695;1;320;-70;-59.7;44.5;44.6;13;12.6;27.1;0.0;
22/02/2025 19:27:53;100;0;328.00;-4;-20.21;-5.33;719.7;12.30;75457;2837.782;-1801.697;1;320;-70;-59.7;44.5;44.6;13;12.6;27.1;0.0;
22/02/2025 19:28:13;100;0;328.90;-4;-20.16;-5.35;722.0;12.30;75450;2837.785;-1801.700;1;320;-70;-61.3;44.5;44.8;13;12.6;27.1;0.0;
22/02/2025 19:28:33;100;0;331.29;-4;-19.95;-5.29;724.3;12.20;75451;2837.788;-1801.702;1;320;-70;-58.1;44.5;44.8;15;14.9;27.1;0.0;
22/02/2025 19:28:53;100;0;332.24;-4;-20.21;-4.04;726.6;12.20;75431;2837.790;-1801.704;1;320;-70;-59.7;44.5;44.8;15;14.9;27.1;0.0;
22/02/2025 19:29:13;100;0;333.56;-4;-20.21;-4.24;728.9;12.20;75431;2837.793;-1801.706;1;320;-70;-59.7;44.5;44.8;17;17.1;27.1;0.0;
22/02/2025 19:29:33;100;0;335.19;-4;-20.41;-3.08;731.2;12.20;75425;2837.796;-1801.708;1;320;-70;-59.7;44.5;44.8;17;17.1;27.1;0.0;
22/02/2025 19:29:53;100;0;335.23;-4;-20.08;-3.07;733.4;12.20;75428;2837.799;-1801.709;1;320;-70;-59.7;44.5;44.8;17;17.1;27.1;0.0;
22/02/2025 19:30:13;100;0;336.10;-4;-20.39;-3.12;735.6;12.10;75423;2837.802;-1801.711;1;320;-70;-59.7;44.5;44.8;19;19.0;27.1;0.0;
22/02/2025 19:30:33;100;0;335.05;-4;-20.30;-1.95;737.8;12.10;75416;2837.804;-1801.713;1;320;-70;-58.1;44.5;44.8;19;19.4;27.1;0.0;
22/02/2025 19:30:53;100;0;335.27;-4;-20.55;-1.90;740.0;12.10;75412;2837.807;-1801.715;1;320;-70;-58.1;44.5;44.8;19;19.4;27.1;0.0;
22/02/2025 19:31:13;100;0;333.89;-4;-20.78;-1.93;742.2;12.10;75412;2837.810;-1801.717;1;320;-70;-58.1;44.5;44.8;17;17.1;27.1;0.0;
22/02/2025 19:31:33;100;0;334.84;-4;-20.74;-3.28;744.5;12.00;75401;2837.813;-1801.719;1;320;-70;-59.7;44.5;44.8;17;16.7;27.1;0.0;
22/02/2025 19:31:53;100;0;333.99;-4;-20.56;-3.32;746.9;12.00;75399;2837.815;-1801.721;1;320;-70;-59.7;44.5;44.8;17;16.7;27.1;0.0;
22/02/2025 19:32:13;100;0;333.12;-4;-20.68;-3.31;749.2;12.00;75387;2837.818;-1801.723;1;320;-70;-58.1;44.5;44.8;17;17.1;27.1;0.0;
22/02/2025 19:32:33;100;0;330.50;-4;-20.47;-3.31;751.7;11.90;75387;2837.821;-1801.725;1;320;-70;-59.7;44.5;44.8;15;14.9;27.1;0.0;
22/02/2025 19:32:53;100;0;332.65;-4;-20.87;-4.22;754.0;11.90;75387;2837.824;-1801.727;1;320;-70;-58.1;44.5;44.8;15;14.9;27.1;0.0;
22/02/2025 19:33:13;100;0;332.93;-4;-20.70;-4.38;756.4;11.90;75377;2837.827;-1801.729;1;320;-70;-59.7;44.5;44.8;17;17.1;27.1;0.0;
22/02/2025 19:33:33;100;0;330.46;-4;-20.92;-2.90;758.9;11.90;75361;2837.830;-1801.731;1;320;-70;-58.1;44.5;44.8;15;14.9;27.1;0.0;
22/02/2025 19:33:53;100;0;330.95;-4;-20.27;-4.36;761.3;11.90;75381;2837.833;-1801.733;1;320;-70;-58.1;44.5;44.8;15;14.9;27.1;0.0;
22/02/2025 19:34:13;100;0;332.98;-4;-20.72;-4.19;763.7;11.80;75369;2837.835;-1801.735;1;320;-70;-59.7;44.5;44.8;17;17.6;27.1;0.0;
22/02/2025 19:34:33;100;0;333.26;-4;-20.64;-2.88;766.1;11.80;75364;2837.838;-1801.738;1;320;-70;-58.1;44.5;44.8;17;18.1;27.1;0.0;
22/02/2025 19:34:53;100;0;335.10;-4;-20.90;-2.95;768.7;11.80;75365;2837.841;-1801.740;1;320;-70;-59.7;44.5;44.8;19;19.0;27.1;0.0;
22/02/2025 19:35:13;100;0;333.51;-4;-20.87;-2.15;771.2;11.80;75356;2837.844;-1801.742;1;320;-70;-61.3;44.5;44.8;17;17.1;27.1;0.0;
22/02/2025 19:35:33;100;0;331.34;-4;-20.59;-3.22;773.7;11.80;75356;2837.847;-1801.744;1;320;-70;-59.7;44.5;44.8;17;17.1;27.1;0.0;
22/02/2025 19:35:53;100;0;329.41;-4;-20.82;-3.17;776.1;11.80;75349;2837.850;-1801.746;1;320;-70;-59.7;44.5;44.8;15;14.4;27.1;0.0;
22/02/2025 19:36:13;100;0;327.36;-4;-20.64;-4.47;778.6;11.70;75339;2837.853;-1801.748;1;320;-70;-59.7;44.5;44.8;15;14.4;27.1;0.0;
22/02/2025 19:36:33;100;0;324.76;-4;-20.37;-4.46;781.2;11.70;75351;2837.856;-1801.751;1;320;-70;-58.1;44.5;44.8;15;14.4;27.1;0.0;
22/02/2025 19:36:53;100;0;322.69;-4;-20.39;-4.47;783.7;11.70;75339;2837.859;-1801.754;1;320;-70;-59.7;44.5;44.8;15;14.4;27.1;0.0;
22/02/2025 19:37:13;100;0;321.30;-4;-20.32;-4.47;786.0;11.70;75326;2837.861;-1801.756;1;320;-70;-59.7;44.5;44.9;15;14.4;27.1;0.0;
22/02/2025 19:37:33;100;0;318.66;-4;-20.21;-4.65;788.4;11.70;75329;2837.864;-1801.759;1;320;-70;-58.1;44.5;44.8;15;14.4;27.1;0.0;
22/02/2025 19:37:53;100;0;314.39;-4;-20.35;-4.51;790.9;11.60;75322;2837.866;-1801.762;1;320;-70;-59.7;44.5;44.8;12;12.2;27.1;0.0;
22/02/2025 19:38:13;100;0;312.20;-4;-20.30;-5.79;793.4;11.60;75315;2837.869;-1801.766;1;320;-70;-58.1;44.5;44.8;10;9.9;27.1;0.0;
22/02/2025 19:38:33;100;0;312.67;-4;-20.18;-6.98;795.7;11.60;75327;2837.871;-1801.769;1;320;-70;-62.9;44.5;44.9;10;9.5;27.1;0.0;
22/02/2025 19:38:53;100;0;315.66;-4;-20.00;-7.00;798.2;11.60;75322;2837.873;-1801.772;1;320;-70;-59.7;44.5;44.8;13;13.1;27.1;0.0;
22/02/2025 19:39:14;100;0;317.02;-4;-20.14;-4.82;800.6;11.60;75323;2837.876;-1801.775;1;320;-70;-59.7;44.5;44.8;13;13.5;27.1;0.0;
22/02/2025 19:39:34;100;0;316.18;-4;-20.62;-4.83;803.1;11.50;75319;2837.878;-1801.777;1;320;-70;-58.1;44.5;44.8;13;13.5;27.1;0.0;
22/02/2025 19:39:54;100;0;316.62;-4;-20.34;-4.83;805.6;11.50;75314;2837.881;-1801.780;1;320;-70;-58.1;44.5;44.8;13;14.0;27.1;0.0;
22/02/2025 19:40:14;100;0;318.57;-4;-20.35;-4.81;808.1;11.50;75310;2837.883;-1801.783;1;320;-70;-59.7;44.5;44.8;13;13.5;27.1;0.0;
22/02/2025 19:40:34;100;0;320.38;-4;-20.38;-4.75;810.6;11.50;75291;2837.886;-1801.786;1;320;-70;-58.1;44.5;44.9;13;14.0;27.1;0.0;
22/02/2025 19:40:54;100;0;323.20;-4;-20.25;-4.71;813.2;11.50;75293;2837.889;-1801.789;1;320;-70;-58.1;44.5;44.8;13;13.5;27.1;0.0;
22/02/2025 19:41:14;100;0;324.55;-4;-19.90;-4.74;815.7;11.40;75280;2837.892;-1801.792;1;320;-70;-59.7;44.5;44.8;13;13.5;27.1;0.0;
22/02/2025 19:41:34;100;0;324.05;-4;-20.02;-4.83;818.1;11.40;75285;2837.894;-1801.794;1;320;-70;-59.7;44.5;44.8;13;13.5;27.1;0.0;
22/02/2025 19:41:54;100;0;324.40;-4;-19.99;-4.81;820.5;11.40;75284;2837.897;-1801.797;1;320;-70;-59.7;44.5;44.8;13;13.5;27.1;0.0;
22/02/2025 19:42:14;100;0;325.86;-4;-19.85;-4.87;822.9;11.40;75273;2837.900;-1801.799;1;320;-70;-59.7;44.5;44.8;13;13.5;27.1;0.0;
22/02/2025 19:42:34;100;0;322.48;-4;-19.45;-4.88;825.2;11.40;75274;2837.903;-1801.802;1;320;-70;-59.7;44.5;44.8;13;13.5;27.1;0.0;
22/02/2025 19:42:54;100;0;322.39;-4;-20.04;-4.97;827.5;11.40;75269;2837.905;-1801.804;1;320;-70;-58.1;44.5;44.8;13;13.5;27.1;0.0;
22/02/2025 19:43:14;100;0;316.15;-4;-19.79;-4.90;829.7;11.30;75263;2837.907;-1801.807;1;320;-70;-59.7;44.5;44.8;13;14.0;27.1;0.0;
22/02/2025 19:43:34;100;0;314.89;-4;-20.09;-4.88;832.0;11.30;75258;2837.910;-1801.810;1;320;-70;-59.7;44.5;44.8;13;13.5;27.1;0.0;
22/02/2025 19:43:54;100;0;314.60;-4;-20.08;-4.85;834.2;11.30;75260;2837.912;-1801.813;1;320;-70;-59.7;44.5;44.8;13;13.5;27.1;0.0;
22/02/2025 19:44:14;100;0;316.68;-4;-20.03;-4.79;836.6;11.20;75248;2837.914;-1801.816;1;320;-70;-59.7;44.5;44.8;13;13.5;27.1;0.0;
22/02/2025 19:44:34;100;0;320.08;-4;-20.15;-4.80;839.0;11.20;75251;2837.917;-1801.818;1;320;-70;-59.7;44.5;44.8;13;13.5;27.1;0.0;
22/02/2025 19:44:54;100;0;323.22;-4;-19.96;-4.83;841.5;11.20;75241;2837.920;-1801.821;1;320;-70;-59.7;44.5;44.8;13;14.0;27.1;0.0;
22/02/2025 19:45:14;100;0;325.65;-4;-19.97;-4.77;843.9;11.20;75234;2837.922;-1801.824;1;320;-70;-58.1;44.5;44.8;13;13.5;27.1;0.0;
22/02/2025 19:45:34;100;0;327.75;-4;-20.32;-4.84;846.4;11.20;75218;2837.925;-1801.826;1;320;-70;-58.1;44.5;44.8;13;14.0;27.1;0.0;
22/02/2025 19:45:54;100;0;331.36;-4;-19.55;-4.77;848.9;11.20;75214;2837.928;-1801.828;1;320;-70;-59.7;44.5;44.8;16;15.8;27.1;0.0;
22/02/2025 19:46:14;100;0;333.23;-4;-20.15;-3.47;851.3;11.10;75199;2837.931;-1801.830;1;320;-70;-58.1;44.5;44.8;16;16.2;27.1;0.0;
22/02/2025 19:46:34;100;0;333.78;-4;-19.88;-3.49;853.9;11.10;75203;2837.934;-1801.833;1;320;-70;-59.7;44.5;44.8;16;16.7;27.1;0.0;
22/02/2025 19:46:54;100;0;334.11;-4;-20.36;-3.44;856.4;11.10;75192;2837.938;-1801.835;1;320;-70;-58.1;44.5;44.8;18;18.1;27.1;0.0;
22/02/2025 19:47:14;100;0;333.86;-4;-20.31;-2.65;859.0;11.10;75191;2837.941;-1801.837;1;320;-70;-58.1;44.5;44.8;18;18.1;27.1;0.0;
22/02/2025 19:47:34;100;0;333.46;-4;-20.08;-2.57;861.6;11.00;75192;2837.944;-1801.839;1;320;-70;-59.7;44.5;44.8;18;18.1;27.1;0.0;
22/02/2025 19:47:54;100;0;334.24;-4;-20.42;-2.54;864.1;11.00;75184;2837.947;-1801.841;1;320;-70;-59.7;44.5;44.8;18;18.1;27.1;0.0;
22/02/2025 19:48:14;100;0;333.92;-4;-20.28;-2.54;866.7;11.00;75177;2837.950;-1801.843;1;320;-70;-58.1;44.5;44.8;18;18.5;27.1;0.0;
22/02/2025 19:48:34;100;0;335.12;-4;-19.99;-2.59;869.4;11.00;75175;2837.954;-1801.845;1;320;-70;-59.7;44.5;44.8;20;19.9;27.1;0.0;
22/02/2025 19:48:54;100;0;335.19;-4;-20.22;-1.55;871.9;11.00;75173;2837.957;-1801.848;1;320;-70;-58.1;44.5;44.8;20;20.3;27.1;0.0;
22/02/2025 19:49:14;100;0;335.93;-4;-20.26;-1.49;874.4;11.00;75172;2837.960;-1801.850;1;320;-70;-61.3;44.5;44.8;20;20.3;27.1;0.0;
22/02/2025 19:49:34;100;0;337.37;-4;-20.13;-1.48;877.1;10.90;75175;2837.963;-1801.852;1;320;-70;-59.7;44.5;44.8;23;23.0;27.1;0.0;
22/02/2025 19:49:54;100;0;338.82;-4;-20.53;0.00;879.7;10.90;75159;2837.967;-1801.853;1;320;-70;-58.1;44.5;44.8;23;23.5;27.1;0.0;
22/02/2025 19:50:14;100;0;338.05;-4;-20.32;0.06;882.2;10.90;75159;2837.970;-1801.855;1;320;-70;-59.7;44.5;44.8;23;23.5;27.1;0.0;
22/02/2025 19:50:34;100;0;335.06;-4;-20.17;-0.01;884.8;10.90;75160;2837.973;-1801.857;1;320;-70;-59.7;44.5;44.8;20;19.9;27.1;0.0;
22/02/2025 19:50:54;100;0;330.77;-4;-20.23;-1.98;887.2;10.80;75149;2837.976;-1801.860;1;320;-70;-59.7;44.5;44.8;16;15.8;27.1;0.0;
22/02/2025 19:51:14;100;0;327.77;-4;-19.92;-4.19;889.7;10.80;75152;2837.979;-1801.862;1;320;-70;-59.7;44.5;44.8;16;15.3;27.1;0.0;
22/02/2025 19:51:34;100;0;323.60;-4;-19.67;-4.18;892.0;10.80;75141;2837.981;-1801.865;1;320;-70;-59.7;44.5;44.9;16;15.3;27.1;0.0;
22/02/2025 19:51:54;100;0;317.85;-4;-19.67;-4.21;894.3;10.80;75142;2837.984;-1801.867;1;320;-70;-59.7;44.5;44.8;14;14.0;27.1;0.0;
22/02/2025 19:52:14;100;0;316.99;-4;-19.70;-4.90;896.6;10.80;75138;2837.986;-1801.870;1;320;-70;-58.1;44.5;44.8;14;13.5;27.1;0.0;
22/02/2025 19:52:34;100;0;316.81;-4;-19.40;-4.84;898.9;10.80;75122;2837.989;-1801.873;1;320;-70;-59.7;44.5;44.8;14;14.0;27.1;0.0;
22/02/2025 19:52:54;100;0;317.26;-4;-19.96;-4.86;901.1;10.70;75128;2837.991;-1801.876;1;320;-70;-59.7;44.5;44.8;14;14.0;27.1;0.0;
22/02/2025 19:53:14;100;0;312.62;-4;-19.43;-4.94;903.3;10.70;75119;2837.993;-1801.879;1;320;-70;-58.1;44.5;44.8;10;9.5;27.1;0.0;
22/02/2025 19:53:34;100;0;313.50;-4;-19.50;-7.04;905.5;10.70;75111;2837.995;-1801.881;1;320;-70;-58.1;44.5;44.8;10;9.0;27.1;0.0;
22/02/2025 19:53:54;100;0;312.95;-4;-19.50;-6.96;907.7;10.70;75109;2837.997;-1801.884;1;320;-70;-58.1;44.5;44.8;10;9.5;27.1;0.0;
22/02/2025 19:54:14;100;0;311.95;-4;-19.51;-7.15;909.8;10.70;75102;2838.000;-1801.887;1;320;-70;-59.7;44.5;44.8;10;9.5;27.1;0.0;
22/02/2025 19:54:34;100;0;312.36;-4;-19.52;-7.04;912.0;10.60;75107;2838.002;-1801.890;1;320;-70;-59.7;44.5;44.8;10;9.5;27.1;0.0;
22/02/2025 19:54:54;100;0;311.70;-4;-19.34;-7.14;914.1;10.60;75104;2838.004;-1801.893;1;320;-70;-59.7;44.5;44.8;10;9.5;27.1;0.0;
22/02/2025 19:55:14;100;0;310.84;-4;-19.56;-7.07;916.2;10.60;75102;2838.006;-1801.896;1;320;-70;-61.3;44.5;44.9;8;8.1;27.1;0.0;
22/02/2025 19:55:34;100;0;309.59;-4;-19.42;-7.81;918.3;10.60;75097;2838.008;-1801.899;1;320;-70;-61.3;44.5;44.8;6;5.9;27.1;0.0;
22/02/2025 19:55:54;100;0;311.70;-4;-19.10;-9.00;920.5;10.60;75095;2838.010;-1801.902;1;320;-70;-59.7;44.5;44.8;9;9.0;27.1;0.0;
22/02/2025 19:56:14;100;0;311.59;-4;-19.27;-7.14;922.7;10.50;75086;2838.012;-1801.905;1;320;-70;-58.1;44.5;44.8;9;9.5;27.1;0.0;
22/02/2025 19:56:34;100;0;313.81;-4;-19.36;-7.07;924.8;10.50;75095;2838.014;-1801.907;1;320;-70;-59.7;44.5;44.8;11;10.8;27.1;0.0;
22/02/2025 19:56:54;100;0;314.48;-4;-19.66;-6.16;927.0;10.50;75088;2838.016;-1801.910;1;320;-70;-59.7;44.5;44.8;11;10.8;27.1;0.0;
22/02/2025 19:57:14;100;0;315.43;-4;-19.50;-6.14;929.2;10.50;75083;2838.019;-1801.913;1;320;-70;-59.7;44.5;44.8;11;11.3;27.1;0.0;
22/02/2025 19:57:34;100;0;319.68;-4;-19.33;-6.16;931.5;10.50;75076;2838.021;-1801.916;1;320;-70;-58.1;44.5;44.8;14;14.0;27.1;0.0;
22/02/2025 19:57:54;100;0;321.86;-4;-19.50;-4.57;933.7;10.40;75066;2838.024;-1801.918;1;320;-70;-58.1;44.5;44.8;14;14.0;27.1;0.0;
22/02/2025 19:58:14;100;0;324.43;-4;-19.65;-4.61;936.0;10.40;75071;2838.026;-1801.921;1;320;-70;-59.7;44.5;44.8;14;14.4;27.1;0.0;
22/02/2025 19:58:34;100;0;327.56;-4;-19.37;-4.45;938.2;10.40;75064;2838.029;-1801.923;1;320;-70;-58.1;44.5;44.8;14;14.0;27.1;0.0;
22/02/2025 19:58:54;100;0;329.05;-4;-19.48;-4.63;940.5;10.40;75064;2838.032;-1801.925;1;320;-70;-59.7;44.5;44.8;14;14.0;27.1;0.0;
22/02/2025 19:59:14;100;0;331.07;-4;-19.29;-4.62;942.6;10.40;75058;2838.034;-1801.927;1;320;-70;-59.7;44.5;44.8;14;14.4;27.1;0.0;
22/02/2025 19:59:34;100;0;331.44;-4;-19.60;-4.61;944.8;10.40;75057;2838.037;-1801.929;1;320;-70;-59.7;44.5;44.8;16;15.8;27.1;0.0;
22/02/2025 19:59:54;100;0;329.92;-4;-19.72;-3.60;947.0;10.30;75046;2838.040;-1801.932;1;320;-70;-58.1;44.5;44.8;16;16.2;27.1;0.0;
22/02/2025 20:00:14;100;0;330.64;-4;-19.76;-3.77;949.3;10.30;75055;2838.042;-1801.934;1;320;-70;-58.1;44.5;44.8;16;15.8;27.1;0.0;
22/02/2025 20:00:34;100;0;331.63;-4;-19.39;-3.58;951.5;10.30;75054;2838.045;-1801.936;1;320;-70;-58.1;44.5;44.8;16;16.2;27.1;0.0;
22/02/2025 20:00:54;100;0;331.12;-4;-19.35;-3.50;953.7;10.30;75041;2838.048;-1801.938;1;320;-70;-59.7;44.5;44.8;16;16.2;27.1;0.0;
22/02/2025 20:01:14;100;0;333.22;-4;-19.55;-3.80;955.5;10.30;75031;2838.050;-1801.940;1;320;-90;-91.9;44.5;44.8;16;16.2;27.1;0.0;
22/02/2025 20:01:34;100;0;334.07;-4;-19.38;-3.66;957.6;10.30;75115;2838.053;-1801.942;1;320;-90;-91.9;44.5;44.8;18;18.1;27.1;0.0;
22/02/2025 20:01:54;100;0;334.44;-4;-19.57;-2.48;959.9;10.20;75105;2838.056;-1801.944;1;320;-90;-95.2;44.5;44.8;18;18.1;27.1;38.7;
22/02/2025 20:02:14;100;0;333.67;-4;-17.87;-2.32;962.3;10.20;75120;2838.059;-1801.946;1;320;-90;-96.8;45.2;45.4;18;18.1;27.1;0.0;
22/02/2025 20:02:34;100;0;326.90;-4;-22.71;-2.22;964.0;10.20;75120;2838.061;-1801.947;1;320;-110;-96.8;44.4;45.4;15;18.1;27.1;27.5;
22/02/2025 20:02:37;118;0;326.43;-4;-22.33;-4.55;964.3;10.20;75146;2838.061;-1801.948;1;320;270;-109.7;25.9;25.9;7;6.8;27.1;26.6;
22/02/2025 20:02:47;118;0;325.94;-4;-5.09;-8.59;965.2;10.20;75155;2838.062;-1801.949;1;320;270;-79.0;25.9;25.8;7;6.8;27.1;-1.0;
22/02/2025 20:02:57;118;0;43.45;-4;14.78;-8.58;965.0;10.20;75060;2838.063;-1801.949;1;320;270;46.8;25.9;25.3;7;6.8;25.7;-1.0;
22/02/2025 20:03:07;118;0;38.60;-4;23.17;-9.26;964.6;10.20;74807;2838.063;-1801.949;1;320;270;169.4;25.9;25.9;7;6.8;25.6;-1.0;
22/02/2025 20:03:17;118;0;36.51;-4;26.48;-9.15;964.0;10.20;74552;2838.064;-1801.948;1;320;270;272.6;25.9;26.2;7;6.8;25.6;-1.0;
22/02/2025 20:03:27;118;0;333.60;-4;20.68;-8.84;962.8;10.20;74352;2838.065;-1801.949;1;320;270;272.6;25.9;26.1;7;6.8;27.0;-1.0;
22/02/2025 20:03:37;118;0;329.74;-4;20.44;-8.93;961.7;10.20;74358;2838.066;-1801.950;1;320;270;271.0;25.9;26.2;7;6.8;27.0;-1.0;
22/02/2025 20:03:57;117;0;325.64;-4;17.23;-8.32;959.6;10.20;74375;2838.069;-1801.953;1;320;270;271.0;25.9;26.1;7;6.8;27.1;-1.0;
22/02/2025 20:04:17;117;0;321.16;-4;18.87;-8.45;957.6;10.30;74373;2838.071;-1801.955;1;320;270;271.0;25.5;25.6;29;28.9;27.1;-1.0;
22/02/2025 20:04:37;117;0;321.24;-4;21.49;3.24;955.2;10.30;74362;2838.074;-1801.958;1;320;270;271.0;25.5;25.6;29;29.3;27.1;-1.0;
22/02/2025 20:04:57;117;0;324.14;-4;21.14;3.25;952.7;10.30;74367;2838.077;-1801.961;1;320;270;272.6;25.5;25.6;29;29.3;27.1;-1.0;
22/02/2025 20:05:17;117;0;327.63;-4;21.47;3.32;950.1;10.20;74355;2838.080;-1801.963;1;320;270;271.0;25.5;25.6;29;29.3;27.1;-1.0;
22/02/2025 20:05:37;117;0;327.56;-4;21.68;3.28;947.4;10.30;74357;2838.083;-1801.966;1;320;270;271.0;25.5;25.6;29;29.3;27.1;-1.0;
22/02/2025 20:05:57;117;0;328.49;-4;21.75;3.56;944.5;10.20;74355;2838.086;-1801.968;1;320;270;272.6;25.5;25.6;29;29.3;27.1;-1.0;
22/02/2025 20:06:17;117;0;326.33;-4;20.68;3.20;941.9;10.20;74356;2838.089;-1801.971;1;320;270;271.0;25.5;25.8;29;29.3;27.1;-1.0;
22/02/2025 20:06:37;117;0;326.34;-4;20.91;3.35;939.5;10.20;74341;2838.091;-1801.973;1;320;270;271.0;25.5;25.6;29;29.8;27.1;-1.0;
22/02/2025 20:06:57;117;0;324.14;-4;20.82;3.47;937.2;10.20;74341;2838.094;-1801.975;1;320;270;272.6;25.5;25.6;29;29.3;27.1;-1.0;
22/02/2025 20:07:17;117;0;322.86;-4;20.57;3.44;935.0;10.20;74344;2838.096;-1801.978;1;320;270;271.0;25.5;25.6;29;29.3;27.1;-1.0;
22/02/2025 20:07:37;117;0;320.55;-4;20.05;3.35;933.2;10.20;74347;2838.098;-1801.980;1;320;290;293.5;25.5;25.6;29;29.3;27.1;-1.0;
22/02/2025 20:07:57;117;0;326.19;-4;20.20;3.35;931.6;10.20;74301;2838.100;-1801.982;1;320;310;312.9;25.5;25.6;29;29.3;27.1;-1.0;
22/02/2025 20:08:17;117;0;326.18;-4;20.21;3.37;930.1;10.10;74256;2838.102;-1801.984;1;320;330;333.9;25.5;25.8;29;29.3;27.1;-1.0;
22/02/2025 20:08:37;117;0;332.82;-4;19.74;3.47;928.7;10.10;74211;2838.104;-1801.985;1;320;350;351.6;25.5;25.6;29;29.3;27.1;-1.0;
22/02/2025 20:08:57;117;0;334.32;-4;18.96;3.27;927.3;10.10;74176;2838.106;-1801.986;1;320;370;371.0;25.2;25.2;27;27.1;27.1;-1.0;
22/02/2025 20:09:17;117;0;338.31;-4;19.12;2.06;926.0;10.10;74137;2838.107;-1801.988;1;320;390;393.5;25.2;25.0;24;23.9;27.1;-1.0;
22/02/2025 20:09:37;117;0;339.88;-4;18.82;0.39;924.6;10.10;74083;2838.109;-1801.989;1;320;410;411.3;24.9;24.9;21;21.2;27.1;-1.0;
22/02/2025 20:09:57;117;0;341.43;-4;18.85;-0.76;923.0;10.10;74046;2838.112;-1801.990;1;320;430;432.3;24.5;24.4;19;19.0;27.1;-1.0;
22/02/2025 20:10:17;117;0;342.81;-4;18.79;-2.09;921.0;10.10;74012;2838.114;-1801.991;1;320;430;432.3;24.2;24.2;14;14.0;27.1;-1.0;
22/02/2025 20:10:37;117;0;339.41;-4;18.02;-4.54;918.8;10.10;74010;2838.117;-1801.993;1;320;430;432.3;23.6;23.3;19;19.4;27.1;-1.0;
22/02/2025 20:10:57;117;0;335.75;-4;19.24;-1.62;916.4;10.10;74010;2838.121;-1801.995;1;320;430;432.3;23.6;23.6;24;25.3;27.1;-1.0;
22/02/2025 20:11:17;117;0;334.56;-4;19.87;1.51;913.7;10.10;74008;2838.124;-1801.997;1;320;430;432.3;23.6;23.7;24;25.3;27.1;-1.0;
22/02/2025 20:11:37;117;0;333.76;-4;19.99;1.39;910.8;10.10;74004;2838.127;-1802.000;1;320;430;432.3;23.6;23.7;24;25.3;27.1;-1.0;
22/02/2025 20:11:57;117;0;332.13;-4;20.18;1.61;907.8;10.10;73997;2838.131;-1802.002;1;320;430;432.3;23.6;23.7;26;26.2;27.1;-1.0;
22/02/2025 20:12:17;117;0;332.45;-4;20.29;2.16;904.6;10.10;73994;2838.135;-1802.005;1;320;430;432.3;23.6;23.7;26;26.6;27.1;-1.0;
22/02/2025 20:12:37;117;0;331.74;-4;19.95;1.98;901.3;10.10;74004;2838.139;-1802.008;1;320;430;432.3;23.6;23.7;26;26.6;27.1;-1.0;
22/02/2025 20:12:57;117;0;331.51;-4;19.90;2.12;898.1;10.10;73992;2838.143;-1802.011;1;320;430;432.3;23.6;23.7;26;26.6;27.1;-1.0;
22/02/2025 20:13:17;117;0;332.37;-4;19.90;2.14;894.7;10.10;73995;2838.147;-1802.013;1;320;430;430.6;23.6;23.7;26;26.2;27.1;-1.0;
22/02/2025 20:13:37;117;0;331.47;-4;19.92;1.98;891.3;10.10;73990;2838.151;-1802.016;1;320;430;432.3;23.6;23.7;26;26.6;27.1;-1.0;
22/02/2025 20:13:57;117;0;332.56;-4;19.98;2.14;888.0;10.00;73981;2838.155;-1802.019;1;320;430;432.3;23.6;23.7;26;26.6;27.1;-1.0;
22/02/2025 20:14:17;117;0;332.32;-4;19.67;2.15;884.8;10.10;73990;2838.159;-1802.022;1;320;430;430.6;23.6;23.7;26;26.2;27.1;-1.0;
22/02/2025 20:14:37;117;0;332.29;-4;19.81;2.10;881.7;10.00;73981;2838.162;-1802.024;1;320;430;430.6;23.6;23.7;26;26.2;27.1;-1.0;
22/02/2025 20:14:57;117;0;331.34;-4;19.19;2.29;878.8;10.00;73981;2838.166;-1802.027;1;320;430;432.3;23.6;23.7;26;26.6;27.1;-1.0;
22/02/2025 20:15:17;117;0;330.48;-4;19.19;2.20;876.1;10.00;73981;2838.169;-1802.029;1;320;430;433.9;23.6;23.7;26;26.6;27.1;-1.0;
22/02/2025 20:15:37;117;0;330.14;-4;19.59;1.95;873.5;10.00;73984;2838.172;-1802.032;1;320;430;432.3;23.6;23.7;26;26.6;27.1;-1.0;
22/02/2025 20:15:57;117;0;328.36;-4;19.38;2.12;871.1;10.00;73980;2838.175;-1802.034;1;320;430;432.3;23.6;23.9;28;28.0;27.1;-1.0;
22/02/2025 20:16:17;117;0;326.75;-4;19.75;3.05;868.8;10.00;73975;2838.178;-1802.036;1;320;430;432.3;23.6;23.7;28;28.4;27.1;-1.0;
22/02/2025 20:16:37;117;0;324.82;-4;19.84;3.05;866.5;10.00;73973;2838.181;-1802.039;1;320;430;432.3;23.6;23.7;28;28.4;27.1;-1.0;
22/02/2025 20:16:57;117;0;325.36;-4;20.06;3.11;864.0;10.00;73969;2838.183;-1802.041;1;320;430;432.3;23.6;23.7;28;28.0;27.1;-1.0;
22/02/2025 20:17:17;117;0;324.82;-4;19.93;3.08;861.7;10.00;73979;2838.186;-1802.044;1;320;430;432.3;23.6;23.7;28;28.0;27.1;-1.0;
22/02/2025 20:17:37;117;0;325.11;-4;20.09;3.05;859.2;10.00;73979;2838.189;-1802.047;1;320;430;432.3;23.6;23.7;28;28.0;27.1;-1.0;
22/02/2025 20:17:57;117;0;324.68;-4;19.97;3.06;856.8;9.90;73968;2838.192;-1802.049;1;320;430;432.3;23.6;23.7;28;28.0;27.1;-1.0;
22/02/2025 20:18:17;117;0;324.89;-4;19.93;3.02;854.4;10.00;73979;2838.194;-1802.052;1;320;430;432.3;23.6;23.9;28;28.0;27.1;-1.0;
22/02/2025 20:18:37;117;0;323.96;-4;19.89;3.21;851.9;9.90;73979;2838.197;-1802.054;1;320;430;432.3;23.6;23.7;28;28.0;27.1;-1.0;
22/02/2025 20:18:57;117;0;322.71;-4;20.04;3.11;849.6;9.90;73991;2838.200;-1802.057;1;320;430;432.3;23.6;23.7;28;28.0;27.1;-1.0;
22/02/2025 20:19:18;117;0;324.37;-4;20.28;3.02;846.9;9.90;73988;2838.203;-1802.060;1;320;430;432.3;23.6;23.7;28;28.0;27.1;-1.0;
22/02/2025 20:19:38;117;0;325.66;-4;20.33;3.05;844.3;9.90;73991;2838.206;-1802.062;1;320;430;432.3;23.6;23.7;28;28.0;27.1;-1.0;
22/02/2025 20:19:58;117;0;326.77;-4;20.11;2.98;841.3;9.90;74007;2838.209;-1802.065;1;320;430;433.9;23.6;23.9;28;28.0;27.1;-1.0;
22/02/2025 20:20:18;117;0;327.31;-4;20.23;2.95;838.3;9.90;74005;2838.213;-1802.068;1;320;430;432.3;23.6;23.7;28;28.4;27.1;-1.0;
22/02/2025 20:20:38;117;0;328.00;-4;20.15;3.11;835.2;10.00;73996;2838.216;-1802.071;1;320;430;432.3;23.6;23.7;28;28.0;27.1;-1.0;
22/02/2025 20:20:58;117;0;328.46;-4;20.17;2.99;832.0;9.90;73998;2838.220;-1802.074;1;320;430;432.3;23.6;23.7;28;28.0;27.1;-1.0;
22/02/2025 20:21:18;117;0;329.06;-4;20.11;3.01;828.6;9.90;74002;2838.224;-1802.077;1;320;430;432.3;23.6;23.7;28;28.0;27.1;-1.0;
22/02/2025 20:21:38;117;0;328.86;-4;19.89;3.06;825.2;9.90;74008;2838.228;-1802.080;1;320;430;432.3;23.6;23.9;28;28.0;27.1;-1.0;
22/02/2025 20:21:58;117;0;329.05;-4;19.63;3.00;821.8;10.00;74002;2838.232;-1802.083;1;320;430;432.3;23.6;23.7;28;28.0;27.1;-1.0;
22/02/2025 20:22:18;117;0;329.08;-4;19.85;3.09;818.6;9.90;74017;2838.236;-1802.086;1;320;430;432.3;23.6;23.9;28;28.0;27.1;-1.0;
22/02/2025 20:22:38;117;0;329.07;-4;19.71;2.96;815.1;9.90;74008;2838.240;-1802.089;1;320;430;432.3;23.6;23.7;28;28.4;27.1;-1.0;
22/02/2025 20:22:58;117;0;329.54;-4;19.59;3.12;811.8;9.90;74019;2838.243;-1802.092;1;320;430;432.3;23.6;23.7;28;28.0;27.1;-1.0;
22/02/2025 20:23:18;117;0;332.41;-4;19.38;2.85;808.5;9.90;74017;2838.248;-1802.095;1;320;430;432.3;23.6;23.7;25;24.8;27.1;-1.0;
22/02/2025 20:23:38;117;0;332.00;-4;19.78;0.81;805.2;9.90;74016;2838.251;-1802.098;1;320;430;433.9;23.6;23.7;25;24.4;27.1;-1.0;
22/02/2025 20:23:58;117;0;331.40;-4;19.20;1.12;801.9;9.90;74017;2838.256;-1802.101;1;320;430;432.3;23.6;23.7;25;24.4;27.1;-1.0;
22/02/2025 20:24:18;117;0;332.02;-4;19.17;1.13;798.8;9.90;74014;2838.259;-1802.103;1;320;430;433.9;23.6;23.7;25;24.4;27.1;-1.0;
22/02/2025 20:24:38;117;0;330.82;-4;19.10;1.09;795.7;9.90;74011;2838.263;-1802.106;1;320;430;432.3;23.6;23.9;25;24.4;27.1;-1.0;
22/02/2025 20:24:58;117;0;331.08;-4;19.47;0.97;792.8;9.90;74007;2838.267;-1802.109;1;320;430;433.9;23.6;23.9;25;24.4;27.1;-1.0;
22/02/2025 20:25:18;117;0;330.84;-4;19.53;1.04;789.8;10.00;74012;2838.270;-1802.111;1;320;430;432.3;23.6;23.7;25;24.4;27.1;-1.0;
22/02/2025 20:25:38;117;0;331.51;-4;19.37;1.06;786.7;10.00;74005;2838.274;-1802.114;1;320;430;432.3;23.6;23.9;25;24.4;27.1;-1.0;
22/02/2025 20:25:58;117;0;331.17;-4;19.39;0.96;783.8;10.00;74015;2838.278;-1802.117;1;320;430;432.3;23.6;23.7;25;24.4;27.1;-1.0;
22/02/2025 20:26:18;117;0;330.75;-4;19.30;1.07;780.9;10.00;74018;2838.281;-1802.119;1;320;430;432.3;23.6;23.7;25;24.4;27.1;-1.0;
22/02/2025 20:26:38;117;0;329.74;-4;19.51;1.12;778.1;10.00;74012;2838.285;-1802.122;1;320;430;432.3;23.6;23.7;25;24.4;27.1;-1.0;
22/02/2025 20:26:58;117;0;328.15;-4;19.38;1.06;775.2;10.00;74019;2838.288;-1802.125;1;320;430;432.3;23.6;23.7;27;27.1;27.1;-1.0;
22/02/2025 20:27:18;117;0;327.42;-4;19.62;2.82;772.5;10.00;74018;2838.291;-1802.127;1;320;430;430.6;23.6;23.7;27;27.5;27.1;-1.0;
22/02/2025 20:27:38;117;0;325.88;-4;19.71;2.78;769.5;10.00;74024;2838.295;-1802.130;1;320;430;432.3;23.6;23.7;27;27.5;27.1;-1.0;
22/02/2025 20:27:58;117;0;325.39;-4;19.96;2.69;766.5;10.00;74029;2838.298;-1802.133;1;320;430;432.3;23.6;23.7;27;27.5;27.1;-1.0;
22/02/2025 20:28:18;117;0;325.15;-4;19.87;2.64;763.5;10.00;74022;2838.301;-1802.136;1;320;430;432.3;23.6;23.7;27;27.5;27.1;-1.0;
22/02/2025 20:28:38;117;0;324.50;-4;19.85;2.73;760.4;10.00;74022;2838.305;-1802.139;1;320;430;432.3;23.6;23.7;27;27.5;27.1;-1.0;
22/02/2025 20:28:58;117;0;322.69;-4;19.83;2.75;757.1;10.00;74025;2838.308;-1802.143;1;320;430;432.3;23.6;23.7;27;28.0;27.1;-1.0;
22/02/2025 20:29:18;117;0;321.99;-4;19.79;2.82;753.8;10.00;74019;2838.312;-1802.146;1;320;430;433.9;23.6;23.7;27;27.5;27.1;-1.0;
22/02/2025 20:29:38;117;0;321.41;-4;19.67;2.65;750.3;10.00;74022;2838.316;-1802.150;1;320;430;433.9;23.6;23.7;27;28.0;27.1;-1.0;
22/02/2025 20:29:58;117;0;320.71;-4;19.79;2.72;746.9;10.00;74024;2838.319;-1802.154;1;320;430;432.3;23.6;23.7;27;27.5;27.1;-1.0;
22/02/2025 20:30:18;117;0;320.21;-4;19.83;2.53;743.4;10.00;74033;2838.323;-1802.157;1;320;430;432.3;23.6;23.9;27;27.5;27.1;-1.0;
22/02/2025 20:30:38;117;0;320.18;-4;19.64;2.79;739.7;10.00;74033;2838.327;-1802.161;1;320;430;430.6;23.6;23.7;27;27.5;27.1;-1.0;
22/02/2025 20:30:58;117;0;320.06;-4;19.62;2.84;736.2;10.00;74045;2838.331;-1802.165;1;320;430;432.3;23.6;23.7;27;27.5;27.1;-1.0;
22/02/2025 20:31:18;117;0;320.24;-4;19.53;2.74;732.6;10.00;74040;2838.334;-1802.169;1;320;430;433.9;23.6;23.7;27;27.5;27.1;-1.0;
22/02/2025 20:31:38;117;0;320.82;-4;19.50;2.71;729.1;10.00;74037;2838.338;-1802.173;1;320;430;433.9;23.6;23.9;27;27.5;27.1;-1.0;
22/02/2025 20:31:58;117;0;321.71;-4;19.45;2.77;725.7;10.00;74045;2838.342;-1802.177;1;320;430;432.3;23.6;23.7;27;27.5;27.1;-1.0;
22/02/2025 20:32:18;117;0;322.58;-4;19.50;2.79;722.2;10.00;74040;2838.346;-1802.180;1;320;430;432.3;23.6;23.7;27;27.5;27.1;-1.0;
22/02/2025 20:32:38;117;0;322.62;-4;19.52;2.78;718.8;10.00;74042;2838.349;-1802.184;1;320;430;432.3;23.6;23.7;27;27.5;27.1;-1.0;
22/02/2025 20:32:58;117;0;322.70;-4;19.49;2.69;715.6;10.10;74041;2838.353;-1802.187;1;320;430;433.9;23.6;23.9;27;27.5;27.1;-1.0;
22/02/2025 20:33:18;117;0;322.80;-4;19.53;2.75;712.3;10.10;74056;2838.356;-1802.191;1;320;430;433.9;23.6;23.7;27;27.5;27.1;-1.0;
22/02/2025 20:33:38;117;0;322.90;-4;19.86;2.76;708.9;10.10;74056;2838.360;-1802.194;1;320;430;432.3;23.6;23.7;27;27.5;27.1;-1.0;
22/02/2025 20:33:58;117;0;322.79;-4;19.47;2.46;705.6;10.10;74051;2838.364;-1802.198;1;320;430;433.9;23.6;23.7;27;27.5;27.1;-1.0;
22/02/2025 20:34:18;117;0;321.24;-4;19.54;2.79;702.2;10.10;74055;2838.368;-1802.201;1;320;430;432.3;23.6;23.7;27;28.0;27.1;-1.0;
22/02/2025 20:34:38;117;0;320.55;-4;19.51;2.75;698.7;10.10;74057;2838.371;-1802.205;1;320;430;433.9;23.6;23.9;27;27.5;27.1;-1.0;
22/02/2025 20:34:58;117;0;320.03;-4;19.44;2.67;695.2;10.10;74055;2838.375;-1802.209;1;320;430;433.9;23.6;23.7;27;27.5;27.1;-1.0;
22/02/2025 20:35:18;117;0;320.02;-4;19.47;2.68;691.7;10.10;74065;2838.379;-1802.213;1;320;430;432.3;23.6;23.7;27;27.5;27.1;-1.0;
22/02/2025 20:35:38;117;0;320.22;-4;19.30;2.71;688.3;10.10;74057;2838.382;-1802.217;1;320;430;432.3;23.6;23.7;27;27.5;27.1;-1.0;
22/02/2025 20:35:58;117;0;320.81;-4;19.21;2.79;685.0;10.10;74059;2838.386;-1802.220;1;320;430;433.9;23.6;23.9;27;27.5;27.1;-1.0;
22/02/2025 20:36:18;117;0;322.51;-4;19.09;2.80;681.8;10.10;74076;2838.390;-1802.224;1;320;430;433.9;23.6;23.7;27;27.5;27.1;-1.0;
22/02/2025 20:36:38;117;0;322.71;-4;19.52;2.80;678.8;10.20;74084;2838.393;-1802.227;1;320;430;433.9;23.6;23.7;27;27.5;27.1;-1.0;
22/02/2025 20:36:58;117;0;324.24;-4;19.29;2.77;675.8;10.20;74084;2838.396;-1802.230;1;320;430;433.9;23.6;23.7;27;27.5;27.1;-1.0;
22/02/2025 20:37:18;117;0;325.73;-4;19.30;2.63;672.8;10.20;74083;2838.400;-1802.233;1;320;430;433.9;23.6;23.7;27;27.5;27.1;-1.0;
22/02/2025 20:37:38;117;0;325.61;-4;19.50;2.72;670.0;10.20;74085;2838.403;-1802.236;1;320;430;430.6;23.6;23.7;27;27.5;27.1;-1.0;
22/02/2025 20:37:58;117;0;326.48;-4;18.70;2.99;667.2;10.20;74083;2838.406;-1802.239;1;320;430;432.3;23.2;23.0;27;28.0;27.1;-1.0;
22/02/2025 20:38:18;117;0;326.92;-4;20.69;2.69;664.6;10.20;74087;2838.409;-1802.241;1;320;430;433.9;23.2;22.5;27;27.5;27.1;-1.0;
22/02/2025 20:38:38;117;0;328.20;-4;21.48;2.71;661.6;10.20;74077;2838.413;-1802.244;1;320;430;433.9;23.2;22.4;27;27.5;27.1;-1.0;
22/02/2025 20:38:58;117;0;328.50;-4;21.07;2.79;658.6;10.20;74095;2838.416;-1802.247;1;320;430;432.3;23.2;22.4;27;27.5;27.1;-1.0;
22/02/2025 20:39:18;117;0;328.52;-4;22.26;2.45;655.6;10.20;74081;2838.419;-1802.249;1;320;430;433.9;23.9;23.9;27;27.5;27.1;-1.0;
22/02/2025 20:39:38;117;0;326.16;-4;19.63;2.62;652.6;10.20;74092;2838.423;-1802.252;1;320;430;433.9;23.9;24.0;27;27.5;27.1;-1.0;
22/02/2025 20:39:58;117;0;324.25;-4;19.23;2.82;649.9;10.20;74097;2838.426;-1802.255;1;320;430;432.3;23.9;24.0;27;27.5;27.1;-1.0;
22/02/2025 20:40:18;117;0;323.70;-4;19.01;2.77;647.3;10.30;74109;2838.429;-1802.258;1;320;430;430.6;23.9;24.0;27;27.5;27.1;-1.0;
22/02/2025 20:40:38;117;0;323.98;-4;19.05;2.74;644.6;10.30;74103;2838.432;-1802.261;1;320;430;433.9;23.9;24.0;27;27.5;27.1;-1.0;
22/02/2025 20:40:58;117;0;323.12;-4;19.04;2.78;641.9;10.30;74108;2838.435;-1802.264;1;320;430;433.9;23.9;24.0;27;27.5;27.1;-1.0;
22/02/2025 20:41:18;117;0;322.59;-4;18.97;2.75;639.1;10.30;74113;2838.438;-1802.267;1;320;430;432.3;23.6;23.6;27;27.5;27.1;-1.0;
22/02/2025 20:41:38;117;0;321.38;-4;18.91;2.67;636.4;10.30;74132;2838.441;-1802.270;1;320;430;433.9;23.2;23.1;27;27.5;27.1;-1.0;
22/02/2025 20:41:58;117;0;319.76;-4;20.30;2.76;633.5;10.30;74128;2838.444;-1802.273;1;320;430;432.3;23.2;22.7;27;27.5;27.1;-1.0;
22/02/2025 20:42:18;117;0;320.19;-4;20.62;2.61;630.5;10.30;74139;2838.447;-1802.277;1;320;430;433.9;23.2;22.5;27;27.5;27.1;-1.0;
22/02/2025 20:42:38;117;0;319.66;-4;20.87;2.70;627.3;10.30;74155;2838.451;-1802.280;1;320;430;432.3;23.2;22.7;27;28.0;27.1;-1.0;
22/02/2025 20:42:58;117;0;319.18;-4;20.87;2.74;624.2;10.40;74148;2838.454;-1802.283;1;320;430;433.9;23.2;22.7;27;27.5;27.1;-1.0;
22/02/2025 20:43:18;117;0;319.04;-4;20.78;2.74;621.0;10.40;74147;2838.457;-1802.287;1;320;430;433.9;23.2;22.7;27;28.0;27.1;-1.0;
22/02/2025 20:43:38;117;0;319.20;-4;20.82;2.65;617.8;10.40;74159;2838.460;-1802.290;1;320;430;433.9;23.2;22.7;27;27.5;27.1;-1.0;
22/02/2025 20:43:58;117;0;319.53;-4;20.86;2.64;614.5;10.40;74159;2838.463;-1802.294;1;320;430;433.9;23.2;22.7;27;27.5;27.1;-1.0;
22/02/2025 20:44:18;117;0;319.60;-4;20.56;2.64;611.2;10.40;74159;2838.467;-1802.297;1;320;430;433.9;23.2;22.7;27;27.5;27.1;-1.0;
22/02/2025 20:44:38;117;0;318.90;-4;20.22;2.44;608.0;10.40;74163;2838.470;-1802.301;1;320;430;430.6;23.2;22.7;27;27.5;27.1;-1.0;
22/02/2025 20:44:58;117;0;318.07;-4;20.18;2.62;604.9;10.50;74165;2838.473;-1802.304;1;320;430;432.3;23.2;22.7;27;27.5;27.1;-1.0;
22/02/2025 20:45:18;117;0;318.33;-4;20.68;2.75;601.8;10.50;74165;2838.476;-1802.308;1;320;430;433.9;23.2;22.7;27;27.5;27.1;-1.0;
22/02/2025 20:45:38;117;0;318.38;-4;20.91;2.79;598.5;10.50;74169;2838.480;-1802.311;1;320;430;432.3;23.2;22.7;27;27.5;27.1;-1.0;
22/02/2025 20:45:58;117;0;317.40;-4;20.87;2.45;595.3;10.50;74166;2838.483;-1802.315;1;320;430;433.9;23.2;22.7;27;27.5;27.1;-1.0;
22/02/2025 20:46:18;117;0;314.39;-4;20.97;3.00;592.1;10.50;74173;2838.486;-1802.319;1;320;430;433.9;23.2;23.3;29;29.3;27.1;-1.0;
22/02/2025 20:46:38;117;0;315.36;-4;20.51;3.54;589.0;10.50;74172;2838.489;-1802.322;1;320;430;433.9;23.2;23.4;29;29.3;27.1;-1.0;
22/02/2025 20:46:58;117;0;314.07;-4;19.61;3.69;586.0;10.60;74182;2838.492;-1802.326;1;320;430;432.3;23.2;23.4;29;29.3;27.1;-1.0;
22/02/2025 20:47:18;117;0;314.67;-4;19.90;3.80;583.1;10.60;74176;2838.494;-1802.329;1;320;430;432.3;23.2;23.4;29;29.3;27.1;-1.0;
22/02/2025 20:47:38;117;0;316.34;-4;19.76;3.70;580.1;10.60;74178;2838.497;-1802.333;1;320;430;433.9;23.2;23.4;29;29.3;27.1;-1.0;
22/02/2025 20:47:58;117;0;317.83;-4;19.87;3.81;577.2;10.60;74183;2838.500;-1802.336;1;320;430;433.9;23.2;23.6;29;29.3;27.1;-1.0;
22/02/2025 20:48:18;117;0;318.25;-4;19.71;3.64;574.3;10.60;74193;2838.503;-1802.340;1;320;430;433.9;23.2;23.6;29;29.3;27.1;-1.0;
22/02/2025 20:48:38;117;0;317.56;-4;19.12;3.88;571.4;10.60;74190;2838.506;-1802.343;1;320;430;433.9;23.2;23.4;29;29.3;27.1;-1.0;
22/02/2025 20:48:58;117;0;317.78;-4;19.86;3.58;568.6;10.60;74187;2838.509;-1802.346;1;320;430;433.9;23.2;23.4;29;29.3;27.1;-1.0;
22/02/2025 20:49:18;117;0;319.47;-4;19.84;3.68;565.8;10.70;74191;2838.512;-1802.350;1;320;430;435.5;23.2;23.6;29;29.3;27.1;-1.0;
22/02/2025 20:49:38;117;0;320.34;-4;19.79;3.64;563.0;10.70;74205;2838.515;-1802.353;1;320;430;432.3;23.2;23.4;29;29.3;27.1;-1.0;
22/02/2025 20:49:58;117;0;322.26;-4;20.15;3.66;560.1;10.70;74199;2838.518;-1802.356;1;320;430;433.9;23.2;23.4;29;29.3;27.1;-1.0;
22/02/2025 20:50:18;117;0;322.44;-4;19.92;3.68;557.1;10.70;74197;2838.522;-1802.359;1;320;430;432.3;23.2;23.6;29;29.3;27.1;-1.0;
22/02/2025 20:50:38;117;0;321.41;-4;19.67;3.66;554.3;10.70;74201;2838.525;-1802.362;1;320;430;433.9;23.2;23.4;29;29.3;27.1;-1.0;
22/02/2025 20:50:58;117;0;322.50;-4;19.27;3.48;551.5;10.70;74212;2838.528;-1802.365;1;320;430;433.9;23.2;23.6;29;29.3;27.1;-1.0;
22/02/2025 20:51:18;117;0;322.41;-4;20.03;3.75;548.9;10.70;74221;2838.531;-1802.368;1;320;430;432.3;23.2;23.4;29;29.3;27.1;-1.0;
22/02/2025 20:51:38;117;0;322.60;-4;19.77;3.60;546.2;10.80;74220;2838.534;-1802.371;1;320;430;433.9;23.2;23.6;29;29.3;27.1;-1.0;
22/02/2025 20:51:58;117;0;323.33;-4;20.04;3.56;543.6;10.80;74224;2838.537;-1802.374;1;320;430;433.9;23.2;23.4;29;29.3;27.1;-1.0;
22/02/2025 20:52:18;117;0;324.36;-4;19.90;3.73;541.0;10.80;74224;2838.540;-1802.376;1;320;430;433.9;23.2;23.6;29;29.3;27.1;-1.0;
22/02/2025 20:52:38;117;0;325.18;-4;20.01;3.67;538.4;10.80;74224;2838.542;-1802.379;1;320;430;433.9;23.2;23.4;29;29.3;27.1;-1.0;
22/02/2025 20:52:58;117;0;326.55;-4;19.76;3.65;535.8;10.80;74212;2838.545;-1802.381;1;320;430;433.9;23.2;23.6;27;27.1;27.1;-1.0;
22/02/2025 20:53:18;117;0;327.29;-4;19.68;2.43;533.1;10.80;74230;2838.549;-1802.384;1;320;430;433.9;23.2;23.4;27;27.1;27.1;-1.0;
22/02/2025 20:53:38;117;0;327.63;-4;19.80;2.44;530.7;10.80;74235;2838.551;-1802.387;1;320;430;432.3;23.2;23.4;27;27.1;27.1;-1.0;
22/02/2025 20:53:58;117;0;328.97;-4;19.65;2.35;528.2;10.80;74243;2838.554;-1802.389;1;320;430;433.9;23.2;23.6;27;27.1;27.1;-1.0;
22/02/2025 20:54:18;117;0;329.82;-4;19.68;2.45;525.7;10.90;74242;2838.557;-1802.391;1;320;430;433.9;23.2;23.4;27;27.1;27.1;-1.0;
22/02/2025 20:54:38;117;0;330.26;-4;19.52;2.37;523.2;10.90;74247;2838.560;-1802.394;1;320;430;432.3;23.2;23.4;27;27.1;27.1;-1.0;
22/02/2025 20:54:58;117;0;331.30;-4;19.51;2.35;520.7;10.90;74254;2838.563;-1802.396;1;320;430;435.5;23.2;23.6;27;27.1;27.0;-1.0;
22/02/2025 20:55:19;117;0;331.66;-4;19.55;2.44;518.3;10.90;74259;2838.566;-1802.398;1;320;430;433.9;23.2;23.4;27;27.1;27.1;-1.0;
22/02/2025 20:55:39;117;0;332.92;-4;19.62;2.42;515.8;10.90;74266;2838.569;-1802.400;1;320;430;433.9;23.2;23.6;24;23.9;27.1;-1.0;
22/02/2025 20:55:59;117;0;332.65;-4;19.46;0.69;513.3;11.00;74264;2838.572;-1802.402;1;320;430;433.9;23.2;23.6;24;23.9;27.1;-1.0;
22/02/2025 20:56:19;117;0;332.24;-4;19.35;0.72;510.9;11.00;74264;2838.576;-1802.405;1;320;430;433.9;23.2;23.6;24;23.9;27.1;-1.0;
22/02/2025 20:56:39;117;0;331.82;-4;19.32;0.71;508.3;11.00;74269;2838.579;-1802.407;1;320;430;433.9;23.2;23.4;24;23.9;27.1;-1.0;
22/02/2025 20:56:59;117;0;332.02;-4;19.43;0.79;506.0;11.00;74278;2838.582;-1802.409;1;320;430;433.9;23.2;23.6;26;26.2;27.1;-1.0;
22/02/2025 20:57:19;117;0;332.81;-4;19.57;2.22;503.5;11.00;74278;2838.585;-1802.411;1;320;430;433.9;23.2;23.6;26;26.6;27.0;-1.0;
22/02/2025 20:57:39;117;0;332.84;-4;19.57;2.28;501.0;11.00;74277;2838.588;-1802.413;1;320;430;433.9;23.2;23.6;26;26.6;27.1;-1.0;
22/02/2025 20:57:59;117;0;332.71;-4;19.53;2.24;498.6;11.00;74277;2838.591;-1802.416;1;320;430;435.5;23.2;23.6;26;26.6;27.1;-1.0;
22/02/2025 20:58:19;117;0;332.39;-4;19.36;2.32;496.0;11.00;74274;2838.594;-1802.418;1;320;430;432.3;23.2;23.4;24;23.9;27.1;-1.0;
22/02/2025 20:58:39;117;0;330.35;-4;19.17;0.69;493.5;11.10;74283;2838.597;-1802.420;1;320;430;435.5;23.2;23.4;26;26.2;27.1;-1.0;
22/02/2025 20:58:59;117;0;328.77;-4;19.16;2.32;491.0;11.10;74285;2838.600;-1802.423;1;320;430;433.9;23.2;23.6;26;26.6;27.1;-1.0;
22/02/2025 20:59:19;117;0;327.09;-4;19.21;2.33;488.5;11.10;74300;2838.603;-1802.425;1;320;430;433.9;23.2;23.4;26;26.6;27.1;-1.0;
22/02/2025 20:59:39;117;0;327.44;-4;19.39;2.35;486.0;11.10;74300;2838.606;-1802.428;1;320;430;433.9;23.2;23.4;26;26.6;27.1;-1.0;
22/02/2025 20:59:59;117;0;327.39;-4;19.42;2.27;483.5;11.20;74306;2838.609;-1802.430;1;320;430;433.9;23.2;23.6;26;26.6;27.1;-1.0;
22/02/2025 21:00:19;117;0;328.68;-4;19.39;2.24;481.0;11.20;74321;2838.612;-1802.433;1;320;430;433.9;23.2;23.6;26;26.6;27.1;-1.0;
22/02/2025 21:00:39;117;0;330.29;-4;19.54;2.26;478.4;11.20;74318;2838.615;-1802.435;1;320;430;433.9;23.2;23.6;26;26.6;27.1;-1.0;
22/02/2025 21:00:59;117;0;329.27;-4;19.24;2.24;475.8;11.20;74318;2838.619;-1802.438;1;320;430;433.9;23.2;23.4;26;26.6;27.1;-1.0;
22/02/2025 21:01:19;117;0;328.03;-4;19.13;2.33;473.2;11.20;74328;2838.622;-1802.440;1;320;430;433.9;23.2;23.6;26;26.6;27.1;-1.0;
22/02/2025 21:01:39;117;0;327.25;-4;19.20;2.31;470.7;11.20;74332;2838.625;-1802.443;1;320;430;435.5;23.2;23.4;26;26.6;27.1;-1.0;
22/02/2025 21:01:59;117;0;326.25;-4;19.08;2.32;468.2;11.30;74337;2838.628;-1802.445;1;320;430;433.9;23.2;23.6;26;26.6;27.1;-1.0;
22/02/2025 21:02:19;117;0;325.74;-4;19.21;2.24;465.7;11.30;74334;2838.631;-1802.448;1;320;430;433.9;23.2;23.4;26;26.6;27.1;-1.0;
22/02/2025 21:02:39;117;0;325.31;-4;19.25;2.30;463.2;11.30;74330;2838.634;-1802.451;1;320;430;433.9;23.2;23.4;26;26.6;27.1;-1.0;
22/02/2025 21:02:59;117;0;324.89;-4;19.14;2.29;460.7;11.30;74330;2838.637;-1802.453;1;320;430;433.9;23.2;23.4;26;26.6;27.1;-1.0;
22/02/2025 21:03:19;117;0;324.52;-4;19.17;2.33;458.1;11.30;74339;2838.640;-1802.456;1;320;430;433.9;23.2;23.4;26;26.6;27.1;-1.0;
22/02/2025 21:03:39;117;0;324.34;-4;19.44;2.26;455.6;11.40;74348;2838.643;-1802.459;1;320;430;433.9;23.2;23.4;26;26.6;27.1;-1.0;
22/02/2025 21:03:59;117;0;323.95;-4;19.26;2.38;453.1;11.40;74346;2838.645;-1802.462;1;320;430;433.9;23.2;23.4;26;26.6;27.1;-1.0;
22/02/2025 21:04:19;117;0;323.58;-4;19.33;2.25;450.6;11.40;74353;2838.648;-1802.464;1;320;430;432.3;23.2;23.6;26;26.6;27.1;-1.0;
22/02/2025 21:04:39;117;0;322.96;-4;19.20;2.26;448.2;11.40;74348;2838.651;-1802.467;1;320;430;432.3;23.2;23.6;26;26.6;27.1;-1.0;
22/02/2025 21:04:59;117;0;321.45;-4;19.16;2.36;445.7;11.40;74348;2838.654;-1802.470;1;320;430;433.9;23.2;23.4;26;26.6;27.1;-1.0;
22/02/2025 21:05:19;117;0;320.97;-4;19.20;2.34;443.3;11.40;74353;2838.657;-1802.473;1;320;430;433.9;23.2;23.6;26;26.6;27.1;-1.0;
22/02/2025 21:05:39;117;0;320.20;-4;19.27;2.35;440.9;11.40;74353;2838.659;-1802.476;1;320;430;433.9;23.2;23.6;26;26.6;27.1;-1.0;
22/02/2025 21:05:59;117;0;319.58;-4;19.29;2.29;438.5;11.50;74362;2838.662;-1802.479;1;320;430;433.9;23.2;23.4;26;26.6;27.1;-1.0;
22/02/2025 21:06:19;117;0;318.85;-4;19.25;2.36;436.1;11.50;74361;2838.665;-1802.481;1;320;430;433.9;23.2;23.6;26;26.6;27.0;-1.0;
22/02/2025 21:06:39;117;0;318.10;-4;18.97;2.43;433.8;11.50;74363;2838.667;-1802.484;1;320;430;433.9;22.9;23.0;28;28.4;27.1;-1.0;
22/02/2025 21:06:59;117;0;318.38;-4;20.41;3.21;431.6;11.50;74376;2838.669;-1802.487;1;320;430;433.9;22.9;22.7;28;28.9;27.1;-1.0;
22/02/2025 21:07:19;117;0;317.52;-4;20.79;3.19;429.2;11.50;74372;2838.672;-1802.490;1;320;430;433.9;22.9;22.5;28;28.4;27.1;-1.0;
22/02/2025 21:07:39;117;0;317.17;-4;20.51;3.22;426.7;11.60;74382;2838.674;-1802.493;1;320;430;432.3;22.9;22.5;28;28.9;27.1;-1.0;
22/02/2025 21:07:59;117;0;317.50;-4;20.49;3.31;424.2;11.60;74388;2838.677;-1802.496;1;320;430;433.9;22.9;22.5;28;28.9;27.1;-1.0;
22/02/2025 21:08:19;117;0;317.85;-4;20.62;3.22;421.7;11.60;74402;2838.679;-1802.498;1;320;430;433.9;22.9;22.5;28;28.4;27.1;-1.0;
22/02/2025 21:08:39;117;0;319.25;-4;20.43;3.22;419.0;11.60;74397;2838.682;-1802.501;1;320;430;433.9;22.9;22.5;28;28.4;27.1;-1.0;
22/02/2025 21:08:59;117;0;319.19;-4;20.44;3.10;416.4;11.60;74393;2838.685;-1802.504;1;320;430;433.9;22.9;22.5;28;28.4;27.1;-1.0;
22/02/2025 21:09:19;117;0;318.47;-4;20.54;3.22;413.8;11.60;74400;2838.688;-1802.507;1;320;430;433.9;22.9;22.7;28;28.9;27.1;-1.0;
22/02/2025 21:09:39;117;0;317.71;-4;20.11;3.13;411.1;11.70;74405;2838.690;-1802.511;1;320;430;433.9;22.9;22.5;28;28.4;27.1;-1.0;
22/02/2025 21:09:59;117;0;317.87;-4;20.22;3.26;408.5;11.70;74412;2838.693;-1802.514;1;320;430;433.9;22.9;22.5;28;28.9;27.1;-1.0;
22/02/2025 21:10:19;117;0;317.89;-4;20.62;3.15;406.1;11.70;74420;2838.695;-1802.516;1;320;430;433.9;22.9;22.7;28;28.4;27.1;-1.0;
22/02/2025 21:10:39;117;0;318.43;-4;20.28;3.09;403.4;11.70;74421;2838.698;-1802.519;1;320;430;433.9;22.9;22.5;28;28.9;27.1;-1.0;
22/02/2025 21:10:59;117;0;318.27;-4;20.29;3.15;400.8;11.70;74423;2838.701;-1802.523;1;320;430;433.9;22.9;22.7;28;28.4;27.1;-1.0;
22/02/2025 21:11:19;117;0;318.57;-4;20.22;3.12;398.3;11.70;74425;2838.704;-1802.525;1;320;430;433.9;22.9;22.7;28;28.9;27.1;-1.0;
22/02/2025 21:11:39;117;0;318.84;-4;20.25;3.22;395.8;11.80;74430;2838.706;-1802.528;1;320;430;432.3;22.9;22.7;28;28.9;27.1;-1.0;
22/02/2025 21:11:59;117;0;320.04;-4;20.18;3.17;393.3;11.80;74425;2838.709;-1802.531;1;320;430;435.5;22.9;22.5;28;28.4;27.1;-1.0;
22/02/2025 21:12:19;117;0;320.16;-4;20.32;3.19;390.9;11.80;74435;2838.711;-1802.534;1;320;430;433.9;22.9;22.5;28;28.4;27.1;-1.0;
22/02/2025 21:12:39;117;0;319.69;-4;20.29;3.16;388.5;11.80;74445;2838.714;-1802.537;1;320;430;433.9;22.9;22.7;28;28.9;27.1;-1.0;
22/02/2025 21:12:59;117;0;319.25;-4;20.19;3.23;386.2;11.80;74457;2838.716;-1802.539;1;320;430;433.9;22.9;22.5;28;28.4;27.1;-1.0;
22/02/2025 21:13:19;117;0;318.59;-4;20.19;3.21;383.8;11.90;74462;2838.719;-1802.542;1;320;430;433.9;22.9;22.7;28;28.9;27.1;-1.0;
22/02/2025 21:13:39;117;0;318.13;-4;20.30;3.19;381.4;11.90;74471;2838.721;-1802.545;1;320;430;432.3;22.9;22.5;28;28.9;27.1;-1.0;
22/02/2025 21:13:59;117;0;317.82;-4;20.37;3.22;379.0;11.90;74479;2838.724;-1802.548;1;320;430;435.5;22.9;22.7;28;28.4;27.1;-1.0;
22/02/2025 21:14:19;117;0;318.47;-4;20.16;3.18;376.4;11.90;74467;2838.727;-1802.551;1;320;430;432.3;22.9;22.7;28;28.4;27.1;-1.0;
22/02/2025 21:14:39;117;0;319.10;-4;20.31;3.23;374.0;11.90;74489;2838.729;-1802.554;1;320;430;433.9;22.9;22.7;28;28.4;27.0;-1.0;
22/02/2025 21:14:59;117;0;319.13;-4;20.32;3.19;371.5;12.00;74484;2838.732;-1802.557;1;320;430;433.9;22.9;22.5;28;28.4;27.1;-1.0;
22/02/2025 21:15:19;117;0;319.91;-4;20.35;3.18;369.0;12.00;74499;2838.734;-1802.559;1;320;430;433.9;22.9;22.5;28;28.9;27.1;-1.0;
22/02/2025 21:15:39;117;0;320.96;-4;20.44;3.19;366.4;12.00;74507;2838.737;-1802.562;1;320;430;430.6;22.9;22.5;28;28.4;27.1;-1.0;
22/02/2025 21:15:59;117;0;322.03;-4;20.56;3.15;363.9;12.00;74527;2838.740;-1802.565;1;320;430;432.3;22.9;22.5;28;28.4;27.1;-1.0;
22/02/2025 21:16:19;117;0;322.06;-4;20.50;3.16;361.1;12.10;74527;2838.743;-1802.568;1;320;430;433.9;22.9;22.5;28;28.9;27.1;-1.0;
22/02/2025 21:16:39;117;0;321.81;-4;20.44;3.26;358.3;12.10;74536;2838.746;-1802.571;1;320;430;433.9;22.9;22.5;28;28.9;27.1;-1.0;
22/02/2025 21:16:59;117;0;321.07;-4;20.54;3.16;355.6;12.10;74543;2838.749;-1802.574;1;320;430;433.9;22.9;22.5;28;28.9;27.1;-1.0;
22/02/2025 21:17:19;117;0;319.47;-4;20.05;3.22;352.9;12.10;74555;2838.752;-1802.577;1;320;430;433.9;22.9;22.5;28;28.4;27.1;-1.0;
22/02/2025 21:17:39;117;0;319.17;-4;20.16;3.19;350.1;12.20;74574;2838.755;-1802.580;1;320;430;435.5;22.9;22.5;28;28.9;27.1;-1.0;
22/02/2025 21:17:59;117;0;319.81;-4;20.09;3.21;347.4;12.20;74586;2838.757;-1802.583;1;320;430;433.9;22.9;22.7;28;28.9;27.1;-1.0;
22/02/2025 21:18:19;117;0;320.17;-4;20.07;3.16;344.6;12.20;74598;2838.760;-1802.586;1;320;430;433.9;22.9;22.5;28;28.9;27.1;-1.0;
22/02/2025 21:18:39;117;0;320.53;-4;20.00;3.19;341.9;12.30;74608;2838.763;-1802.589;1;320;430;435.5;22.9;22.5;28;28.4;27.1;-1.0;
22/02/2025 21:18:59;117;0;321.15;-4;20.09;3.20;339.3;12.30;74605;2838.766;-1802.592;1;320;430;433.9;22.9;22.5;28;28.4;27.1;-1.0;
22/02/2025 21:19:19;117;0;321.92;-4;20.20;3.17;336.7;12.30;74608;2838.769;-1802.595;1;320;430;433.9;22.9;22.5;28;28.4;27.1;-1.0;
22/02/2025 21:19:39;117;0;322.43;-4;20.16;3.15;334.0;12.30;74620;2838.772;-1802.598;1;320;430;432.3;22.9;22.5;28;28.9;27.1;-1.0;
22/02/2025 21:19:59;117;0;322.29;-4;20.08;3.21;331.3;12.40;74624;2838.775;-1802.601;1;320;430;432.3;22.9;22.5;28;28.4;27.1;-1.0;
22/02/2025 21:20:19;117;0;322.86;-4;20.12;3.22;328.8;12.40;74628;2838.778;-1802.604;1;320;430;433.9;22.9;22.5;28;28.4;27.1;-1.0;
22/02/2025 21:20:39;117;0;323.54;-4;20.10;3.17;326.0;12.40;74629;2838.781;-1802.607;1;320;430;433.9;22.9;22.7;28;28.9;27.1;-1.0;
22/02/2025 21:20:59;117;0;323.37;-4;20.20;3.29;323.4;12.50;74638;2838.784;-1802.609;1;320;430;433.9;22.9;22.5;28;28.9;27.1;-1.0;
22/02/2025 21:21:19;117;0;323.77;-4;20.17;3.25;320.7;12.50;74633;2838.787;-1802.612;1;320;430;433.9;22.9;22.5;28;28.9;27.1;-1.0;
22/02/2025 21:21:39;117;0;324.15;-4;20.19;3.19;318.1;12.50;74654;2838.790;-1802.615;1;320;430;433.9;22.9;22.5;28;28.4;27.1;-1.0;
22/02/2025 21:21:59;117;0;324.85;-4;20.21;3.16;315.4;12.60;74653;2838.793;-1802.618;1;320;430;433.9;22.9;22.7;28;28.4;27.1;-1.0;
22/02/2025 21:22:19;117;0;325.96;-4;20.12;3.16;312.7;12.60;74663;2838.796;-1802.620;1;320;430;435.5;22.9;22.5;28;28.4;27.1;-1.0;
22/02/2025 21:22:39;117;0;326.69;-4;20.09;3.24;310.0;12.60;74664;2838.799;-1802.623;1;320;430;433.9;22.9;22.5;28;28.4;27.1;-1.0;
22/02/2025 21:22:59;117;0;327.50;-4;19.97;3.04;307.3;12.60;74672;2838.802;-1802.626;1;320;430;435.5;22.9;22.5;28;28.4;27.1;-1.0;
22/02/2025 21:23:19;117;0;327.72;-4;20.19;3.19;304.5;12.70;74670;2838.805;-1802.628;1;320;430;433.9;22.9;22.5;28;28.9;27.1;-1.0;
22/02/2025 21:23:39;117;0;327.31;-4;19.93;3.15;301.8;12.70;74669;2838.808;-1802.631;1;320;430;433.9;22.9;22.5;28;28.4;27.1;-1.0;
22/02/2025 21:23:59;117;0;327.88;-4;20.14;3.23;299.0;12.70;74687;2838.812;-1802.634;1;320;430;432.3;22.9;22.7;28;28.4;27.1;-1.0;
22/02/2025 21:24:19;117;0;327.81;-4;20.04;3.18;296.2;12.70;74684;2838.815;-1802.636;1;320;430;433.9;22.9;22.5;28;28.4;27.1;-1.0;
22/02/2025 21:24:39;117;0;327.81;-4;19.99;3.17;293.5;12.70;74686;2838.818;-1802.639;1;320;430;433.9;22.9;22.5;28;28.4;27.1;-1.0;
22/02/2025 21:24:59;117;0;327.16;-4;19.98;3.22;290.7;12.80;74693;2838.821;-1802.642;1;320;430;433.9;22.9;22.5;28;28.9;27.1;-1.0;
22/02/2025 21:25:19;117;0;326.43;-4;20.02;3.19;287.9;12.80;74713;2838.824;-1802.644;1;320;430;433.9;22.9;22.7;28;28.9;27.1;-1.0;
22/02/2025 21:25:39;117;0;325.78;-4;20.07;3.24;285.1;12.80;74701;2838.828;-1802.647;1;320;430;432.3;22.9;22.5;28;28.4;27.1;-1.0;
22/02/2025 21:25:59;117;0;325.32;-4;19.89;3.22;282.4;12.90;74718;2838.831;-1802.650;1;320;430;433.9;22.9;22.5;28;28.4;27.1;-1.0;
22/02/2025 21:26:19;117;0;324.86;-4;19.98;3.19;279.8;12.90;74728;2838.834;-1802.653;1;320;430;433.9;22.9;22.5;28;28.9;27.1;-1.0;
22/02/2025 21:26:39;117;0;324.58;-4;19.94;3.10;277.0;12.90;74732;2838.837;-1802.656;1;320;430;433.9;22.9;22.7;28;28.4;27.1;-1.0;
22/02/2025 21:26:59;117;0;324.79;-4;20.07;3.13;274.4;12.90;74737;2838.840;-1802.658;1;320;430;433.9;22.9;22.7;28;28.9;27.1;-1.0;
22/02/2025 21:27:19;117;0;324.18;-4;20.07;3.15;271.7;13.00;74747;2838.843;-1802.661;1;320;430;433.9;22.9;22.5;28;28.4;27.1;-1.0;
22/02/2025 21:27:39;117;0;325.86;-4;20.40;3.10;268.8;13.00;74763;2838.846;-1802.664;1;320;430;435.5;22.9;22.7;28;28.4;27.1;-1.0;
22/02/2025 21:27:59;117;0;326.55;-4;19.72;3.16;265.9;13.00;74771;2838.849;-1802.667;1;320;430;430.6;22.9;22.7;28;28.9;27.1;-1.0;
22/02/2025 21:28:19;117;0;326.08;-4;19.45;3.27;262.9;13.10;74779;2838.853;-1802.670;1;320;430;433.9;22.9;22.7;28;28.4;27.0;-1.0;
22/02/2025 21:28:39;117;0;328.11;-4;20.09;2.90;260.1;13.10;74792;2838.856;-1802.673;1;320;430;435.5;22.9;22.7;28;28.4;27.1;-1.0;
22/02/2025 21:28:59;117;0;329.00;-4;20.70;3.67;257.1;13.10;74799;2838.859;-1802.675;1;320;430;433.9;22.9;22.7;28;28.4;27.1;-1.0;
22/02/2025 21:29:19;117;0;329.22;-4;20.62;2.56;254.0;13.20;74803;2838.863;-1802.678;1;320;430;433.9;22.9;22.5;26;26.2;27.1;-1.0;
22/02/2025 21:29:40;117;0;328.99;-4;20.09;1.61;250.7;13.20;74807;2838.867;-1802.681;1;320;430;433.9;22.9;22.5;26;25.7;27.1;-1.0;
22/02/2025 21:30:00;117;0;327.92;-4;19.72;1.57;247.7;13.20;74818;2838.870;-1802.684;1;320;430;433.9;22.9;22.5;26;25.7;27.1;-1.0;
22/02/2025 21:30:20;117;0;326.30;-4;19.48;1.56;244.6;13.30;74839;2838.874;-1802.687;1;320;430;433.9;22.9;22.5;26;25.7;27.0;-1.0;
22/02/2025 21:30:40;117;0;324.98;-4;19.71;1.68;241.6;13.30;74838;2838.877;-1802.690;1;320;430;433.9;22.9;22.5;26;25.7;27.1;-1.0;
22/02/2025 21:31:00;117;0;323.12;-4;19.74;1.61;238.7;13.30;74842;2838.880;-1802.693;1;320;430;433.9;22.9;22.5;26;25.7;27.1;-1.0;
22/02/2025 21:31:20;117;0;321.69;-4;19.78;1.56;235.9;13.40;74854;2838.884;-1802.696;1;320;430;435.5;22.9;22.5;26;25.7;27.1;-1.0;
22/02/2025 21:31:40;117;0;320.23;-4;19.79;1.57;232.9;13.40;74861;2838.887;-1802.699;1;320;430;435.5;22.9;22.5;26;25.7;27.1;-1.0;
22/02/2025 21:32:00;117;0;320.20;-4;19.77;1.55;229.8;13.40;74879;2838.890;-1802.703;1;320;430;435.5;22.9;22.5;26;25.7;27.1;-1.0;
22/02/2025 21:32:20;117;0;319.44;-4;19.59;1.61;226.8;13.40;74883;2838.893;-1802.706;1;320;430;433.9;22.9;22.7;26;25.7;27.1;-1.0;
22/02/2025 21:32:40;117;0;318.32;-4;19.74;1.59;223.7;13.50;74881;2838.896;-1802.710;1;320;430;433.9;22.9;22.5;28;28.0;27.1;-1.0;
22/02/2025 21:33:00;117;0;318.88;-4;19.86;2.96;220.6;13.50;74892;2838.899;-1802.713;1;320;430;433.9;22.9;22.5;28;28.0;27.1;-1.0;
22/02/2025 21:33:20;117;0;320.00;-4;20.04;2.96;217.5;13.60;74899;2838.903;-1802.716;1;320;430;432.3;22.9;22.7;28;28.4;27.1;-1.0;
22/02/2025 21:33:40;117;0;320.71;-4;19.93;2.98;214.4;13.60;74913;2838.906;-1802.720;1;320;430;433.9;22.9;22.5;28;28.0;27.1;-1.0;
22/02/2025 21:34:00;117;0;320.07;-4;19.95;2.96;211.1;13.60;74914;2838.909;-1802.723;1;320;430;433.9;22.9;22.5;28;28.0;27.1;-1.0;
22/02/2025 21:34:20;117;0;319.19;-4;19.96;2.96;207.9;13.60;74918;2838.913;-1802.727;1;320;430;433.9;22.9;22.5;28;28.4;27.1;-1.0;
22/02/2025 21:34:40;117;0;318.81;-4;20.08;2.97;204.6;13.70;74916;2838.916;-1802.731;1;320;430;433.9;22.9;22.5;28;28.4;27.1;-1.0;
22/02/2025 21:35:00;117;0;317.75;-4;20.04;3.00;201.2;13.70;74927;2838.920;-1802.735;1;320;430;435.5;22.9;22.5;28;28.0;27.1;-1.0;
22/02/2025 21:35:20;117;0;318.07;-4;19.92;2.94;198.0;13.70;74942;2838.923;-1802.738;1;320;430;433.9;22.9;22.5;28;28.0;27.1;-1.0;
22/02/2025 21:35:40;117;0;318.76;-4;20.01;2.98;194.7;13.80;74944;2838.926;-1802.742;1;320;430;433.9;22.9;22.7;28;28.4;27.1;-1.0;
22/02/2025 21:36:00;117;0;318.88;-4;19.76;3.03;191.3;13.80;74961;2838.930;-1802.746;1;320;430;433.9;22.9;22.5;28;28.4;27.1;-1.0;
22/02/2025 21:36:20;117;0;318.48;-4;19.59;2.97;188.1;13.80;74975;2838.933;-1802.749;1;320;430;433.9;22.9;22.5;28;28.4;27.1;-1.0;
22/02/2025 21:36:40;117;0;317.67;-4;19.85;3.04;185.1;13.90;74993;2838.936;-1802.753;1;320;430;433.9;22.9;22.7;28;28.4;27.1;-1.0;
22/02/2025 21:37:00;117;0;317.61;-4;19.69;3.01;182.0;13.90;74992;2838.939;-1802.756;1;320;430;433.9;22.9;22.5;28;28.0;27.1;-1.0;
22/02/2025 21:37:20;117;0;315.98;-4;19.48;3.10;179.0;13.90;75000;2838.942;-1802.760;1;320;430;435.5;22.9;22.5;28;28.4;27.1;-1.0;
22/02/2025 21:37:40;117;0;317.42;-4;19.51;3.00;176.1;14.00;75011;2838.945;-1802.763;1;320;430;435.5;22.9;22.7;28;28.0;27.1;-1.0;
22/02/2025 21:38:00;117;0;316.75;-4;19.77;2.95;173.1;14.00;75030;2838.948;-1802.767;1;320;430;433.9;22.9;22.5;28;28.0;27.1;-1.0;
22/02/2025 21:38:20;117;0;315.25;-4;19.56;3.21;170.4;14.10;75045;2838.951;-1802.770;1;320;430;435.5;22.9;22.5;28;28.0;27.1;-1.0;
22/02/2025 21:38:40;117;0;315.47;-4;19.52;2.95;167.6;14.10;75062;2838.954;-1802.773;1;320;430;435.5;22.9;22.5;28;28.0;27.1;-1.0;
22/02/2025 21:39:00;117;0;316.20;-4;19.64;2.95;164.7;14.10;75069;2838.957;-1802.777;1;320;430;433.9;22.9;22.5;28;28.0;27.1;-1.0;
22/02/2025 21:39:20;117;0;317.16;-4;19.72;2.95;162.0;14.20;75076;2838.959;-1802.780;1;320;430;433.9;22.9;22.7;28;28.4;27.1;-1.0;
22/02/2025 21:39:40;117;0;317.51;-4;19.76;2.99;159.2;14.20;75085;2838.962;-1802.783;1;320;430;433.9;22.9;22.5;28;28.4;27.1;-1.0;
22/02/2025 21:40:00;117;0;317.21;-4;19.83;3.06;156.4;14.20;75094;2838.965;-1802.787;1;320;430;433.9;22.9;22.5;28;28.4;27.1;-1.0;
22/02/2025 21:40:20;117;0;316.34;-4;19.81;3.07;153.6;14.30;75106;2838.968;-1802.790;1;320;430;433.9;22.9;22.5;28;28.0;27.1;-1.0;
22/02/2025 21:40:40;117;0;315.54;-4;19.61;3.00;150.8;14.30;75118;2838.971;-1802.793;1;320;430;435.5;22.9;22.5;28;28.4;27.1;-1.0;
22/02/2025 21:41:00;117;0;315.86;-4;19.31;2.92;148.0;14.40;75138;2838.974;-1802.797;1;320;430;433.9;22.9;22.5;28;28.0;27.1;-1.0;
22/02/2025 21:41:20;117;0;318.93;-4;19.75;3.03;145.2;14.40;75139;2838.977;-1802.800;1;320;430;433.9;22.9;22.5;28;28.4;27.1;-1.0;
22/02/2025 21:41:40;117;0;320.79;-4;20.05;3.01;142.4;14.50;75150;2838.980;-1802.803;1;320;430;435.5;22.9;22.5;28;28.4;27.1;-1.0;
22/02/2025 21:42:00;117;0;322.50;-4;19.86;2.99;139.6;14.50;75167;2838.983;-1802.806;1;320;430;433.9;22.9;22.5;28;28.4;27.1;-1.0;
22/02/2025 21:42:20;117;0;321.77;-4;19.63;2.99;136.7;14.50;75180;2838.986;-1802.809;1;320;430;433.9;22.9;22.5;28;28.0;27.1;-1.0;
22/02/2025 21:42:40;117;0;322.00;-4;19.55;2.96;133.9;14.60;75186;2838.989;-1802.812;1;320;430;433.9;22.9;22.7;28;28.4;27.1;-1.0;
22/02/2025 21:43:00;117;0;322.42;-4;19.69;2.92;131.0;14.60;75198;2838.992;-1802.815;1;320;430;433.9;22.9;22.5;28;28.4;27.1;-1.0;
22/02/2025 21:43:20;117;0;322.96;-4;19.48;3.01;128.1;14.70;75212;2838.995;-1802.818;1;320;430;433.9;22.9;22.5;28;28.0;27.1;-1.0;
22/02/2025 21:43:40;117;0;322.68;-4;19.40;3.01;125.2;14.70;75225;2838.999;-1802.822;1;320;430;433.9;22.9;22.5;28;28.4;27.1;-1.0;
22/02/2025 21:44:00;117;0;322.71;-4;19.71;2.96;122.4;14.80;75238;2839.002;-1802.825;1;320;430;433.9;22.9;22.7;28;28.0;27.1;-1.0;
22/02/2025 21:44:20;117;0;322.93;-4;19.56;2.92;119.6;14.80;75250;2839.005;-1802.828;1;320;430;432.3;22.9;22.7;28;28.4;27.1;-1.0;
22/02/2025 21:44:40;117;0;324.27;-4;19.57;2.98;116.7;14.80;75258;2839.008;-1802.831;1;320;430;433.9;22.9;22.5;28;28.0;27.1;-1.0;
22/02/2025 21:45:00;117;0;324.48;-4;19.52;2.99;113.8;14.90;75269;2839.011;-1802.834;1;320;430;433.9;22.9;22.5;28;28.4;27.1;-1.0;
22/02/2025 21:45:20;117;0;325.45;-4;19.53;2.99;110.9;14.90;75284;2839.014;-1802.836;1;320;430;433.9;22.9;22.5;28;28.0;27.1;-1.0;
22/02/2025 21:45:40;117;0;326.62;-4;19.49;3.05;108.0;15.00;75296;2839.018;-1802.839;1;320;430;433.9;22.9;22.5;28;28.4;27.1;-1.0;
22/02/2025 21:46:00;117;0;326.89;-4;19.34;2.95;105.1;15.00;75330;2839.021;-1802.842;1;320;430;433.9;22.9;22.5;28;28.4;27.1;-1.0;
22/02/2025 21:46:20;117;0;324.32;-4;19.04;3.05;102.3;15.10;75364;2839.025;-1802.845;1;320;430;435.5;22.9;22.5;28;28.4;27.1;-1.0;
22/02/2025 21:46:40;117;0;324.70;-4;19.17;2.99;99.6;15.10;75384;2839.028;-1802.848;1;320;430;433.9;22.9;22.5;28;28.4;27.1;-1.0;
22/02/2025 21:47:00;117;0;326.96;-4;19.54;2.93;96.8;15.20;75407;2839.031;-1802.851;1;320;430;435.5;22.9;22.5;28;28.0;27.1;-1.0;
22/02/2025 21:47:20;117;0;327.62;-4;18.98;3.15;94.0;15.20;75427;2839.034;-1802.854;1;320;430;433.9;22.6;22.7;28;28.4;27.1;-1.0;
22/02/2025 21:47:40;117;0;328.71;-4;18.55;3.08;91.2;15.30;75443;2839.038;-1802.856;1;320;430;435.5;22.2;22.1;28;28.0;27.1;-1.0;
22/02/2025 21:48:00;117;0;327.15;-4;20.23;3.08;88.4;15.40;75480;2839.041;-1802.859;1;320;430;435.5;22.2;21.6;28;28.4;27.1;-1.0;
22/02/2025 21:48:20;117;0;326.78;-4;21.09;3.01;85.6;15.40;75516;2839.044;-1802.862;1;320;430;433.9;22.2;21.8;28;28.4;27.0;-1.0;
22/02/2025 21:48:40;117;0;325.09;-4;20.81;3.09;82.5;15.50;75534;2839.047;-1802.865;1;320;430;435.5;22.2;21.6;28;28.4;27.1;-1.0;
22/02/2025 21:49:00;117;0;324.01;-4;20.93;3.02;79.6;15.60;75546;2839.050;-1802.868;1;320;430;435.5;22.2;21.6;28;28.0;27.1;-1.0;
22/02/2025 21:49:20;117;0;322.96;-4;21.14;3.13;76.6;15.60;75552;2839.054;-1802.871;1;320;430;435.5;22.2;21.6;28;28.4;27.1;-1.0;
22/02/2025 21:49:40;117;0;321.55;-4;21.07;3.03;73.7;15.70;75567;2839.057;-1802.874;1;320;430;435.5;22.2;21.6;28;28.4;27.1;-1.0;
22/02/2025 21:50:00;117;0;319.74;-4;20.99;3.04;70.7;15.70;75584;2839.060;-1802.877;1;320;430;435.5;22.2;21.8;28;28.0;27.1;-1.0;
22/02/2025 21:50:20;117;0;319.06;-4;21.15;3.01;67.8;15.80;75592;2839.063;-1802.880;1;320;430;433.9;22.2;21.6;28;28.4;27.1;-1.0;
22/02/2025 21:50:40;117;0;319.50;-4;21.11;3.01;65.0;15.90;75598;2839.066;-1802.883;1;320;430;435.5;22.2;21.6;28;28.4;27.1;-1.0;
22/02/2025 21:51:00;117;0;317.86;-4;20.73;3.09;62.1;15.90;75610;2839.068;-1802.886;1;320;430;433.9;22.2;21.6;28;28.4;27.1;-1.0;
22/02/2025 21:51:20;117;0;316.60;-4;21.34;3.04;59.2;16.00;75630;2839.071;-1802.890;1;320;430;433.9;22.2;21.6;28;28.4;27.1;-1.0;
22/02/2025 21:51:40;117;0;317.46;-4;21.14;3.04;56.3;16.00;75631;2839.074;-1802.893;1;320;430;433.9;22.2;21.6;28;28.4;27.1;-1.0;
22/02/2025 21:52:00;117;0;316.53;-4;21.00;3.07;53.5;16.10;75636;2839.077;-1802.896;1;320;430;435.5;22.2;21.8;28;28.0;27.1;-1.0;
22/02/2025 21:52:20;117;0;316.65;-4;20.94;3.07;50.8;16.10;75649;2839.079;-1802.899;1;320;430;435.5;22.2;21.6;28;28.4;27.1;-1.0;
22/02/2025 21:52:40;117;0;315.34;-4;21.07;3.20;47.9;16.20;75672;2839.082;-1802.903;1;320;430;435.5;22.2;21.8;28;28.4;27.1;-1.0;
22/02/2025 21:53:00;117;0;314.12;-4;21.18;3.15;45.1;16.30;75663;2839.085;-1802.906;1;320;430;433.9;22.2;22.4;30;30.2;27.0;-1.0;
22/02/2025 21:53:20;117;0;314.17;-4;20.42;4.20;42.4;16.30;75683;2839.087;-1802.909;1;320;430;435.5;22.2;22.4;30;30.2;27.1;-1.0;
22/02/2025 21:53:40;117;0;314.35;-4;20.27;4.13;39.6;16.40;75681;2839.090;-1802.913;1;320;430;435.5;22.2;22.4;30;30.2;27.1;-1.0;
22/02/2025 21:54:00;117;0;313.70;-4;20.31;4.15;37.0;16.40;75700;2839.093;-1802.916;1;320;430;435.5;22.2;22.5;30;30.2;27.1;-1.0;
22/02/2025 21:54:20;117;0;314.21;-4;20.41;4.22;34.2;16.50;75698;2839.095;-1802.919;1;320;430;433.9;22.2;22.5;30;30.2;27.1;-1.0;
22/02/2025 21:54:40;117;0;313.94;-4;20.31;4.12;31.5;16.50;75711;2839.098;-1802.923;1;320;430;433.9;22.2;22.5;30;30.2;27.1;-1.0;
22/02/2025 21:55:00;117;0;314.50;-4;20.10;4.21;28.7;16.60;75706;2839.101;-1802.926;1;320;430;433.9;22.2;22.5;30;30.2;27.0;-1.0;
22/02/2025 21:55:20;117;0;314.49;-4;20.80;3.93;26.2;16.60;75719;2839.103;-1802.929;1;320;430;435.5;22.2;22.5;30;30.2;27.1;-1.0;
22/02/2025 21:55:40;117;0;315.30;-4;20.23;4.14;23.3;16.70;75724;2839.106;-1802.933;1;320;430;435.5;22.2;22.5;30;30.2;27.1;-1.0;
22/02/2025 21:56:00;117;0;313.93;-4;20.84;3.96;20.6;16.70;75732;2839.109;-1802.936;1;320;430;433.9;22.2;22.5;30;30.2;27.1;-1.0;
22/02/2025 21:56:20;117;0;316.51;-4;19.97;4.36;17.9;16.80;75744;2839.111;-1802.939;1;320;430;435.5;22.2;22.4;30;30.2;27.1;-1.0;
22/02/2025 21:56:40;117;0;315.06;-4;20.66;4.41;15.1;16.80;75752;2839.114;-1802.942;1;320;430;435.5;22.2;22.5;30;30.2;27.1;-1.0;
22/02/2025 21:57:00;117;0;316.59;-4;20.88;4.39;12.2;16.90;75751;2839.117;-1802.946;1;320;430;433.9;22.2;22.4;30;30.2;27.1;-1.0;
22/02/2025 21:57:20;117;0;315.03;-4;20.54;4.02;9.3;16.90;75756;2839.119;-1802.949;1;320;430;433.9;22.2;22.5;30;30.2;27.1;-1.0;
22/02/2025 21:57:40;117;0;314.85;-4;19.86;4.42;6.4;17.00;75769;2839.122;-1802.953;1;320;430;433.9;22.2;22.4;30;30.2;27.1;-1.0;
22/02/2025 21:58:00;117;0;314.08;-4;21.12;3.95;3.3;17.00;75770;2839.125;-1802.956;1;320;430;435.5;22.2;22.5;30;30.2;27.1;-1.0;
22/02/2025 21:58:03;115;0;317.03;-4;20.01;3.95;2.9;17.00;75770;2839.126;-1802.957;1;320;500;438.7;100.0;64.1;0;-0.5;27.1;-1.0;
22/02/2025 21:58:13;115;0;327.06;-4;4.99;-12.15;1.8;17.00;75752;2839.127;-1802.958;1;320;500;504.8;100.0;100.1;0;-0.5;26.8;-1.0;
22/02/2025 21:58:23;115;0;291.52;-4;-67.77;-9.52;2.1;17.00;75606;2839.127;-1802.958;1;320;500;504.8;100.0;100.6;0;-0.5;27.1;-1.0;
22/02/2025 21:58:43;119;0;274.43;-4;-35.81;-16.07;0.0;17.10;75614;2839.127;-1802.958;1;320;500;508.1;100.0;100.6;0;-0.5;27.1;-1.0;
22/02/2025 21:58:53;119;0;270.30;-4;-58.30;-0.27;0.2;17.10;75629;2839.685;-1803.222;0;320;500;508.1;100.0;100.7;0;-0.5;27.1;-1.0;
