PLD_REALTIMECLOCK;NAV_RESOURCE;NAV_LONGITUDE;NAV_LATITUDE;NAV_DEPTH;NAV_HEADING;SD_CARD_USAGE;SSD_USAGE;ACQUISITION_FREQ;RECORDING;LEGATO_CONDUCTIVITY;LEGATO_TEMPERATURE;LEGATO_PRESSURE;LEGATO_SALINITY;LEGATO_CONDTEMP;LEGATO_CODA_DO;LEGATO_CODA_TEMPERATURE;LEGATO_CODA_CORR_PHASE;LEGATO_SOUND_VELOCITY;FLBBCD_CHL_COUNT;FLBBCD_CHL_SCALED;FLBBCD_CDOM_COUNT;FLBBCD_CDOM_SCALED;FLBBCD_BB_700_COUNT;FLBBCD_BB_700_SCALED;User_Field1;User_Field2;User_Field3;User_Field4;User_Field5;User_Field6;User_Field7;User_Field8;User_Field9;User_Field10;BS_HEADING;BS_ZB;BS_ZT;BS_PU;BS_PD;BS_BU;BS_BD;BS_SR;BS_ALTIMETER.ENABLE;BS_ALTIMETER.VALUE;BS_CURRENT.CORRECTION.ENABLE
05/03/2025 10:40:17.132;119;-1757.954;2837.953;0.100;131.000;249140.03;-1;192000;0;50.3368;20.0858;1.3419;36.9154;20.0263;241.8838;20.0908;22.7249;1523.8645;59;0.0847;68;1.5453;125;0.000229650;0;9999;9999;9999;9999;9999;9999;9999;9999;9999;9999;9999;9999;9999;9999;9999;9999;9999;9999;9999;9999
05/03/2025 10:40:47.141;116;-1757.957;2837.958;-0.100;151.000;249140.06;-1;192000;0;50.3458;20.0894;1.4277;36.9196;20.0360;241.6185;20.0928;22.7339;1523.8805;64;0.1452;66;1.3635;124;0.000226588;0;9999;9999;9999;9999;9999;9999;9999;9999;9999;9999;9999;9999;9999;9999;9999;9999;9999;9999;9999;9999
05/03/2025 10:41:17.145;116;-1757.959;2837.961;-0.000;182.000;249140.09;-1;192000;0;50.3487;20.0935;1.3723;36.9184;20.0438;241.9088;20.0975;22.7219;1523.8895;62;0.1210;67;1.4544;125;0.000229650;0;9999;9999;9999;9999;9999;9999;9999;9999;9999;9999;9999;9999;9999;9999;9999;9999;9999;9999;9999;9999
05/03/2025 10:41:47.161;116;-1757.962;2837.968;-0.100;187.000;249140.13;-1;192000;0;50.3616;20.1191;1.3435;36.9067;20.0554;241.8162;20.0982;22.7261;1523.9461;58;0.0726;66;1.3635;124;0.000226588;0;9999;9999;9999;9999;9999;9999;9999;9999;9999;9999;9999;9999;9999;9999;9999;9999;9999;9999;9999;9999
05/03/2025 10:42:17.151;116;-1757.962;2837.968;-0.100;187.000;249140.18;-1;192000;0;50.3758;20.1008;1.3417;36.9344;20.0670;240.9516;20.1029;22.7548;1523.9269;63;0.1331;73;1.9998;125;0.000229650;0;9999;9999;9999;9999;9999;9999;9999;9999;9999;9999;9999;9999;9999;9999;9999;9999;9999;9999;9999;9999
05/03/2025 10:42:47.151;116;-1757.967;2837.978;0.000;185.000;249140.2;-1;192000;0;50.3691;20.1062;1.3455;36.9241;20.0729;241.8043;20.0987;22.7253;1523.9302;62;0.1210;66;1.3635;121;0.000217402;0;9999;9999;9999;9999;9999;9999;9999;9999;9999;9999;9999;9999;9999;9999;9999;9999;9999;9999;9999;9999
05/03/2025 10:43:17.169;116;-1757.968;2837.980;-0.100;171.000;249140.23;-1;192000;0;50.3496;20.0980;1.3379;36.9152;20.0825;240.4571;20.0983;22.7754;1523.8977;59;0.0847;70;1.7271;127;0.000235774;0;9999;9999;9999;9999;9999;9999;9999;9999;9999;9999;9999;9999;9999;9999;9999;9999;9999;9999;9999;9999
05/03/2025 10:43:47.162;116;-1757.968;2837.980;-0.100;171.000;249140.27;-1;192000;0;50.3652;20.1128;1.3261;36.9152;20.0884;240.4846;20.0944;22.7758;1523.9381;61;0.1089;70;1.7271;131;0.000248022;0;9999;9999;9999;9999;9999;9999;9999;9999;9999;9999;9999;9999;9999;9999;9999;9999;9999;9999;9999;9999
05/03/2025 10:44:17.167;116;-1757.972;2837.990;-0.000;195.000;249140.3;-1;192000;0;50.3583;20.0960;1.4163;36.9241;20.0980;240.8944;20.0910;22.7610;1523.9034;62;0.1210;72;1.9089;123;0.000223526;0;9999;9999;9999;9999;9999;9999;9999;9999;9999;9999;9999;9999;9999;9999;9999;9999;9999;9999;9999;9999
05/03/2025 10:44:47.169;116;-1757.972;2837.990;-0.000;195.000;249140.33;-1;192000;0;50.3772;20.1039;1.4132;36.9329;20.1039;241.8384;20.0947;22.7248;1523.9349;62;0.1210;62;0.9999;123;0.000223526;0;9999;9999;9999;9999;9999;9999;9999;9999;9999;9999;9999;9999;9999;9999;9999;9999;9999;9999;9999;9999
05/03/2025 10:45:17.165;116;-1757.972;2837.990;-0.000;195.000;249140.36;-1;192000;0;50.3543;20.1017;1.4226;36.9158;20.1135;242.0036;20.1101;22.7149;1523.9099;61;0.1089;71;1.8180;128;0.000238836;0;9999;9999;9999;9999;9999;9999;9999;9999;9999;9999;9999;9999;9999;9999;9999;9999;9999;9999;9999;9999
05/03/2025 10:45:47.158;116;-1757.977;2837.999;0.100;206.000;249140.4;-1;192000;0;50.3664;20.1026;1.4200;36.9250;20.1174;241.4479;20.0982;22.7385;1523.9226;64;0.1452;69;1.6362;123;0.000223526;0;9999;9999;9999;9999;9999;9999;9999;9999;9999;9999;9999;9999;9999;9999;9999;9999;9999;9999;9999;9999
05/03/2025 10:46:17.165;116;-1757.981;2838.007;-0.100;233.000;249140.43;-1;192000;0;50.3544;20.0964;1.3751;36.9206;20.1194;241.4157;20.0953;22.7407;1523.8999;60;0.0968;69;1.6362;124;0.000226588;0;9999;9999;9999;9999;9999;9999;9999;9999;9999;9999;9999;9999;9999;9999;9999;9999;9999;9999;9999;9999
05/03/2025 10:46:47.164;116;-1757.982;2838.012;0.100;236.000;249140.47;-1;192000;0;50.3728;20.1019;1.3949;36.9309;20.1290;240.3360;20.0901;22.7816;1523.9269;62;0.1210;70;1.7271;123;0.000223526;0;9999;9999;9999;9999;9999;9999;9999;9999;9999;9999;9999;9999;9999;9999;9999;9999;9999;9999;9999;9999
05/03/2025 10:47:17.153;110;-1757.985;2838.015;0.200;237.000;249140.51;-1;192000;0;50.3541;20.0892;1.5767;36.9266;20.1368;241.1354;20.0852;22.7536;1523.8903;62;0.1210;71;1.8180;121;0.000217402;0;9999;9999;9999;9999;9999;9999;9999;9999;9999;9999;9999;9999;9999;9999;9999;9999;9999;9999;9999;9999
05/03/2025 10:47:47.166;110;-1757.987;2838.017;1.100;251.000;249140.56;-1;192000;0;50.3296;20.0790;2.7896;36.9149;20.1368;241.9895;20.0772;22.7254;1523.8694;62;0.1210;71;1.8180;131;0.000248022;0;9999;9999;9999;9999;9999;9999;9999;9999;9999;9999;9999;9999;9999;9999;9999;9999;9999;9999;9999;9999
05/03/2025 10:48:17.158;110;-1757.996;2838.019;10.300;283.000;249140.61;-1;192000;0;50.3041;20.0535;13.0594;36.9124;20.1271;241.8954;20.0539;22.7386;1523.9677;68;0.1936;71;1.8180;131;0.000248022;0;9999;9999;9999;9999;9999;9999;9999;9999;9999;9999;9999;9999;9999;9999;9999;9999;9999;9999;9999;9999
05/03/2025 10:48:47.157;100;-1758.006;2838.023;20.600;290.000;249140.64;-1;192000;0;50.2697;20.0342;28.6318;36.8951;20.1213;243.1076;20.0329;22.7056;1524.1549;78;0.3146;72;1.9089;130;0.000244960;0;9999;9999;9999;9999;9999;9999;9999;9999;9999;9999;9999;9999;9999;9999;9999;9999;9999;9999;9999;9999
05/03/2025 10:49:17.169;100;-1758.029;2838.030;41.400;280.000;249140.69;-1;192000;0;50.2213;19.9865;43.7939;36.8913;20.1077;242.8756;19.9874;22.7316;1524.2721;78;0.3146;72;1.9089;139;0.000272518;0;9999;9999;9999;9999;9999;9999;9999;9999;9999;9999;9999;9999;9999;9999;9999;9999;9999;9999;9999;9999
05/03/2025 10:49:47.163;100;-1758.039;2838.029;50.000;255.000;249140.72;-1;192000;0;50.1787;19.9592;56.9334;36.8752;20.0922;243.8854;19.9589;22.7075;1524.3979;73;0.2541;72;1.9089;144;0.000287828;0;9999;9999;9999;9999;9999;9999;9999;9999;9999;9999;9999;9999;9999;9999;9999;9999;9999;9999;9999;9999
05/03/2025 10:50:17.161;100;-1758.052;2838.020;67.200;211.000;249140.75;-1;192000;0;50.1145;19.8964;70.5002;36.8722;20.0748;243.0028;19.8973;22.7614;1524.4474;72;0.2420;70;1.7271;132;0.000251084;0;9999;9999;9999;9999;9999;9999;9999;9999;9999;9999;9999;9999;9999;9999;9999;9999;9999;9999;9999;9999
05/03/2025 10:50:47.169;100;-1758.054;2838.014;76.500;186.000;249140.79;-1;192000;0;49.9118;19.7326;85.3055;36.8427;20.0302;241.4840;19.7350;22.8699;1524.2078;71;0.2299;71;1.8180;132;0.000251084;0;9999;9999;9999;9999;9999;9999;9999;9999;9999;9999;9999;9999;9999;9999;9999;9999;9999;9999;9999;9999
05/03/2025 10:51:17.167;100;-1758.050;2838.004;97.000;147.000;249140.82;-1;192000;0;49.8530;19.6828;101.4841;36.8317;19.9875;241.5314;19.6838;22.8881;1524.3267;77;0.3025;72;1.9089;128;0.000238836;0;9999;9999;9999;9999;9999;9999;9999;9999;9999;9999;9999;9999;9999;9999;9999;9999;9999;9999;9999;9999
05/03/2025 10:51:47.165;100;-1758.046;2838.000;108.300;138.000;249140.86;-1;192000;0;49.8154;19.6523;119.2776;36.8205;19.9506;241.5803;19.6525;22.9011;1524.5258;76;0.2904;72;1.9089;126;0.000232712;0;9999;9999;9999;9999;9999;9999;9999;9999;9999;9999;9999;9999;9999;9999;9999;9999;9999;9999;9999;9999
05/03/2025 10:52:17.162;100;-1758.035;2837.994;131.400;129.000;249140.9;-1;192000;0;49.5655;19.4487;136.9072;36.7852;19.9059;238.8909;19.4503;23.0668;1524.2121;72;0.2420;72;1.9089;145;0.000290890;0;9999;9999;9999;9999;9999;9999;9999;9999;9999;9999;9999;9999;9999;9999;9999;9999;9999;9999;9999;9999
05/03/2025 10:52:47.161;100;-1758.029;2837.991;142.100;122.000;249140.94;-1;192000;0;49.3145;19.2400;153.2471;36.7534;19.8320;237.2267;19.2441;23.1962;1523.8631;73;0.2541;73;1.9998;130;0.000244960;0;9999;9999;9999;9999;9999;9999;9999;9999;9999;9999;9999;9999;9999;9999;9999;9999;9999;9999;9999;9999
05/03/2025 10:53:17.169;118;-1758.016;2837.987;160.300;115.000;249140.99;-1;192000;0;48.9959;18.9791;166.0888;36.7117;19.7445;236.0256;18.9754;23.3273;1523.2935;69;0.2057;72;1.9089;134;0.000257208;0;9999;9999;9999;9999;9999;9999;9999;9999;9999;9999;9999;9999;9999;9999;9999;9999;9999;9999;9999;9999
05/03/2025 10:53:47.142;118;-1758.012;2837.988;163.800;110.000;249141.03;249141.03;192000;0;48.3385;18.4868;169.4271;36.5911;19.6041;234.0903;18.4719;23.5597;1521.8087;69;0.2057;74;2.0907;147;0.000297014;0;9999;9999;9999;9999;9999;9999;9999;9999;9999;9999;9999;9999;9999;9999;9999;9999;9999;9999;9999;9999
05/03/2025 10:54:17.153;118;-1758.013;2837.989;162.400;112.000;249141.08;249141.08;192000;0;48.3680;18.4783;168.6940;36.6240;19.4557;232.2770;18.4773;23.6260;1521.8094;70;0.2178;73;1.9998;137;0.000266394;0;9999;9999;9999;9999;9999;9999;9999;9999;9999;9999;9999;9999;9999;9999;9999;9999;9999;9999;9999;9999
05/03/2025 10:54:47.162;117;-1758.011;2837.991;159.100;81.000;249141.11;-1;192000;0;48.7314;18.7842;165.1745;36.6617;19.3598;233.2790;18.6903;23.5214;1522.6682;70;0.2178;73;1.9998;141;0.000278642;0;9999;9999;9999;9999;9999;9999;9999;9999;9999;9999;9999;9999;9999;9999;9999;9999;9999;9999;9999;9999
05/03/2025 10:55:17.163;117;-1758.012;2837.993;156.800;67.000;249141.16;-1;192000;0;49.0137;18.9861;161.8649;36.7221;19.3285;235.3683;18.9303;23.3647;1523.2548;72;0.2420;72;1.9089;142;0.000281704;0;9999;9999;9999;9999;9999;9999;9999;9999;9999;9999;9999;9999;9999;9999;9999;9999;9999;9999;9999;9999
05/03/2025 10:55:47.169;117;-1758.011;2837.993;155.300;130.000;249141.19;-1;192000;0;49.1444;19.1000;158.9141;36.7323;19.3226;236.9168;19.0965;23.2544;1523.5392;73;0.2541;72;1.9089;135;0.000260270;0;9999;9999;9999;9999;9999;9999;9999;9999;9999;9999;9999;9999;9999;9999;9999;9999;9999;9999;9999;9999
05/03/2025 10:56:17.169;117;-1758.010;2837.993;149.500;133.000;249141.24;-1;192000;0;49.3620;19.2728;152.2928;36.7645;19.3285;238.1357;19.2741;23.1523;1523.9519;71;0.2299;72;1.9089;128;0.000238836;0;9999;9999;9999;9999;9999;9999;9999;9999;9999;9999;9999;9999;9999;9999;9999;9999;9999;9999;9999;9999
05/03/2025 10:56:47.169;117;-1758.008;2837.992;143.300;129.000;249141.27;-1;192000;0;49.3697;19.3040;140.9724;36.7477;19.3461;237.9583;19.3006;23.1489;1523.8322;71;0.2299;72;1.9089;125;0.000229650;0;9999;9999;9999;9999;9999;9999;9999;9999;9999;9999;9999;9999;9999;9999;9999;9999;9999;9999;9999;9999
05/03/2025 10:57:17.161;117;-1758.001;2837.990;128.300;124.000;249141.31;-1;192000;0;49.5537;19.4420;130.1976;36.7838;19.3755;237.5092;19.4412;23.1195;1524.0801;72;0.2420;72;1.9089;123;0.000223526;0;9999;9999;9999;9999;9999;9999;9999;9999;9999;9999;9999;9999;9999;9999;9999;9999;9999;9999;9999;9999
05/03/2025 10:57:47.169;117;-1757.998;2837.989;121.800;123.000;249141.35;-1;192000;0;49.7188;19.5793;120.2436;36.8041;19.4127;239.1814;19.5757;23.0137;1524.3203;74;0.2662;73;1.9998;125;0.000229650;0;9999;9999;9999;9999;9999;9999;9999;9999;9999;9999;9999;9999;9999;9999;9999;9999;9999;9999;9999;9999
05/03/2025 10:58:17.164;117;-1757.992;2837.987;108.700;119.000;249141.38;-1;192000;0;49.7120;19.5759;109.7745;36.8053;19.4557;239.3402;19.5747;23.0050;1524.1378;75;0.2783;72;1.9089;125;0.000229650;0;9999;9999;9999;9999;9999;9999;9999;9999;9999;9999;9999;9999;9999;9999;9999;9999;9999;9999;9999;9999
05/03/2025 10:58:47.153;117;-1757.989;2837.986;101.900;120.000;249141.42;-1;192000;0;49.8341;19.6669;99.2924;36.8308;19.4987;240.3130;19.6688;22.9370;1524.2450;74;0.2662;72;1.9089;124;0.000226588;0;9999;9999;9999;9999;9999;9999;9999;9999;9999;9999;9999;9999;9999;9999;9999;9999;9999;9999;9999;9999
05/03/2025 10:59:17.150;117;-1757.982;2837.985;88.400;120.000;249141.46;-1;192000;0;49.9020;19.7167;88.7150;36.8473;19.5319;242.4812;19.7201;22.8382;1524.2256;76;0.2904;69;1.6362;128;0.000238836;0;9999;9999;9999;9999;9999;9999;9999;9999;9999;9999;9999;9999;9999;9999;9999;9999;9999;9999;9999;9999
05/03/2025 10:59:47.164;117;-1757.978;2837.984;81.500;121.000;249141.49;-1;192000;0;50.0165;19.8183;78.1595;36.8568;19.5671;243.1763;19.8173;22.7811;1524.3419;74;0.2662;71;1.8180;132;0.000251084;0;9999;9999;9999;9999;9999;9999;9999;9999;9999;9999;9999;9999;9999;9999;9999;9999;9999;9999;9999;9999
05/03/2025 11:00:17.140;117;-1757.971;2837.982;67.700;117.000;249141.53;-1;192000;0;50.1354;19.9087;67.1496;36.8799;19.6275;244.9946;19.9093;22.6841;1524.4341;75;0.2783;71;1.8180;138;0.000269456;0;9999;9999;9999;9999;9999;9999;9999;9999;9999;9999;9999;9999;9999;9999;9999;9999;9999;9999;9999;9999
05/03/2025 11:00:47.146;117;-1757.968;2837.981;60.400;118.000;249141.57;-1;192000;0;50.1639;19.9353;56.2672;36.8842;19.6704;244.1242;19.9351;22.7050;1524.3310;77;0.3025;70;1.7271;138;0.000269456;0;9999;9999;9999;9999;9999;9999;9999;9999;9999;9999;9999;9999;9999;9999;9999;9999;9999;9999;9999;9999
05/03/2025 11:01:17.158;117;-1757.960;2837.980;46.400;117.000;249141.6;-1;192000;0;50.1769;19.9422;45.1707;36.8930;19.7133;242.8771;19.9444;22.7442;1524.1749;78;0.3146;72;1.9089;153;0.000315386;0;9999;9999;9999;9999;9999;9999;9999;9999;9999;9999;9999;9999;9999;9999;9999;9999;9999;9999;9999;9999
05/03/2025 11:01:47.166;117;-1757.956;2837.979;39.400;117.000;249141.64;-1;192000;0;50.2220;19.9860;34.4184;36.8958;19.7581;243.7771;19.9879;22.6956;1524.1195;81;0.3509;71;1.8180;128;0.000238836;0;9999;9999;9999;9999;9999;9999;9999;9999;9999;9999;9999;9999;9999;9999;9999;9999;9999;9999;9999;9999
05/03/2025 11:02:17.166;117;-1757.949;2837.978;25.700;118.000;249141.68;-1;192000;0;50.2782;20.0283;23.8957;36.9091;19.7931;243.9752;20.0295;22.6728;1524.0754;77;0.3025;70;1.7271;131;0.000248022;0;9999;9999;9999;9999;9999;9999;9999;9999;9999;9999;9999;9999;9999;9999;9999;9999;9999;9999;9999;9999
05/03/2025 11:02:47.157;117;-1757.946;2837.977;19.000;121.000;249141.71;-1;192000;0;50.3112;20.0582;13.4628;36.9139;19.8320;242.3568;20.0600;22.7199;1523.9891;68;0.1936;64;1.1817;125;0.000229650;0;9999;9999;9999;9999;9999;9999;9999;9999;9999;9999;9999;9999;9999;9999;9999;9999;9999;9999;9999;9999
05/03/2025 11:03:17.169;115;-1757.938;2837.974;3.100;122.000;249141.76;-1;192000;0;50.3042;20.0631;2.9948;36.9078;19.8671;243.2261;20.0668;22.6835;1523.8212;64;0.1452;66;1.3635;121;0.000217402;0;9999;9999;9999;9999;9999;9999;9999;9999;9999;9999;9999;9999;9999;9999;9999;9999;9999;9999;9999;9999
05/03/2025 11:03:47.170;115;-1757.935;2837.974;-0.200;109.000;249141.8;-1;192000;0;50.2906;20.0479;2.8484;36.9100;19.9040;242.8960;20.0536;22.6992;1523.7795;68;0.1936;70;1.7271;126;0.000232712;0;9999;9999;9999;9999;9999;9999;9999;9999;9999;9999;9999;9999;9999;9999;9999;9999;9999;9999;9999;9999
05/03/2025 11:04:16.052;119;-1757.902;2837.991;-0.200;135.000;249141.84;249141.86;192000;0;50.2973;20.0559;1.3891;36.9091;19.9137;242.9560;20.0579;22.6954;1523.7761;65;0.1573;71;1.8180;121;0.000217402;0;9999;9999;9999;9999;9999;9999;9999;9999;9999;9999;9999;9999;9999;9999;9999;9999;9999;9999;9999;9999
