PLD_REALTIMECLOCK;NAV_RESOURCE;NAV_LONGITUDE;NAV_LATITUDE;NAV_DEPTH;NAV_HEADING;SD_CARD_USAGE;SSD_USAGE;ACQUISITION_FREQ;RECORDING;LEGATO_CONDUCTIVITY;LEGATO_TEMPERATURE;LEGATO_PRESSURE;LEGATO_SALINITY;LEGATO_CONDTEMP;LEGATO_CODA_DO;LEGATO_CODA_TEMPERATURE;LEGATO_CODA_CORR_PHASE;LEGATO_SOUND_VELOCITY;FLBBCD_CHL_COUNT;FLBBCD_CHL_SCALED;FLBBCD_CDOM_COUNT;FLBBCD_CDOM_SCALED;FLBBCD_BB_700_COUNT;FLBBCD_BB_700_SCALED;User_Field1;User_Field2;User_Field3;User_Field4;User_Field5;User_Field6;User_Field7;User_Field8;User_Field9;User_Field10;BS_HEADING;BS_ZB;BS_ZT;BS_PU;BS_PD;BS_BU;BS_BD;BS_SR;BS_ALTIMETER.ENABLE;BS_ALTIMETER.VALUE;BS_CURRENT.CORRECTION.ENABLE
05/03/2025 11:34:46.717;119;-1757.875;2838.038;-0.200;147.000;249143.73;249143.73;192000;0;50.3621;20.1043;1.4414;36.9200;20.0263;241.8356;20.1098;22.7210;1523.9220;60;0.0968;67;1.4544;124;0.000226588;0;9999;9999;9999;9999;9999;9999;9999;9999;9999;9999;9999;9999;9999;9999;9999;9999;9999;9999;9999;9999
05/03/2025 11:35:16.758;116;-1757.876;2838.045;-0.200;160.000;249143.75;-1;192000;0;50.3688;20.1087;1.3929;36.9217;20.0340;243.5087;20.1093;22.6599;1523.9352;61;0.1089;72;1.9089;121;0.000217402;0;9999;9999;9999;9999;9999;9999;9999;9999;9999;9999;9999;9999;9999;9999;9999;9999;9999;9999;9999;9999
05/03/2025 11:35:46.755;116;-1757.879;2838.052;0.000;221.000;249143.8;-1;192000;0;50.3746;20.1151;1.3801;36.9208;20.0515;243.1221;20.1162;22.6721;1523.9515;63;0.1331;68;1.5453;121;0.000217402;0;9999;9999;9999;9999;9999;9999;9999;9999;9999;9999;9999;9999;9999;9999;9999;9999;9999;9999;9999;9999
05/03/2025 11:36:16.748;116;-1757.880;2838.054;0.000;237.000;249143.82;-1;192000;0;50.3778;20.1130;1.3773;36.9253;20.0651;242.5475;20.1159;22.6929;1523.9508;64;0.1452;68;1.5453;129;0.000241898;0;9999;9999;9999;9999;9999;9999;9999;9999;9999;9999;9999;9999;9999;9999;9999;9999;9999;9999;9999;9999
05/03/2025 11:36:46.728;116;-1757.882;2838.060;-0.100;217.000;249143.87;-1;192000;0;50.3747;20.1142;1.3930;36.9216;20.0729;242.3336;20.1136;22.7016;1523.9502;58;0.0726;71;1.8180;141;0.000278642;0;9999;9999;9999;9999;9999;9999;9999;9999;9999;9999;9999;9999;9999;9999;9999;9999;9999;9999;9999;9999
05/03/2025 11:37:16.754;110;-1757.883;2838.062;0.100;235.000;249143.9;-1;192000;0;50.3744;20.1139;1.4361;36.9217;20.0806;242.8969;20.1153;22.6805;1523.9502;64;0.1452;70;1.7271;137;0.000266394;0;9999;9999;9999;9999;9999;9999;9999;9999;9999;9999;9999;9999;9999;9999;9999;9999;9999;9999;9999;9999
05/03/2025 11:37:46.754;110;-1757.885;2838.066;0.900;241.000;249143.94;-1;192000;0;50.3665;20.1063;2.5193;36.9214;20.0922;243.6563;20.1066;22.6556;1523.9471;62;0.1210;70;1.7271;127;0.000235774;0;9999;9999;9999;9999;9999;9999;9999;9999;9999;9999;9999;9999;9999;9999;9999;9999;9999;9999;9999;9999
05/03/2025 11:38:16.757;110;-1757.891;2838.069;6.400;253.000;249143.99;-1;192000;0;50.2984;20.0477;11.5738;36.9134;20.0942;243.4215;20.0459;22.6846;1523.9282;69;0.2057;70;1.7271;126;0.000232712;0;9999;9999;9999;9999;9999;9999;9999;9999;9999;9999;9999;9999;9999;9999;9999;9999;9999;9999;9999;9999
05/03/2025 11:38:46.739;100;-1757.899;2838.071;17.100;270.000;249144.03;-1;192000;0;50.2015;19.9676;29.3016;36.8970;20.0806;242.8029;19.9689;22.7351;1523.9849;86;0.4114;70;1.7271;127;0.000235774;0;9999;9999;9999;9999;9999;9999;9999;9999;9999;9999;9999;9999;9999;9999;9999;9999;9999;9999;9999;9999
05/03/2025 11:39:16.756;100;-1757.920;2838.076;41.500;261.000;249144.07;-1;192000;0;50.1372;19.9151;46.6553;36.8835;20.0670;242.4748;19.9143;22.7685;1524.1143;83;0.3751;71;1.8180;127;0.000235774;0;9999;9999;9999;9999;9999;9999;9999;9999;9999;9999;9999;9999;9999;9999;9999;9999;9999;9999;9999;9999
05/03/2025 11:39:46.755;100;-1757.928;2838.074;51.500;236.000;249144.1;-1;192000;0;50.0265;19.8317;60.9227;36.8598;20.0379;243.9428;19.8313;22.7441;1524.0951;77;0.3025;71;1.8180;148;0.000300076;0;9999;9999;9999;9999;9999;9999;9999;9999;9999;9999;9999;9999;9999;9999;9999;9999;9999;9999;9999;9999
05/03/2025 11:40:16.747;100;-1757.937;2838.066;68.100;196.000;249144.14;-1;192000;0;49.8425;19.6915;73.5904;36.8257;20.0069;243.3596;19.6893;22.8118;1523.8795;74;0.2662;70;1.7271;125;0.000229650;0;9999;9999;9999;9999;9999;9999;9999;9999;9999;9999;9999;9999;9999;9999;9999;9999;9999;9999;9999;9999
05/03/2025 11:40:46.739;100;-1757.939;2838.063;77.400;189.000;249144.18;-1;192000;0;49.8793;19.7058;89.4053;36.8377;19.9622;241.7147;19.7067;22.8710;1524.1961;74;0.2662;71;1.8180;128;0.000238836;0;9999;9999;9999;9999;9999;9999;9999;9999;9999;9999;9999;9999;9999;9999;9999;9999;9999;9999;9999;9999
05/03/2025 11:41:16.753;118;-1757.940;2838.054;100.900;175.000;249144.23;-1;192000;0;49.8742;19.6972;106.6155;36.8346;19.9351;241.8012;19.6976;22.8755;1524.4555;75;0.2783;70;1.7271;132;0.000251084;0;9999;9999;9999;9999;9999;9999;9999;9999;9999;9999;9999;9999;9999;9999;9999;9999;9999;9999;9999;9999
05/03/2025 11:41:46.755;118;-1757.936;2838.050;108.900;146.000;249144.27;-1;192000;0;49.9102;19.7202;112.0728;36.8422;19.9098;241.7713;19.7224;22.8705;1524.6187;75;0.2783;70;1.7271;125;0.000229650;0;9999;9999;9999;9999;9999;9999;9999;9999;9999;9999;9999;9999;9999;9999;9999;9999;9999;9999;9999;9999
05/03/2025 11:42:16.736;118;-1757.937;2838.053;106.100;148.000;249144.32;-1;192000;0;49.8917;19.7075;108.8617;36.8392;19.8981;242.0501;19.7087;22.8635;1524.5266;77;0.3025;72;1.9089;126;0.000232712;0;9999;9999;9999;9999;9999;9999;9999;9999;9999;9999;9999;9999;9999;9999;9999;9999;9999;9999;9999;9999
05/03/2025 11:42:46.754;118;-1757.937;2838.054;101.100;143.000;249144.37;-1;192000;0;49.8820;19.7028;102.7627;36.8376;19.8787;242.7356;19.7036;22.8382;1524.4102;74;0.2662;71;1.8180;125;0.000229650;0;9999;9999;9999;9999;9999;9999;9999;9999;9999;9999;9999;9999;9999;9999;9999;9999;9999;9999;9999;9999
05/03/2025 11:43:16.758;117;-1757.935;2838.052;91.800;151.000;249144.4;-1;192000;0;49.8789;19.7063;93.1109;36.8356;19.8690;242.0090;19.7061;22.8615;1524.2569;75;0.2783;70;1.7271;126;0.000232712;0;9999;9999;9999;9999;9999;9999;9999;9999;9999;9999;9999;9999;9999;9999;9999;9999;9999;9999;9999;9999
05/03/2025 11:43:46.738;117;-1757.931;2838.051;84.300;137.000;249144.44;-1;192000;0;49.9019;19.7223;82.5927;36.8445;19.8515;240.9059;19.7266;22.8927;1524.1360;73;0.2541;71;1.8180;125;0.000229650;0;9999;9999;9999;9999;9999;9999;9999;9999;9999;9999;9999;9999;9999;9999;9999;9999;9999;9999;9999;9999
05/03/2025 11:44:16.747;117;-1757.927;2838.048;69.800;148.000;249144.47;-1;192000;0;50.0083;19.8141;70.9644;36.8564;19.8515;242.3430;19.8167;22.8098;1524.2100;76;0.2904;72;1.9089;132;0.000251084;0;9999;9999;9999;9999;9999;9999;9999;9999;9999;9999;9999;9999;9999;9999;9999;9999;9999;9999;9999;9999
05/03/2025 11:44:46.753;117;-1757.925;2838.047;61.900;152.000;249144.51;-1;192000;0;49.9771;19.7934;58.8288;36.8533;19.8593;243.9077;19.7950;22.7556;1523.9470;75;0.2783;70;1.7271;143;0.000284766;0;9999;9999;9999;9999;9999;9999;9999;9999;9999;9999;9999;9999;9999;9999;9999;9999;9999;9999;9999;9999
05/03/2025 11:45:16.727;117;-1757.922;2838.043;46.800;159.000;249144.55;-1;192000;0;49.9789;19.7986;47.3243;36.8545;19.8554;242.3966;19.7992;22.8063;1523.7711;78;0.3146;69;1.6362;129;0.000241898;0;9999;9999;9999;9999;9999;9999;9999;9999;9999;9999;9999;9999;9999;9999;9999;9999;9999;9999;9999;9999
05/03/2025 11:45:46.752;117;-1757.921;2838.040;39.600;163.000;249144.59;-1;192000;0;50.0497;19.8557;36.4606;36.8671;19.8573;242.9688;19.8560;22.7652;1523.7621;84;0.3872;72;1.9089;125;0.000229650;0;9999;9999;9999;9999;9999;9999;9999;9999;9999;9999;9999;9999;9999;9999;9999;9999;9999;9999;9999;9999
05/03/2025 11:46:16.736;117;-1757.921;2838.036;26.000;169.000;249144.62;-1;192000;0;50.2434;19.9968;26.0475;36.9072;19.8807;243.2891;19.9969;22.7079;1524.0225;81;0.3509;73;1.9998;124;0.000226588;0;9999;9999;9999;9999;9999;9999;9999;9999;9999;9999;9999;9999;9999;9999;9999;9999;9999;9999;9999;9999
05/03/2025 11:46:46.745;117;-1757.920;2838.034;19.300;169.000;249144.65;-1;192000;0;50.3191;20.0536;15.8011;36.9237;19.9137;244.8085;20.0581;22.6312;1524.0264;71;0.2299;70;1.7271;123;0.000223526;0;9999;9999;9999;9999;9999;9999;9999;9999;9999;9999;9999;9999;9999;9999;9999;9999;9999;9999;9999;9999
05/03/2025 11:47:16.739;117;-1757.920;2838.029;5.900;164.000;249144.69;-1;192000;0;50.3269;20.0758;5.3725;36.9146;19.9428;242.2762;20.0770;22.7157;1523.9033;65;0.1573;69;1.6362;127;0.000235774;0;9999;9999;9999;9999;9999;9999;9999;9999;9999;9999;9999;9999;9999;9999;9999;9999;9999;9999;9999;9999
05/03/2025 11:47:46.756;115;-1757.919;2838.028;0.100;150.000;249144.75;-1;192000;0;50.3271;20.0730;2.9684;36.9180;19.9681;242.8600;20.0719;22.6949;1523.8594;65;0.1573;70;1.7271;122;0.000220464;0;9999;9999;9999;9999;9999;9999;9999;9999;9999;9999;9999;9999;9999;9999;9999;9999;9999;9999;9999;9999
05/03/2025 11:48:16.740;119;-1757.931;2838.035;-0.200;181.000;249144.78;-1;192000;0;50.3293;20.0769;1.6250;36.9169;19.9856;243.4697;20.0791;22.6702;1523.8464;59;0.0847;71;1.8180;129;0.000241898;0;9999;9999;9999;9999;9999;9999;9999;9999;9999;9999;9999;9999;9999;9999;9999;9999;9999;9999;9999;9999
05/03/2025 11:48:21.052;119;-1757.932;2838.038;-0.100;176.000;249144.79;-1;192000;0;50.3283;20.0795;1.5236;36.9138;19.9856;243.9550;20.0817;22.6520;1523.8484;61;0.1089;71;1.8180;126;0.000232712;0;9999;9999;9999;9999;9999;9999;9999;9999;9999;9999;9999;9999;9999;9999;9999;9999;9999;9999;9999;9999
