Timestamp;NavState;SecurityLevel;Heading;Declination;Pitch;Roll;Depth;Temperature;Pa;Lat;Lon;DeadReckoning;DesiredH;BallastCmd;BallastPos;LinCmd;LinPos;AngCmd;AngPos;Voltage;Altitude;
02/03/2025 05:02:17;119;0;229.90;-4;-46.04;-11.07;-0.2;16.10;75437;2838.975;-1803.285;0;300;500;504.8;100.0;100.4;0;-0.5;25.3;-1.0;
02/03/2025 05:02:27;116;0;222.26;-4;-57.38;-13.07;-0.1;16.10;75446;2838.977;-1803.283;0;300;500;506.5;100.0;100.4;0;-0.5;25.3;-1.0;
02/03/2025 05:02:52;116;0;215.79;-4;-51.00;-19.89;-0.3;16.20;75455;2838.985;-1803.290;0;300;500;504.8;100.0;100.4;0;-0.5;25.3;-1.0;
02/03/2025 05:03:13;116;0;188.84;-4;-55.32;-15.39;-0.1;16.30;75460;2838.985;-1803.290;0;134;500;506.5;100.0;100.4;0;-0.5;25.3;-1.0;
02/03/2025 05:03:35;116;0;179.40;-4;-50.34;-16.70;-0.2;16.30;75469;2838.986;-1803.294;0;134;500;506.5;100.0;100.4;0;-0.5;25.3;-1.0;
02/03/2025 05:03:55;116;0;182.14;-4;-55.03;-12.28;-0.5;16.40;75475;2838.984;-1803.295;0;134;500;504.8;100.0;100.4;0;-0.5;25.3;-1.0;
02/03/2025 05:04:58;116;0;169.68;-4;-55.60;-14.56;-0.4;16.60;75501;2838.984;-1803.296;0;134;500;506.5;100.0;100.4;0;-0.5;25.3;-1.0;
02/03/2025 05:07:04;116;0;184.90;-4;-56.91;-9.21;-0.4;17.20;75556;2838.983;-1803.296;0;134;500;506.5;100.0;100.4;0;-0.5;25.3;-1.0;
02/03/2025 05:08:10;116;0;170.56;-4;-55.10;-20.09;-0.5;17.50;75576;2838.983;-1803.298;0;134;500;504.8;100.0;100.4;0;-0.5;25.3;-1.0;
02/03/2025 05:08:30;110;0;190.38;-4;-53.39;-14.39;-0.2;17.60;75594;2838.983;-1803.298;0;134;-110;385.5;100.0;100.3;-7;-7.2;25.3;-1.0;
02/03/2025 05:08:40;110;0;179.18;-4;-52.03;-18.87;0.2;17.60;75928;2838.984;-1803.298;1;134;-110;240.3;100.0;100.4;-7;-7.2;25.3;-1.0;
02/03/2025 05:08:50;110;0;213.50;-4;-79.89;-56.92;0.5;17.60;76167;2838.984;-1803.298;1;134;-110;93.5;100.0;100.4;-7;-7.2;25.3;-1.0;
02/03/2025 05:09:00;110;0;177.18;-4;-60.28;-1.50;1.0;17.70;76486;2838.984;-1803.298;1;134;-110;-59.7;100.0;100.6;-7;-7.2;25.3;-1.0;
02/03/2025 05:09:10;110;0;175.32;-4;-70.29;-18.70;1.1;17.70;76808;2838.984;-1803.298;1;134;-110;-109.7;40.7;54.8;-7;-7.2;25.3;-1.0;
02/03/2025 05:09:20;110;0;178.79;-4;-58.87;-18.41;2.1;17.80;76878;2838.984;-1803.298;1;134;-110;-111.3;40.7;40.8;-7;-7.2;25.3;-1.0;
02/03/2025 05:09:40;100;0;191.75;-4;-21.31;-15.94;5.3;17.90;76880;2838.981;-1803.299;1;134;-110;-104.8;40.7;40.4;-7;-7.2;25.3;-1.0;
02/03/2025 05:10:00;100;0;197.12;-4;-15.34;-14.99;7.9;17.90;76882;2838.978;-1803.300;1;134;-110;-103.2;42.1;42.4;70;69.9;25.4;-1.0;
02/03/2025 05:10:20;100;0;193.08;-4;-21.37;23.99;10.4;18.00;76908;2838.976;-1803.301;1;134;-110;-101.6;42.1;42.6;70;69.9;25.3;-1.0;
02/03/2025 05:10:40;100;0;181.99;-4;-21.94;23.92;13.3;18.00;76914;2838.973;-1803.301;1;134;-110;-103.2;42.1;42.6;61;60.5;25.3;0.0;
02/03/2025 05:11:00;100;0;170.77;-4;-21.61;18.37;16.0;18.00;76921;2838.971;-1803.301;1;134;-110;-103.2;42.1;42.6;45;45.1;25.3;0.0;
02/03/2025 05:11:20;100;0;161.35;-4;-20.74;10.64;18.9;18.00;76920;2838.968;-1803.300;1;134;-110;-101.6;42.1;42.6;30;29.8;25.3;0.0;
02/03/2025 05:11:40;100;0;154.73;-4;-20.45;3.02;21.5;18.10;76928;2838.966;-1803.298;1;134;-110;-103.2;42.1;42.6;19;19.0;25.3;0.0;
02/03/2025 05:12:00;100;0;154.78;-4;-20.18;-2.47;24.2;18.10;76923;2838.964;-1803.297;1;134;-110;-101.6;42.1;42.6;19;18.5;25.3;0.0;
02/03/2025 05:12:20;100;0;155.88;-4;-19.96;-2.53;26.8;18.10;76930;2838.962;-1803.295;1;134;-110;-101.6;42.1;42.6;21;21.2;25.3;0.0;
02/03/2025 05:12:40;100;0;157.19;-4;-20.24;-0.72;29.4;18.20;76926;2838.959;-1803.294;1;134;-110;-103.2;42.1;42.6;24;23.9;25.3;0.0;
02/03/2025 05:13:00;100;0;158.22;-4;-19.68;0.70;32.0;18.20;76925;2838.957;-1803.292;1;134;-110;-103.2;42.1;42.6;24;24.4;25.3;0.0;
02/03/2025 05:13:20;100;0;148.41;-4;-20.24;0.64;34.5;18.20;76913;2838.955;-1803.291;1;134;-110;-101.6;42.1;42.4;15;14.9;25.3;0.0;
02/03/2025 05:13:40;100;0;146.65;-4;-20.02;-4.46;37.3;18.20;76895;2838.953;-1803.289;1;134;-110;-103.2;42.1;42.6;15;14.4;25.4;0.0;
02/03/2025 05:14:00;100;0;147.26;-4;-19.72;-4.46;39.7;18.20;76884;2838.951;-1803.287;1;134;-110;-103.2;42.1;42.6;15;14.4;25.4;0.0;
02/03/2025 05:14:20;100;0;146.13;-4;-19.56;-4.51;42.3;18.20;76881;2838.949;-1803.285;1;134;-110;-103.2;42.1;42.6;15;14.4;25.4;0.0;
02/03/2025 05:14:40;100;0;145.32;-4;-19.55;-4.45;44.9;18.20;76886;2838.947;-1803.283;1;134;-110;-101.6;42.1;42.6;15;14.4;25.3;0.0;
02/03/2025 05:15:00;100;0;144.95;-4;-19.57;-4.48;47.5;18.20;76880;2838.945;-1803.280;1;134;-110;-103.2;42.1;42.6;15;14.4;25.3;0.0;
02/03/2025 05:15:20;100;0;144.77;-4;-19.69;-4.48;50.1;18.20;76867;2838.943;-1803.278;1;134;-110;-103.2;42.1;42.6;15;14.4;25.3;0.0;
02/03/2025 05:15:40;100;0;144.25;-4;-19.76;-4.37;52.9;18.20;76870;2838.941;-1803.276;1;134;-110;-103.2;42.1;42.6;15;14.4;25.4;0.0;
02/03/2025 05:16:00;100;0;143.09;-4;-19.46;-4.48;55.6;18.20;76862;2838.939;-1803.274;1;134;-110;-104.8;42.1;42.6;15;14.4;25.3;0.0;
02/03/2025 05:16:20;100;0;143.20;-4;-19.50;-4.49;58.2;18.20;76856;2838.937;-1803.271;1;134;-110;-101.6;42.1;42.6;15;14.4;25.4;0.0;
02/03/2025 05:16:40;100;0;143.75;-4;-19.24;-4.44;60.8;18.20;76865;2838.935;-1803.269;1;134;-110;-101.6;42.1;42.6;15;14.4;25.4;0.0;
02/03/2025 05:17:00;100;0;143.12;-4;-19.43;-4.49;63.5;18.20;76847;2838.933;-1803.267;1;134;-110;-101.6;42.1;42.6;15;14.4;25.3;0.0;
02/03/2025 05:17:20;100;0;143.56;-4;-19.54;-4.48;66.1;18.20;76845;2838.931;-1803.265;1;134;-110;-103.2;42.1;42.6;15;14.4;25.3;0.0;
02/03/2025 05:17:40;100;0;145.25;-4;-19.56;-4.43;68.9;18.20;76854;2838.929;-1803.263;1;134;-110;-103.2;42.1;42.6;15;14.4;25.3;0.0;
02/03/2025 05:18:00;100;0;147.79;-4;-19.78;-4.45;71.7;18.20;76854;2838.927;-1803.260;1;134;-110;-101.6;42.1;42.6;15;14.4;25.3;0.0;
02/03/2025 05:18:20;100;0;148.29;-4;-19.55;-4.38;74.5;18.20;76840;2838.924;-1803.258;1;134;-110;-103.2;42.1;42.6;15;14.4;25.3;0.0;
02/03/2025 05:18:41;100;0;152.21;-4;-19.14;-4.43;77.2;18.20;76837;2838.922;-1803.257;1;134;-110;-101.6;42.1;42.6;18;18.1;25.3;0.0;
02/03/2025 05:19:01;100;0;156.07;-4;-19.08;-2.51;79.8;18.20;76824;2838.920;-1803.255;1;134;-110;-104.8;42.1;42.4;21;21.2;25.4;0.0;
02/03/2025 05:19:21;100;0;159.57;-4;-19.63;-0.85;82.5;18.20;76821;2838.917;-1803.254;1;134;-110;-101.6;42.1;42.6;26;26.2;25.3;0.0;
02/03/2025 05:19:41;100;0;160.03;-4;-19.88;1.78;85.1;18.10;76811;2838.915;-1803.253;1;134;-110;-103.2;42.1;42.6;26;26.6;25.3;0.0;
02/03/2025 05:20:01;100;0;156.54;-4;-20.25;1.83;87.7;18.10;76800;2838.913;-1803.251;1;134;-110;-103.2;42.1;42.6;22;22.1;25.3;0.0;
02/03/2025 05:20:21;100;0;151.88;-4;-19.85;-0.73;90.6;18.10;76798;2838.910;-1803.249;1;134;-110;-104.8;42.1;42.6;18;18.1;25.3;0.0;
02/03/2025 05:20:41;100;0;153.42;-4;-19.76;-2.77;93.3;18.10;76799;2838.908;-1803.248;1;134;-110;-104.8;42.1;42.6;18;18.1;25.4;0.0;
02/03/2025 05:21:01;100;0;153.09;-4;-19.93;-2.70;96.0;18.10;76785;2838.906;-1803.246;1;134;-110;-103.2;42.1;42.6;18;17.6;25.3;0.0;
02/03/2025 05:21:21;100;0;151.16;-4;-19.50;-2.86;98.8;18.10;76775;2838.903;-1803.244;1;134;-110;-103.2;42.1;42.6;18;17.6;25.3;0.0;
02/03/2025 05:21:41;100;0;149.49;-4;-19.15;-2.93;101.4;18.00;76778;2838.901;-1803.242;1;134;-110;-103.2;42.1;42.6;16;15.8;25.3;0.0;
02/03/2025 05:22:01;100;0;148.40;-4;-18.91;-4.08;104.0;18.00;76771;2838.899;-1803.240;1;134;-110;-103.2;42.5;42.4;16;15.3;25.3;0.0;
02/03/2025 05:22:21;100;0;146.57;-4;-18.68;-4.31;106.5;18.00;76768;2838.897;-1803.238;1;134;-110;-103.2;42.8;43.0;16;15.3;25.3;0.0;
02/03/2025 05:22:41;100;0;145.14;-4;-19.65;-3.97;109.0;18.00;76764;2838.895;-1803.236;1;134;-110;-101.6;42.8;43.0;16;15.3;25.4;0.0;
02/03/2025 05:23:01;100;0;141.07;-4;-19.88;-4.16;111.5;18.00;76756;2838.893;-1803.234;1;134;-110;-103.2;42.8;43.0;16;15.3;25.3;0.0;
02/03/2025 05:23:21;100;0;137.87;-4;-19.83;-4.17;114.0;17.90;76748;2838.892;-1803.232;1;134;-110;-103.2;42.8;43.2;16;15.3;25.3;0.0;
02/03/2025 05:23:41;100;0;135.06;-4;-19.21;-4.08;116.5;17.90;76749;2838.890;-1803.229;1;134;-110;-103.2;42.8;43.2;14;14.0;25.4;0.0;
02/03/2025 05:24:01;100;0;135.10;-4;-19.89;-5.08;119.0;17.90;76735;2838.889;-1803.226;1;134;-110;-103.2;42.8;43.0;14;14.0;25.4;0.0;
02/03/2025 05:24:21;100;0;136.39;-4;-19.58;-5.07;121.5;17.90;76731;2838.887;-1803.224;1;134;-110;-104.8;42.8;43.2;14;13.5;25.3;0.0;
02/03/2025 05:24:41;100;0;137.20;-4;-19.62;-4.82;123.9;17.90;76729;2838.886;-1803.222;1;134;-110;-103.2;42.8;43.0;14;13.5;25.4;0.0;
02/03/2025 05:25:01;100;0;134.95;-4;-19.30;-4.96;126.4;17.80;76711;2838.884;-1803.219;1;134;-110;-103.2;42.8;43.0;14;13.5;25.4;0.0;
02/03/2025 05:25:21;100;0;135.35;-4;-19.66;-4.89;129.0;17.80;76706;2838.883;-1803.217;1;134;-110;-103.2;42.8;43.2;14;14.0;25.3;0.0;
02/03/2025 05:25:41;100;0;137.20;-4;-20.10;-4.87;131.4;17.80;76704;2838.881;-1803.214;1;134;-110;-103.2;42.8;43.2;14;14.0;25.3;0.0;
02/03/2025 05:26:01;100;0;138.79;-4;-20.41;-4.89;134.0;17.80;76688;2838.879;-1803.212;1;134;-110;-103.2;42.8;43.0;14;14.0;25.3;0.0;
02/03/2025 05:26:21;100;0;142.04;-4;-20.10;-4.87;136.8;17.70;76681;2838.877;-1803.210;1;134;-110;-103.2;42.8;43.0;14;14.0;25.3;0.0;
02/03/2025 05:26:41;100;0;146.79;-4;-20.25;-4.89;139.4;17.70;76683;2838.875;-1803.208;1;134;-110;-101.6;42.8;43.0;14;13.5;25.4;0.0;
02/03/2025 05:27:01;100;0;149.36;-4;-20.19;-4.83;142.0;17.70;76664;2838.873;-1803.206;1;134;-110;-103.2;42.8;43.0;16;15.8;25.3;0.0;
02/03/2025 05:27:21;100;0;149.87;-4;-20.46;-3.51;144.8;17.70;76674;2838.871;-1803.204;1;134;-110;-103.2;42.8;43.2;16;16.2;25.4;0.0;
02/03/2025 05:27:41;100;0;150.18;-4;-20.35;-3.57;147.5;17.60;76655;2838.869;-1803.202;1;134;-110;-103.2;42.8;43.0;16;16.2;25.3;0.0;
02/03/2025 05:28:01;100;0;150.74;-4;-20.48;-3.47;150.2;17.60;76645;2838.867;-1803.200;1;134;-110;-103.2;42.8;43.0;16;15.8;25.4;0.0;
02/03/2025 05:28:21;100;0;152.25;-4;-20.60;-3.41;152.8;17.60;76646;2838.864;-1803.198;1;134;-110;-103.2;42.8;43.0;18;18.1;25.3;0.0;
02/03/2025 05:28:41;100;0;152.35;-4;-20.49;-2.35;155.6;17.60;76637;2838.862;-1803.197;1;134;-110;-106.5;42.8;43.2;18;18.5;25.3;0.0;
02/03/2025 05:29:01;100;0;152.85;-4;-20.47;-2.37;158.3;17.50;76640;2838.860;-1803.195;1;134;-110;-103.2;42.8;43.0;18;18.5;25.3;0.0;
02/03/2025 05:29:21;100;0;152.14;-4;-20.06;-2.45;161.2;17.50;76628;2838.857;-1803.193;1;134;-110;-103.2;42.8;43.2;18;18.5;25.4;0.0;
02/03/2025 05:29:41;100;0;150.56;-4;-20.07;-2.43;163.7;17.50;76613;2838.855;-1803.191;1;134;-110;-104.8;42.8;43.2;18;18.5;25.4;0.0;
02/03/2025 05:30:01;100;0;148.15;-4;-19.98;-2.43;166.3;17.40;76601;2838.853;-1803.189;1;134;-110;-103.2;42.8;43.2;16;15.8;25.3;0.0;
02/03/2025 05:30:21;100;0;146.71;-4;-19.84;-3.84;168.9;17.40;76596;2838.851;-1803.187;1;134;-110;-103.2;42.8;43.0;16;15.8;25.3;0.0;
02/03/2025 05:30:41;100;0;147.99;-4;-20.00;-3.81;171.4;17.40;76595;2838.849;-1803.186;1;134;-110;-103.2;42.8;43.0;16;15.8;25.3;0.0;
02/03/2025 05:31:01;100;0;149.21;-4;-19.78;-3.82;174.0;17.40;76588;2838.847;-1803.184;1;134;-110;-103.2;42.8;43.2;16;15.8;25.3;0.0;
02/03/2025 05:31:21;100;0;149.92;-4;-19.51;-3.83;176.7;17.30;76583;2838.845;-1803.182;1;134;-110;-103.2;42.8;43.2;16;15.8;25.3;0.0;
02/03/2025 05:31:41;100;0;150.22;-4;-20.20;-3.81;179.2;17.30;76570;2838.843;-1803.180;1;134;-110;-103.2;42.8;43.0;16;15.8;25.3;0.0;
02/03/2025 05:32:01;100;0;150.54;-4;-20.36;-3.74;181.8;17.20;76562;2838.841;-1803.178;1;134;-110;-103.2;42.8;43.0;16;15.8;25.3;0.0;
02/03/2025 05:32:21;100;0;150.21;-4;-19.71;-3.77;184.5;17.20;76556;2838.839;-1803.177;1;134;-110;-101.6;42.8;43.2;16;15.8;25.3;0.0;
02/03/2025 05:32:41;100;0;150.79;-4;-19.39;-3.82;186.8;17.20;76552;2838.837;-1803.175;1;134;-110;-101.6;42.8;43.2;16;15.8;25.3;0.0;
02/03/2025 05:33:01;100;0;151.62;-4;-19.47;-3.84;189.3;17.20;76541;2838.835;-1803.173;1;134;-110;-103.2;42.8;43.2;18;18.5;25.3;0.0;
02/03/2025 05:33:21;100;0;149.13;-4;-19.66;-2.41;191.5;17.10;76528;2838.833;-1803.172;1;134;-110;-103.2;42.8;43.2;16;15.3;25.4;0.0;
02/03/2025 05:33:41;100;0;146.14;-4;-19.58;-3.90;194.1;17.10;76515;2838.831;-1803.170;1;134;-110;-103.2;42.8;43.2;16;15.3;25.3;0.0;
02/03/2025 05:34:01;100;0;142.95;-4;-19.96;-3.97;196.7;17.10;76509;2838.829;-1803.167;1;134;-110;-103.2;42.8;43.2;16;15.3;25.3;0.0;
02/03/2025 05:34:21;100;0;143.14;-4;-20.20;-3.91;199.1;17.00;76498;2838.828;-1803.165;1;134;-110;-103.2;42.8;43.0;16;15.3;25.3;0.0;
02/03/2025 05:34:41;100;0;144.94;-4;-19.92;-3.97;201.7;17.00;76496;2838.826;-1803.163;1;134;-110;-103.2;42.8;43.2;16;15.3;25.3;0.0;
02/03/2025 05:35:01;100;0;144.18;-4;-20.09;-3.99;204.3;17.00;76495;2838.824;-1803.161;1;134;-110;-103.2;42.8;43.0;16;15.3;25.3;0.0;
02/03/2025 05:35:21;100;0;143.93;-4;-19.94;-3.94;206.8;16.90;76474;2838.822;-1803.159;1;134;-110;-103.2;42.8;43.2;16;15.3;25.3;0.0;
02/03/2025 05:35:41;100;0;143.15;-4;-20.15;-3.90;209.7;16.90;76473;2838.820;-1803.157;1;134;-110;-103.2;42.8;43.2;16;15.3;25.4;0.0;
02/03/2025 05:36:01;100;0;145.87;-4;-19.60;-3.96;212.2;16.90;76463;2838.818;-1803.155;1;134;-110;-103.2;42.8;43.0;16;15.3;25.3;0.0;
02/03/2025 05:36:21;100;0;145.84;-4;-19.78;-3.95;214.8;16.80;76453;2838.816;-1803.153;1;134;-110;-104.8;42.8;43.2;16;15.8;25.3;0.0;
02/03/2025 05:36:41;100;0;146.31;-4;-19.75;-3.96;217.5;16.80;76444;2838.814;-1803.151;1;134;-110;-103.2;42.8;43.2;16;15.3;25.3;0.0;
02/03/2025 05:37:01;100;0;143.63;-4;-19.92;-3.97;220.2;16.80;76449;2838.812;-1803.148;1;134;-110;-103.2;42.8;43.2;16;15.3;25.4;0.0;
02/03/2025 05:37:21;100;0;141.05;-4;-19.78;-3.94;222.8;16.70;76436;2838.810;-1803.146;1;134;-110;-101.6;42.8;43.2;16;15.3;25.4;0.0;
02/03/2025 05:37:41;100;0;137.12;-4;-19.88;-3.92;225.6;16.70;76423;2838.808;-1803.143;1;134;-110;-101.6;42.8;43.2;16;15.3;25.3;0.0;
02/03/2025 05:38:01;100;0;136.18;-4;-19.54;-3.98;228.4;16.70;76413;2838.806;-1803.141;1;134;-110;-103.2;42.8;43.2;16;15.8;25.3;0.0;
02/03/2025 05:38:21;100;0;136.04;-4;-19.56;-4.01;230.8;16.60;76401;2838.805;-1803.138;1;134;-110;-104.8;42.8;43.2;14;14.0;25.3;0.0;
02/03/2025 05:38:41;100;0;134.58;-4;-19.48;-4.99;233.7;16.60;76394;2838.803;-1803.135;1;134;-110;-103.2;42.8;43.2;14;13.5;25.3;0.0;
02/03/2025 05:39:01;100;0;136.82;-4;-19.39;-4.88;236.3;16.60;76393;2838.801;-1803.133;1;134;-110;-103.2;42.8;43.2;14;13.5;25.3;0.0;
02/03/2025 05:39:21;100;0;137.09;-4;-19.56;-4.96;239.0;16.50;76383;2838.800;-1803.130;1;134;-110;-101.6;42.8;43.2;14;13.5;25.4;0.0;
02/03/2025 05:39:41;100;0;136.73;-4;-19.51;-4.98;241.8;16.50;76376;2838.798;-1803.127;1;134;-110;-103.2;42.8;43.0;14;13.5;25.4;0.0;
02/03/2025 05:40:01;100;0;134.90;-4;-19.57;-4.98;244.4;16.50;76373;2838.796;-1803.125;1;134;-110;-101.6;42.8;43.0;14;13.5;25.4;0.0;
02/03/2025 05:40:21;100;0;138.26;-4;-19.29;-4.93;247.4;16.40;76369;2838.794;-1803.122;1;134;-110;-103.2;42.8;43.2;14;13.5;25.3;0.0;
02/03/2025 05:40:41;100;0;138.45;-4;-19.17;-4.94;250.2;16.40;76368;2838.792;-1803.119;1;134;-110;-103.2;42.8;43.0;14;13.5;25.3;0.0;
02/03/2025 05:41:01;100;0;138.03;-4;-19.20;-4.98;252.7;16.40;76348;2838.790;-1803.117;1;134;-110;-103.2;42.8;43.2;14;13.5;25.3;0.0;
02/03/2025 05:41:21;100;0;138.03;-4;-19.40;-4.96;255.4;16.30;76336;2838.789;-1803.114;1;134;-110;-103.2;42.8;43.2;14;13.5;25.3;0.0;
02/03/2025 05:41:41;100;0;137.17;-4;-19.19;-5.01;258.2;16.30;76337;2838.787;-1803.111;1;134;-110;-103.2;42.8;43.0;14;13.5;25.4;0.0;
02/03/2025 05:42:01;100;0;137.54;-4;-19.34;-4.98;261.0;16.30;76331;2838.785;-1803.109;1;134;-110;-101.6;42.8;43.2;14;13.5;25.3;0.0;
02/03/2025 05:42:21;100;0;137.07;-4;-19.14;-5.00;263.7;16.20;76323;2838.783;-1803.106;1;134;-110;-103.2;42.8;43.2;14;13.5;25.3;0.0;
02/03/2025 05:42:41;100;0;140.97;-4;-19.15;-5.02;266.6;16.20;76316;2838.781;-1803.103;1;134;-110;-103.2;42.8;43.0;16;15.8;25.4;0.0;
02/03/2025 05:43:01;100;0;140.74;-4;-19.30;-3.54;269.3;16.20;76304;2838.779;-1803.101;1;134;-110;-103.2;42.8;43.2;16;16.2;25.3;0.0;
02/03/2025 05:43:21;100;0;140.19;-4;-19.11;-3.57;272.1;16.10;76308;2838.777;-1803.098;1;134;-110;-104.8;42.8;43.2;16;16.2;25.3;0.0;
02/03/2025 05:43:41;100;0;141.71;-4;-19.41;-3.53;274.6;16.10;76293;2838.775;-1803.096;1;134;-110;-101.6;42.8;43.2;16;16.2;25.3;0.0;
02/03/2025 05:44:01;100;0;142.65;-4;-19.23;-3.58;277.4;16.10;76284;2838.773;-1803.093;1;134;-110;-103.2;42.8;43.2;16;16.2;25.3;0.0;
02/03/2025 05:44:21;100;0;142.64;-4;-19.17;-3.54;280.0;16.00;76264;2838.771;-1803.091;1;134;-110;-103.2;42.8;43.2;16;16.2;25.3;0.0;
02/03/2025 05:44:41;100;0;142.96;-4;-19.21;-3.48;282.5;16.00;76270;2838.769;-1803.089;1;134;-110;-101.6;42.8;43.2;16;16.2;25.3;0.0;
02/03/2025 05:45:01;100;0;142.07;-4;-19.35;-3.53;285.1;16.00;76255;2838.767;-1803.087;1;134;-110;-101.6;42.8;43.0;16;16.2;25.3;0.0;
02/03/2025 05:45:21;100;0;141.16;-4;-19.40;-3.49;287.7;15.90;76256;2838.765;-1803.084;1;134;-110;-103.2;42.8;43.2;16;16.2;25.3;0.0;
02/03/2025 05:45:41;100;0;139.50;-4;-19.25;-3.56;290.3;15.90;76250;2838.763;-1803.082;1;134;-110;-103.2;42.8;43.0;16;16.2;25.3;0.0;
02/03/2025 05:46:01;100;0;135.11;-4;-19.14;-3.52;292.7;15.90;76246;2838.762;-1803.079;1;134;-110;-103.2;42.8;43.2;14;14.0;25.3;0.0;
02/03/2025 05:46:21;100;0;134.52;-4;-19.22;-5.00;295.2;15.80;76248;2838.760;-1803.077;1;134;-110;-103.2;42.8;43.0;14;13.5;25.3;0.0;
02/03/2025 05:46:41;100;0;134.25;-4;-19.06;-4.86;297.7;15.80;76235;2838.759;-1803.074;1;134;-110;-103.2;42.8;43.2;14;14.0;25.3;0.0;
02/03/2025 05:47:01;100;0;134.62;-4;-19.12;-4.91;300.0;15.80;76233;2838.757;-1803.072;1;134;-110;-103.2;42.8;43.2;14;14.0;25.3;0.0;
02/03/2025 05:47:21;100;0;134.68;-4;-19.09;-4.89;302.4;15.70;76221;2838.756;-1803.069;1;134;-110;-103.2;42.8;43.2;14;13.5;25.3;0.0;
02/03/2025 05:47:41;100;0;135.78;-4;-19.38;-4.82;304.8;15.70;76219;2838.754;-1803.067;1;134;-110;-103.2;42.8;43.2;14;13.5;25.3;0.0;
02/03/2025 05:48:01;100;0;138.36;-4;-19.21;-4.78;307.2;15.70;76223;2838.753;-1803.064;1;134;-110;-101.6;42.8;43.2;14;13.5;25.3;0.0;
02/03/2025 05:48:21;100;0;138.80;-4;-19.24;-4.85;309.5;15.60;76207;2838.751;-1803.062;1;134;-110;-101.6;42.8;43.2;14;13.5;25.3;0.0;
02/03/2025 05:48:41;100;0;139.48;-4;-19.27;-4.84;311.7;15.60;76205;2838.750;-1803.060;1;134;-110;-103.2;42.8;43.0;14;13.5;25.3;0.0;
02/03/2025 05:49:01;100;0;139.91;-4;-19.26;-4.84;313.9;15.60;76198;2838.748;-1803.058;1;134;-110;-103.2;42.8;43.2;14;13.5;25.3;0.0;
02/03/2025 05:49:21;100;0;139.43;-4;-19.42;-4.83;316.0;15.60;76196;2838.747;-1803.056;1;134;-110;-103.2;42.8;43.2;14;13.5;25.3;0.0;
02/03/2025 05:49:41;100;0;140.32;-4;-19.33;-4.82;318.2;15.50;76186;2838.746;-1803.054;1;134;-110;-103.2;42.8;43.0;14;14.0;25.3;0.0;
02/03/2025 05:50:01;100;0;141.45;-4;-19.33;-4.88;320.4;15.50;76185;2838.744;-1803.052;1;134;-110;-103.2;42.8;43.2;14;14.0;25.3;0.0;
02/03/2025 05:50:21;100;0;142.65;-4;-19.56;-4.77;322.4;15.50;76186;2838.743;-1803.050;1;134;-110;-104.8;42.8;43.2;14;13.5;25.3;0.0;
02/03/2025 05:50:41;100;0;144.30;-4;-19.23;-4.76;324.5;15.40;76179;2838.741;-1803.049;1;134;-110;-101.6;42.8;43.2;14;13.5;25.3;0.0;
02/03/2025 05:51:01;100;0;147.44;-4;-19.20;-4.79;326.6;15.40;76170;2838.740;-1803.047;1;134;-110;-103.2;42.8;43.2;14;14.0;25.4;0.0;
02/03/2025 05:51:21;100;0;149.26;-4;-19.23;-4.89;328.5;15.40;76176;2838.738;-1803.046;1;134;-130;-133.9;42.8;43.0;14;13.5;25.3;0.0;
02/03/2025 05:51:41;100;0;150.61;-4;-18.72;-4.75;330.6;15.30;76232;2838.737;-1803.044;1;134;-130;-132.3;43.2;43.6;16;16.2;25.3;0.0;
02/03/2025 05:52:01;100;0;151.44;-4;-19.84;-3.27;333.0;15.30;76234;2838.735;-1803.043;1;134;-130;-132.3;43.2;43.6;16;16.2;25.3;0.0;
02/03/2025 05:52:21;100;0;150.20;-4;-20.14;-3.29;335.6;15.30;76224;2838.733;-1803.041;1;134;-130;-132.3;43.2;43.6;16;16.7;25.3;0.0;
02/03/2025 05:52:41;100;0;149.21;-4;-20.42;-3.25;337.9;15.30;76231;2838.731;-1803.039;1;134;-130;-132.3;43.2;43.6;16;16.7;25.3;0.0;
02/03/2025 05:53:02;100;0;147.12;-4;-20.53;-3.20;340.4;15.20;76223;2838.729;-1803.037;1;134;-130;-132.3;43.2;43.6;16;16.2;25.3;0.0;
02/03/2025 05:53:22;100;0;146.95;-4;-20.44;-3.16;342.9;15.20;76211;2838.727;-1803.036;1;134;-130;-132.3;43.2;43.6;16;16.7;25.3;0.0;
02/03/2025 05:53:42;100;0;149.01;-4;-20.06;-3.21;345.1;15.20;76214;2838.726;-1803.034;1;134;-130;-135.5;43.2;43.6;16;16.7;25.3;0.0;
02/03/2025 05:54:02;100;0;149.95;-4;-20.07;-3.22;347.8;15.20;76208;2838.724;-1803.032;1;134;-130;-135.5;43.2;43.6;16;16.7;25.3;0.0;
02/03/2025 05:54:22;100;0;150.01;-4;-20.17;-3.31;350.2;15.10;76193;2838.722;-1803.030;1;134;-130;-132.3;43.2;43.9;16;16.7;25.3;0.0;
02/03/2025 05:54:42;100;0;149.69;-4;-20.25;-3.11;352.5;15.10;76194;2838.720;-1803.029;1;134;-130;-132.3;43.2;43.7;16;16.7;25.3;0.0;
02/03/2025 05:55:02;100;0;149.95;-4;-20.45;-3.15;355.1;15.10;76187;2838.718;-1803.027;1;134;-130;-132.3;43.2;43.6;16;16.7;25.3;0.0;
02/03/2025 05:55:22;100;0;148.01;-4;-20.20;-3.17;357.5;15.00;76185;2838.716;-1803.025;1;134;-130;-132.3;43.2;43.6;16;16.7;25.3;0.0;
02/03/2025 05:55:42;100;0;146.79;-4;-20.07;-3.18;359.9;15.00;76187;2838.714;-1803.023;1;134;-130;-132.3;43.2;43.6;16;16.7;25.3;0.0;
02/03/2025 05:56:02;100;0;146.45;-4;-19.90;-3.25;362.4;15.00;76174;2838.712;-1803.022;1;134;-130;-132.3;43.2;43.6;16;16.7;25.3;0.0;
02/03/2025 05:56:22;100;0;145.82;-4;-19.94;-3.21;364.8;15.00;76169;2838.711;-1803.020;1;134;-130;-133.9;43.2;43.7;16;16.7;25.3;0.0;
02/03/2025 05:56:42;100;0;145.70;-4;-19.96;-3.29;367.0;14.90;76166;2838.709;-1803.018;1;134;-130;-132.3;43.2;43.6;16;16.2;25.4;0.0;
02/03/2025 05:57:02;100;0;144.76;-4;-19.95;-3.21;369.5;14.90;76169;2838.707;-1803.016;1;134;-130;-132.3;43.2;43.6;16;16.7;25.3;0.0;
02/03/2025 05:57:22;100;0;143.28;-4;-19.94;-3.26;371.7;14.90;76159;2838.706;-1803.014;1;134;-130;-132.3;43.2;43.6;16;16.7;25.3;0.0;
02/03/2025 05:57:42;100;0;141.46;-4;-19.94;-3.27;374.2;14.90;76158;2838.704;-1803.012;1;134;-130;-132.3;43.2;43.7;16;16.2;25.3;0.0;
02/03/2025 05:58:02;100;0;140.07;-4;-19.94;-3.25;376.7;14.80;76150;2838.702;-1803.010;1;134;-130;-132.3;43.2;43.6;16;16.7;25.3;0.0;
02/03/2025 05:58:22;100;0;138.88;-4;-20.00;-3.24;379.2;14.80;76146;2838.701;-1803.007;1;134;-130;-133.9;43.2;43.6;16;16.2;25.3;0.0;
02/03/2025 05:58:42;100;0;138.10;-4;-19.93;-3.25;381.7;14.80;76144;2838.699;-1803.005;1;134;-130;-132.3;43.2;43.6;16;16.7;25.3;0.0;
02/03/2025 05:59:02;100;0;136.56;-4;-19.91;-3.26;384.2;14.80;76143;2838.698;-1803.003;1;134;-130;-132.3;43.2;43.6;16;16.7;25.3;0.0;
02/03/2025 05:59:22;100;0;134.87;-4;-19.85;-3.23;386.8;14.70;76129;2838.696;-1803.000;1;134;-130;-132.3;43.2;43.6;14;14.0;25.3;0.0;
02/03/2025 05:59:42;100;0;136.91;-4;-19.73;-4.70;389.2;14.70;76116;2838.695;-1802.998;1;134;-130;-132.3;43.2;43.7;14;13.5;25.3;0.0;
02/03/2025 06:00:02;100;0;138.33;-4;-19.64;-4.66;391.7;14.70;76121;2838.693;-1802.995;1;134;-130;-132.3;43.2;43.6;14;13.5;25.4;0.0;
02/03/2025 06:00:22;100;0;139.76;-4;-19.59;-4.71;394.1;14.70;76119;2838.691;-1802.993;1;134;-130;-132.3;43.2;43.7;14;13.5;25.4;0.0;
02/03/2025 06:00:42;100;0;144.14;-4;-19.43;-4.70;396.5;14.60;76108;2838.690;-1802.991;1;134;-130;-132.3;43.2;43.6;14;13.5;25.3;0.0;
02/03/2025 06:01:02;100;0;146.18;-4;-19.37;-4.68;399.1;14.60;76118;2838.688;-1802.989;1;134;-130;-132.3;43.2;43.7;14;13.5;25.3;0.0;
02/03/2025 06:01:22;100;0;149.50;-4;-19.80;-4.71;401.5;14.60;76099;2838.686;-1802.987;1;134;-130;-132.3;43.2;43.6;16;15.8;25.3;0.0;
02/03/2025 06:01:42;100;0;153.10;-4;-19.57;-3.20;404.3;14.60;76108;2838.683;-1802.986;1;134;-130;-132.3;43.2;43.7;20;19.9;25.3;0.0;
02/03/2025 06:02:02;100;0;153.72;-4;-20.03;-1.52;406.9;14.50;76096;2838.681;-1802.984;1;134;-130;-132.3;43.2;43.6;20;19.9;25.3;0.0;
02/03/2025 06:02:22;100;0;153.12;-4;-20.01;-1.58;409.4;14.50;76098;2838.679;-1802.982;1;134;-130;-132.3;43.2;43.6;20;19.9;25.3;0.0;
02/03/2025 06:02:42;100;0;152.85;-4;-19.65;-1.41;412.1;14.50;76093;2838.677;-1802.981;1;134;-130;-132.3;43.2;43.6;20;19.9;25.3;0.0;
02/03/2025 06:03:02;100;0;153.18;-4;-19.63;-1.61;414.7;14.50;76088;2838.675;-1802.979;1;134;-130;-132.3;43.2;43.6;20;19.9;25.3;0.0;
02/03/2025 06:03:22;100;0;152.33;-4;-20.02;-1.52;417.4;14.40;76084;2838.672;-1802.977;1;134;-130;-132.3;43.2;43.6;18;17.6;25.3;0.0;
02/03/2025 06:03:42;100;0;151.12;-4;-19.85;-2.81;420.1;14.40;76082;2838.670;-1802.976;1;134;-130;-132.3;43.2;43.7;18;17.6;25.3;0.0;
02/03/2025 06:04:02;100;0;149.21;-4;-19.84;-2.89;423.0;14.40;76083;2838.668;-1802.974;1;134;-130;-133.9;43.2;43.6;18;17.6;25.3;0.0;
02/03/2025 06:04:22;100;0;147.58;-4;-19.69;-2.85;425.6;14.40;76085;2838.666;-1802.972;1;134;-130;-132.3;43.2;43.6;16;15.8;25.3;0.0;
02/03/2025 06:04:42;100;0;147.98;-4;-19.67;-3.85;428.3;14.40;76075;2838.664;-1802.970;1;134;-130;-133.9;43.2;43.7;16;15.3;25.3;0.0;
02/03/2025 06:05:02;100;0;147.34;-4;-19.32;-3.88;431.0;14.40;76072;2838.661;-1802.967;1;134;-130;-132.3;43.2;43.7;16;15.3;25.3;0.0;
02/03/2025 06:05:22;100;0;145.32;-4;-19.43;-3.87;433.6;14.30;76068;2838.659;-1802.965;1;134;-130;-132.3;43.2;43.7;16;15.8;25.3;0.0;
02/03/2025 06:05:42;100;0;145.16;-4;-19.68;-3.80;436.2;14.30;76068;2838.657;-1802.963;1;134;-130;-132.3;43.2;43.6;16;15.3;25.3;0.0;
02/03/2025 06:06:02;100;0;143.77;-4;-19.73;-3.74;438.9;14.30;76059;2838.655;-1802.961;1;134;-130;-132.3;43.2;43.6;16;15.3;25.3;0.0;
02/03/2025 06:06:22;100;0;141.92;-4;-19.76;-3.77;441.6;14.30;76046;2838.653;-1802.959;1;134;-130;-132.3;43.2;43.6;16;15.3;25.3;0.0;
02/03/2025 06:06:42;100;0;140.53;-4;-19.64;-3.79;444.2;14.20;76052;2838.652;-1802.956;1;134;-130;-132.3;43.2;43.6;16;15.8;25.3;0.0;
02/03/2025 06:07:02;100;0;139.17;-4;-19.58;-3.83;446.9;14.20;76040;2838.650;-1802.954;1;134;-130;-132.3;43.2;43.6;16;15.8;25.3;0.0;
02/03/2025 06:07:22;100;0;137.74;-4;-19.82;-3.84;449.5;14.20;76033;2838.648;-1802.951;1;134;-130;-133.9;43.2;43.7;16;15.3;25.4;0.0;
02/03/2025 06:07:42;100;0;138.74;-4;-19.74;-3.80;452.3;14.20;76037;2838.646;-1802.949;1;134;-130;-132.3;43.2;43.7;16;15.3;25.4;0.0;
02/03/2025 06:08:02;100;0;139.31;-4;-19.81;-3.79;455.0;14.20;76037;2838.644;-1802.946;1;134;-130;-132.3;43.2;43.6;16;15.8;25.4;0.0;
02/03/2025 06:08:22;100;0;139.60;-4;-19.78;-3.77;457.8;14.10;76022;2838.642;-1802.944;1;134;-130;-132.3;43.2;43.6;16;15.3;25.3;0.0;
02/03/2025 06:08:42;100;0;140.96;-4;-19.91;-3.77;460.6;14.10;76025;2838.640;-1802.941;1;134;-130;-133.9;43.2;43.7;16;15.8;25.3;0.0;
02/03/2025 06:09:02;100;0;143.87;-4;-19.81;-3.79;463.5;14.10;76016;2838.638;-1802.939;1;134;-130;-132.3;43.2;43.7;16;15.8;25.3;0.0;
02/03/2025 06:09:22;100;0;145.69;-4;-19.85;-3.75;466.3;14.10;76010;2838.636;-1802.937;1;134;-130;-132.3;43.2;43.6;16;15.3;25.3;0.0;
02/03/2025 06:09:42;100;0;147.20;-4;-20.05;-3.65;469.3;14.10;76016;2838.634;-1802.934;1;134;-130;-132.3;43.2;43.6;16;15.3;25.4;0.0;
02/03/2025 06:10:02;100;0;148.76;-4;-19.78;-3.73;472.2;14.00;76013;2838.631;-1802.932;1;134;-130;-130.6;43.2;43.6;16;15.3;25.3;0.0;
02/03/2025 06:10:22;100;0;151.18;-4;-20.02;-3.80;475.3;14.00;76006;2838.629;-1802.930;1;134;-130;-133.9;43.2;43.7;19;19.0;25.4;0.0;
02/03/2025 06:10:42;100;0;150.30;-4;-20.25;-2.04;478.5;14.00;76010;2838.626;-1802.928;1;134;-130;-132.3;43.2;43.7;19;19.4;25.3;0.0;
02/03/2025 06:11:02;100;0;146.69;-4;-19.40;-1.90;481.4;14.00;75999;2838.623;-1802.926;1;134;-130;-133.9;43.2;43.6;16;15.8;25.3;0.0;
02/03/2025 06:11:22;100;0;145.11;-4;-19.62;-3.75;484.5;13.90;75998;2838.621;-1802.923;1;134;-130;-130.6;43.2;43.6;16;15.8;25.3;0.0;
02/03/2025 06:11:42;100;0;143.06;-4;-20.02;-3.76;487.5;13.90;76007;2838.619;-1802.921;1;134;-130;-132.3;43.2;43.6;16;15.8;25.3;0.0;
02/03/2025 06:12:02;100;0;140.44;-4;-20.39;-3.77;490.6;13.90;75995;2838.616;-1802.918;1;134;-130;-132.3;43.2;43.6;16;15.8;25.3;0.0;
02/03/2025 06:12:22;100;0;135.87;-4;-21.02;-3.78;494.0;13.90;75996;2838.614;-1802.915;1;134;-130;-133.9;43.2;43.6;16;15.8;25.3;0.0;
02/03/2025 06:12:42;100;0;132.42;-4;-20.55;-3.61;497.5;13.90;75986;2838.612;-1802.911;1;134;-130;-132.3;43.2;43.7;14;14.0;25.3;0.0;
02/03/2025 06:13:02;100;0;126.67;-4;-19.73;-4.68;501.1;13.90;75991;2838.610;-1802.907;1;134;-130;-132.3;43.2;43.6;9;9.0;25.3;0.0;
02/03/2025 06:13:22;100;0;124.86;-4;-19.27;-7.25;504.5;13.80;75980;2838.608;-1802.903;1;134;-130;-132.3;43.2;43.7;5;5.0;25.3;0.0;
02/03/2025 06:13:42;100;0;127.41;-4;-18.56;-9.16;507.7;13.80;75983;2838.607;-1802.899;1;134;-130;-135.5;43.7;43.6;9;9.5;25.3;0.0;
02/03/2025 06:14:02;100;0;129.85;-4;-19.04;-6.75;510.7;13.80;75970;2838.605;-1802.896;1;134;-130;-132.3;43.7;43.6;12;12.2;25.3;0.0;
02/03/2025 06:14:22;100;0;131.59;-4;-19.15;-5.38;513.6;13.70;75956;2838.603;-1802.893;1;134;-130;-133.9;43.7;43.6;12;12.2;25.4;0.0;
02/03/2025 06:14:42;100;0;130.23;-4;-19.05;-5.49;516.7;13.70;75951;2838.601;-1802.889;1;134;-130;-132.3;43.7;43.6;12;12.2;25.4;0.0;
02/03/2025 06:15:02;100;0;128.22;-4;-19.48;-5.42;519.7;13.70;75943;2838.599;-1802.886;1;134;-130;-132.3;43.7;43.6;10;9.9;25.3;0.0;
02/03/2025 06:15:22;100;0;127.10;-4;-19.66;-6.62;522.7;13.70;75941;2838.598;-1802.882;1;134;-130;-132.3;43.7;43.6;7;7.2;25.3;0.0;
02/03/2025 06:15:42;100;0;126.17;-4;-19.37;-7.99;525.8;13.70;75948;2838.596;-1802.878;1;134;-130;-133.9;43.7;43.6;7;7.2;25.3;0.0;
02/03/2025 06:16:02;100;0;127.08;-4;-18.98;-7.98;528.8;13.70;75929;2838.595;-1802.875;1;134;-130;-133.9;44.0;44.0;7;7.2;25.3;0.0;
02/03/2025 06:16:22;100;0;127.60;-4;-20.01;-7.96;531.9;13.60;75936;2838.593;-1802.872;1;134;-130;-132.3;44.0;44.2;7;7.2;25.3;0.0;
02/03/2025 06:16:42;100;0;128.47;-4;-20.49;-7.97;534.9;13.60;75934;2838.591;-1802.868;1;134;-130;-132.3;44.0;44.2;10;9.9;25.3;0.0;
02/03/2025 06:17:02;100;0;129.65;-4;-20.15;-6.38;538.1;13.60;75924;2838.590;-1802.865;1;134;-130;-135.5;44.0;44.2;10;10.4;25.3;0.0;
02/03/2025 06:17:22;100;0;132.84;-4;-20.07;-6.39;541.1;13.60;75919;2838.588;-1802.861;1;134;-130;-132.3;44.0;44.2;13;13.1;25.3;0.0;
02/03/2025 06:17:42;100;0;135.27;-4;-20.28;-4.85;544.2;13.60;75912;2838.586;-1802.858;1;134;-130;-132.3;44.0;44.3;15;14.9;25.4;0.0;
02/03/2025 06:18:02;100;0;137.01;-4;-20.38;-3.95;547.4;13.50;75910;2838.584;-1802.855;1;134;-130;-132.3;44.0;44.3;15;14.9;25.3;0.0;
02/03/2025 06:18:22;100;0;137.90;-4;-20.26;-3.98;550.3;13.50;75908;2838.582;-1802.853;1;134;-130;-132.3;44.0;44.2;15;14.9;25.3;0.0;
02/03/2025 06:18:42;100;0;135.80;-4;-20.51;-3.97;553.3;13.50;75896;2838.580;-1802.850;1;134;-130;-130.6;44.0;44.3;15;15.3;25.3;0.0;
02/03/2025 06:19:02;100;0;135.82;-4;-20.44;-3.97;556.4;13.50;75899;2838.578;-1802.847;1;134;-130;-132.3;44.0;44.2;15;14.9;25.3;0.0;
02/03/2025 06:19:22;100;0;137.81;-4;-20.26;-4.02;559.4;13.40;75892;2838.576;-1802.844;1;134;-130;-132.3;44.0;44.2;15;15.3;25.3;0.0;
02/03/2025 06:19:42;100;0;139.81;-4;-20.19;-3.99;562.4;13.40;75886;2838.573;-1802.841;1;134;-130;-132.3;44.0;44.2;15;15.3;25.3;0.0;
02/03/2025 06:20:02;100;0;140.87;-4;-20.20;-4.03;565.4;13.40;75879;2838.571;-1802.838;1;134;-130;-133.9;44.0;44.2;15;14.9;25.3;0.0;
02/03/2025 06:20:22;100;0;144.22;-4;-20.67;-3.97;568.6;13.40;75866;2838.569;-1802.836;1;134;-130;-132.3;44.0;44.2;15;15.3;25.3;0.0;
02/03/2025 06:20:42;100;0;145.92;-4;-20.27;-3.99;571.7;13.30;75862;2838.566;-1802.833;1;134;-130;-132.3;44.0;44.2;15;15.3;25.3;0.0;
02/03/2025 06:21:02;100;0;146.14;-4;-20.26;-3.95;574.8;13.30;75868;2838.564;-1802.831;1;134;-130;-133.9;44.0;44.2;15;14.9;25.3;0.0;
02/03/2025 06:21:22;100;0;149.19;-4;-20.45;-3.93;577.9;13.30;75852;2838.561;-1802.829;1;134;-130;-132.3;44.0;44.2;17;17.1;25.3;0.0;
02/03/2025 06:21:42;100;0;147.63;-4;-20.78;-2.62;581.3;13.30;75853;2838.559;-1802.826;1;134;-130;-132.3;44.0;44.3;17;17.6;25.4;0.0;
02/03/2025 06:22:02;100;0;145.90;-4;-20.86;-2.59;584.5;13.30;75843;2838.556;-1802.824;1;134;-130;-133.9;44.0;44.2;17;17.6;25.3;0.0;
02/03/2025 06:22:22;100;0;145.50;-4;-20.46;-2.60;587.8;13.30;75849;2838.553;-1802.821;1;134;-130;-133.9;44.0;44.3;17;17.6;25.3;0.0;
02/03/2025 06:22:42;100;0;142.91;-4;-20.55;-2.64;591.1;13.20;75834;2838.551;-1802.819;1;134;-130;-135.5;44.0;44.3;15;14.9;25.3;0.0;
02/03/2025 06:23:02;100;0;141.53;-4;-20.43;-4.15;594.3;13.20;75825;2838.548;-1802.816;1;134;-130;-132.3;44.0;44.2;15;14.9;25.3;0.0;
02/03/2025 06:23:22;100;0;140.82;-4;-20.49;-4.13;597.5;13.20;75828;2838.546;-1802.813;1;134;-130;-132.3;44.0;44.3;15;14.9;25.3;0.0;
02/03/2025 06:23:42;100;0;140.90;-4;-20.48;-4.13;600.6;13.10;75821;2838.544;-1802.810;1;134;-130;-133.9;44.0;44.2;15;14.9;25.3;0.0;
02/03/2025 06:24:02;100;0;140.64;-4;-20.46;-4.10;603.8;13.10;75817;2838.541;-1802.807;1;134;-130;-132.3;44.0;44.3;15;14.9;25.3;0.0;
02/03/2025 06:24:22;100;0;142.26;-4;-20.39;-4.07;607.1;13.10;75823;2838.539;-1802.804;1;134;-130;-133.9;44.0;44.3;15;14.9;25.3;0.0;
02/03/2025 06:24:42;100;0;140.57;-4;-20.32;-4.15;610.2;13.10;75806;2838.537;-1802.802;1;134;-130;-132.3;44.0;44.2;15;14.9;25.3;0.0;
02/03/2025 06:25:02;100;0;140.47;-4;-19.96;-4.22;613.3;13.10;75803;2838.534;-1802.799;1;134;-130;-132.3;44.0;44.2;15;14.9;25.4;0.0;
02/03/2025 06:25:22;100;0;139.73;-4;-20.12;-4.23;616.3;13.10;75789;2838.532;-1802.796;1;134;-130;-132.3;44.0;44.2;15;14.9;25.3;0.0;
02/03/2025 06:25:42;100;0;138.84;-4;-19.81;-4.23;619.2;13.00;75791;2838.530;-1802.793;1;134;-130;-132.3;44.0;44.2;15;14.9;25.3;0.0;
02/03/2025 06:26:02;100;0;141.38;-4;-19.93;-4.19;622.1;13.00;75795;2838.528;-1802.791;1;134;-130;-133.9;44.0;44.2;15;14.9;25.3;0.0;
02/03/2025 06:26:22;100;0;140.90;-4;-19.93;-4.14;624.9;13.00;75784;2838.526;-1802.788;1;134;-130;-132.3;44.0;44.2;15;14.9;25.3;0.0;
02/03/2025 06:26:42;100;0;140.33;-4;-19.95;-4.22;627.8;13.00;75781;2838.524;-1802.786;1;134;-130;-132.3;44.0;44.3;15;14.9;25.3;0.0;
02/03/2025 06:27:03;100;0;139.77;-4;-20.14;-4.20;630.7;12.90;75771;2838.522;-1802.783;1;134;-130;-133.9;44.0;44.3;15;14.9;25.3;0.0;
02/03/2025 06:27:23;100;0;139.08;-4;-20.25;-4.18;633.6;12.90;75775;2838.520;-1802.780;1;134;-130;-132.3;44.0;44.2;15;14.9;25.3;0.0;
02/03/2025 06:27:43;100;0;139.86;-4;-19.92;-4.17;636.4;12.90;75768;2838.518;-1802.778;1;134;-130;-132.3;44.0;44.2;15;14.9;25.3;0.0;
02/03/2025 06:28:03;100;0;141.04;-4;-19.93;-4.17;639.1;12.90;75763;2838.516;-1802.776;1;134;-130;-132.3;44.0;44.2;15;14.9;25.3;0.0;
02/03/2025 06:28:23;100;0;142.73;-4;-19.96;-4.22;641.8;12.80;75756;2838.514;-1802.773;1;134;-130;-133.9;44.0;44.3;15;14.9;25.3;0.0;
02/03/2025 06:28:43;100;0;144.42;-4;-19.64;-4.15;644.5;12.80;75751;2838.512;-1802.771;1;134;-130;-132.3;44.0;44.2;15;14.9;25.4;0.0;
02/03/2025 06:29:03;100;0;146.50;-4;-19.83;-4.21;647.0;12.80;75750;2838.510;-1802.769;1;134;-130;-132.3;44.0;44.2;15;14.9;25.3;0.0;
02/03/2025 06:29:23;100;0;147.81;-4;-19.76;-4.22;649.7;12.80;75745;2838.508;-1802.767;1;134;-130;-132.3;44.0;44.2;15;14.9;25.3;0.0;
02/03/2025 06:29:43;100;0;148.40;-4;-19.84;-4.22;652.1;12.80;75746;2838.506;-1802.765;1;134;-130;-132.3;44.0;44.3;15;14.9;25.3;0.0;
02/03/2025 06:30:03;100;0;148.01;-4;-19.88;-4.18;654.8;12.70;75742;2838.504;-1802.763;1;134;-130;-133.9;44.0;44.3;15;14.9;25.3;0.0;
02/03/2025 06:30:23;100;0;147.41;-4;-20.07;-4.40;657.1;12.70;75732;2838.502;-1802.762;1;134;-130;-132.3;44.0;44.3;15;14.9;25.3;0.0;
02/03/2025 06:30:43;100;0;146.47;-4;-20.12;-4.17;659.7;12.70;75723;2838.500;-1802.760;1;134;-130;-132.3;44.0;44.3;15;14.9;25.3;0.0;
02/03/2025 06:31:03;100;0;145.68;-4;-20.17;-4.11;662.2;12.70;75716;2838.499;-1802.758;1;134;-130;-132.3;44.0;44.3;15;14.9;25.3;0.0;
02/03/2025 06:31:23;100;0;149.35;-4;-19.81;-4.12;664.6;12.70;75711;2838.497;-1802.756;1;134;-130;-132.3;44.0;44.2;15;14.9;25.3;0.0;
02/03/2025 06:31:43;100;0;152.61;-4;-20.06;-4.20;667.2;12.60;75704;2838.495;-1802.754;1;134;-130;-130.6;44.0;44.2;18;18.5;25.3;0.0;
02/03/2025 06:32:03;100;0;154.56;-4;-20.13;-2.19;669.5;12.60;75697;2838.493;-1802.753;1;134;-130;-132.3;44.0;44.3;18;19.0;25.3;0.0;
02/03/2025 06:32:23;100;0;155.29;-4;-20.44;-2.26;672.1;12.60;75700;2838.490;-1802.751;1;134;-130;-133.9;44.0;44.2;21;21.2;25.3;0.0;
02/03/2025 06:32:43;100;0;155.21;-4;-20.88;-0.51;674.5;12.60;75690;2838.489;-1802.750;1;134;-130;-132.3;44.0;44.2;21;21.7;25.3;0.0;
02/03/2025 06:33:03;100;0;152.90;-4;-20.91;-0.67;677.1;12.50;75674;2838.486;-1802.749;1;134;-130;-132.3;44.0;44.3;19;19.0;25.3;0.0;
02/03/2025 06:33:23;100;0;149.82;-4;-20.59;-2.12;679.8;12.50;75675;2838.484;-1802.747;1;134;-130;-132.3;44.0;44.2;17;17.1;25.3;0.0;
02/03/2025 06:33:43;100;0;147.60;-4;-20.28;-3.17;682.2;12.50;75668;2838.483;-1802.745;1;134;-130;-132.3;44.0;44.3;17;17.1;25.3;0.0;
02/03/2025 06:34:03;100;0;146.74;-4;-20.34;-3.16;684.8;12.50;75659;2838.481;-1802.743;1;134;-130;-132.3;44.0;44.3;17;17.1;25.3;0.0;
02/03/2025 06:34:23;100;0;146.52;-4;-20.45;-3.14;687.3;12.40;75648;2838.479;-1802.741;1;134;-130;-133.9;44.0;44.2;17;17.1;25.3;0.0;
02/03/2025 06:34:43;100;0;146.35;-4;-20.41;-3.14;689.9;12.40;75650;2838.477;-1802.739;1;134;-130;-132.3;44.0;44.3;17;17.1;25.3;0.0;
02/03/2025 06:35:03;100;0;145.45;-4;-20.28;-3.16;692.5;12.40;75652;2838.475;-1802.737;1;134;-130;-132.3;44.0;44.2;17;17.1;25.3;0.0;
02/03/2025 06:35:23;100;0;142.64;-4;-20.11;-3.18;695.0;12.40;75648;2838.473;-1802.735;1;134;-130;-132.3;44.0;44.3;17;16.7;25.3;0.0;
02/03/2025 06:35:43;100;0;140.53;-4;-20.13;-3.15;697.5;12.40;75641;2838.471;-1802.733;1;134;-130;-132.3;44.0;44.2;17;16.7;25.3;0.0;
02/03/2025 06:36:03;100;0;140.51;-4;-19.89;-3.20;699.9;12.30;75628;2838.470;-1802.731;1;134;-130;-132.3;44.0;44.3;17;17.1;25.3;0.0;
02/03/2025 06:36:23;100;0;139.56;-4;-19.37;-3.20;702.3;12.30;75613;2838.468;-1802.728;1;134;-130;-132.3;44.0;44.2;15;14.9;25.4;0.0;
02/03/2025 06:36:43;100;0;137.26;-4;-19.89;-4.33;704.5;12.30;75614;2838.467;-1802.726;1;134;-130;-133.9;44.0;44.2;15;14.4;25.3;0.0;
02/03/2025 06:37:03;100;0;140.49;-4;-20.00;-4.40;706.8;12.30;75595;2838.465;-1802.724;1;134;-130;-132.3;44.0;44.3;15;14.4;25.3;0.0;
02/03/2025 06:37:23;100;0;142.80;-4;-19.45;-4.27;709.0;12.20;75591;2838.464;-1802.722;1;134;-130;-132.3;44.0;44.3;15;14.4;25.3;0.0;
02/03/2025 06:37:43;100;0;143.57;-4;-19.89;-4.39;711.4;12.20;75587;2838.462;-1802.720;1;134;-130;-132.3;44.0;44.3;15;14.4;25.3;0.0;
02/03/2025 06:38:03;100;0;144.13;-4;-19.95;-4.42;713.7;12.20;75580;2838.461;-1802.718;1;134;-130;-132.3;44.0;44.2;15;14.4;25.3;0.0;
02/03/2025 06:38:23;100;0;145.97;-4;-19.70;-4.39;716.1;12.20;75575;2838.459;-1802.717;1;134;-130;-133.9;44.0;44.3;15;14.4;25.3;0.0;
02/03/2025 06:38:43;100;0;147.90;-4;-19.68;-4.38;718.5;12.10;75577;2838.457;-1802.715;1;134;-130;-132.3;44.0;44.2;15;14.4;25.3;0.0;
02/03/2025 06:39:03;100;0;148.81;-4;-19.30;-4.26;720.9;12.10;75572;2838.455;-1802.713;1;134;-130;-133.9;44.0;44.3;15;14.4;25.3;0.0;
02/03/2025 06:39:23;100;0;150.27;-4;-19.37;-4.43;723.2;12.10;75560;2838.453;-1802.711;1;134;-130;-132.3;44.0;44.2;17;17.1;25.3;0.0;
02/03/2025 06:39:43;100;0;147.67;-4;-19.22;-2.88;725.6;12.10;75544;2838.451;-1802.710;1;134;-130;-132.3;44.0;44.3;17;17.6;25.4;0.0;
02/03/2025 06:40:03;100;0;145.43;-4;-19.65;-3.00;727.8;12.00;75530;2838.450;-1802.708;1;134;-130;-132.3;44.0;44.2;17;17.6;25.3;0.0;
02/03/2025 06:40:23;100;0;141.69;-4;-19.51;-2.89;730.3;12.00;75527;2838.448;-1802.706;1;134;-130;-132.3;44.0;44.3;17;17.6;25.3;0.0;
02/03/2025 06:40:43;100;0;139.32;-4;-19.28;-2.96;732.6;12.00;75517;2838.447;-1802.703;1;134;-130;-133.9;44.0;44.2;15;14.9;25.3;0.0;
02/03/2025 06:41:03;100;0;138.43;-4;-19.90;-4.33;734.9;12.00;75515;2838.445;-1802.701;1;134;-130;-132.3;44.0;44.2;15;14.4;25.3;0.0;
02/03/2025 06:41:23;100;0;137.03;-4;-19.37;-4.32;737.4;11.90;75507;2838.443;-1802.699;1;134;-130;-133.9;44.0;44.3;15;14.4;25.3;0.0;
02/03/2025 06:41:43;100;0;134.21;-4;-19.74;-4.28;739.8;11.90;75503;2838.442;-1802.696;1;134;-130;-133.9;44.0;44.3;13;13.1;25.3;0.0;
02/03/2025 06:42:03;100;0;133.73;-4;-19.87;-5.21;742.3;11.90;75491;2838.441;-1802.694;1;134;-130;-132.3;44.0;44.2;13;13.1;25.3;0.0;
02/03/2025 06:42:23;100;0;134.28;-4;-19.55;-5.19;745.0;11.80;75481;2838.439;-1802.691;1;134;-130;-132.3;44.0;44.2;13;12.6;25.3;0.0;
02/03/2025 06:42:43;100;0;134.92;-4;-19.53;-5.15;747.4;11.80;75484;2838.438;-1802.689;1;134;-130;-133.9;44.0;44.2;13;13.1;25.4;0.0;
02/03/2025 06:43:03;100;0;134.80;-4;-19.49;-5.21;750.1;11.80;75475;2838.436;-1802.686;1;134;-130;-130.6;44.0;44.2;13;12.6;25.3;0.0;
02/03/2025 06:43:23;100;0;134.70;-4;-19.62;-5.17;752.7;11.80;75474;2838.434;-1802.683;1;134;-130;-132.3;44.0;44.2;13;12.6;25.3;0.0;
02/03/2025 06:43:43;100;0;135.66;-4;-19.57;-5.19;755.3;11.80;75469;2838.433;-1802.681;1;134;-130;-132.3;44.0;44.2;13;12.6;25.3;0.0;
02/03/2025 06:44:03;100;0;135.88;-4;-19.48;-5.18;757.9;11.70;75470;2838.431;-1802.678;1;134;-130;-132.3;44.0;44.2;13;13.1;25.4;0.0;
02/03/2025 06:44:23;100;0;136.26;-4;-19.51;-5.21;760.6;11.70;75465;2838.429;-1802.676;1;134;-130;-133.9;44.0;44.3;13;12.6;25.3;0.0;
02/03/2025 06:44:43;100;0;135.97;-4;-19.48;-5.11;763.3;11.70;75460;2838.428;-1802.673;1;134;-130;-133.9;44.0;44.2;15;14.9;25.3;0.0;
02/03/2025 06:45:03;100;0;136.56;-4;-19.61;-3.83;765.9;11.60;75452;2838.426;-1802.670;1;134;-130;-133.9;44.0;44.2;15;15.3;25.3;0.0;
02/03/2025 06:45:23;100;0;136.43;-4;-19.77;-3.92;768.5;11.60;75451;2838.424;-1802.668;1;134;-130;-132.3;44.0;44.2;15;15.3;25.4;0.0;
02/03/2025 06:45:43;100;0;136.84;-4;-19.73;-3.86;771.3;11.60;75444;2838.423;-1802.665;1;134;-130;-132.3;44.0;44.3;15;15.3;25.3;0.0;
02/03/2025 06:46:03;100;0;136.30;-4;-19.77;-3.89;773.9;11.60;75447;2838.421;-1802.662;1;134;-130;-132.3;44.0;44.2;15;15.3;25.3;0.0;
02/03/2025 06:46:23;100;0;136.10;-4;-19.79;-4.05;776.8;11.60;75443;2838.419;-1802.660;1;134;-130;-133.9;44.0;44.2;15;15.3;25.3;0.0;
02/03/2025 06:46:43;100;0;136.30;-4;-19.67;-3.80;779.5;11.50;75438;2838.417;-1802.657;1;134;-130;-132.3;44.0;44.2;15;15.3;25.3;0.0;
02/03/2025 06:47:03;100;0;135.81;-4;-19.75;-3.90;782.3;11.50;75442;2838.416;-1802.654;1;134;-130;-132.3;44.0;44.3;15;15.3;25.3;0.0;
02/03/2025 06:47:23;100;0;135.58;-4;-19.39;-3.78;785.1;11.50;75427;2838.414;-1802.651;1;134;-130;-132.3;44.0;44.3;15;15.3;25.3;0.0;
02/03/2025 06:47:43;100;0;136.68;-4;-20.19;-4.00;787.6;11.50;75428;2838.412;-1802.649;1;134;-130;-130.6;44.0;44.2;15;15.3;25.3;0.0;
02/03/2025 06:48:03;100;0;135.19;-4;-19.57;-3.93;790.4;11.50;75436;2838.410;-1802.646;1;134;-130;-132.3;44.0;44.3;15;15.3;25.3;0.0;
02/03/2025 06:48:23;100;0;131.02;-4;-19.49;-3.95;793.2;11.40;75425;2838.409;-1802.643;1;134;-130;-132.3;44.0;44.2;11;10.8;25.3;0.0;
02/03/2025 06:48:43;100;0;130.44;-4;-19.56;-5.97;795.9;11.40;75418;2838.407;-1802.640;1;134;-130;-133.9;44.0;44.3;9;9.0;25.3;0.0;
02/03/2025 06:49:03;100;0;131.00;-4;-19.29;-7.24;798.5;11.40;75413;2838.406;-1802.637;1;134;-130;-132.3;44.0;44.3;11;10.8;25.3;0.0;
02/03/2025 06:49:23;100;0;131.83;-4;-19.70;-5.92;801.1;11.40;75411;2838.404;-1802.635;1;134;-130;-132.3;44.0;44.2;11;11.3;25.3;0.0;
02/03/2025 06:49:43;100;0;133.27;-4;-19.19;-5.93;803.9;11.30;75407;2838.403;-1802.632;1;134;-130;-133.9;44.0;44.2;13;13.1;25.4;0.0;
02/03/2025 06:50:03;100;0;135.23;-4;-19.55;-4.81;806.5;11.30;75408;2838.401;-1802.629;1;134;-130;-132.3;44.0;44.2;13;13.5;25.4;0.0;
02/03/2025 06:50:23;100;0;139.53;-4;-19.45;-4.88;809.2;11.30;75399;2838.399;-1802.626;1;134;-130;-132.3;44.0;44.2;15;15.3;25.3;0.0;
02/03/2025 06:50:43;100;0;145.76;-4;-19.45;-3.92;811.9;11.30;75391;2838.397;-1802.624;1;134;-130;-132.3;44.0;44.2;15;15.3;25.3;0.0;
02/03/2025 06:51:03;100;0;148.15;-4;-19.25;-3.84;814.5;11.30;75390;2838.395;-1802.622;1;134;-130;-132.3;44.0;44.2;15;15.3;25.3;0.0;
02/03/2025 06:51:23;100;0;148.27;-4;-19.36;-3.92;817.2;11.20;75388;2838.393;-1802.620;1;134;-130;-133.9;44.0;44.2;15;15.3;25.3;0.0;
02/03/2025 06:51:43;100;0;147.85;-4;-19.10;-3.86;819.9;11.20;75391;2838.390;-1802.618;1;134;-130;-132.3;44.0;44.2;15;15.3;25.3;0.0;
02/03/2025 06:52:03;100;0;148.73;-4;-18.96;-3.84;822.5;11.20;75382;2838.388;-1802.616;1;134;-130;-132.3;44.3;44.3;15;15.3;25.3;0.0;
02/03/2025 06:52:23;100;0;148.56;-4;-19.06;-3.90;825.0;11.20;75383;2838.386;-1802.614;1;134;-130;-132.3;44.3;44.3;15;15.3;25.3;0.0;
02/03/2025 06:52:43;100;0;147.93;-4;-19.13;-3.84;827.8;11.20;75378;2838.384;-1802.612;1;134;-130;-133.9;44.3;44.3;15;15.3;25.3;0.0;
02/03/2025 06:53:03;100;0;148.24;-4;-19.28;-3.81;830.1;11.10;75364;2838.382;-1802.610;1;134;-130;-133.9;44.3;44.2;15;15.3;25.3;0.0;
02/03/2025 06:53:23;100;0;150.05;-4;-19.28;-3.77;832.7;11.10;75369;2838.380;-1802.608;1;134;-130;-132.3;44.3;44.3;17;17.1;25.3;0.0;
02/03/2025 06:53:43;100;0;149.97;-4;-19.35;-2.77;835.4;11.10;75368;2838.378;-1802.607;1;134;-130;-133.9;44.3;44.2;17;17.6;25.3;0.0;
02/03/2025 06:54:03;100;0;150.54;-4;-19.26;-2.86;838.0;11.10;75362;2838.375;-1802.605;1;134;-130;-132.3;44.3;44.2;17;17.6;25.3;0.0;
02/03/2025 06:54:23;100;0;150.58;-4;-19.29;-2.85;840.6;11.10;75366;2838.373;-1802.603;1;134;-130;-132.3;44.3;44.2;17;17.6;25.3;0.0;
02/03/2025 06:54:43;100;0;151.17;-4;-19.15;-2.79;843.1;11.10;75359;2838.371;-1802.601;1;134;-130;-132.3;44.3;44.2;17;17.6;25.3;0.0;
02/03/2025 06:55:03;100;0;152.36;-4;-19.14;-2.84;845.7;11.00;75354;2838.369;-1802.599;1;134;-130;-132.3;44.3;44.2;19;19.0;25.3;0.0;
02/03/2025 06:55:23;100;0;153.92;-4;-19.29;-2.27;848.0;11.00;75347;2838.367;-1802.598;1;134;-130;-132.3;44.3;44.3;19;19.4;25.3;0.0;
02/03/2025 06:55:43;100;0;154.22;-4;-19.01;-2.14;850.6;11.00;75337;2838.364;-1802.596;1;134;-130;-132.3;44.3;44.2;19;19.4;25.3;0.0;
02/03/2025 06:56:03;100;0;153.45;-4;-19.81;-2.20;853.1;11.00;75332;2838.362;-1802.595;1;134;-130;-132.3;44.3;44.2;19;19.4;25.3;0.0;
02/03/2025 06:56:23;100;0;153.34;-4;-18.96;-2.17;855.8;10.90;75334;2838.360;-1802.593;1;134;-130;-132.3;44.6;44.8;19;19.0;25.3;0.0;
02/03/2025 06:56:43;100;0;153.74;-4;-20.61;-2.04;858.5;10.90;75328;2838.358;-1802.592;1;134;-130;-132.3;44.6;44.9;19;19.0;25.3;0.0;
02/03/2025 06:57:03;100;0;152.90;-4;-20.68;-2.01;861.2;10.90;75317;2838.356;-1802.590;1;134;-130;-132.3;44.6;44.9;19;19.4;25.3;0.0;
02/03/2025 06:57:23;100;0;151.27;-4;-20.67;-2.04;864.1;10.90;75325;2838.353;-1802.588;1;134;-130;-132.3;44.6;44.9;19;19.4;25.3;0.0;
02/03/2025 06:57:43;100;0;150.52;-4;-20.73;-2.02;866.7;10.90;75318;2838.351;-1802.586;1;134;-130;-132.3;44.6;44.9;17;17.1;25.3;0.0;
02/03/2025 06:58:03;100;0;150.98;-4;-20.34;-3.40;869.3;10.90;75311;2838.349;-1802.585;1;134;-130;-132.3;44.6;44.9;17;16.7;25.3;0.0;
02/03/2025 06:58:23;100;0;152.41;-4;-20.57;-3.19;871.7;10.80;75301;2838.347;-1802.583;1;134;-130;-132.3;44.6;44.9;17;16.7;25.3;0.0;
02/03/2025 06:58:43;100;0;152.59;-4;-20.16;-3.27;874.1;10.80;75294;2838.345;-1802.582;1;134;-130;-132.3;44.6;45.1;17;17.1;25.3;0.0;
02/03/2025 06:59:03;100;0;152.93;-4;-21.03;-3.14;876.7;10.80;75300;2838.343;-1802.580;1;134;-130;-132.3;44.6;44.9;19;19.0;25.3;0.0;
02/03/2025 06:59:23;100;0;151.02;-4;-20.67;-2.00;879.2;10.80;75298;2838.341;-1802.578;1;134;-130;-132.3;44.6;44.9;17;17.1;25.3;0.0;
02/03/2025 06:59:43;100;0;147.55;-4;-20.99;-3.18;881.6;10.70;75280;2838.340;-1802.577;1;134;-130;-132.3;44.6;44.9;17;17.1;25.3;0.0;
02/03/2025 07:00:03;100;0;142.78;-4;-20.08;-2.84;884.0;10.70;75280;2838.338;-1802.575;1;134;-130;-132.3;44.6;44.9;17;16.7;25.3;0.0;
02/03/2025 07:00:23;100;0;142.47;-4;-20.89;-3.25;886.5;10.70;75287;2838.336;-1802.573;1;134;-130;-132.3;44.6;44.9;17;17.1;25.3;0.0;
02/03/2025 07:00:43;100;0;136.56;-4;-19.90;-2.72;888.9;10.70;75276;2838.335;-1802.570;1;134;-130;-132.3;44.6;44.9;14;14.0;25.3;0.0;
02/03/2025 07:01:03;100;0;136.07;-4;-21.75;-4.00;891.3;10.70;75280;2838.334;-1802.568;1;134;-130;-132.3;44.6;44.9;14;14.0;25.3;0.0;
02/03/2025 07:01:23;100;0;133.17;-4;-19.32;-4.72;893.8;10.60;75260;2838.332;-1802.565;1;134;-130;-133.9;44.6;44.9;14;13.5;25.3;0.0;
02/03/2025 07:01:44;100;0;136.79;-4;-20.76;-4.21;896.1;10.70;75265;2838.331;-1802.563;1;134;-130;-132.3;44.6;44.9;14;14.0;25.3;0.0;
02/03/2025 07:02:04;100;0;136.87;-4;-20.52;-4.69;898.7;10.60;75262;2838.329;-1802.561;1;134;-130;-132.3;44.6;44.9;14;14.0;25.3;0.0;
02/03/2025 07:02:24;100;0;133.46;-4;-20.27;-4.89;901.5;10.60;75262;2838.328;-1802.558;1;134;-130;-132.3;44.6;44.9;14;14.0;25.3;0.0;
02/03/2025 07:02:44;100;0;132.87;-4;-20.59;-4.67;904.0;10.60;75250;2838.326;-1802.556;1;134;-130;-132.3;44.6;44.9;12;11.7;25.3;0.0;
02/03/2025 07:03:04;100;0;132.08;-4;-20.76;-5.74;906.6;10.60;75248;2838.325;-1802.553;1;134;-130;-132.3;44.6;44.9;12;12.2;25.3;0.0;
02/03/2025 07:03:24;100;0;134.59;-4;-20.96;-5.73;909.2;10.60;75249;2838.323;-1802.550;1;134;-130;-132.3;44.6;44.9;12;12.2;25.3;0.0;
02/03/2025 07:03:44;100;0;135.14;-4;-19.88;-5.66;912.1;10.50;75250;2838.322;-1802.548;1;134;-130;-132.3;44.6;44.9;14;14.0;25.3;0.0;
02/03/2025 07:04:04;100;0;136.28;-4;-20.27;-4.33;914.9;10.50;75245;2838.320;-1802.545;1;134;-130;-132.3;44.6;44.9;14;14.4;25.4;0.0;
02/03/2025 07:04:24;100;0;135.06;-4;-20.14;-4.22;917.5;10.50;75243;2838.318;-1802.542;1;134;-130;-132.3;44.6;44.9;14;14.4;25.3;0.0;
02/03/2025 07:04:44;100;0;137.29;-4;-20.93;-4.45;920.0;10.50;75247;2838.317;-1802.540;1;134;-130;-132.3;44.6;44.9;14;14.4;25.3;0.0;
02/03/2025 07:05:04;100;0;136.17;-4;-20.40;-4.34;922.7;10.50;75229;2838.315;-1802.537;1;134;-130;-132.3;44.6;45.1;14;14.4;25.3;0.0;
02/03/2025 07:05:24;100;0;135.90;-4;-20.64;-4.51;925.3;10.40;75241;2838.314;-1802.535;1;134;-130;-132.3;44.6;45.1;14;14.4;25.3;0.0;
02/03/2025 07:05:44;100;0;136.10;-4;-20.89;-4.32;928.0;10.40;75233;2838.312;-1802.532;1;134;-130;-133.9;44.6;44.9;14;14.4;25.3;0.0;
02/03/2025 07:06:04;100;0;133.39;-4;-19.96;-4.45;930.7;10.40;75214;2838.310;-1802.530;1;134;-130;-132.3;44.6;44.9;14;14.4;25.3;0.0;
02/03/2025 07:06:24;100;0;134.08;-4;-20.81;-4.27;933.5;10.40;75228;2838.309;-1802.527;1;134;-130;-132.3;44.6;45.1;14;14.4;25.3;0.0;
02/03/2025 07:06:44;100;0;132.01;-4;-19.93;-4.72;936.3;10.40;75223;2838.307;-1802.524;1;134;-130;-132.3;44.6;44.9;12;12.2;25.3;0.0;
02/03/2025 07:07:04;100;0;134.56;-4;-20.21;-5.59;939.0;10.40;75225;2838.306;-1802.521;1;134;-130;-135.5;44.6;44.9;14;14.0;25.3;0.0;
02/03/2025 07:07:24;100;0;130.59;-4;-20.76;-4.94;941.6;10.30;75219;2838.304;-1802.519;1;134;-130;-135.5;44.6;44.9;9;9.0;25.3;0.0;
02/03/2025 07:07:44;100;0;131.98;-4;-20.81;-6.93;944.2;10.30;75217;2838.303;-1802.516;1;134;-130;-132.3;44.6;45.1;11;10.8;25.3;0.0;
02/03/2025 07:08:04;100;0;130.90;-4;-20.51;-5.95;947.1;10.30;75218;2838.301;-1802.513;1;134;-130;-133.9;44.6;44.9;11;11.3;25.3;0.0;
02/03/2025 07:08:24;100;0;131.08;-4;-20.58;-5.98;949.8;10.30;75210;2838.300;-1802.510;1;134;-130;-132.3;44.6;44.9;11;11.3;25.3;0.0;
02/03/2025 07:08:44;100;0;134.27;-4;-19.52;-5.89;952.6;10.30;75217;2838.298;-1802.507;1;134;-130;-132.3;44.6;44.9;13;13.5;25.3;0.0;
02/03/2025 07:09:04;100;0;134.70;-4;-20.91;-4.85;955.5;10.30;75209;2838.297;-1802.504;1;134;-130;-132.3;44.6;44.9;13;13.5;25.3;0.0;
02/03/2025 07:09:24;100;0;135.63;-4;-20.01;-4.74;958.3;10.30;75215;2838.295;-1802.502;1;134;-130;-133.9;44.6;44.9;13;13.5;25.3;0.0;
02/03/2025 07:09:44;100;0;134.79;-4;-20.30;-4.68;961.0;10.20;75211;2838.293;-1802.499;1;134;-130;-132.3;44.6;45.1;13;13.5;25.3;0.0;
02/03/2025 07:10:04;100;0;136.87;-4;-20.90;-4.73;964.0;10.20;75217;2838.291;-1802.496;1;134;-130;-132.3;44.6;45.1;13;13.5;25.3;0.0;
02/03/2025 07:10:24;100;0;133.88;-4;-21.03;-4.30;966.9;10.20;75202;2838.289;-1802.493;1;134;-130;-132.3;44.6;44.9;13;13.5;25.3;0.0;
02/03/2025 07:10:44;100;0;134.41;-4;-19.76;-4.92;969.8;10.20;75205;2838.288;-1802.490;1;134;-130;-130.6;44.6;44.9;13;13.5;25.3;0.0;
02/03/2025 07:11:04;100;0;137.20;-4;-20.29;-4.79;972.5;10.20;75208;2838.286;-1802.488;1;134;-130;-133.9;44.6;45.1;13;13.5;25.3;0.0;
02/03/2025 07:11:24;100;0;136.03;-4;-20.75;-4.44;975.1;10.20;75197;2838.284;-1802.485;1;134;-130;-132.3;44.6;44.9;13;13.5;25.3;0.0;
02/03/2025 07:11:44;100;0;136.79;-4;-19.89;-4.81;977.9;10.20;75201;2838.283;-1802.483;1;134;-130;-132.3;44.6;45.1;13;14.0;25.3;0.0;
02/03/2025 07:12:04;100;0;134.99;-4;-20.12;-4.97;980.6;10.10;75202;2838.281;-1802.480;1;134;-130;-132.3;44.6;45.1;13;13.5;25.3;0.0;
02/03/2025 07:12:24;100;0;137.00;-4;-19.96;-4.76;983.1;10.10;75189;2838.279;-1802.478;1;134;-130;-132.3;44.6;45.1;13;13.5;25.3;0.0;
02/03/2025 07:12:44;100;0;140.38;-4;-20.40;-4.96;985.7;10.10;75190;2838.278;-1802.475;1;134;-130;-132.3;44.6;44.9;13;13.5;25.3;0.0;
02/03/2025 07:13:04;100;0;141.66;-4;-20.25;-4.56;988.3;10.10;75185;2838.276;-1802.473;1;134;-130;-132.3;44.6;44.9;13;13.5;25.3;0.0;
02/03/2025 07:13:24;100;0;143.76;-4;-19.77;-4.71;991.1;10.10;75178;2838.274;-1802.471;1;134;-130;-132.3;44.6;44.9;13;13.5;25.3;0.0;
02/03/2025 07:13:44;100;0;146.50;-4;-19.23;-5.00;993.7;10.10;75180;2838.272;-1802.469;1;134;-130;-132.3;44.6;45.1;15;14.9;25.3;0.0;
02/03/2025 07:14:04;100;0;145.60;-4;-19.28;-4.06;996.3;10.10;75187;2838.270;-1802.466;1;134;-130;-132.3;44.6;45.1;15;15.3;25.3;0.0;
02/03/2025 07:14:24;100;0;144.88;-4;-21.36;-4.85;998.8;10.10;75185;2838.268;-1802.465;1;134;-130;-132.3;44.6;45.1;15;15.3;25.3;0.0;
02/03/2025 07:14:27;118;0;144.89;-4;-20.98;-4.34;999.3;10.00;75183;2838.267;-1802.464;1;134;450;-130.6;21.9;21.9;7;7.2;25.3;0.0;
02/03/2025 07:14:37;118;0;120.98;-4;-6.59;-8.56;1000.5;10.00;75161;2838.267;-1802.462;1;134;450;-3.2;21.9;21.8;7;7.2;23.9;-1.0;
02/03/2025 07:14:47;118;0;97.34;-4;22.41;-8.89;1000.8;10.00;74900;2838.267;-1802.462;1;134;450;121.0;21.9;21.9;7;7.2;23.6;-1.0;
02/03/2025 07:14:57;118;0;93.10;-4;29.97;-9.06;999.9;10.00;74650;2838.267;-1802.461;1;134;450;245.2;21.9;22.1;7;7.2;23.6;-1.0;
02/03/2025 07:15:07;118;0;93.58;-4;28.96;-8.91;998.9;10.00;74390;2838.268;-1802.460;1;134;450;367.7;21.9;22.2;7;7.2;23.7;-1.0;
02/03/2025 07:15:17;118;0;93.08;-4;28.36;-8.66;997.5;10.00;74156;2838.268;-1802.459;1;134;450;453.2;21.9;22.2;7;7.2;23.7;-1.0;
02/03/2025 07:15:27;118;0;137.87;-4;24.91;-7.96;995.5;10.10;73978;2838.267;-1802.457;1;134;450;453.2;21.9;22.2;7;7.2;25.3;-1.0;
02/03/2025 07:15:37;118;0;131.73;-4;21.86;-7.50;993.5;10.10;73985;2838.266;-1802.455;1;134;450;453.2;21.9;22.1;7;7.2;25.3;-1.0;
02/03/2025 07:15:57;117;0;121.72;-4;18.87;-7.89;990.1;10.20;73987;2838.264;-1802.451;1;134;450;453.2;21.9;22.1;7;7.2;25.3;-1.0;
02/03/2025 07:16:17;117;0;112.93;-4;19.10;-7.42;986.7;10.20;73986;2838.263;-1802.446;1;134;450;453.2;21.9;22.2;58;58.2;25.3;-1.0;
02/03/2025 07:16:37;117;0;119.97;-4;20.97;18.80;983.1;10.20;73981;2838.262;-1802.442;1;134;450;453.2;21.9;22.1;46;46.0;25.3;-1.0;
02/03/2025 07:16:57;117;0;127.65;-4;20.71;12.43;979.6;10.20;73991;2838.260;-1802.438;1;134;450;453.2;21.9;22.1;35;35.2;25.3;-1.0;
02/03/2025 07:17:17;117;0;133.30;-4;22.32;6.46;976.3;10.20;73977;2838.258;-1802.435;1;134;450;453.2;22.6;22.7;29;28.9;25.3;-1.0;
02/03/2025 07:17:37;117;0;133.36;-4;20.15;2.22;972.7;10.20;73968;2838.256;-1802.431;1;134;450;451.6;22.6;22.8;29;28.9;25.3;-1.0;
02/03/2025 07:17:57;117;0;134.99;-4;19.45;3.60;969.6;10.20;73971;2838.254;-1802.428;1;134;450;451.6;22.6;22.7;29;28.4;25.3;-1.0;
02/03/2025 07:18:17;117;0;133.19;-4;19.33;3.46;966.9;10.20;73968;2838.252;-1802.425;1;134;450;453.2;22.6;22.8;29;28.9;25.3;-1.0;
02/03/2025 07:18:37;117;0;133.83;-4;20.65;3.36;963.9;10.20;73959;2838.250;-1802.422;1;134;450;453.2;22.6;22.8;29;28.4;25.3;-1.0;
02/03/2025 07:18:57;117;0;134.48;-4;19.95;3.54;960.9;10.20;73975;2838.248;-1802.419;1;134;450;453.2;22.6;22.8;29;28.9;25.3;-1.0;
02/03/2025 07:19:17;117;0;135.90;-4;20.11;3.08;958.0;10.20;73967;2838.246;-1802.416;1;134;450;451.6;22.6;22.8;29;28.9;25.3;-1.0;
02/03/2025 07:19:37;117;0;136.44;-4;19.91;3.67;955.3;10.20;73965;2838.245;-1802.414;1;134;450;453.2;22.6;22.7;29;28.4;25.3;-1.0;
02/03/2025 07:19:57;117;0;137.52;-4;20.69;3.02;952.5;10.20;73956;2838.243;-1802.411;1;134;450;454.8;22.6;22.8;29;28.4;25.3;-1.0;
02/03/2025 07:20:17;117;0;137.25;-4;19.68;3.44;949.3;10.20;73951;2838.241;-1802.408;1;134;450;453.2;22.6;22.8;29;28.4;25.3;-1.0;
02/03/2025 07:20:37;117;0;138.53;-4;20.08;3.39;946.3;10.10;73956;2838.239;-1802.405;1;134;450;453.2;22.6;22.8;29;28.4;25.3;-1.0;
02/03/2025 07:20:57;117;0;139.13;-4;19.86;3.40;943.3;10.10;73953;2838.236;-1802.402;1;134;450;453.2;22.6;22.7;29;28.4;25.3;-1.0;
02/03/2025 07:21:17;117;0;139.44;-4;20.20;3.70;940.2;10.10;73947;2838.234;-1802.400;1;134;450;453.2;22.6;22.8;29;28.4;25.3;-1.0;
02/03/2025 07:21:37;117;0;140.69;-4;19.65;3.13;937.4;10.10;73943;2838.232;-1802.397;1;134;450;453.2;22.6;22.8;29;28.4;25.3;-1.0;
02/03/2025 07:21:57;117;0;141.65;-4;19.78;3.41;934.7;10.10;73937;2838.230;-1802.395;1;134;450;454.8;22.6;22.7;29;28.9;25.3;-1.0;
02/03/2025 07:22:17;117;0;142.78;-4;20.32;3.45;931.8;10.10;73929;2838.228;-1802.392;1;134;450;453.2;22.6;22.8;29;28.9;25.3;-1.0;
02/03/2025 07:22:37;117;0;146.57;-4;19.80;3.04;929.2;10.10;73945;2838.226;-1802.390;1;134;450;453.2;22.6;22.7;29;28.9;25.3;-1.0;
02/03/2025 07:22:57;117;0;150.57;-4;19.49;3.08;926.4;10.00;73923;2838.224;-1802.388;1;134;450;453.2;22.6;22.8;26;25.7;25.3;-1.0;
02/03/2025 07:23:17;117;0;150.56;-4;20.60;1.90;923.7;10.00;73940;2838.222;-1802.386;1;134;450;453.2;22.6;22.8;26;25.7;25.3;-1.0;
02/03/2025 07:23:37;117;0;149.00;-4;20.44;1.83;920.8;10.00;73935;2838.219;-1802.384;1;134;450;451.6;22.6;22.8;26;25.7;25.3;-1.0;
02/03/2025 07:23:57;117;0;148.82;-4;19.48;1.75;918.0;10.00;73933;2838.217;-1802.382;1;134;450;453.2;22.6;22.7;26;25.7;25.3;-1.0;
02/03/2025 07:24:17;117;0;151.88;-4;19.93;1.80;915.3;10.00;73939;2838.215;-1802.380;1;134;450;453.2;22.6;22.8;26;25.7;25.3;-1.0;
02/03/2025 07:24:37;117;0;152.12;-4;20.03;1.90;912.3;10.00;73928;2838.212;-1802.379;1;134;450;453.2;22.6;22.8;26;25.7;25.3;-1.0;
02/03/2025 07:24:57;117;0;151.74;-4;19.84;1.88;909.3;10.00;73934;2838.209;-1802.377;1;134;450;453.2;22.6;22.8;26;25.7;25.3;-1.0;
02/03/2025 07:25:17;117;0;150.32;-4;19.56;1.84;906.3;10.00;73940;2838.207;-1802.375;1;134;450;453.2;22.6;22.7;26;25.7;25.4;-1.0;
02/03/2025 07:25:37;117;0;149.92;-4;19.85;1.83;903.2;10.00;73938;2838.204;-1802.372;1;134;450;453.2;22.6;22.7;26;25.7;25.3;-1.0;
02/03/2025 07:25:57;117;0;148.74;-4;19.34;2.22;900.2;10.00;73921;2838.202;-1802.370;1;134;450;453.2;22.6;22.7;26;25.7;25.3;-1.0;
02/03/2025 07:26:17;117;0;149.11;-4;19.32;1.97;897.2;10.00;73933;2838.199;-1802.368;1;134;450;453.2;22.6;22.8;26;25.7;25.3;-1.0;
02/03/2025 07:26:37;117;0;148.35;-4;19.76;1.83;894.1;10.00;73922;2838.196;-1802.366;1;134;450;453.2;22.6;22.8;26;25.7;25.3;-1.0;
02/03/2025 07:26:57;117;0;146.83;-4;19.58;2.05;890.8;9.90;73928;2838.194;-1802.363;1;134;450;453.2;22.6;22.8;26;25.7;25.3;-1.0;
02/03/2025 07:27:17;117;0;145.99;-4;19.56;1.94;887.7;9.90;73931;2838.191;-1802.361;1;134;450;453.2;22.6;22.7;26;25.7;25.3;-1.0;
02/03/2025 07:27:37;117;0;144.74;-4;19.52;1.84;884.5;9.90;73946;2838.188;-1802.358;1;134;450;453.2;22.6;22.8;28;28.4;25.3;-1.0;
02/03/2025 07:27:57;117;0;144.55;-4;19.46;3.06;881.2;9.90;73938;2838.186;-1802.355;1;134;450;453.2;22.6;22.8;28;28.4;25.3;-1.0;
02/03/2025 07:28:17;117;0;144.17;-4;19.53;3.36;878.1;9.90;73919;2838.183;-1802.353;1;134;450;454.8;22.6;22.8;28;28.4;25.3;-1.0;
02/03/2025 07:28:37;117;0;143.33;-4;19.22;3.36;874.9;9.90;73919;2838.181;-1802.350;1;134;450;453.2;22.6;22.8;28;28.4;25.3;-1.0;
02/03/2025 07:28:57;117;0;144.39;-4;19.52;3.32;871.6;9.90;73924;2838.178;-1802.347;1;134;450;453.2;22.6;22.7;28;28.4;25.3;-1.0;
02/03/2025 07:29:17;117;0;144.31;-4;19.63;3.35;868.4;9.90;73928;2838.176;-1802.344;1;134;450;454.8;22.6;22.8;28;28.4;25.3;-1.0;
02/03/2025 07:29:37;117;0;144.83;-4;19.30;3.39;865.1;9.90;73931;2838.173;-1802.342;1;134;450;453.2;22.6;22.8;28;28.4;25.3;-1.0;
02/03/2025 07:29:57;117;0;145.00;-4;19.46;3.41;862.0;9.90;73924;2838.170;-1802.339;1;134;450;453.2;22.6;22.8;28;28.4;25.3;-1.0;
02/03/2025 07:30:17;117;0;146.01;-4;19.39;3.26;858.8;9.90;73924;2838.167;-1802.336;1;134;450;453.2;22.6;22.8;28;28.4;25.3;-1.0;
02/03/2025 07:30:37;117;0;147.05;-4;19.45;3.33;855.7;9.90;73922;2838.165;-1802.334;1;134;450;453.2;22.6;22.8;28;28.4;25.3;-1.0;
02/03/2025 07:30:57;117;0;147.88;-4;19.46;3.26;852.6;9.90;73924;2838.162;-1802.332;1;134;450;453.2;22.6;22.8;26;26.2;25.3;-1.0;
02/03/2025 07:31:17;117;0;146.31;-4;19.55;2.07;849.5;9.90;73922;2838.160;-1802.329;1;134;450;454.8;22.6;22.8;26;26.2;25.3;-1.0;
02/03/2025 07:31:37;117;0;145.08;-4;19.40;1.99;846.5;9.90;73924;2838.157;-1802.327;1;134;450;453.2;22.6;22.8;26;26.2;25.3;-1.0;
02/03/2025 07:31:57;117;0;144.02;-4;19.41;2.07;843.4;9.90;73935;2838.155;-1802.324;1;134;450;453.2;22.6;22.8;26;26.2;25.3;-1.0;
02/03/2025 07:32:17;117;0;143.14;-4;18.86;1.81;840.3;9.90;73927;2838.152;-1802.321;1;134;450;454.8;22.3;22.1;26;26.2;25.3;-1.0;
02/03/2025 07:32:37;117;0;143.93;-4;20.95;2.07;837.2;9.90;73929;2838.150;-1802.319;1;134;450;453.2;22.3;21.6;26;26.2;25.3;-1.0;
02/03/2025 07:32:57;117;0;142.52;-4;21.02;1.90;833.9;9.90;73924;2838.147;-1802.316;1;134;450;453.2;22.3;21.6;26;26.2;25.3;-1.0;
02/03/2025 07:33:17;117;0;141.93;-4;21.40;1.63;830.4;9.90;73924;2838.145;-1802.313;1;134;450;454.8;22.3;21.6;26;26.2;25.3;-1.0;
02/03/2025 07:33:37;117;0;142.45;-4;21.25;1.93;827.0;9.90;73924;2838.142;-1802.310;1;134;450;453.2;22.3;21.5;26;25.7;25.4;-1.0;
02/03/2025 07:33:57;117;0;142.37;-4;21.25;1.91;823.6;9.90;73930;2838.140;-1802.308;1;134;450;453.2;22.3;21.6;26;26.2;25.3;-1.0;
02/03/2025 07:34:17;117;0;142.37;-4;21.15;1.97;820.2;9.90;73922;2838.137;-1802.305;1;134;450;451.6;22.3;21.6;26;26.2;25.3;-1.0;
02/03/2025 07:34:37;117;0;141.78;-4;21.02;1.94;816.7;9.90;73919;2838.134;-1802.302;1;134;450;453.2;22.3;21.5;26;26.2;25.3;-1.0;
02/03/2025 07:34:57;117;0;141.13;-4;21.22;1.98;813.2;9.90;73919;2838.132;-1802.299;1;134;450;454.8;22.3;21.6;26;26.2;25.3;-1.0;
02/03/2025 07:35:17;117;0;140.99;-4;21.02;2.01;809.6;9.90;73924;2838.129;-1802.296;1;134;450;453.2;22.3;21.5;26;26.2;25.3;-1.0;
02/03/2025 07:35:37;117;0;140.88;-4;21.15;1.90;806.0;9.90;73916;2838.127;-1802.293;1;134;450;453.2;22.3;21.5;26;26.2;25.3;-1.0;
02/03/2025 07:35:57;117;0;141.37;-4;21.13;1.94;802.5;9.90;73917;2838.124;-1802.290;1;134;450;453.2;22.3;21.5;26;26.2;25.3;-1.0;
02/03/2025 07:36:17;117;0;141.94;-4;21.12;1.99;799.0;9.90;73914;2838.121;-1802.287;1;134;450;453.2;22.3;21.5;26;26.2;25.3;-1.0;
02/03/2025 07:36:37;117;0;142.23;-4;21.03;2.04;795.7;9.90;73924;2838.119;-1802.284;1;134;450;453.2;22.3;21.6;26;26.2;25.3;-1.0;
02/03/2025 07:36:57;117;0;142.79;-4;21.14;1.96;792.0;9.90;73917;2838.116;-1802.281;1;134;450;454.8;22.3;21.5;26;25.7;25.3;-1.0;
02/03/2025 07:37:17;117;0;144.15;-4;21.14;2.01;788.6;9.80;73923;2838.114;-1802.278;1;134;450;453.2;22.3;21.5;26;26.2;25.3;-1.0;
02/03/2025 07:37:37;117;0;144.74;-4;21.21;1.97;785.0;9.90;73917;2838.111;-1802.275;1;134;450;454.8;22.3;21.5;26;26.2;25.3;-1.0;
02/03/2025 07:37:57;117;0;145.63;-4;20.97;1.93;781.6;9.90;73930;2838.108;-1802.273;1;134;450;453.2;22.3;21.6;26;26.2;25.3;-1.0;
02/03/2025 07:38:17;117;0;146.63;-4;20.97;1.91;778.2;9.90;73925;2838.105;-1802.270;1;134;450;454.8;22.3;21.6;26;26.2;25.3;-1.0;
02/03/2025 07:38:37;117;0;146.22;-4;21.16;2.02;774.8;9.90;73931;2838.103;-1802.268;1;134;450;453.2;22.3;21.5;26;26.2;25.3;-1.0;
02/03/2025 07:38:57;117;0;143.11;-4;21.06;2.00;771.3;9.90;73953;2838.100;-1802.265;1;134;450;453.2;22.3;21.6;26;26.2;25.3;-1.0;
02/03/2025 07:39:17;117;0;140.50;-4;20.93;2.13;767.9;9.90;73949;2838.097;-1802.262;1;134;450;456.5;22.3;21.6;26;26.2;25.3;-1.0;
02/03/2025 07:39:37;117;0;137.60;-4;21.03;1.94;764.3;9.90;73948;2838.095;-1802.258;1;134;450;454.8;22.3;21.6;26;26.2;25.3;-1.0;
02/03/2025 07:39:57;117;0;134.79;-4;20.88;1.98;760.8;9.90;73964;2838.093;-1802.255;1;134;450;453.2;22.3;22.2;28;28.4;25.3;-1.0;
02/03/2025 07:40:17;117;0;132.91;-4;20.18;3.33;757.3;9.90;73957;2838.090;-1802.251;1;134;450;454.8;22.3;22.4;28;28.4;25.3;-1.0;
02/03/2025 07:40:37;117;0;133.54;-4;20.01;3.29;753.8;9.90;73971;2838.088;-1802.248;1;134;450;453.2;22.3;22.5;28;28.9;25.3;-1.0;
02/03/2025 07:40:57;117;0;134.61;-4;19.97;3.30;750.4;9.90;73971;2838.086;-1802.244;1;134;450;454.8;22.3;22.5;28;28.4;25.3;-1.0;
02/03/2025 07:41:18;117;0;135.37;-4;19.94;3.32;747.0;9.90;73986;2838.084;-1802.241;1;134;450;453.2;22.3;22.4;28;28.4;25.3;-1.0;
02/03/2025 07:41:38;117;0;134.88;-4;19.91;3.31;743.5;9.90;73980;2838.081;-1802.237;1;134;450;453.2;22.3;22.4;28;28.4;25.3;-1.0;
02/03/2025 07:41:58;117;0;133.40;-4;19.83;3.37;740.1;9.90;73986;2838.079;-1802.234;1;134;450;453.2;22.3;22.5;28;28.4;25.3;-1.0;
02/03/2025 07:42:18;117;0;134.25;-4;19.87;3.23;736.7;9.90;73988;2838.077;-1802.230;1;134;450;456.5;22.3;22.4;28;28.4;25.3;-1.0;
02/03/2025 07:42:38;117;0;135.96;-4;19.99;3.28;733.3;9.90;73996;2838.074;-1802.227;1;134;450;454.8;22.3;22.5;28;28.4;25.3;-1.0;
02/03/2025 07:42:58;117;0;137.73;-4;19.99;3.23;729.9;10.00;73995;2838.072;-1802.224;1;134;450;453.2;22.3;22.5;28;28.4;25.4;-1.0;
02/03/2025 07:43:18;117;0;139.40;-4;19.90;3.30;726.6;10.00;74003;2838.070;-1802.221;1;134;450;454.8;22.3;22.4;28;28.4;25.3;-1.0;
02/03/2025 07:43:38;117;0;141.82;-4;19.90;3.24;723.2;10.00;74014;2838.067;-1802.218;1;134;450;454.8;22.3;22.5;28;28.4;25.3;-1.0;
02/03/2025 07:43:58;117;0;141.47;-4;19.98;3.26;720.1;10.00;74014;2838.065;-1802.215;1;134;450;456.5;22.3;22.4;28;28.4;25.3;-1.0;
02/03/2025 07:44:18;117;0;142.78;-4;19.96;3.26;716.7;10.00;74019;2838.062;-1802.212;1;134;450;454.8;22.3;22.5;28;28.4;25.3;-1.0;
02/03/2025 07:44:38;117;0;143.72;-4;19.93;3.33;713.5;10.00;74023;2838.059;-1802.210;1;134;450;454.8;22.3;22.4;28;28.4;25.3;-1.0;
02/03/2025 07:44:58;117;0;142.83;-4;19.98;3.29;710.3;10.00;74023;2838.057;-1802.207;1;134;450;451.6;22.3;22.5;28;28.4;25.3;-1.0;
02/03/2025 07:45:18;117;0;142.40;-4;19.89;3.28;707.0;10.00;74028;2838.054;-1802.204;1;134;450;454.8;22.3;22.4;28;28.4;25.3;-1.0;
02/03/2025 07:45:38;117;0;142.69;-4;19.91;3.32;704.0;10.10;74029;2838.052;-1802.201;1;134;450;453.2;22.3;22.4;28;28.4;25.3;-1.0;
02/03/2025 07:45:58;117;0;143.14;-4;19.76;3.35;700.7;10.10;74035;2838.050;-1802.199;1;134;450;453.2;22.3;22.4;28;28.4;25.3;-1.0;
02/03/2025 07:46:18;117;0;145.38;-4;19.87;3.23;697.5;10.10;74039;2838.047;-1802.196;1;134;450;454.8;22.3;22.4;28;28.4;25.3;-1.0;
02/03/2025 07:46:38;117;0;146.67;-4;19.90;3.33;694.3;10.10;74037;2838.044;-1802.194;1;134;450;454.8;22.3;22.5;28;28.4;25.3;-1.0;
02/03/2025 07:46:58;117;0;147.50;-4;19.98;3.28;691.3;10.10;74044;2838.042;-1802.191;1;134;450;454.8;22.3;22.4;28;28.4;25.3;-1.0;
02/03/2025 07:47:18;117;0;147.55;-4;19.82;3.30;688.1;10.10;74046;2838.039;-1802.189;1;134;450;453.2;22.3;22.4;26;26.2;25.3;-1.0;
02/03/2025 07:47:38;117;0;145.99;-4;19.77;1.98;684.9;10.10;74048;2838.037;-1802.186;1;134;450;454.8;22.3;22.4;26;25.7;25.3;-1.0;
02/03/2025 07:47:58;117;0;144.85;-4;19.69;1.96;681.8;10.20;74054;2838.034;-1802.184;1;134;450;454.8;22.3;22.5;26;26.2;25.4;-1.0;
02/03/2025 07:48:18;117;0;143.00;-4;19.60;1.94;678.7;10.20;74059;2838.032;-1802.181;1;134;450;453.2;22.3;22.4;26;26.2;25.3;-1.0;
02/03/2025 07:48:38;117;0;142.10;-4;19.57;1.98;675.3;10.20;74072;2838.029;-1802.178;1;134;450;454.8;22.3;22.4;26;26.2;25.3;-1.0;
02/03/2025 07:48:58;117;0;140.60;-4;19.64;1.97;672.1;10.20;74074;2838.027;-1802.175;1;134;450;454.8;22.3;22.4;26;26.2;25.3;-1.0;
02/03/2025 07:49:18;117;0;139.18;-4;19.56;2.02;668.8;10.20;74073;2838.024;-1802.172;1;134;450;454.8;22.3;22.4;26;26.2;25.3;-1.0;
02/03/2025 07:49:38;117;0;137.63;-4;19.55;2.07;665.5;10.20;74077;2838.022;-1802.169;1;134;450;453.2;22.3;22.4;28;28.0;25.3;-1.0;
02/03/2025 07:49:58;117;0;138.59;-4;19.68;3.30;662.2;10.20;74091;2838.020;-1802.166;1;134;450;454.8;22.3;22.5;28;28.4;25.3;-1.0;
02/03/2025 07:50:18;117;0;139.43;-4;19.82;3.32;659.1;10.30;74092;2838.017;-1802.163;1;134;450;453.2;22.3;22.5;28;28.4;25.3;-1.0;
02/03/2025 07:50:38;117;0;141.53;-4;19.73;3.32;655.7;10.30;74087;2838.015;-1802.160;1;134;450;454.8;22.3;22.5;28;28.4;25.3;-1.0;
02/03/2025 07:50:58;117;0;142.89;-4;19.73;3.35;652.5;10.30;74094;2838.012;-1802.158;1;134;450;454.8;22.3;22.4;28;28.4;25.3;-1.0;
02/03/2025 07:51:18;117;0;143.98;-4;19.73;3.29;649.2;10.30;74093;2838.010;-1802.155;1;134;450;454.8;22.3;22.5;28;28.4;25.3;-1.0;
02/03/2025 07:51:38;117;0;145.19;-4;19.86;3.38;645.9;10.30;74101;2838.007;-1802.152;1;134;450;454.8;22.3;22.5;28;28.4;25.3;-1.0;
02/03/2025 07:51:58;117;0;146.85;-4;19.92;3.33;642.8;10.30;74105;2838.004;-1802.150;1;134;450;456.5;22.3;22.5;28;28.4;25.3;-1.0;
02/03/2025 07:52:18;117;0;148.56;-4;19.94;3.31;639.5;10.30;74105;2838.002;-1802.147;1;134;450;454.8;22.3;22.5;26;26.2;25.3;-1.0;
02/03/2025 07:52:38;117;0;149.09;-4;19.65;1.96;636.3;10.40;74106;2837.999;-1802.145;1;134;450;454.8;22.3;22.5;26;26.2;25.3;-1.0;
02/03/2025 07:52:58;117;0;146.66;-4;19.53;1.94;633.1;10.40;74109;2837.996;-1802.143;1;134;450;453.2;22.3;22.4;26;25.7;25.3;-1.0;
02/03/2025 07:53:18;117;0;145.44;-4;19.32;1.99;630.0;10.40;74126;2837.994;-1802.140;1;134;450;454.8;22.3;22.4;26;25.7;25.3;-1.0;
02/03/2025 07:53:38;117;0;144.64;-4;19.34;1.97;627.0;10.40;74115;2837.991;-1802.138;1;134;450;454.8;22.3;22.4;26;25.7;25.3;-1.0;
02/03/2025 07:53:58;117;0;144.67;-4;19.36;1.95;624.0;10.40;74121;2837.989;-1802.135;1;134;450;454.8;22.3;22.5;26;25.7;25.3;-1.0;
02/03/2025 07:54:18;117;0;144.33;-4;19.81;1.96;621.1;10.50;74135;2837.987;-1802.133;1;134;450;454.8;22.3;22.5;26;26.2;25.3;-1.0;
02/03/2025 07:54:38;117;0;143.25;-4;19.11;1.76;617.9;10.50;74134;2837.984;-1802.130;1;134;450;454.8;22.3;22.4;26;25.7;25.3;-1.0;
02/03/2025 07:54:58;117;0;140.95;-4;19.05;2.03;615.0;10.50;74138;2837.982;-1802.127;1;134;450;454.8;22.3;22.5;26;25.7;25.3;-1.0;
02/03/2025 07:55:18;117;0;139.17;-4;19.28;1.92;612.0;10.50;74135;2837.980;-1802.124;1;134;450;454.8;22.3;22.4;26;25.7;25.3;-1.0;
02/03/2025 07:55:38;117;0;137.12;-4;19.46;1.98;609.0;10.50;74147;2837.977;-1802.121;1;134;450;454.8;22.3;22.4;26;25.7;25.3;-1.0;
02/03/2025 07:55:58;117;0;135.86;-4;19.42;1.92;606.0;10.50;74144;2837.975;-1802.118;1;134;450;454.8;22.3;22.4;28;28.0;25.3;-1.0;
02/03/2025 07:56:18;117;0;136.02;-4;19.52;3.34;602.8;10.60;74149;2837.973;-1802.115;1;134;450;454.8;22.3;22.4;28;28.4;25.3;-1.0;
02/03/2025 07:56:38;117;0;136.03;-4;19.64;3.30;599.7;10.60;74155;2837.971;-1802.112;1;134;450;453.2;22.3;22.5;28;28.4;25.3;-1.0;
02/03/2025 07:56:58;117;0;135.70;-4;19.60;3.38;596.5;10.60;74155;2837.969;-1802.109;1;134;450;454.8;22.3;22.4;28;28.4;25.3;-1.0;
02/03/2025 07:57:18;117;0;136.17;-4;19.62;3.22;593.3;10.60;74146;2837.967;-1802.106;1;134;450;454.8;22.3;22.5;28;28.4;25.3;-1.0;
02/03/2025 07:57:38;117;0;135.67;-4;19.79;3.36;590.0;10.60;74156;2837.965;-1802.102;1;134;450;454.8;22.3;22.4;28;28.4;25.3;-1.0;
02/03/2025 07:57:58;117;0;135.94;-4;19.81;3.31;586.8;10.70;74169;2837.962;-1802.099;1;134;450;454.8;22.3;22.5;28;28.4;25.3;-1.0;
02/03/2025 07:58:18;117;0;135.55;-4;19.69;3.32;583.4;10.70;74164;2837.960;-1802.096;1;134;450;454.8;22.3;22.5;28;28.4;25.3;-1.0;
02/03/2025 07:58:38;117;0;134.06;-4;19.65;3.37;579.9;10.70;74164;2837.958;-1802.092;1;134;450;456.5;22.3;22.4;28;28.4;25.3;-1.0;
02/03/2025 07:58:58;117;0;133.73;-4;19.72;3.31;576.7;10.70;74180;2837.956;-1802.089;1;134;450;454.8;22.3;22.7;28;28.4;25.3;-1.0;
02/03/2025 07:59:18;117;0;133.93;-4;19.74;3.35;573.1;10.70;74176;2837.953;-1802.085;1;134;450;454.8;22.3;22.4;28;28.4;25.3;-1.0;
02/03/2025 07:59:38;117;0;135.56;-4;19.91;3.26;569.6;10.70;74178;2837.951;-1802.082;1;134;450;454.8;22.3;22.4;28;28.4;25.3;-1.0;
02/03/2025 07:59:58;117;0;136.92;-4;19.88;3.33;565.8;10.70;74175;2837.948;-1802.078;1;134;450;454.8;22.3;22.5;28;28.4;25.3;-1.0;
02/03/2025 08:00:18;117;0;138.06;-4;19.83;3.36;562.2;10.80;74183;2837.946;-1802.075;1;134;450;454.8;22.3;22.4;28;28.4;25.3;-1.0;
02/03/2025 08:00:38;117;0;139.44;-4;19.63;3.32;558.8;10.80;74192;2837.943;-1802.072;1;134;450;454.8;22.3;22.4;28;28.4;25.3;-1.0;
02/03/2025 08:00:58;117;0;140.24;-4;19.62;3.35;555.0;10.80;74181;2837.940;-1802.068;1;134;450;454.8;22.3;22.5;28;28.4;25.3;-1.0;
02/03/2025 08:01:18;117;0;140.16;-4;19.63;3.32;551.5;10.80;74194;2837.937;-1802.065;1;134;450;454.8;22.3;22.4;28;28.4;25.3;-1.0;
02/03/2025 08:01:38;117;0;141.08;-4;19.67;3.26;547.8;10.80;74196;2837.935;-1802.062;1;134;450;454.8;22.3;22.5;28;28.4;25.3;-1.0;
02/03/2025 08:01:58;117;0;143.25;-4;19.58;3.20;544.3;10.80;74190;2837.932;-1802.059;1;134;450;454.8;22.3;22.4;28;28.4;25.4;-1.0;
02/03/2025 08:02:18;117;0;144.47;-4;19.61;3.31;540.6;10.90;74205;2837.929;-1802.056;1;134;450;454.8;22.3;22.5;28;28.4;25.3;-1.0;
02/03/2025 08:02:38;117;0;145.66;-4;19.62;3.35;537.3;10.90;74210;2837.926;-1802.053;1;134;450;453.2;22.3;22.4;28;28.4;25.3;-1.0;
02/03/2025 08:02:58;117;0;146.34;-4;19.33;3.29;533.7;10.90;74215;2837.923;-1802.050;1;134;450;454.8;22.3;22.5;28;28.4;25.3;-1.0;
02/03/2025 08:03:18;117;0;149.78;-4;19.47;3.23;530.4;10.90;74215;2837.920;-1802.048;1;134;450;454.8;22.3;22.5;25;24.8;25.3;-1.0;
02/03/2025 08:03:38;117;0;149.61;-4;19.30;1.16;526.8;10.90;74223;2837.916;-1802.045;1;134;450;454.8;22.3;22.4;25;24.8;25.3;-1.0;
02/03/2025 08:03:58;117;0;149.94;-4;18.67;1.21;523.3;10.90;74221;2837.913;-1802.042;1;134;450;454.8;21.9;21.9;25;24.4;25.3;-1.0;
02/03/2025 08:04:18;117;0;150.70;-4;19.39;0.99;519.8;11.00;74225;2837.910;-1802.040;1;134;450;453.2;21.9;21.6;25;24.8;25.3;-1.0;
02/03/2025 08:04:38;117;0;149.88;-4;19.65;1.22;516.4;11.00;74227;2837.907;-1802.038;1;134;450;454.8;21.9;21.6;25;24.4;25.3;-1.0;
02/03/2025 08:04:58;117;0;149.27;-4;19.79;1.14;513.1;11.00;74233;2837.904;-1802.035;1;134;450;454.8;21.9;21.6;25;24.4;25.3;-1.0;
02/03/2025 08:05:18;117;0;148.10;-4;19.58;1.06;509.6;11.00;74244;2837.901;-1802.033;1;134;450;454.8;21.9;21.6;25;24.8;25.3;-1.0;
02/03/2025 08:05:38;117;0;147.01;-4;19.74;1.17;506.4;11.00;74241;2837.898;-1802.030;1;134;450;454.8;21.9;21.8;25;24.4;25.3;-1.0;
02/03/2025 08:05:58;117;0;146.32;-4;19.88;1.16;503.2;11.00;74237;2837.896;-1802.028;1;134;450;453.2;21.9;21.6;27;27.5;25.4;-1.0;
02/03/2025 08:06:18;117;0;146.84;-4;20.15;2.97;500.1;11.10;74241;2837.893;-1802.025;1;134;450;456.5;21.9;21.6;27;28.0;25.3;-1.0;
02/03/2025 08:06:38;117;0;147.05;-4;20.30;3.00;496.6;11.10;74241;2837.890;-1802.023;1;134;450;454.8;21.9;21.6;27;28.0;25.3;-1.0;
02/03/2025 08:06:58;117;0;147.14;-4;20.23;2.97;493.4;11.10;74251;2837.888;-1802.020;1;134;450;454.8;21.9;21.6;27;28.0;25.3;-1.0;
02/03/2025 08:07:18;117;0;147.01;-4;20.34;3.01;490.2;11.10;74244;2837.885;-1802.018;1;134;450;453.2;21.9;21.6;27;28.0;25.3;-1.0;
02/03/2025 08:07:38;117;0;147.08;-4;20.16;3.00;486.9;11.10;74239;2837.882;-1802.015;1;134;450;454.8;21.9;21.6;27;28.0;25.3;-1.0;
02/03/2025 08:07:58;117;0;146.86;-4;20.29;3.24;483.8;11.20;74253;2837.880;-1802.013;1;134;450;454.8;21.9;21.6;27;28.0;25.3;-1.0;
02/03/2025 08:08:18;117;0;149.46;-4;20.30;2.85;480.4;11.20;74253;2837.877;-1802.010;1;134;450;454.8;21.9;21.6;25;24.4;25.3;-1.0;
02/03/2025 08:08:38;117;0;147.63;-4;20.15;1.11;477.2;11.20;74263;2837.874;-1802.008;1;134;450;454.8;21.9;21.6;25;24.4;25.3;-1.0;
02/03/2025 08:08:58;117;0;146.16;-4;19.97;1.36;474.0;11.20;74250;2837.872;-1802.005;1;134;450;454.8;21.9;21.6;25;24.4;25.3;-1.0;
02/03/2025 08:09:18;117;0;145.01;-4;20.37;1.39;470.9;11.20;74257;2837.869;-1802.003;1;134;450;454.8;21.9;21.6;27;27.1;25.3;-1.0;
02/03/2025 08:09:38;117;0;145.72;-4;19.79;2.52;467.6;11.20;74255;2837.866;-1802.000;1;134;450;454.8;21.9;21.6;27;27.5;25.3;-1.0;
02/03/2025 08:09:58;117;0;146.60;-4;20.20;2.66;464.7;11.30;74262;2837.864;-1801.998;1;134;450;456.5;21.9;21.6;27;27.5;25.3;-1.0;
02/03/2025 08:10:18;117;0;145.07;-4;20.26;2.75;461.6;11.30;74259;2837.862;-1801.996;1;134;450;454.8;21.9;21.6;27;27.5;25.3;-1.0;
02/03/2025 08:10:38;117;0;144.46;-4;20.40;2.80;458.5;11.30;74264;2837.859;-1801.993;1;134;450;454.8;21.9;21.6;27;27.5;25.3;-1.0;
02/03/2025 08:10:58;117;0;144.28;-4;20.30;2.64;455.4;11.30;74264;2837.857;-1801.991;1;134;450;456.5;21.9;21.6;27;27.5;25.3;-1.0;
02/03/2025 08:11:18;117;0;144.51;-4;20.13;2.58;452.2;11.30;74275;2837.854;-1801.988;1;134;450;454.8;21.9;21.5;27;27.5;25.3;-1.0;
02/03/2025 08:11:38;117;0;144.08;-4;20.56;2.88;449.1;11.30;74258;2837.852;-1801.985;1;134;450;456.5;21.9;21.6;27;27.5;25.3;-1.0;
02/03/2025 08:11:58;117;0;140.08;-4;20.20;2.72;445.8;11.40;74285;2837.849;-1801.982;1;134;450;454.8;21.9;21.5;27;27.1;25.3;-1.0;
02/03/2025 08:12:18;117;0;140.66;-4;20.04;2.64;442.7;11.30;74276;2837.847;-1801.980;1;134;450;454.8;21.9;21.6;27;27.1;25.3;-1.0;
02/03/2025 08:12:38;117;0;140.58;-4;20.09;2.69;439.5;11.40;74292;2837.845;-1801.977;1;134;450;456.5;21.9;21.6;27;27.5;25.3;-1.0;
02/03/2025 08:12:58;117;0;138.37;-4;20.00;2.79;436.5;11.40;74294;2837.843;-1801.974;1;134;450;456.5;21.9;21.6;27;27.5;25.3;-1.0;
02/03/2025 08:13:18;117;0;137.01;-4;20.02;2.76;433.4;11.40;74303;2837.841;-1801.971;1;134;450;456.5;21.9;21.6;27;27.5;25.3;-1.0;
02/03/2025 08:13:38;117;0;136.40;-4;20.09;2.70;430.4;11.40;74310;2837.839;-1801.968;1;134;450;454.8;21.9;21.6;27;27.5;25.3;-1.0;
02/03/2025 08:13:58;117;0;134.15;-4;20.13;2.69;427.3;11.40;74305;2837.837;-1801.965;1;134;450;454.8;21.9;21.6;27;27.5;25.3;-1.0;
02/03/2025 08:14:18;117;0;133.72;-4;20.01;2.69;424.2;11.50;74327;2837.835;-1801.962;1;134;450;454.8;21.9;21.5;29;28.9;25.3;-1.0;
02/03/2025 08:14:38;117;0;133.30;-4;20.04;3.58;421.1;11.50;74332;2837.833;-1801.959;1;134;450;456.5;21.9;21.6;29;28.9;25.3;-1.0;
02/03/2025 08:14:58;117;0;132.93;-4;20.07;3.60;418.2;11.50;74339;2837.831;-1801.956;1;134;450;454.8;21.9;21.5;29;29.3;25.3;-1.0;
02/03/2025 08:15:18;117;0;135.25;-4;20.21;3.54;415.0;11.50;74352;2837.829;-1801.952;1;134;450;454.8;21.9;21.6;29;29.3;25.3;-1.0;
02/03/2025 08:15:38;117;0;136.66;-4;20.11;3.59;411.9;11.60;74348;2837.827;-1801.949;1;134;450;453.2;21.9;21.6;27;27.1;25.3;-1.0;
02/03/2025 08:15:58;117;0;135.79;-4;20.08;2.55;408.8;11.60;74355;2837.825;-1801.946;1;134;450;456.5;21.9;21.5;27;27.1;25.3;-1.0;
02/03/2025 08:16:18;117;0;135.50;-4;20.00;2.44;405.7;11.60;74363;2837.823;-1801.943;1;134;450;454.8;21.9;21.5;27;27.1;25.3;-1.0;
02/03/2025 08:16:39;117;0;135.89;-4;20.05;2.46;402.7;11.60;74370;2837.821;-1801.940;1;134;450;454.8;21.9;21.5;27;27.1;25.3;-1.0;
02/03/2025 08:16:59;117;0;136.12;-4;19.90;2.44;399.6;11.70;74371;2837.819;-1801.937;1;134;450;454.8;21.9;21.6;27;27.1;25.3;-1.0;
02/03/2025 08:17:19;117;0;135.80;-4;19.99;2.47;396.7;11.70;74370;2837.817;-1801.934;1;134;450;453.2;21.9;21.6;27;26.6;25.3;-1.0;
02/03/2025 08:17:39;117;0;135.49;-4;19.99;2.46;393.8;11.70;74380;2837.815;-1801.931;1;134;450;454.8;21.9;21.6;27;27.1;25.3;-1.0;
02/03/2025 08:17:59;117;0;135.42;-4;19.82;2.44;390.7;11.70;74392;2837.813;-1801.928;1;134;450;454.8;21.9;21.5;27;27.1;25.3;-1.0;
02/03/2025 08:18:19;117;0;136.59;-4;20.06;2.45;387.7;11.70;74397;2837.811;-1801.925;1;134;450;454.8;21.9;21.5;27;27.1;25.3;-1.0;
02/03/2025 08:18:39;117;0;137.65;-4;20.01;2.49;384.7;11.80;74401;2837.809;-1801.923;1;134;450;454.8;21.9;21.6;27;27.1;25.3;-1.0;
02/03/2025 08:18:59;117;0;138.56;-4;19.87;2.48;381.9;11.80;74408;2837.807;-1801.920;1;134;450;454.8;21.9;21.6;27;27.1;25.3;-1.0;
02/03/2025 08:19:19;117;0;138.86;-4;20.41;2.40;379.0;11.80;74411;2837.805;-1801.917;1;134;450;454.8;21.9;21.5;27;27.1;25.3;-1.0;
02/03/2025 08:19:39;117;0;137.87;-4;19.71;2.60;375.9;11.80;74406;2837.803;-1801.914;1;134;450;454.8;21.9;21.5;27;27.1;25.3;-1.0;
02/03/2025 08:19:59;117;0;137.02;-4;19.96;2.41;373.1;11.80;74422;2837.801;-1801.912;1;134;450;456.5;21.9;21.6;27;26.6;25.3;-1.0;
02/03/2025 08:20:19;117;0;137.06;-4;19.87;2.39;370.0;11.90;74421;2837.799;-1801.909;1;134;450;456.5;21.9;21.6;27;27.1;25.3;-1.0;
02/03/2025 08:20:39;117;0;137.18;-4;20.02;2.43;367.1;11.90;74425;2837.797;-1801.906;1;134;450;454.8;21.9;21.6;27;27.1;25.3;-1.0;
02/03/2025 08:20:59;117;0;136.82;-4;19.98;2.44;364.0;11.90;74427;2837.795;-1801.903;1;134;450;456.5;21.9;21.5;27;27.1;25.3;-1.0;
02/03/2025 08:21:19;117;0;136.87;-4;19.97;2.44;361.2;11.90;74434;2837.793;-1801.900;1;134;450;456.5;21.9;21.5;27;27.1;25.3;-1.0;
02/03/2025 08:21:39;117;0;136.89;-4;20.05;2.46;358.2;11.90;74431;2837.791;-1801.897;1;134;450;454.8;21.9;21.5;27;27.1;25.3;-1.0;
02/03/2025 08:21:59;117;0;136.14;-4;19.98;2.50;355.3;12.00;74446;2837.789;-1801.894;1;134;450;454.8;21.9;21.6;27;27.1;25.3;-1.0;
02/03/2025 08:22:19;117;0;136.46;-4;20.00;2.36;352.2;12.00;74436;2837.787;-1801.891;1;134;450;454.8;21.9;21.6;27;26.6;25.3;-1.0;
02/03/2025 08:22:39;117;0;136.95;-4;20.04;2.39;349.2;12.00;74447;2837.785;-1801.889;1;134;450;454.8;21.9;21.5;27;27.1;25.3;-1.0;
02/03/2025 08:22:59;117;0;137.30;-4;19.92;2.40;346.2;12.10;74459;2837.783;-1801.886;1;134;450;456.5;21.9;21.6;27;27.1;25.3;-1.0;
02/03/2025 08:23:19;117;0;138.46;-4;20.00;2.40;343.2;12.10;74455;2837.781;-1801.883;1;134;450;454.8;21.9;21.6;27;27.1;25.3;-1.0;
02/03/2025 08:23:39;117;0;139.23;-4;19.94;2.46;340.2;12.10;74468;2837.779;-1801.880;1;134;450;456.5;21.9;21.6;27;27.1;25.3;-1.0;
02/03/2025 08:23:59;117;0;138.53;-4;20.30;2.55;337.1;12.10;74478;2837.777;-1801.877;1;134;450;454.8;21.9;21.6;27;27.1;25.3;-1.0;
02/03/2025 08:24:19;117;0;137.86;-4;19.89;2.48;334.0;12.10;74474;2837.774;-1801.874;1;134;450;454.8;21.9;21.6;27;26.6;25.3;-1.0;
02/03/2025 08:24:39;117;0;138.19;-4;19.70;2.35;330.7;12.20;74485;2837.772;-1801.871;1;134;450;456.5;21.9;21.6;27;27.1;25.3;-1.0;
02/03/2025 08:24:59;117;0;138.67;-4;19.73;2.51;327.7;12.20;74492;2837.770;-1801.868;1;134;450;454.8;21.9;21.6;27;27.1;25.3;-1.0;
02/03/2025 08:25:19;117;0;139.17;-4;19.80;2.47;324.6;12.20;74502;2837.768;-1801.865;1;134;450;456.5;21.9;21.6;27;27.1;25.3;-1.0;
02/03/2025 08:25:39;117;0;138.52;-4;19.81;2.49;321.6;12.20;74506;2837.766;-1801.863;1;134;450;456.5;21.9;21.6;27;27.1;25.3;-1.0;
02/03/2025 08:25:59;117;0;137.54;-4;19.69;2.38;318.6;12.30;74510;2837.764;-1801.860;1;134;450;454.8;21.9;21.6;27;27.1;25.3;-1.0;
02/03/2025 08:26:19;117;0;137.79;-4;19.56;2.51;315.5;12.30;74520;2837.761;-1801.857;1;134;450;454.8;21.9;21.5;27;27.1;25.3;-1.0;
02/03/2025 08:26:39;117;0;137.64;-4;19.62;2.41;312.5;12.30;74526;2837.759;-1801.854;1;134;450;454.8;21.9;21.5;27;27.1;25.3;-1.0;
02/03/2025 08:26:59;117;0;137.13;-4;19.66;2.43;309.4;12.30;74538;2837.757;-1801.851;1;134;450;454.8;21.9;21.6;27;27.1;25.3;-1.0;
02/03/2025 08:27:19;117;0;136.25;-4;19.59;2.48;306.7;12.40;74545;2837.756;-1801.848;1;134;450;454.8;21.9;21.5;27;27.1;25.3;-1.0;
02/03/2025 08:27:39;117;0;135.25;-4;19.64;2.48;303.6;12.40;74558;2837.754;-1801.845;1;134;450;454.8;21.9;21.6;29;28.9;25.3;-1.0;
02/03/2025 08:27:59;117;0;134.89;-4;19.72;3.67;300.9;12.40;74562;2837.752;-1801.843;1;134;450;454.8;21.9;21.5;29;29.3;25.3;-1.0;
02/03/2025 08:28:19;117;0;135.85;-4;19.75;3.64;297.9;12.40;74574;2837.750;-1801.840;1;134;450;453.2;21.9;21.6;29;29.3;25.3;-1.0;
02/03/2025 08:28:39;117;0;137.05;-4;19.65;3.67;295.0;12.50;74576;2837.748;-1801.837;1;134;450;456.5;21.9;21.6;29;29.3;25.3;-1.0;
02/03/2025 08:28:59;117;0;137.92;-4;19.92;3.64;292.1;12.50;74584;2837.746;-1801.834;1;134;450;456.5;21.9;21.6;29;29.3;25.3;-1.0;
02/03/2025 08:29:19;117;0;137.87;-4;19.76;3.59;289.2;12.50;74597;2837.744;-1801.831;1;134;450;454.8;21.9;21.6;29;29.3;25.3;-1.0;
02/03/2025 08:29:39;117;0;138.89;-4;19.66;3.64;286.3;12.60;74609;2837.742;-1801.829;1;134;450;456.5;21.9;21.5;29;29.3;25.3;-1.0;
02/03/2025 08:29:59;117;0;140.50;-4;19.81;3.60;283.5;12.60;74612;2837.740;-1801.826;1;134;450;454.8;21.9;21.5;29;29.3;25.3;-1.0;
02/03/2025 08:30:19;117;0;141.71;-4;19.94;3.64;280.8;12.60;74621;2837.738;-1801.824;1;134;450;454.8;21.9;21.6;29;29.3;25.3;-1.0;
02/03/2025 08:30:39;117;0;143.15;-4;19.81;3.68;277.9;12.70;74622;2837.736;-1801.821;1;134;450;454.8;21.9;21.5;29;29.3;25.3;-1.0;
02/03/2025 08:30:59;117;0;143.02;-4;19.74;3.75;275.2;12.70;74626;2837.734;-1801.819;1;134;450;454.8;21.9;21.6;29;29.3;25.3;-1.0;
02/03/2025 08:31:19;117;0;143.88;-4;19.51;3.49;272.3;12.70;74635;2837.732;-1801.817;1;134;450;456.5;21.9;21.6;29;29.3;25.3;-1.0;
02/03/2025 08:31:39;117;0;144.85;-4;19.67;3.70;269.6;12.70;74643;2837.730;-1801.814;1;134;450;454.8;21.9;21.6;29;29.3;25.3;-1.0;
02/03/2025 08:31:59;117;0;146.08;-4;19.41;3.76;266.9;12.80;74657;2837.728;-1801.812;1;134;450;454.8;21.9;21.5;29;29.3;25.3;-1.0;
02/03/2025 08:32:19;117;0;148.70;-4;19.61;3.69;264.4;12.80;74667;2837.726;-1801.811;1;134;450;456.5;21.9;21.6;29;29.3;25.3;-1.0;
02/03/2025 08:32:39;117;0;150.35;-4;19.83;3.56;261.8;12.80;74674;2837.723;-1801.809;1;134;450;456.5;21.9;21.6;26;26.2;25.3;-1.0;
02/03/2025 08:32:59;117;0;149.77;-4;19.65;2.00;259.3;12.90;74676;2837.722;-1801.807;1;134;450;454.8;21.9;21.5;26;26.2;25.3;-1.0;
02/03/2025 08:33:19;117;0;148.81;-4;19.24;1.95;256.9;12.90;74692;2837.720;-1801.805;1;134;450;454.8;21.9;21.5;26;26.2;25.3;-1.0;
02/03/2025 08:33:39;117;0;148.02;-4;19.47;1.96;254.6;12.90;74684;2837.718;-1801.803;1;134;450;456.5;21.9;21.5;28;28.0;25.3;-1.0;
02/03/2025 08:33:59;117;0;148.75;-4;19.74;3.22;252.1;13.00;74700;2837.716;-1801.802;1;134;450;456.5;21.9;21.6;28;28.4;25.3;-1.0;
02/03/2025 08:34:19;117;0;148.85;-4;19.68;3.15;249.8;13.00;74701;2837.714;-1801.800;1;134;450;456.5;21.9;21.5;28;28.4;25.3;-1.0;
02/03/2025 08:34:39;117;0;149.65;-4;19.76;3.18;247.4;13.00;74715;2837.712;-1801.798;1;134;450;456.5;21.9;21.6;28;28.4;25.3;-1.0;
02/03/2025 08:34:59;117;0;149.83;-4;19.67;3.19;244.9;13.00;74722;2837.710;-1801.797;1;134;450;456.5;21.9;21.5;28;28.4;25.3;-1.0;
02/03/2025 08:35:19;117;0;150.87;-4;19.76;3.23;242.5;13.10;74724;2837.708;-1801.795;1;134;450;456.5;21.9;21.5;28;28.4;25.3;-1.0;
02/03/2025 08:35:39;117;0;151.80;-4;19.80;3.18;240.2;13.10;74730;2837.707;-1801.794;1;134;450;456.5;21.9;21.5;26;26.2;25.3;-1.0;
02/03/2025 08:35:59;117;0;151.42;-4;19.76;1.90;237.7;13.10;74737;2837.705;-1801.792;1;134;450;456.5;21.9;21.5;26;26.2;25.3;-1.0;
02/03/2025 08:36:19;117;0;150.93;-4;19.74;1.97;235.1;13.20;74761;2837.703;-1801.790;1;134;450;456.5;21.9;21.6;26;26.2;25.3;-1.0;
02/03/2025 08:36:39;117;0;150.86;-4;19.79;1.90;232.6;13.20;74770;2837.700;-1801.788;1;134;450;454.8;21.9;21.6;26;26.2;25.3;-1.0;
02/03/2025 08:36:59;117;0;150.26;-4;19.65;1.98;229.9;13.20;74766;2837.698;-1801.787;1;134;450;456.5;21.9;21.6;26;26.2;25.3;-1.0;
02/03/2025 08:37:19;117;0;149.58;-4;19.62;1.97;227.1;13.30;74777;2837.696;-1801.785;1;134;450;456.5;21.9;21.6;26;26.2;25.3;-1.0;
02/03/2025 08:37:39;117;0;149.30;-4;19.63;1.96;224.5;13.30;74788;2837.694;-1801.783;1;134;450;453.2;21.9;21.5;26;26.2;25.3;-1.0;
02/03/2025 08:37:59;117;0;147.63;-4;19.46;2.06;221.9;13.30;74793;2837.692;-1801.781;1;134;450;456.5;21.9;21.6;26;26.2;25.3;-1.0;
02/03/2025 08:38:19;117;0;146.18;-4;19.39;2.05;219.2;13.40;74813;2837.690;-1801.779;1;134;450;456.5;21.9;21.6;26;26.2;25.3;-1.0;
02/03/2025 08:38:39;117;0;144.66;-4;19.59;1.99;216.3;13.40;74822;2837.687;-1801.776;1;134;450;456.5;21.9;21.6;26;26.2;25.3;-1.0;
02/03/2025 08:38:59;117;0;142.03;-4;19.37;2.04;213.7;13.40;74814;2837.685;-1801.774;1;134;450;456.5;21.9;21.6;26;26.2;25.3;-1.0;
02/03/2025 08:39:19;117;0;140.01;-4;19.39;2.09;210.8;13.50;74836;2837.683;-1801.771;1;134;450;453.2;21.9;21.5;26;26.2;25.3;-1.0;
02/03/2025 08:39:39;117;0;137.57;-4;19.32;2.06;207.9;13.50;74833;2837.681;-1801.768;1;134;450;456.5;21.9;21.6;28;28.0;25.3;-1.0;
02/03/2025 08:39:59;117;0;137.48;-4;19.47;3.25;205.1;13.50;74861;2837.679;-1801.765;1;134;450;456.5;21.9;21.6;28;28.4;25.3;-1.0;
02/03/2025 08:40:19;117;0;137.64;-4;19.63;3.26;202.1;13.60;74865;2837.677;-1801.763;1;134;450;456.5;21.9;21.6;28;28.4;25.3;-1.0;
02/03/2025 08:40:39;117;0;137.47;-4;19.48;3.26;199.1;13.60;74875;2837.675;-1801.760;1;134;450;456.5;21.9;21.6;28;28.4;25.3;-1.0;
02/03/2025 08:40:59;117;0;138.12;-4;19.50;3.30;196.0;13.70;74899;2837.673;-1801.757;1;134;450;453.2;21.9;21.5;28;28.4;25.3;-1.0;
02/03/2025 08:41:19;117;0;138.32;-4;19.50;3.25;193.3;13.70;74910;2837.671;-1801.754;1;134;450;454.8;21.9;21.6;28;28.4;25.3;-1.0;
02/03/2025 08:41:39;117;0;138.71;-4;19.17;3.35;190.2;13.70;74918;2837.669;-1801.751;1;134;450;456.5;21.9;21.6;28;28.4;25.3;-1.0;
02/03/2025 08:41:59;117;0;138.89;-4;19.20;3.26;187.2;13.80;74922;2837.667;-1801.748;1;134;450;456.5;21.9;21.6;28;28.4;25.3;-1.0;
02/03/2025 08:42:19;117;0;139.90;-4;19.17;3.35;184.4;13.80;74941;2837.664;-1801.746;1;134;450;456.5;21.9;21.6;28;28.4;25.3;-1.0;
02/03/2025 08:42:39;117;0;140.32;-4;19.63;3.16;181.5;13.80;74952;2837.662;-1801.743;1;134;450;456.5;21.9;21.6;28;28.4;25.3;-1.0;
02/03/2025 08:42:59;117;0;140.50;-4;19.38;3.22;178.7;13.90;74954;2837.660;-1801.740;1;134;450;456.5;21.9;21.6;28;28.4;25.3;-1.0;
02/03/2025 08:43:19;117;0;141.53;-4;19.31;2.77;176.0;13.90;74964;2837.658;-1801.738;1;134;450;456.5;21.9;21.5;28;28.4;25.3;-1.0;
02/03/2025 08:43:39;117;0;141.03;-4;19.28;3.16;173.1;14.00;74972;2837.656;-1801.735;1;134;450;454.8;21.9;21.5;28;28.4;25.3;-1.0;
02/03/2025 08:43:59;117;0;141.90;-4;19.53;3.16;170.2;14.00;74983;2837.654;-1801.733;1;134;450;456.5;21.9;21.6;28;28.4;25.3;-1.0;
02/03/2025 08:44:19;117;0;143.14;-4;19.21;3.18;167.5;14.00;74998;2837.652;-1801.730;1;134;450;456.5;21.9;21.5;28;28.4;25.3;-1.0;
02/03/2025 08:44:39;117;0;143.48;-4;19.13;3.15;165.0;14.10;74991;2837.650;-1801.728;1;134;450;454.8;21.9;21.5;28;28.4;25.3;-1.0;
02/03/2025 08:44:59;117;0;143.85;-4;19.71;3.39;162.3;14.10;74997;2837.648;-1801.726;1;134;450;456.5;21.9;21.6;28;28.4;25.3;-1.0;
02/03/2025 08:45:19;117;0;144.03;-4;19.34;3.25;159.4;14.20;75004;2837.646;-1801.724;1;134;450;456.5;21.9;21.6;28;28.4;25.3;-1.0;
02/03/2025 08:45:39;117;0;144.40;-4;19.69;3.33;156.7;14.20;75007;2837.644;-1801.721;1;134;450;456.5;21.9;21.5;28;28.4;25.3;-1.0;
02/03/2025 08:45:59;117;0;142.96;-4;19.26;3.13;154.1;14.20;75012;2837.642;-1801.719;1;134;450;456.5;21.9;21.5;28;28.4;25.3;-1.0;
02/03/2025 08:46:19;117;0;142.76;-4;19.46;3.27;151.5;14.30;75026;2837.640;-1801.717;1;134;450;456.5;21.9;21.6;28;28.4;25.3;-1.0;
02/03/2025 08:46:39;117;0;143.84;-4;19.39;3.24;149.0;14.30;75030;2837.638;-1801.715;1;134;450;454.8;21.9;21.6;28;28.4;25.3;-1.0;
02/03/2025 08:46:59;117;0;144.28;-4;19.47;3.25;146.4;14.30;75038;2837.636;-1801.712;1;134;450;456.5;21.9;21.6;28;28.4;25.3;-1.0;
02/03/2025 08:47:19;117;0;143.75;-4;19.36;3.34;143.5;14.40;75043;2837.634;-1801.710;1;134;450;456.5;21.9;21.5;28;28.4;25.3;-1.0;
02/03/2025 08:47:39;117;0;143.29;-4;19.28;3.27;141.1;14.40;75054;2837.632;-1801.708;1;134;450;454.8;21.9;21.5;28;28.4;25.3;-1.0;
02/03/2025 08:47:59;117;0;142.56;-4;19.28;3.23;138.4;14.40;75070;2837.630;-1801.705;1;134;450;456.5;21.9;21.6;28;28.4;25.3;-1.0;
02/03/2025 08:48:19;117;0;142.01;-4;19.39;3.22;135.8;14.50;75081;2837.628;-1801.703;1;134;450;456.5;21.9;21.5;28;28.4;25.3;-1.0;
02/03/2025 08:48:39;117;0;142.13;-4;19.56;3.28;133.2;14.50;75079;2837.626;-1801.701;1;134;450;456.5;21.9;21.6;28;28.4;25.3;-1.0;
02/03/2025 08:48:59;117;0;142.45;-4;19.43;3.21;130.5;14.60;75094;2837.624;-1801.698;1;134;450;454.8;21.9;21.6;28;28.4;25.3;-1.0;
02/03/2025 08:49:19;117;0;141.06;-4;19.44;3.27;127.8;14.60;75093;2837.622;-1801.696;1;134;450;456.5;21.9;21.6;28;28.4;25.3;-1.0;
02/03/2025 08:49:39;117;0;140.64;-4;19.41;3.25;125.2;14.60;75108;2837.620;-1801.694;1;134;450;456.5;21.9;21.6;28;28.4;25.3;-1.0;
02/03/2025 08:49:59;117;0;140.31;-4;19.26;3.34;122.3;14.70;75108;2837.618;-1801.691;1;134;450;456.5;21.9;21.6;28;28.4;25.3;-1.0;
02/03/2025 08:50:19;117;0;140.30;-4;19.26;3.30;119.5;14.70;75126;2837.616;-1801.688;1;134;450;454.8;21.9;21.6;28;28.4;25.3;-1.0;
02/03/2025 08:50:39;117;0;140.47;-4;19.42;3.19;116.8;14.70;75131;2837.614;-1801.686;1;134;450;456.5;21.9;21.6;28;28.4;25.3;-1.0;
02/03/2025 08:50:59;117;0;140.43;-4;19.34;3.26;114.0;14.80;75148;2837.612;-1801.683;1;134;450;456.5;21.9;21.6;28;28.4;25.3;-1.0;
02/03/2025 08:51:20;117;0;140.49;-4;19.33;3.26;111.1;14.80;75149;2837.610;-1801.681;1;134;450;454.8;21.9;21.6;28;28.4;25.3;-1.0;
02/03/2025 08:51:40;117;0;140.73;-4;19.38;3.23;108.4;14.80;75169;2837.608;-1801.678;1;134;450;456.5;21.9;21.6;28;28.4;25.3;-1.0;
02/03/2025 08:52:00;117;0;141.89;-4;19.36;3.19;105.6;14.90;75191;2837.605;-1801.676;1;134;450;456.5;21.9;21.6;28;28.4;25.3;-1.0;
02/03/2025 08:52:20;117;0;143.51;-4;19.53;3.26;102.9;14.90;75197;2837.603;-1801.673;1;134;450;454.8;21.9;21.6;28;28.4;25.3;-1.0;
02/03/2025 08:52:40;117;0;144.23;-4;19.41;3.23;100.0;15.00;75213;2837.601;-1801.671;1;134;450;456.5;21.9;21.6;28;28.4;25.3;-1.0;
02/03/2025 08:53:00;117;0;145.49;-4;19.20;3.26;97.1;15.00;75227;2837.599;-1801.668;1;134;450;456.5;21.9;21.5;28;28.4;25.3;-1.0;
02/03/2025 08:53:20;117;0;147.61;-4;19.15;3.22;94.1;15.00;75233;2837.596;-1801.666;1;134;450;454.8;21.9;21.6;28;28.4;25.3;-1.0;
02/03/2025 08:53:40;117;0;148.81;-4;19.11;3.19;91.3;15.10;75250;2837.594;-1801.664;1;134;450;456.5;21.9;21.5;26;26.2;25.3;-1.0;
02/03/2025 08:54:00;117;0;147.63;-4;18.85;1.93;88.4;15.10;75273;2837.591;-1801.662;1;134;450;456.5;21.5;21.5;26;26.2;25.3;-1.0;
02/03/2025 08:54:20;117;0;145.68;-4;18.84;2.08;85.6;15.20;75290;2837.589;-1801.659;1;134;450;456.5;21.2;21.2;26;26.2;25.3;-1.0;
02/03/2025 08:54:40;117;0;145.50;-4;20.30;1.97;82.6;15.20;75299;2837.587;-1801.657;1;134;450;454.8;21.2;20.6;26;26.2;25.3;-1.0;
02/03/2025 08:55:00;117;0;143.30;-4;20.92;2.10;79.5;15.30;75311;2837.584;-1801.654;1;134;450;454.8;21.2;20.8;26;26.2;25.3;-1.0;
02/03/2025 08:55:20;117;0;142.82;-4;21.03;2.00;76.2;15.30;75331;2837.582;-1801.652;1;134;450;456.5;21.2;20.8;26;26.2;25.3;-1.0;
02/03/2025 08:55:40;117;0;142.14;-4;20.95;2.04;72.8;15.40;75343;2837.579;-1801.649;1;134;450;456.5;21.2;20.8;26;26.2;25.3;-1.0;
02/03/2025 08:56:00;117;0;139.48;-4;20.90;2.02;69.7;15.40;75357;2837.577;-1801.646;1;134;450;454.8;21.2;20.8;26;26.2;25.3;-1.0;
02/03/2025 08:56:20;117;0;138.44;-4;20.95;2.02;66.4;15.40;75372;2837.575;-1801.643;1;134;450;453.2;21.2;20.8;26;26.2;25.3;-1.0;
02/03/2025 08:56:40;117;0;138.66;-4;20.95;2.00;63.2;15.50;75383;2837.573;-1801.640;1;134;450;456.5;21.2;20.6;28;28.0;25.3;-1.0;
02/03/2025 08:57:00;117;0;137.99;-4;21.17;3.50;60.0;15.60;75405;2837.571;-1801.637;1;134;450;454.8;21.2;20.6;28;28.4;25.3;-1.0;
02/03/2025 08:57:20;117;0;136.15;-4;21.20;3.39;56.6;15.60;75424;2837.568;-1801.634;1;134;450;456.5;21.2;20.6;28;28.4;25.3;-1.0;
02/03/2025 08:57:40;117;0;135.19;-4;21.21;3.46;53.1;15.70;75445;2837.566;-1801.631;1;134;450;456.5;21.2;20.6;28;28.4;25.3;-1.0;
02/03/2025 08:58:00;117;0;135.75;-4;21.35;3.32;49.8;15.70;75451;2837.564;-1801.628;1;134;450;456.5;21.2;20.8;28;28.4;25.3;-1.0;
02/03/2025 08:58:20;117;0;136.15;-4;21.25;3.48;46.3;15.80;75476;2837.562;-1801.624;1;134;450;454.8;21.2;20.8;28;28.4;25.3;-1.0;
02/03/2025 08:58:40;117;0;135.01;-4;21.15;3.44;42.9;15.80;75495;2837.560;-1801.621;1;134;450;456.5;21.2;20.8;28;28.4;25.3;-1.0;
02/03/2025 08:59:00;117;0;132.74;-4;20.95;3.46;39.5;15.90;75506;2837.557;-1801.618;1;134;450;456.5;21.2;20.8;28;28.4;25.3;-1.0;
02/03/2025 08:59:20;117;0;130.76;-4;21.48;3.39;36.1;16.00;75527;2837.556;-1801.614;1;134;450;456.5;21.2;20.6;31;31.1;25.3;-1.0;
02/03/2025 08:59:40;117;0;133.22;-4;20.98;5.13;32.8;16.00;75529;2837.554;-1801.611;1;134;450;456.5;21.2;20.6;29;28.9;25.3;-1.0;
02/03/2025 09:00:00;117;0;131.88;-4;21.33;3.44;29.4;16.10;75547;2837.552;-1801.607;1;134;450;456.5;21.2;20.6;29;28.9;25.3;-1.0;
02/03/2025 09:00:20;117;0;133.49;-4;21.35;3.35;26.0;16.10;75557;2837.549;-1801.604;1;134;450;454.8;21.2;20.6;29;28.9;25.3;-1.0;
02/03/2025 09:00:40;117;0;132.39;-4;21.56;3.62;22.5;16.20;75567;2837.547;-1801.601;1;134;450;456.5;21.2;20.6;29;28.9;25.3;-1.0;
02/03/2025 09:01:00;117;0;133.63;-4;20.27;3.30;19.0;16.20;75570;2837.545;-1801.597;1;134;450;456.5;21.2;20.6;29;28.9;25.3;-1.0;
02/03/2025 09:01:20;117;0;133.79;-4;21.33;3.84;16.1;16.30;75579;2837.543;-1801.594;1;134;450;454.8;21.2;20.6;29;28.4;25.3;-1.0;
02/03/2025 09:01:40;117;0;133.94;-4;20.68;3.44;12.7;16.30;75591;2837.541;-1801.591;1;134;450;456.5;21.2;20.6;29;28.9;25.3;-1.0;
02/03/2025 09:02:00;117;0;135.22;-4;21.15;3.55;9.3;16.40;75585;2837.539;-1801.587;1;134;450;453.2;21.2;20.6;29;28.4;25.3;-1.0;
02/03/2025 09:02:20;117;0;136.80;-4;19.70;3.03;6.1;16.40;75599;2837.537;-1801.584;1;134;450;456.5;21.2;20.6;29;28.9;25.3;-1.0;
02/03/2025 09:02:38;115;0;133.02;-4;20.94;3.26;3.1;16.40;75603;2837.535;-1801.581;1;134;500;461.3;100.0;59.8;0;-0.5;25.3;-1.0;
02/03/2025 09:02:48;115;0;122.16;-4;7.44;-11.29;1.8;16.50;75576;2837.534;-1801.579;1;134;500;506.5;100.0;100.0;0;0.0;25.0;-1.0;
02/03/2025 09:02:58;115;0;119.05;-4;-59.72;-8.49;2.0;16.50;75495;2837.535;-1801.579;1;134;500;506.5;100.0;100.4;0;-0.5;25.3;-1.0;
02/03/2025 09:03:18;119;0;105.51;-4;-55.92;-3.09;0.6;16.60;75514;2837.535;-1801.579;1;134;500;506.5;100.0;100.6;0;-0.5;25.3;-1.0;
02/03/2025 09:03:28;119;0;119.81;-4;-54.07;-8.39;0.6;16.60;75518;2836.769;-1801.738;0;134;500;504.8;100.0;100.6;0;-0.5;25.3;-1.0;
