Timestamp;NavState;SecurityLevel;Heading;Declination;Pitch;Roll;Depth;Temperature;Pa;Lat;Lon;DeadReckoning;DesiredH;BallastCmd;BallastPos;LinCmd;LinPos;AngCmd;AngPos;Voltage;Altitude;
28/02/2025 05:13:01;119;0;3.31;-4;-49.21;-14.40;0.1;16.30;75456;2838.471;-1802.398;0;152;500;506.5;100.0;100.6;0;-0.5;25.7;-1.0;
28/02/2025 05:13:11;116;0;349.71;-4;-48.04;-16.60;0.1;16.30;75455;2838.465;-1802.402;0;152;500;506.5;100.0;100.6;0;-0.5;25.7;-1.0;
28/02/2025 05:13:35;116;0;3.23;-4;-48.31;-14.24;0.2;16.40;75473;2838.464;-1802.404;0;152;500;506.5;100.0;100.6;0;-0.5;25.6;-1.0;
28/02/2025 05:13:54;116;0;352.91;-4;-38.44;-2.41;0.2;16.50;75475;2838.464;-1802.403;0;152;500;506.5;100.0;100.6;0;-0.5;25.6;-1.0;
28/02/2025 05:14:14;116;0;356.98;-4;-38.82;-11.70;0.2;16.50;75493;2838.466;-1802.407;0;136;500;506.5;100.0;100.6;0;-0.5;25.6;-1.0;
28/02/2025 05:14:27;116;0;16.18;-4;-56.98;-18.20;0.2;16.60;75492;2838.482;-1802.421;0;136;500;506.5;100.0;100.6;0;-0.9;25.6;-1.0;
28/02/2025 05:15:30;116;0;0.52;-4;-42.71;-8.22;0.2;16.80;75516;2838.487;-1802.425;0;136;500;506.5;100.0;100.6;0;-0.9;25.7;-1.0;
28/02/2025 05:15:56;116;0;353.54;-4;-43.06;-12.07;0.1;16.90;75530;2838.489;-1802.429;0;136;500;506.5;100.0;100.6;0;-0.9;25.6;-1.0;
28/02/2025 05:16:59;116;0;10.36;-4;-49.07;-6.75;0.1;17.20;75544;2838.491;-1802.435;0;136;500;504.8;100.0;100.6;0;-0.5;25.7;-1.0;
28/02/2025 05:18:07;116;0;358.29;-4;-41.60;-17.63;0.1;17.50;75582;2838.493;-1802.441;0;136;500;508.1;100.0;100.6;0;-0.5;25.7;-1.0;
28/02/2025 05:18:17;116;0;7.33;-4;-61.75;-18.49;0.2;17.60;75574;2838.494;-1802.443;0;136;500;504.8;100.0;100.6;0;-0.5;25.6;-1.0;
28/02/2025 05:18:38;110;0;350.45;-4;-51.51;-5.35;-0.1;17.70;75586;2838.494;-1802.443;0;136;-90;383.9;100.0;99.9;-7;-7.2;25.7;-1.0;
28/02/2025 05:18:48;110;0;3.13;-4;-44.19;-12.86;0.2;17.70;75958;2838.495;-1802.443;1;136;-90;237.1;100.0;99.9;-7;-7.2;25.6;-1.0;
28/02/2025 05:18:58;110;0;9.32;-4;-56.43;-13.77;0.4;17.80;76185;2838.495;-1802.443;1;136;-90;85.5;100.0;99.7;-7;-7.2;25.6;-1.0;
28/02/2025 05:19:08;110;0;359.97;-4;-58.34;-20.49;0.7;17.80;76502;2838.495;-1802.442;1;136;-90;-72.6;100.0;99.9;-7;-7.2;25.6;-1.0;
28/02/2025 05:19:18;110;0;11.99;-4;-67.50;-18.04;1.1;17.90;76839;2838.496;-1802.442;1;136;-90;-88.7;43.1;52.6;-7;-7.2;25.6;-1.0;
28/02/2025 05:19:28;110;0;20.86;-4;-55.99;-17.96;2.2;17.90;76826;2838.497;-1802.442;1;136;-90;-91.9;43.1;42.9;-7;-7.2;25.6;-1.0;
28/02/2025 05:19:48;100;0;25.49;-4;-22.02;-15.88;4.9;18.00;76837;2838.500;-1802.441;1;136;-90;-85.5;43.1;42.7;-7;-7.2;25.7;-1.0;
28/02/2025 05:20:08;100;0;34.60;-4;-17.35;-15.82;8.4;18.00;76847;2838.505;-1802.437;1;136;-90;-83.9;43.9;44.3;-70;-69.9;25.7;-1.0;
28/02/2025 05:20:28;100;0;42.01;-4;-24.23;-45.92;11.0;18.10;76850;2838.507;-1802.435;1;136;-90;-80.6;42.6;42.6;-70;-70.4;25.7;-1.0;
28/02/2025 05:20:48;100;0;56.26;-4;-19.68;-45.57;14.1;18.20;76853;2838.510;-1802.431;1;136;-90;-82.3;42.6;42.4;-70;-70.4;25.7;0.0;
28/02/2025 05:21:08;100;0;65.85;-4;-19.48;-45.83;16.7;18.20;76870;2838.512;-1802.428;1;136;-90;-82.3;42.6;42.4;-70;-70.4;25.7;0.0;
28/02/2025 05:21:28;100;0;76.85;-4;-18.60;-45.48;19.3;18.30;76870;2838.513;-1802.424;1;136;-90;-82.3;43.0;43.3;-64;-64.1;25.7;0.0;
28/02/2025 05:21:48;100;0;88.96;-4;-19.86;-42.33;21.9;18.30;76887;2838.514;-1802.420;1;136;-90;-82.3;43.0;43.3;-50;-50.1;25.7;0.0;
28/02/2025 05:22:08;100;0;98.28;-4;-19.24;-35.28;24.4;18.30;76886;2838.514;-1802.416;1;136;-90;-82.3;43.0;43.3;-39;-38.8;25.6;0.0;
28/02/2025 05:22:28;100;0;107.04;-4;-20.12;-29.78;26.7;18.30;76891;2838.514;-1802.413;1;136;-90;-80.6;43.0;43.3;-29;-28.9;25.6;0.0;
28/02/2025 05:22:48;100;0;114.93;-4;-21.03;-24.83;29.0;18.40;76901;2838.513;-1802.410;1;136;-90;-82.3;43.0;43.3;-18;-18.1;25.6;0.0;
28/02/2025 05:23:08;100;0;121.85;-4;-20.45;-19.33;31.5;18.40;76906;2838.512;-1802.407;1;136;-90;-80.6;43.0;43.4;-4;-4.1;25.7;0.0;
28/02/2025 05:23:28;100;0;125.27;-4;-21.00;-13.27;34.1;18.40;76908;2838.510;-1802.404;1;136;-90;-80.6;43.0;43.4;2;1.8;25.7;0.0;
28/02/2025 05:23:48;100;0;124.27;-4;-21.30;-10.42;36.6;18.40;76911;2838.509;-1802.401;1;136;-90;-80.6;43.0;43.4;0;0.0;25.6;0.0;
28/02/2025 05:24:08;100;0;128.05;-4;-20.43;-11.80;39.1;18.40;76905;2838.508;-1802.398;1;136;-90;-82.3;43.0;43.4;6;5.9;25.7;0.0;
28/02/2025 05:24:28;100;0;131.28;-4;-21.36;-8.56;41.4;18.40;76910;2838.506;-1802.395;1;136;-90;-80.6;43.0;43.4;9;9.0;25.7;0.0;
28/02/2025 05:24:48;100;0;134.74;-4;-21.66;-6.72;43.8;18.40;76901;2838.505;-1802.393;1;136;-90;-80.6;43.0;43.4;12;12.2;25.7;0.0;
28/02/2025 05:25:08;100;0;136.65;-4;-21.73;-5.35;46.1;18.40;76898;2838.503;-1802.391;1;136;-90;-80.6;43.0;43.4;12;12.6;25.7;0.0;
28/02/2025 05:25:28;100;0;136.50;-4;-21.79;-5.29;48.7;18.40;76897;2838.502;-1802.388;1;136;-90;-80.6;43.0;43.4;12;12.6;25.7;0.0;
28/02/2025 05:25:48;100;0;137.77;-4;-22.51;-5.09;51.2;18.40;76887;2838.500;-1802.386;1;136;-90;-80.6;42.3;42.3;12;12.6;25.6;0.0;
28/02/2025 05:26:08;100;0;134.46;-4;-19.87;-5.44;53.9;18.40;76887;2838.498;-1802.383;1;136;-90;-82.3;42.3;42.1;12;12.6;25.7;0.0;
28/02/2025 05:26:28;100;0;133.73;-4;-19.25;-5.38;56.1;18.40;76868;2838.497;-1802.381;1;136;-90;-80.6;42.3;42.1;12;12.2;25.7;0.0;
28/02/2025 05:26:48;100;0;131.98;-4;-19.52;-5.44;58.4;18.40;76865;2838.495;-1802.378;1;136;-90;-82.3;42.3;42.1;9;9.0;25.7;0.0;
28/02/2025 05:27:08;100;0;132.88;-4;-19.08;-7.30;60.7;18.40;76848;2838.494;-1802.376;1;136;-90;-82.3;42.3;42.1;11;11.3;25.6;0.0;
28/02/2025 05:27:28;100;0;133.14;-4;-18.93;-6.02;63.0;18.40;76835;2838.492;-1802.373;1;136;-90;-82.3;42.6;42.6;11;11.3;25.6;0.0;
28/02/2025 05:27:48;100;0;134.40;-4;-19.70;-5.99;65.3;18.40;76824;2838.490;-1802.371;1;136;-90;-82.3;42.6;42.7;11;11.3;25.7;0.0;
28/02/2025 05:28:08;100;0;133.91;-4;-19.54;-5.97;67.9;18.40;76817;2838.489;-1802.368;1;136;-90;-82.3;42.6;42.7;11;11.3;25.7;0.0;
28/02/2025 05:28:28;100;0;132.84;-4;-19.56;-5.99;70.3;18.40;76805;2838.487;-1802.365;1;136;-90;-80.6;42.6;42.9;11;11.3;25.7;0.0;
28/02/2025 05:28:48;100;0;136.87;-4;-18.94;-6.01;72.4;18.40;76802;2838.486;-1802.363;1;136;-90;-82.3;42.9;42.7;13;13.1;25.7;0.0;
28/02/2025 05:29:08;100;0;137.22;-4;-19.86;-5.08;74.8;18.40;76794;2838.484;-1802.361;1;136;-90;-82.3;42.9;42.9;13;13.1;25.6;0.0;
28/02/2025 05:29:28;100;0;136.03;-4;-19.75;-5.10;77.0;18.30;76769;2838.482;-1802.358;1;136;-90;-83.9;42.9;42.9;13;13.5;25.7;0.0;
28/02/2025 05:29:48;100;0;134.15;-4;-20.13;-5.00;79.4;18.30;76768;2838.481;-1802.356;1;136;-90;-82.3;42.9;42.7;13;13.1;25.7;0.0;
28/02/2025 05:30:08;100;0;130.98;-4;-19.68;-5.04;81.9;18.30;76755;2838.479;-1802.353;1;136;-90;-82.3;42.9;42.7;9;8.6;25.7;0.0;
28/02/2025 05:30:28;100;0;134.37;-4;-19.13;-7.45;84.3;18.30;76746;2838.478;-1802.350;1;136;-90;-82.3;42.9;42.9;12;12.6;25.7;0.0;
28/02/2025 05:30:48;100;0;136.74;-4;-19.09;-5.28;86.5;18.30;76746;2838.476;-1802.348;1;136;-90;-82.3;42.9;42.7;12;13.1;25.7;0.0;
28/02/2025 05:31:08;100;0;137.32;-4;-19.61;-5.18;88.8;18.20;76734;2838.474;-1802.346;1;136;-90;-82.3;42.9;42.9;12;13.1;25.7;0.0;
28/02/2025 05:31:28;100;0;140.52;-4;-19.96;-5.25;91.3;18.20;76726;2838.472;-1802.343;1;136;-90;-82.3;42.9;42.9;14;14.0;25.6;0.0;
28/02/2025 05:31:48;100;0;143.79;-4;-19.72;-4.48;93.8;18.20;76718;2838.470;-1802.341;1;136;-90;-82.3;42.9;42.7;14;14.4;25.6;0.0;
28/02/2025 05:32:08;100;0;149.76;-4;-18.91;-4.38;96.4;18.20;76714;2838.468;-1802.339;1;136;-90;-79.0;43.3;43.3;14;14.4;25.7;0.0;
28/02/2025 05:32:28;100;0;154.09;-4;-20.53;-4.53;98.9;18.20;76709;2838.465;-1802.338;1;136;-90;-82.3;43.3;43.6;18;18.1;25.7;0.0;
28/02/2025 05:32:48;100;0;154.83;-4;-21.40;-2.49;101.5;18.10;76707;2838.463;-1802.336;1;136;-90;-79.0;43.3;43.6;18;18.1;25.7;0.0;
28/02/2025 05:33:08;100;0;151.73;-4;-21.62;-2.67;104.1;18.10;76697;2838.461;-1802.334;1;136;-90;-80.6;43.3;43.6;16;15.8;25.7;0.0;
28/02/2025 05:33:28;100;0;149.20;-4;-21.33;-4.03;106.7;18.10;76692;2838.459;-1802.332;1;136;-90;-80.6;43.3;43.4;16;15.3;25.6;0.0;
28/02/2025 05:33:48;100;0;149.45;-4;-21.39;-4.00;109.3;18.10;76688;2838.456;-1802.330;1;136;-90;-80.6;43.3;43.6;16;15.3;25.6;0.0;
28/02/2025 05:34:08;100;0;149.78;-4;-21.15;-3.95;112.1;18.00;76691;2838.454;-1802.328;1;136;-90;-80.6;43.3;43.6;16;15.3;25.7;0.0;
28/02/2025 05:34:28;100;0;151.53;-4;-21.19;-4.03;114.6;18.00;76678;2838.452;-1802.327;1;136;-90;-80.6;43.3;43.6;16;15.3;25.7;0.0;
28/02/2025 05:34:48;100;0;150.67;-4;-21.11;-4.03;117.4;18.00;76680;2838.449;-1802.325;1;136;-90;-80.6;43.3;43.6;16;15.3;25.7;0.0;
28/02/2025 05:35:08;100;0;151.06;-4;-21.13;-3.99;119.9;18.00;76676;2838.447;-1802.323;1;136;-90;-80.6;43.3;43.6;16;15.3;25.7;0.0;
28/02/2025 05:35:28;100;0;152.13;-4;-21.03;-3.99;122.6;17.90;76671;2838.445;-1802.321;1;136;-90;-80.6;43.3;43.6;16;15.3;25.7;0.0;
28/02/2025 05:35:48;100;0;151.63;-4;-21.08;-4.03;125.3;17.90;76677;2838.442;-1802.319;1;136;-90;-82.3;43.3;43.6;16;15.3;25.7;0.0;
28/02/2025 05:36:08;100;0;151.76;-4;-20.93;-4.00;127.9;17.90;76662;2838.440;-1802.318;1;136;-90;-82.3;43.3;43.6;16;15.3;25.6;0.0;
28/02/2025 05:36:28;100;0;154.27;-4;-20.88;-4.02;130.6;17.90;76665;2838.437;-1802.316;1;136;-90;-80.6;43.3;43.6;19;19.0;25.7;0.0;
28/02/2025 05:36:48;100;0;153.18;-4;-21.22;-1.96;133.3;17.90;76669;2838.435;-1802.314;1;136;-90;-80.6;43.3;43.4;19;19.4;25.7;0.0;
28/02/2025 05:37:08;100;0;152.87;-4;-21.42;-1.96;136.0;17.80;76653;2838.432;-1802.312;1;136;-90;-82.3;43.3;43.6;17;17.1;25.6;0.0;
28/02/2025 05:37:28;100;0;153.85;-4;-21.82;-3.36;138.7;17.80;76648;2838.430;-1802.311;1;136;-90;-80.6;43.3;43.6;17;16.2;25.7;0.0;
28/02/2025 05:37:48;100;0;151.16;-4;-21.79;-3.41;141.8;17.80;76644;2838.427;-1802.309;1;136;-90;-80.6;43.3;43.4;17;16.7;25.7;0.0;
28/02/2025 05:38:08;100;0;148.07;-4;-21.02;-3.46;144.5;17.80;76637;2838.425;-1802.307;1;136;-90;-80.6;43.3;43.6;15;14.9;25.7;0.0;
28/02/2025 05:38:28;100;0;142.83;-4;-21.13;-4.50;147.4;17.70;76632;2838.423;-1802.304;1;136;-90;-80.6;43.3;43.4;15;14.4;25.6;0.0;
28/02/2025 05:38:48;100;0;139.41;-4;-20.94;-4.46;150.1;17.70;76615;2838.421;-1802.302;1;136;-90;-82.3;43.3;43.6;15;14.4;25.7;0.0;
28/02/2025 05:39:08;100;0;138.82;-4;-21.01;-4.44;153.0;17.70;76620;2838.419;-1802.299;1;136;-90;-80.6;43.3;43.6;15;14.4;25.7;0.0;
28/02/2025 05:39:28;100;0;137.43;-4;-20.97;-4.49;155.7;17.60;76604;2838.417;-1802.296;1;136;-90;-82.3;43.3;43.6;15;14.4;25.6;0.0;
28/02/2025 05:39:48;100;0;135.28;-4;-21.15;-4.45;158.6;17.60;76602;2838.415;-1802.293;1;136;-90;-82.3;43.3;43.6;13;13.1;25.7;0.0;
28/02/2025 05:40:08;100;0;132.30;-4;-21.19;-5.49;161.6;17.60;76603;2838.413;-1802.290;1;136;-90;-82.3;43.3;43.6;11;10.8;25.6;0.0;
28/02/2025 05:40:28;100;0;131.25;-4;-20.55;-6.43;164.6;17.60;76596;2838.411;-1802.287;1;136;-90;-82.3;43.3;43.6;11;10.4;25.7;0.0;
28/02/2025 05:40:48;100;0;135.57;-4;-20.30;-6.49;167.5;17.60;76581;2838.409;-1802.284;1;136;-90;-80.6;43.3;43.4;13;13.1;25.7;0.0;
28/02/2025 05:41:08;100;0;140.43;-4;-20.29;-4.95;170.4;17.50;76570;2838.406;-1802.281;1;136;-90;-82.3;43.3;43.7;13;13.5;25.7;0.0;
28/02/2025 05:41:28;100;0;145.73;-4;-20.43;-4.95;173.4;17.50;76569;2838.404;-1802.279;1;136;-90;-82.3;43.3;43.6;13;13.5;25.6;0.0;
28/02/2025 05:41:48;100;0;148.54;-4;-21.01;-5.02;175.8;17.50;76556;2838.402;-1802.277;1;136;-90;-80.6;43.3;43.6;15;14.9;25.7;0.0;
28/02/2025 05:42:08;100;0;150.30;-4;-20.81;-4.01;178.8;17.40;76544;2838.399;-1802.275;1;136;-90;-82.3;43.3;43.6;15;15.3;25.7;0.0;
28/02/2025 05:42:28;100;0;154.71;-4;-20.56;-4.04;181.6;17.40;76532;2838.396;-1802.273;1;136;-90;-82.3;43.3;43.6;20;20.3;25.7;0.0;
28/02/2025 05:42:48;100;0;156.40;-4;-20.79;-1.42;184.3;17.40;76524;2838.394;-1802.271;1;136;-90;-82.3;43.3;43.4;20;20.3;25.7;0.0;
28/02/2025 05:43:08;100;0;158.61;-4;-21.21;-1.42;187.0;17.30;76512;2838.391;-1802.270;1;136;-90;-82.3;43.3;43.4;24;23.9;25.6;0.0;
28/02/2025 05:43:28;100;0;159.61;-4;-21.34;0.55;189.7;17.30;76513;2838.389;-1802.269;1;136;-90;-80.6;43.3;43.6;26;26.2;25.6;0.0;
28/02/2025 05:43:48;100;0;159.30;-4;-21.68;1.64;192.3;17.30;76508;2838.386;-1802.267;1;136;-90;-82.3;43.3;43.7;26;26.6;25.7;0.0;
28/02/2025 05:44:08;100;0;157.05;-4;-21.61;1.63;195.3;17.20;76489;2838.383;-1802.266;1;136;-90;-80.6;43.3;43.6;23;23.0;25.7;0.0;
28/02/2025 05:44:28;100;0;152.97;-4;-21.11;-0.37;198.0;17.20;76483;2838.381;-1802.264;1;136;-90;-80.6;43.3;43.6;18;17.6;25.7;0.0;
28/02/2025 05:44:48;100;0;150.98;-4;-21.44;-2.99;200.6;17.20;76476;2838.379;-1802.262;1;136;-90;-80.6;43.3;43.6;16;15.8;25.7;0.0;
28/02/2025 05:45:08;100;0;151.09;-4;-20.88;-4.01;203.5;17.10;76467;2838.376;-1802.260;1;136;-90;-83.9;43.3;43.6;16;15.3;25.6;0.0;
28/02/2025 05:45:28;100;0;150.52;-4;-21.12;-4.03;206.4;17.10;76459;2838.373;-1802.258;1;136;-90;-82.3;43.3;43.6;16;15.3;25.7;0.0;
28/02/2025 05:45:48;100;0;149.49;-4;-20.86;-4.01;208.9;17.10;76458;2838.371;-1802.256;1;136;-90;-82.3;43.3;43.4;16;15.3;25.7;0.0;
28/02/2025 05:46:08;100;0;149.40;-4;-21.12;-3.96;211.9;17.00;76449;2838.369;-1802.254;1;136;-90;-80.6;43.3;43.6;16;15.3;25.7;0.0;
28/02/2025 05:46:28;100;0;148.27;-4;-21.03;-3.99;214.6;17.00;76454;2838.366;-1802.252;1;136;-90;-82.3;43.3;43.6;16;15.3;25.7;0.0;
28/02/2025 05:46:48;100;0;147.92;-4;-21.05;-3.97;217.4;17.00;76445;2838.364;-1802.250;1;136;-90;-82.3;43.3;43.6;16;15.3;25.7;0.0;
28/02/2025 05:47:08;100;0;146.95;-4;-20.82;-4.01;220.2;17.00;76441;2838.362;-1802.248;1;136;-90;-80.6;43.3;43.4;16;15.3;25.7;0.0;
28/02/2025 05:47:28;100;0;145.93;-4;-21.02;-4.00;222.9;16.90;76428;2838.359;-1802.246;1;136;-90;-80.6;43.3;43.6;16;15.3;25.7;0.0;
28/02/2025 05:47:48;100;0;145.17;-4;-20.95;-3.99;225.6;16.90;76433;2838.357;-1802.243;1;136;-90;-82.3;43.3;43.6;16;15.3;25.7;0.0;
28/02/2025 05:48:08;100;0;140.75;-4;-20.80;-4.03;228.4;16.90;76415;2838.355;-1802.241;1;136;-90;-82.3;43.3;43.6;16;15.3;25.6;0.0;
28/02/2025 05:48:28;100;0;138.27;-4;-20.66;-4.05;231.2;16.80;76414;2838.353;-1802.238;1;136;-90;-80.6;43.3;43.6;16;15.3;25.7;0.0;
28/02/2025 05:48:48;100;0;138.58;-4;-20.43;-3.97;233.9;16.80;76407;2838.351;-1802.235;1;136;-90;-80.6;43.3;43.6;16;15.3;25.7;0.0;
28/02/2025 05:49:08;100;0;139.84;-4;-20.38;-4.09;236.4;16.80;76403;2838.349;-1802.233;1;136;-90;-80.6;43.3;43.6;16;15.3;25.7;0.0;
28/02/2025 05:49:28;100;0;139.17;-4;-20.61;-4.06;238.9;16.70;76387;2838.347;-1802.231;1;136;-90;-82.3;43.3;43.6;16;15.3;25.7;0.0;
28/02/2025 05:49:48;100;0;138.47;-4;-20.67;-4.03;241.6;16.70;76389;2838.345;-1802.228;1;136;-90;-80.6;43.3;43.6;14;14.0;25.7;0.0;
28/02/2025 05:50:08;100;0;136.77;-4;-20.79;-4.75;244.1;16.70;76379;2838.343;-1802.226;1;136;-90;-80.6;43.3;43.6;14;14.0;25.7;0.0;
28/02/2025 05:50:28;100;0;138.06;-4;-20.61;-4.73;246.6;16.60;76362;2838.342;-1802.223;1;136;-90;-82.3;43.3;43.6;14;14.0;25.6;0.0;
28/02/2025 05:50:48;100;0;139.07;-4;-20.64;-4.77;249.4;16.60;76366;2838.339;-1802.221;1;136;-90;-80.6;43.3;43.6;14;14.0;25.7;0.0;
28/02/2025 05:51:08;100;0;140.26;-4;-20.68;-4.75;251.9;16.60;76348;2838.338;-1802.218;1;136;-90;-80.6;43.3;43.6;14;14.0;25.6;0.0;
28/02/2025 05:51:28;100;0;138.31;-4;-20.57;-4.82;254.5;16.50;76347;2838.336;-1802.216;1;136;-90;-80.6;43.3;43.6;14;14.0;25.7;0.0;
28/02/2025 05:51:48;100;0;138.88;-4;-20.77;-4.76;257.1;16.50;76353;2838.334;-1802.213;1;136;-90;-82.3;43.3;43.6;14;14.0;25.7;0.0;
28/02/2025 05:52:08;100;0;139.42;-4;-20.57;-4.72;259.7;16.50;76338;2838.332;-1802.211;1;136;-90;-82.3;43.3;43.6;14;14.0;25.7;0.0;
28/02/2025 05:52:28;100;0;140.66;-4;-20.53;-4.78;262.1;16.50;76331;2838.330;-1802.209;1;136;-90;-80.6;43.3;43.6;14;14.0;25.6;0.0;
28/02/2025 05:52:48;100;0;140.79;-4;-20.60;-4.94;264.7;16.40;76324;2838.328;-1802.206;1;136;-90;-80.6;43.3;43.6;14;14.0;25.6;0.0;
28/02/2025 05:53:09;100;0;137.84;-4;-20.81;-4.94;267.1;16.40;76313;2838.326;-1802.204;1;136;-90;-82.3;43.3;43.6;14;14.0;25.6;0.0;
28/02/2025 05:53:29;100;0;136.83;-4;-20.46;-4.90;269.6;16.40;76319;2838.325;-1802.202;1;136;-90;-80.6;43.3;43.4;14;14.0;25.6;0.0;
28/02/2025 05:53:49;100;0;137.27;-4;-20.35;-4.87;272.1;16.30;76309;2838.323;-1802.199;1;136;-90;-80.6;43.3;43.6;14;14.0;25.7;0.0;
28/02/2025 05:54:09;100;0;136.90;-4;-20.19;-4.85;274.5;16.30;76297;2838.321;-1802.197;1;136;-90;-82.3;43.3;43.6;14;14.0;25.7;0.0;
28/02/2025 05:54:29;100;0;140.40;-4;-20.21;-4.82;277.0;16.30;76301;2838.319;-1802.194;1;136;-90;-82.3;43.3;43.6;14;14.0;25.7;0.0;
28/02/2025 05:54:49;100;0;140.82;-4;-20.24;-4.89;279.5;16.20;76294;2838.317;-1802.192;1;136;-90;-80.6;43.3;43.6;14;14.0;25.6;0.0;
28/02/2025 05:55:09;100;0;138.35;-4;-20.19;-4.84;281.6;16.20;76278;2838.316;-1802.190;1;136;-90;-80.6;43.3;43.6;14;14.0;25.6;0.0;
28/02/2025 05:55:29;100;0;137.24;-4;-20.33;-4.85;284.2;16.20;76273;2838.314;-1802.187;1;136;-90;-82.3;43.3;43.6;14;14.0;25.6;0.0;
28/02/2025 05:55:49;100;0;137.56;-4;-20.54;-4.82;286.6;16.10;76265;2838.312;-1802.185;1;136;-90;-82.3;43.3;43.6;14;14.0;25.7;0.0;
28/02/2025 05:56:09;100;0;139.44;-4;-20.35;-4.77;289.0;16.10;76259;2838.310;-1802.183;1;136;-90;-80.6;43.3;43.4;14;14.0;25.7;0.0;
28/02/2025 05:56:29;100;0;142.83;-4;-20.32;-4.72;291.4;16.10;76242;2838.308;-1802.180;1;136;-90;-82.3;43.3;43.6;14;14.0;25.7;0.0;
28/02/2025 05:56:49;100;0;145.16;-4;-20.54;-4.74;293.8;16.00;76248;2838.306;-1802.179;1;136;-90;-82.3;43.3;43.6;14;14.0;25.7;0.0;
28/02/2025 05:57:09;100;0;147.47;-4;-20.42;-4.73;296.3;16.00;76240;2838.304;-1802.176;1;136;-90;-82.3;43.3;43.6;14;14.0;25.7;0.0;
28/02/2025 05:57:29;100;0;146.63;-4;-20.43;-4.81;298.7;16.00;76235;2838.302;-1802.175;1;136;-90;-80.6;43.3;43.6;14;14.0;25.6;0.0;
28/02/2025 05:57:49;100;0;147.04;-4;-20.44;-4.80;301.2;16.00;76228;2838.300;-1802.173;1;136;-90;-82.3;43.3;43.4;14;14.0;25.7;0.0;
28/02/2025 05:58:09;100;0;147.41;-4;-20.10;-4.76;303.5;15.90;76219;2838.298;-1802.171;1;136;-90;-82.3;43.3;43.6;14;14.0;25.6;0.0;
28/02/2025 05:58:29;100;0;147.53;-4;-20.40;-4.82;305.8;15.90;76218;2838.296;-1802.169;1;136;-90;-82.3;43.3;43.6;14;14.0;25.6;0.0;
28/02/2025 05:58:49;100;0;148.54;-4;-20.27;-4.82;308.3;15.90;76197;2838.294;-1802.167;1;136;-90;-82.3;43.3;43.6;14;14.0;25.7;0.0;
28/02/2025 05:59:09;100;0;150.52;-4;-20.20;-4.77;310.6;15.80;76204;2838.292;-1802.165;1;136;-90;-82.3;43.3;43.6;16;15.8;25.7;0.0;
28/02/2025 05:59:29;100;0;152.32;-4;-20.35;-3.50;313.0;15.80;76197;2838.290;-1802.164;1;136;-90;-80.6;43.3;43.6;16;16.2;25.7;0.0;
28/02/2025 05:59:49;100;0;153.38;-4;-20.43;-3.52;315.3;15.80;76194;2838.288;-1802.162;1;136;-90;-82.3;43.3;43.6;18;18.1;25.6;0.0;
28/02/2025 06:00:09;100;0;153.09;-4;-20.31;-2.64;317.7;15.70;76184;2838.285;-1802.160;1;136;-90;-80.6;43.3;43.6;18;18.1;25.7;0.0;
28/02/2025 06:00:29;100;0;153.90;-4;-20.47;-2.64;320.0;15.70;76190;2838.283;-1802.159;1;136;-90;-82.3;43.3;43.6;18;18.1;25.7;0.0;
28/02/2025 06:00:49;100;0;153.97;-4;-20.48;-2.60;322.2;15.70;76178;2838.281;-1802.157;1;136;-90;-79.0;43.3;43.6;18;18.1;25.7;0.0;
28/02/2025 06:01:09;100;0;153.45;-4;-20.57;-2.58;324.5;15.60;76176;2838.279;-1802.156;1;136;-90;-82.3;43.3;43.6;18;18.1;25.6;0.0;
28/02/2025 06:01:29;100;0;153.95;-4;-20.59;-2.65;326.9;15.60;76178;2838.277;-1802.154;1;136;-90;-82.3;43.3;43.4;18;18.1;25.6;0.0;
28/02/2025 06:01:49;100;0;155.47;-4;-20.65;-2.60;329.3;15.60;76153;2838.275;-1802.153;1;136;-90;-82.3;43.3;43.7;18;18.1;25.7;0.0;
28/02/2025 06:02:09;100;0;154.85;-4;-20.72;-2.64;331.7;15.60;76164;2838.273;-1802.151;1;136;-90;-82.3;43.3;43.6;20;19.9;25.7;0.0;
28/02/2025 06:02:29;100;0;154.10;-4;-21.18;-1.47;334.2;15.50;76150;2838.270;-1802.150;1;136;-90;-80.6;43.3;43.6;20;20.3;25.7;0.0;
28/02/2025 06:02:49;100;0;153.76;-4;-20.78;-1.41;336.9;15.50;76150;2838.268;-1802.148;1;136;-90;-82.3;43.3;43.6;20;20.3;25.7;0.0;
28/02/2025 06:03:09;100;0;152.81;-4;-20.71;-1.52;339.4;15.50;76140;2838.266;-1802.147;1;136;-90;-82.3;43.3;43.6;18;18.1;25.7;0.0;
28/02/2025 06:03:29;100;0;153.04;-4;-20.53;-2.90;341.6;15.40;76137;2838.264;-1802.145;1;136;-90;-80.6;43.3;43.6;18;17.6;25.7;0.0;
28/02/2025 06:03:49;100;0;153.74;-4;-20.46;-2.90;344.3;15.40;76134;2838.261;-1802.143;1;136;-90;-80.6;43.3;43.6;18;17.6;25.7;0.0;
28/02/2025 06:04:09;100;0;153.46;-4;-20.51;-2.94;346.6;15.40;76128;2838.259;-1802.142;1;136;-90;-82.3;43.3;43.6;18;17.6;25.6;0.0;
28/02/2025 06:04:29;100;0;152.53;-4;-20.52;-2.85;348.9;15.40;76120;2838.257;-1802.140;1;136;-90;-82.3;43.3;43.4;18;17.6;25.7;0.0;
28/02/2025 06:04:49;100;0;149.95;-4;-20.70;-2.88;351.3;15.30;76122;2838.255;-1802.139;1;136;-90;-82.3;43.3;43.6;16;15.3;25.6;0.0;
28/02/2025 06:05:09;100;0;146.96;-4;-20.39;-4.26;353.8;15.30;76110;2838.253;-1802.137;1;136;-90;-82.3;43.3;43.6;16;15.3;25.6;0.0;
28/02/2025 06:05:29;100;0;143.54;-4;-20.45;-4.11;356.1;15.30;76108;2838.251;-1802.134;1;136;-90;-80.6;43.3;43.6;16;15.3;25.7;0.0;
28/02/2025 06:05:49;100;0;141.29;-4;-20.18;-4.17;358.4;15.30;76107;2838.249;-1802.132;1;136;-90;-82.3;43.3;43.6;16;15.3;25.7;0.0;
28/02/2025 06:06:09;100;0;138.30;-4;-20.43;-4.11;360.7;15.20;76097;2838.248;-1802.130;1;136;-90;-80.6;43.3;43.6;14;14.0;25.6;0.0;
28/02/2025 06:06:29;100;0;137.64;-4;-20.31;-4.59;362.9;15.20;76096;2838.246;-1802.128;1;136;-90;-82.3;43.3;43.6;14;14.4;25.6;0.0;
28/02/2025 06:06:49;100;0;137.96;-4;-20.18;-4.57;365.2;15.20;76097;2838.244;-1802.125;1;136;-90;-80.6;43.3;43.6;14;14.4;25.7;0.0;
28/02/2025 06:07:09;100;0;138.13;-4;-20.39;-4.65;367.7;15.20;76097;2838.243;-1802.123;1;136;-90;-80.6;43.3;43.6;14;14.0;25.7;0.0;
28/02/2025 06:07:29;100;0;139.12;-4;-20.19;-4.56;369.9;15.10;76088;2838.241;-1802.121;1;136;-90;-82.3;43.3;43.6;14;14.0;25.7;0.0;
28/02/2025 06:07:49;100;0;139.35;-4;-20.33;-4.62;372.1;15.10;76083;2838.239;-1802.119;1;136;-90;-82.3;43.3;43.6;14;14.4;25.7;0.0;
28/02/2025 06:08:09;100;0;138.03;-4;-20.33;-4.61;374.5;15.10;76074;2838.238;-1802.116;1;136;-90;-80.6;43.3;43.6;14;14.0;25.7;0.0;
28/02/2025 06:08:29;100;0;134.93;-4;-20.20;-4.64;376.8;15.10;76066;2838.236;-1802.114;1;136;-90;-82.3;43.3;43.6;14;14.4;25.7;0.0;
28/02/2025 06:08:49;100;0;133.28;-4;-20.13;-4.58;379.1;15.00;76063;2838.235;-1802.112;1;136;-90;-82.3;43.3;43.6;11;10.8;25.7;0.0;
28/02/2025 06:09:09;100;0;132.36;-4;-20.14;-6.39;381.3;15.00;76063;2838.233;-1802.109;1;136;-90;-80.6;43.3;43.6;11;10.8;25.6;0.0;
28/02/2025 06:09:29;100;0;134.58;-4;-20.14;-6.32;383.7;15.00;76050;2838.232;-1802.107;1;136;-90;-82.3;43.3;43.4;13;13.1;25.6;0.0;
28/02/2025 06:09:49;100;0;133.78;-4;-20.33;-4.85;385.9;15.00;76054;2838.230;-1802.104;1;136;-90;-80.6;43.3;43.6;11;10.8;25.7;0.0;
28/02/2025 06:10:09;100;0;133.59;-4;-20.06;-6.40;388.4;14.90;76042;2838.228;-1802.101;1;136;-90;-82.3;43.3;43.6;11;10.4;25.7;0.0;
28/02/2025 06:10:29;100;0;135.62;-4;-20.10;-6.47;390.6;14.90;76034;2838.227;-1802.099;1;136;-90;-82.3;43.3;43.6;13;13.1;25.6;0.0;
28/02/2025 06:10:49;100;0;137.46;-4;-19.89;-4.95;393.0;14.90;76035;2838.225;-1802.097;1;136;-90;-83.9;43.3;43.6;13;13.5;25.7;0.0;
28/02/2025 06:11:09;100;0;136.69;-4;-20.02;-4.99;395.6;14.90;76028;2838.223;-1802.094;1;136;-90;-82.3;43.3;43.6;13;13.5;25.7;0.0;
28/02/2025 06:11:29;100;0;135.27;-4;-20.32;-4.98;398.0;14.80;76023;2838.222;-1802.092;1;136;-90;-82.3;43.3;43.6;13;13.5;25.7;0.0;
28/02/2025 06:11:49;100;0;136.97;-4;-20.08;-4.91;400.4;14.80;76012;2838.220;-1802.089;1;136;-90;-82.3;43.3;43.6;13;13.5;25.6;0.0;
28/02/2025 06:12:09;100;0;137.90;-4;-20.06;-4.90;403.1;14.80;75999;2838.218;-1802.086;1;136;-90;-82.3;43.3;43.4;13;13.5;25.6;0.0;
28/02/2025 06:12:29;100;0;139.01;-4;-19.97;-4.95;405.7;14.80;76002;2838.216;-1802.084;1;136;-90;-82.3;43.3;43.4;13;13.5;25.7;0.0;
28/02/2025 06:12:49;100;0;140.16;-4;-19.92;-4.97;408.4;14.70;75992;2838.214;-1802.081;1;136;-90;-82.3;43.3;43.6;13;13.5;25.7;0.0;
28/02/2025 06:13:09;100;0;141.50;-4;-19.77;-4.95;410.8;14.70;75993;2838.212;-1802.079;1;136;-90;-80.6;43.3;43.6;13;13.5;25.7;0.0;
28/02/2025 06:13:29;100;0;142.40;-4;-19.56;-4.98;413.5;14.70;75991;2838.210;-1802.077;1;136;-90;-80.6;43.3;43.6;15;14.9;25.7;0.0;
28/02/2025 06:13:49;100;0;145.56;-4;-19.65;-3.95;416.1;14.60;75982;2838.207;-1802.075;1;136;-90;-82.3;43.3;43.6;15;14.9;25.7;0.0;
28/02/2025 06:14:09;100;0;148.61;-4;-19.84;-4.13;418.7;14.60;75981;2838.205;-1802.073;1;136;-90;-82.3;43.3;43.6;15;15.3;25.6;0.0;
28/02/2025 06:14:29;100;0;149.31;-4;-19.91;-4.14;421.5;14.60;75974;2838.203;-1802.070;1;136;-90;-82.3;43.3;43.6;15;15.3;25.7;0.0;
28/02/2025 06:14:49;100;0;150.84;-4;-19.94;-4.06;424.1;14.60;75961;2838.200;-1802.069;1;136;-90;-80.6;43.3;43.4;15;15.3;25.6;0.0;
28/02/2025 06:15:09;100;0;152.88;-4;-19.85;-4.03;426.9;14.50;75965;2838.197;-1802.067;1;136;-90;-82.3;43.3;43.6;19;19.0;25.6;0.0;
28/02/2025 06:15:29;100;0;153.69;-4;-19.87;-2.06;429.6;14.50;75957;2838.195;-1802.065;1;136;-90;-80.6;43.3;43.6;19;19.4;25.6;0.0;
28/02/2025 06:15:49;100;0;154.73;-4;-19.98;-2.04;432.5;14.50;75944;2838.192;-1802.063;1;136;-90;-82.3;43.3;43.6;21;21.7;25.7;0.0;
28/02/2025 06:16:09;100;0;157.25;-4;-20.06;-0.71;435.1;14.50;75951;2838.189;-1802.061;1;136;-90;-82.3;43.3;43.6;23;23.0;25.6;0.0;
28/02/2025 06:16:29;100;0;156.03;-4;-20.01;-0.05;438.1;14.40;75936;2838.186;-1802.060;1;136;-90;-82.3;43.3;43.6;23;23.5;25.6;0.0;
28/02/2025 06:16:49;100;0;153.65;-4;-20.23;-0.05;440.8;14.40;75923;2838.184;-1802.058;1;136;-90;-82.3;43.3;43.6;20;19.9;25.6;0.0;
28/02/2025 06:17:09;100;0;152.72;-4;-20.10;-1.87;443.8;14.40;75930;2838.181;-1802.056;1;136;-90;-83.9;43.3;43.6;20;19.9;25.7;0.0;
28/02/2025 06:17:29;100;0;152.22;-4;-20.23;-1.97;446.6;14.40;75923;2838.178;-1802.054;1;136;-90;-80.6;43.3;43.6;18;18.1;25.6;0.0;
28/02/2025 06:17:49;100;0;152.67;-4;-20.46;-2.94;449.6;14.30;75919;2838.175;-1802.052;1;136;-90;-82.3;43.3;43.6;18;17.6;25.7;0.0;
28/02/2025 06:18:09;100;0;153.59;-4;-19.97;-2.94;452.5;14.30;75920;2838.173;-1802.050;1;136;-90;-80.6;43.3;43.6;20;19.9;25.7;0.0;
28/02/2025 06:18:29;100;0;152.89;-4;-19.95;-1.49;455.3;14.30;75917;2838.170;-1802.048;1;136;-90;-80.6;43.3;43.6;20;20.3;25.7;0.0;
28/02/2025 06:18:49;100;0;153.70;-4;-20.10;-1.59;458.3;14.30;75909;2838.167;-1802.046;1;136;-90;-82.3;43.3;43.4;20;20.3;25.6;0.0;
28/02/2025 06:19:09;100;0;153.16;-4;-20.27;-1.42;460.9;14.30;75912;2838.164;-1802.044;1;136;-90;-82.3;43.3;43.6;18;18.1;25.7;0.0;
28/02/2025 06:19:29;100;0;153.02;-4;-19.98;-2.93;463.8;14.20;75908;2838.162;-1802.042;1;136;-90;-80.6;43.3;43.4;18;17.6;25.7;0.0;
28/02/2025 06:19:49;100;0;149.16;-4;-20.07;-2.85;466.6;14.20;75904;2838.159;-1802.040;1;136;-90;-82.3;43.3;43.4;16;15.8;25.6;0.0;
28/02/2025 06:20:09;100;0;148.20;-4;-19.96;-3.81;469.4;14.20;75891;2838.157;-1802.038;1;136;-90;-82.3;43.3;43.6;16;15.8;25.6;0.0;
28/02/2025 06:20:29;100;0;147.89;-4;-19.90;-3.91;472.3;14.10;75895;2838.154;-1802.036;1;136;-90;-82.3;43.3;43.6;16;15.8;25.7;0.0;
28/02/2025 06:20:49;100;0;146.09;-4;-20.14;-3.81;475.1;14.10;75890;2838.152;-1802.033;1;136;-90;-80.6;43.3;43.6;16;15.8;25.6;0.0;
28/02/2025 06:21:09;100;0;145.79;-4;-19.82;-3.83;478.0;14.10;75897;2838.149;-1802.031;1;136;-90;-82.3;43.3;43.6;16;15.8;25.6;0.0;
28/02/2025 06:21:29;100;0;143.78;-4;-19.89;-4.01;481.0;14.10;75894;2838.146;-1802.028;1;136;-90;-82.3;43.3;43.4;16;15.8;25.6;0.0;
28/02/2025 06:21:49;100;0;143.63;-4;-19.95;-4.02;483.7;14.10;75896;2838.144;-1802.026;1;136;-90;-82.3;43.3;43.6;16;15.8;25.7;0.0;
28/02/2025 06:22:09;100;0;141.60;-4;-20.50;-3.63;486.7;14.10;75886;2838.142;-1802.023;1;136;-90;-82.3;43.3;43.6;16;15.8;25.6;0.0;
28/02/2025 06:22:29;100;0;139.94;-4;-20.05;-3.81;489.6;14.00;75877;2838.139;-1802.020;1;136;-90;-82.3;43.3;43.4;16;15.8;25.7;0.0;
28/02/2025 06:22:49;100;0;140.25;-4;-20.04;-3.75;492.5;14.00;75875;2838.137;-1802.018;1;136;-90;-83.9;43.3;43.6;16;15.8;25.7;0.0;
28/02/2025 06:23:09;100;0;138.48;-4;-20.19;-3.93;495.5;14.00;75874;2838.135;-1802.015;1;136;-90;-80.6;43.3;43.6;16;15.8;25.6;0.0;
28/02/2025 06:23:29;100;0;136.50;-4;-20.01;-3.81;498.2;14.00;75863;2838.133;-1802.012;1;136;-90;-80.6;43.3;43.6;16;15.8;25.6;0.0;
28/02/2025 06:23:49;100;0;137.04;-4;-19.91;-3.77;501.0;13.90;75868;2838.131;-1802.009;1;136;-90;-82.3;43.3;43.4;16;15.8;25.7;0.0;
28/02/2025 06:24:09;100;0;135.80;-4;-19.90;-3.88;503.8;13.90;75874;2838.129;-1802.006;1;136;-90;-82.3;43.3;43.6;14;13.5;25.7;0.0;
28/02/2025 06:24:29;100;0;133.57;-4;-19.84;-4.83;506.6;13.90;75861;2838.127;-1802.003;1;136;-90;-82.3;43.3;43.6;14;13.5;25.6;0.0;
28/02/2025 06:24:49;100;0;131.80;-4;-19.65;-4.86;509.4;13.90;75851;2838.125;-1802.000;1;136;-90;-80.6;43.3;43.4;12;12.2;25.7;0.0;
28/02/2025 06:25:09;100;0;133.14;-4;-19.50;-5.86;512.1;13.90;75863;2838.123;-1801.997;1;136;-90;-82.3;43.3;43.6;12;11.7;25.7;0.0;
28/02/2025 06:25:29;100;0;135.78;-4;-19.59;-5.82;514.8;13.80;75853;2838.121;-1801.994;1;136;-90;-82.3;43.3;43.6;14;14.0;25.7;0.0;
28/02/2025 06:25:49;100;0;137.13;-4;-19.59;-4.66;517.5;13.80;75854;2838.119;-1801.992;1;136;-90;-82.3;43.3;43.4;14;14.0;25.6;0.0;
28/02/2025 06:26:09;100;0;136.06;-4;-19.63;-4.62;520.2;13.80;75854;2838.117;-1801.989;1;136;-90;-80.6;43.3;43.6;14;14.0;25.6;0.0;
28/02/2025 06:26:29;100;0;133.54;-4;-19.71;-4.67;523.0;13.80;75841;2838.115;-1801.986;1;136;-90;-82.3;43.3;43.6;14;14.0;25.6;0.0;
28/02/2025 06:26:49;100;0;133.08;-4;-19.52;-4.65;525.7;13.80;75843;2838.113;-1801.983;1;136;-90;-80.6;43.3;43.6;14;14.0;25.6;0.0;
28/02/2025 06:27:09;100;0;133.36;-4;-19.62;-4.62;528.4;13.70;75835;2838.111;-1801.980;1;136;-90;-82.3;43.3;43.6;14;14.0;25.7;0.0;
28/02/2025 06:27:30;100;0;130.78;-4;-19.53;-4.66;531.0;13.70;75833;2838.110;-1801.977;1;136;-90;-80.6;43.3;43.6;10;9.9;25.7;0.0;
28/02/2025 06:27:50;100;0;130.33;-4;-19.40;-6.97;533.6;13.70;75823;2838.108;-1801.974;1;136;-90;-80.6;43.3;43.6;10;9.5;25.6;0.0;
28/02/2025 06:28:10;100;0;131.28;-4;-19.47;-6.89;536.3;13.70;75824;2838.106;-1801.971;1;136;-90;-80.6;43.3;43.6;10;9.5;25.6;0.0;
28/02/2025 06:28:30;100;0;132.16;-4;-19.38;-6.91;538.9;13.70;75811;2838.104;-1801.968;1;136;-90;-82.3;43.3;43.6;12;12.2;25.6;0.0;
28/02/2025 06:28:50;100;0;133.18;-4;-19.48;-5.22;541.4;13.60;75810;2838.102;-1801.965;1;136;-90;-82.3;43.3;43.6;12;12.6;25.6;0.0;
28/02/2025 06:29:10;100;0;133.80;-4;-19.63;-5.26;544.2;13.60;75802;2838.100;-1801.962;1;136;-90;-82.3;43.3;43.6;12;13.1;25.7;0.0;
28/02/2025 06:29:30;100;0;134.81;-4;-19.57;-5.20;546.9;13.60;75808;2838.098;-1801.959;1;136;-90;-82.3;43.3;43.6;12;13.1;25.6;0.0;
28/02/2025 06:29:50;100;0;137.86;-4;-19.41;-5.22;549.4;13.60;75806;2838.097;-1801.957;1;136;-90;-80.6;43.3;43.6;14;14.4;25.6;0.0;
28/02/2025 06:30:10;100;0;139.15;-4;-19.55;-4.43;552.1;13.60;75802;2838.094;-1801.954;1;136;-90;-82.3;43.3;43.4;14;14.4;25.7;0.0;
28/02/2025 06:30:30;100;0;142.24;-4;-19.35;-4.43;554.6;13.60;75799;2838.092;-1801.952;1;136;-90;-80.6;43.3;43.6;14;14.9;25.6;0.0;
28/02/2025 06:30:50;100;0;142.49;-4;-19.25;-4.37;556.9;13.50;75785;2838.090;-1801.950;1;136;-90;-79.0;43.3;43.6;14;14.4;25.7;0.0;
28/02/2025 06:31:10;100;0;139.69;-4;-19.50;-4.36;559.3;13.50;75793;2838.089;-1801.947;1;136;-90;-80.6;43.3;43.6;14;14.4;25.6;0.0;
28/02/2025 06:31:30;100;0;138.86;-4;-19.38;-4.40;561.6;13.50;75775;2838.087;-1801.945;1;136;-90;-82.3;43.3;43.6;14;14.4;25.7;0.0;
28/02/2025 06:31:50;100;0;141.00;-4;-19.42;-4.39;564.0;13.50;75784;2838.085;-1801.943;1;136;-90;-80.6;43.3;43.6;14;14.4;25.7;0.0;
28/02/2025 06:32:10;100;0;143.87;-4;-19.37;-4.36;566.4;13.40;75772;2838.083;-1801.940;1;136;-90;-80.6;43.3;43.6;14;14.4;25.7;0.0;
28/02/2025 06:32:30;100;0;147.43;-4;-19.36;-4.38;568.6;13.40;75762;2838.081;-1801.938;1;136;-90;-82.3;43.3;43.6;14;14.4;25.7;0.0;
28/02/2025 06:32:50;100;0;149.59;-4;-19.08;-4.38;570.8;13.40;75771;2838.079;-1801.937;1;136;-90;-80.6;43.3;43.6;14;14.4;25.6;0.0;
28/02/2025 06:33:10;100;0;150.77;-4;-19.69;-4.40;573.1;13.40;75766;2838.077;-1801.935;1;136;-90;-82.3;43.3;43.4;16;15.8;25.6;0.0;
28/02/2025 06:33:30;100;0;151.75;-4;-19.21;-3.48;575.3;13.40;75756;2838.075;-1801.933;1;136;-90;-80.6;43.3;43.6;16;16.2;25.6;0.0;
28/02/2025 06:33:50;100;0;153.12;-4;-19.53;-3.42;577.5;13.30;75749;2838.073;-1801.932;1;136;-90;-82.3;43.3;43.6;16;16.2;25.6;0.0;
28/02/2025 06:34:10;100;0;153.98;-4;-19.48;-3.48;579.7;13.30;75750;2838.071;-1801.930;1;136;-90;-82.3;43.3;43.6;19;19.0;25.6;0.0;
28/02/2025 06:34:30;100;0;153.96;-4;-19.52;-2.17;581.7;13.30;75752;2838.069;-1801.929;1;136;-90;-82.3;43.3;43.6;17;17.1;25.7;0.0;
28/02/2025 06:34:50;100;0;156.56;-4;-19.72;-3.36;583.8;13.30;75749;2838.067;-1801.928;1;136;-90;-82.3;43.3;43.6;20;19.9;25.7;0.0;
28/02/2025 06:35:10;100;0;160.86;-4;-20.03;-1.70;585.9;13.30;75748;2838.065;-1801.927;1;136;-90;-80.6;43.3;43.6;26;26.2;25.7;0.0;
28/02/2025 06:35:30;100;0;163.73;-4;-20.18;1.65;588.2;13.30;75740;2838.063;-1801.926;1;136;-90;-82.3;43.3;43.6;31;31.1;25.6;0.0;
28/02/2025 06:35:50;100;0;161.89;-4;-19.65;3.96;590.3;13.20;75725;2838.060;-1801.925;1;136;-90;-80.6;43.3;43.4;28;28.0;25.6;0.0;
28/02/2025 06:36:10;100;0;158.60;-4;-20.48;2.12;592.6;13.20;75736;2838.058;-1801.924;1;136;-90;-80.6;43.3;43.6;23;23.0;25.6;0.0;
28/02/2025 06:36:30;100;0;160.13;-4;-19.74;-0.45;594.8;13.20;75714;2838.056;-1801.922;1;136;-90;-80.6;43.3;43.6;25;24.8;25.7;0.0;
28/02/2025 06:36:50;100;0;160.96;-4;-19.68;0.89;597.0;13.20;75735;2838.054;-1801.921;1;136;-90;-80.6;43.3;43.6;27;27.1;25.6;0.0;
28/02/2025 06:37:10;100;0;160.76;-4;-19.46;1.94;599.1;13.20;75721;2838.052;-1801.920;1;136;-90;-82.3;43.3;43.6;27;27.5;25.7;0.0;
28/02/2025 06:37:30;100;0;158.68;-4;-19.84;1.92;601.3;13.10;75719;2838.050;-1801.919;1;136;-90;-82.3;43.3;43.6;23;23.0;25.6;0.0;
28/02/2025 06:37:50;100;0;157.22;-4;-19.70;-0.43;603.5;13.10;75720;2838.048;-1801.918;1;136;-90;-82.3;43.3;43.6;23;22.6;25.6;0.0;
28/02/2025 06:38:10;100;0;155.37;-4;-19.60;-0.44;605.7;13.10;75704;2838.046;-1801.916;1;136;-90;-80.6;43.3;43.6;20;19.0;25.7;0.0;
28/02/2025 06:38:30;100;0;153.59;-4;-19.30;-1.90;607.8;13.10;75710;2838.044;-1801.915;1;136;-90;-80.6;43.3;43.6;18;18.1;25.6;0.0;
28/02/2025 06:38:50;100;0;152.37;-4;-19.50;-2.96;610.0;13.10;75701;2838.042;-1801.913;1;136;-90;-82.3;43.3;43.4;18;17.6;25.6;0.0;
28/02/2025 06:39:10;100;0;150.89;-4;-19.17;-2.94;612.0;13.00;75694;2838.040;-1801.912;1;136;-90;-82.3;43.3;43.6;16;15.8;25.7;0.0;
28/02/2025 06:39:30;100;0;150.94;-4;-19.63;-4.12;614.2;13.00;75691;2838.038;-1801.910;1;136;-90;-82.3;43.3;43.6;16;15.3;25.6;0.0;
28/02/2025 06:39:50;100;0;151.19;-4;-19.17;-4.19;616.4;13.00;75703;2838.036;-1801.909;1;136;-90;-80.6;43.3;43.6;16;15.3;25.7;0.0;
28/02/2025 06:40:10;100;0;150.86;-4;-19.29;-4.13;618.4;13.00;75688;2838.034;-1801.907;1;136;-110;-109.7;43.3;43.6;16;15.3;25.6;0.0;
28/02/2025 06:40:30;100;0;150.85;-4;-18.52;-4.04;620.4;13.00;75757;2838.032;-1801.906;1;136;-110;-111.3;43.7;43.7;16;15.3;25.7;0.0;
28/02/2025 06:40:50;100;0;151.26;-4;-19.64;-4.09;622.8;13.00;75755;2838.030;-1801.904;1;136;-110;-111.3;43.7;43.9;16;15.3;25.6;0.0;
28/02/2025 06:41:10;100;0;151.80;-4;-20.00;-3.93;625.3;13.00;75746;2838.028;-1801.902;1;136;-110;-111.3;43.7;43.9;18;18.1;25.6;0.0;
28/02/2025 06:41:30;100;0;148.99;-4;-19.54;-2.42;627.7;12.90;75747;2838.026;-1801.900;1;136;-110;-111.3;43.7;43.9;16;15.8;25.6;0.0;
28/02/2025 06:41:50;100;0;146.76;-4;-19.43;-3.88;630.2;12.90;75747;2838.023;-1801.898;1;136;-110;-111.3;43.7;44.0;16;15.3;25.6;0.0;
28/02/2025 06:42:10;100;0;145.65;-4;-19.68;-3.89;632.7;12.90;75732;2838.021;-1801.896;1;136;-110;-111.3;43.7;43.9;16;15.3;25.6;0.0;
28/02/2025 06:42:30;100;0;144.11;-4;-19.61;-3.88;635.0;12.90;75738;2838.019;-1801.894;1;136;-110;-111.3;43.7;44.0;16;15.3;25.6;0.0;
28/02/2025 06:42:50;100;0;142.94;-4;-19.67;-3.86;637.4;12.90;75731;2838.017;-1801.892;1;136;-110;-111.3;43.7;43.9;16;15.3;25.7;0.0;
28/02/2025 06:43:10;100;0;143.29;-4;-19.39;-3.86;639.9;12.80;75722;2838.015;-1801.890;1;136;-110;-114.5;43.7;44.0;16;15.3;25.7;0.0;
28/02/2025 06:43:30;100;0;141.54;-4;-19.53;-3.85;642.2;12.80;75724;2838.014;-1801.887;1;136;-110;-111.3;43.7;43.9;16;15.3;25.7;0.0;
28/02/2025 06:43:50;100;0;139.25;-4;-19.56;-3.87;644.6;12.80;75712;2838.012;-1801.885;1;136;-110;-111.3;43.7;43.9;16;15.3;25.7;0.0;
28/02/2025 06:44:10;100;0;137.52;-4;-19.37;-3.85;647.0;12.80;75699;2838.010;-1801.883;1;136;-110;-111.3;43.7;43.9;16;15.8;25.7;0.0;
28/02/2025 06:44:30;100;0;136.64;-4;-19.51;-3.88;649.3;12.80;75688;2838.008;-1801.880;1;136;-110;-111.3;43.7;43.9;16;15.8;25.7;0.0;
28/02/2025 06:44:50;100;0;136.84;-4;-19.42;-3.84;651.8;12.70;75678;2838.006;-1801.878;1;136;-110;-111.3;43.7;43.9;16;15.8;25.6;0.0;
28/02/2025 06:45:10;100;0;138.70;-4;-19.40;-3.83;654.1;12.70;75674;2838.005;-1801.875;1;136;-110;-111.3;43.7;43.9;16;15.8;25.6;0.0;
28/02/2025 06:45:30;100;0;139.94;-4;-19.34;-3.89;656.5;12.70;75678;2838.003;-1801.873;1;136;-110;-112.9;43.7;43.9;16;15.3;25.7;0.0;
28/02/2025 06:45:50;100;0;140.81;-4;-19.34;-3.85;658.9;12.70;75663;2838.001;-1801.871;1;136;-110;-111.3;43.7;43.9;16;15.3;25.7;0.0;
28/02/2025 06:46:10;100;0;141.61;-4;-19.29;-3.91;661.3;12.70;75660;2837.999;-1801.868;1;136;-110;-111.3;43.7;43.9;16;15.3;25.7;0.0;
28/02/2025 06:46:30;100;0;142.79;-4;-19.31;-3.84;663.7;12.60;75656;2837.997;-1801.866;1;136;-110;-111.3;43.7;44.0;16;15.3;25.7;0.0;
28/02/2025 06:46:50;100;0;143.56;-4;-19.26;-3.87;666.1;12.60;75647;2837.995;-1801.864;1;136;-110;-111.3;43.7;44.0;16;15.3;25.6;0.0;
28/02/2025 06:47:10;100;0;145.31;-4;-19.10;-3.90;668.4;12.60;75643;2837.993;-1801.862;1;136;-110;-111.3;43.7;43.9;16;15.8;25.6;0.0;
28/02/2025 06:47:30;100;0;148.84;-4;-19.19;-3.89;670.7;12.60;75655;2837.991;-1801.860;1;136;-110;-111.3;43.7;43.9;16;15.8;25.7;0.0;
28/02/2025 06:47:50;100;0;148.74;-4;-19.58;-3.89;673.1;12.50;75636;2837.989;-1801.858;1;136;-110;-112.9;43.7;43.9;16;15.8;25.6;0.0;
28/02/2025 06:48:10;100;0;149.15;-4;-19.38;-3.86;675.5;12.50;75634;2837.986;-1801.856;1;136;-110;-109.7;43.7;43.9;16;15.3;25.6;0.0;
28/02/2025 06:48:30;100;0;151.13;-4;-19.13;-3.87;677.9;12.50;75627;2837.984;-1801.854;1;136;-110;-111.3;43.7;43.9;16;15.3;25.7;0.0;
28/02/2025 06:48:50;100;0;152.05;-4;-19.19;-3.82;680.3;12.50;75604;2837.982;-1801.853;1;136;-110;-111.3;43.7;43.9;18;18.1;25.6;0.0;
28/02/2025 06:49:10;100;0;150.72;-4;-19.54;-2.48;682.7;12.50;75610;2837.980;-1801.851;1;136;-110;-111.3;43.7;44.0;18;18.1;25.6;0.0;
28/02/2025 06:49:30;100;0;148.40;-4;-19.44;-2.51;685.1;12.40;75603;2837.977;-1801.849;1;136;-110;-111.3;43.7;43.9;16;15.8;25.7;0.0;
28/02/2025 06:49:50;100;0;148.26;-4;-19.25;-3.78;687.6;12.40;75602;2837.975;-1801.847;1;136;-110;-111.3;43.7;43.9;16;15.8;25.6;0.0;
28/02/2025 06:50:10;100;0;148.00;-4;-19.34;-3.73;689.9;12.40;75594;2837.973;-1801.845;1;136;-110;-111.3;43.7;43.9;16;15.8;25.7;0.0;
28/02/2025 06:50:30;100;0;147.81;-4;-19.39;-3.75;692.3;12.40;75589;2837.971;-1801.843;1;136;-110;-111.3;43.7;44.0;16;15.8;25.6;0.0;
28/02/2025 06:50:50;100;0;146.18;-4;-18.97;-3.84;694.5;12.40;75593;2837.969;-1801.841;1;136;-110;-111.3;44.0;44.0;16;15.8;25.7;0.0;
28/02/2025 06:51:10;100;0;146.09;-4;-19.53;-3.80;697.1;12.30;75585;2837.967;-1801.839;1;136;-110;-111.3;44.0;44.0;16;15.8;25.6;0.0;
28/02/2025 06:51:30;100;0;144.26;-4;-19.52;-3.76;699.4;12.30;75583;2837.965;-1801.837;1;136;-110;-109.7;44.0;44.0;16;15.8;25.6;0.0;
28/02/2025 06:51:50;100;0;142.70;-4;-19.50;-3.78;701.9;12.30;75580;2837.963;-1801.835;1;136;-110;-109.7;44.0;44.0;16;15.8;25.7;0.0;
28/02/2025 06:52:10;100;0;142.72;-4;-19.56;-3.79;704.2;12.30;75585;2837.961;-1801.833;1;136;-110;-111.3;44.0;44.0;16;15.8;25.6;0.0;
28/02/2025 06:52:30;100;0;140.76;-4;-19.50;-3.77;706.6;12.20;75573;2837.959;-1801.830;1;136;-110;-111.3;44.0;44.0;16;15.8;25.7;0.0;
28/02/2025 06:52:50;100;0;139.15;-4;-19.58;-3.75;708.9;12.20;75571;2837.957;-1801.828;1;136;-110;-111.3;44.0;44.0;16;15.8;25.6;0.0;
28/02/2025 06:53:10;100;0;139.50;-4;-19.60;-3.77;711.4;12.20;75565;2837.955;-1801.826;1;136;-110;-111.3;44.0;44.0;16;15.8;25.6;0.0;
28/02/2025 06:53:30;100;0;139.28;-4;-19.33;-3.83;713.7;12.20;75561;2837.954;-1801.823;1;136;-110;-109.7;44.0;44.0;16;15.8;25.6;0.0;
28/02/2025 06:53:50;100;0;137.55;-4;-19.22;-3.82;716.0;12.20;75552;2837.952;-1801.821;1;136;-110;-111.3;44.0;44.0;16;15.8;25.6;0.0;
28/02/2025 06:54:10;100;0;137.79;-4;-19.27;-3.81;718.3;12.10;75542;2837.950;-1801.819;1;136;-110;-114.5;44.0;44.0;16;15.8;25.6;0.0;
28/02/2025 06:54:30;100;0;140.30;-4;-19.61;-3.84;720.6;12.10;75543;2837.948;-1801.816;1;136;-110;-111.3;44.0;44.2;16;15.8;25.6;0.0;
28/02/2025 06:54:50;100;0;143.99;-4;-19.31;-3.75;722.9;12.10;75541;2837.946;-1801.814;1;136;-110;-109.7;44.0;44.0;16;15.8;25.6;0.0;
28/02/2025 06:55:10;100;0;145.90;-4;-19.31;-3.74;725.2;12.10;75529;2837.944;-1801.812;1;136;-110;-111.3;44.0;44.2;16;15.8;25.6;0.0;
28/02/2025 06:55:30;100;0;148.25;-4;-19.30;-3.73;727.5;12.10;75529;2837.942;-1801.810;1;136;-110;-111.3;44.0;44.0;16;15.8;25.7;0.0;
28/02/2025 06:55:50;100;0;149.70;-4;-19.22;-3.80;729.6;12.00;75517;2837.940;-1801.809;1;136;-110;-111.3;44.0;44.0;16;15.8;25.6;0.0;
28/02/2025 06:56:10;100;0;150.37;-4;-19.21;-3.82;731.8;12.00;75518;2837.938;-1801.807;1;136;-110;-111.3;44.0;44.0;16;15.8;25.6;0.0;
28/02/2025 06:56:30;100;0;149.96;-4;-19.20;-3.84;733.9;12.00;75501;2837.936;-1801.806;1;136;-110;-111.3;44.0;44.0;16;15.8;25.6;0.0;
28/02/2025 06:56:50;100;0;149.93;-4;-19.22;-3.83;736.1;12.00;75494;2837.934;-1801.804;1;136;-110;-111.3;44.0;44.2;16;15.8;25.6;0.0;
28/02/2025 06:57:10;100;0;150.65;-4;-19.23;-3.82;738.3;11.90;75492;2837.932;-1801.802;1;136;-110;-111.3;44.0;44.0;16;15.8;25.7;0.0;
28/02/2025 06:57:30;100;0;151.69;-4;-19.06;-3.78;740.3;11.90;75494;2837.931;-1801.801;1;136;-110;-111.3;44.0;44.0;16;15.8;25.6;0.0;
28/02/2025 06:57:50;100;0;152.59;-4;-19.16;-3.84;742.7;11.90;75468;2837.928;-1801.799;1;136;-110;-111.3;44.0;44.0;19;19.0;25.6;0.0;
28/02/2025 06:58:10;100;0;152.20;-4;-19.52;-1.78;744.7;11.90;75481;2837.927;-1801.798;1;136;-110;-112.9;44.0;44.0;17;16.2;25.7;0.0;
28/02/2025 06:58:30;100;0;151.17;-4;-19.35;-3.04;747.0;11.90;75479;2837.924;-1801.796;1;136;-110;-112.9;44.0;44.0;17;17.1;25.6;0.0;
28/02/2025 06:58:50;100;0;151.48;-4;-19.42;-3.05;749.3;11.80;75483;2837.922;-1801.794;1;136;-110;-111.3;44.0;44.0;17;17.6;25.7;0.0;
28/02/2025 06:59:10;100;0;151.92;-4;-19.32;-3.10;751.5;11.80;75471;2837.920;-1801.792;1;136;-110;-109.7;44.0;44.0;17;17.1;25.6;0.0;
28/02/2025 06:59:30;100;0;152.31;-4;-19.37;-3.06;753.9;11.80;75479;2837.918;-1801.791;1;136;-110;-111.3;44.0;44.0;19;19.0;25.6;0.0;
28/02/2025 06:59:50;100;0;151.89;-4;-19.56;-1.97;756.3;11.80;75464;2837.916;-1801.789;1;136;-110;-111.3;44.0;44.2;19;19.4;25.7;0.0;
28/02/2025 07:00:10;100;0;151.18;-4;-19.43;-1.94;758.8;11.80;75463;2837.913;-1801.787;1;136;-110;-111.3;44.0;44.0;19;19.4;25.6;0.0;
28/02/2025 07:00:30;100;0;148.02;-4;-19.64;-1.95;761.2;11.70;75445;2837.911;-1801.785;1;136;-110;-111.3;44.0;44.2;16;15.8;25.7;0.0;
28/02/2025 07:00:50;100;0;144.03;-4;-18.67;-3.69;763.7;11.70;75456;2837.909;-1801.783;1;136;-110;-111.3;44.4;44.5;16;15.8;25.6;0.0;
28/02/2025 07:01:10;100;0;143.00;-4;-20.11;-3.74;765.9;11.70;75441;2837.907;-1801.781;1;136;-110;-111.3;44.4;44.8;16;15.8;25.6;0.0;
28/02/2025 07:01:31;100;0;142.49;-4;-20.39;-3.68;768.3;11.70;75442;2837.905;-1801.779;1;136;-110;-111.3;44.4;44.6;16;15.8;25.6;0.0;
28/02/2025 07:01:51;100;0;141.52;-4;-20.45;-3.77;770.7;11.70;75426;2837.903;-1801.777;1;136;-110;-111.3;44.4;44.8;16;15.8;25.6;0.0;
28/02/2025 07:02:11;100;0;140.50;-4;-20.35;-3.84;773.0;11.60;75419;2837.902;-1801.775;1;136;-110;-114.5;44.4;44.8;16;15.8;25.7;0.0;
28/02/2025 07:02:31;100;0;139.48;-4;-20.32;-3.91;775.5;11.60;75417;2837.900;-1801.772;1;136;-110;-111.3;44.4;44.6;16;15.8;25.6;0.0;
28/02/2025 07:02:51;100;0;140.49;-4;-20.76;-3.82;777.8;11.60;75407;2837.898;-1801.770;1;136;-110;-111.3;44.4;44.6;16;15.8;25.7;0.0;
28/02/2025 07:03:11;100;0;137.29;-4;-20.76;-3.82;780.3;11.60;75417;2837.896;-1801.768;1;136;-110;-111.3;44.4;44.6;16;15.8;25.7;0.0;
28/02/2025 07:03:31;100;0;135.81;-4;-20.39;-3.77;782.7;11.60;75409;2837.895;-1801.765;1;136;-110;-111.3;44.4;44.6;16;15.8;25.6;0.0;
28/02/2025 07:03:51;100;0;134.61;-4;-20.25;-3.79;785.0;11.50;75410;2837.893;-1801.763;1;136;-110;-111.3;44.4;44.6;14;14.0;25.6;0.0;
28/02/2025 07:04:11;100;0;134.78;-4;-20.87;-4.69;787.5;11.50;75406;2837.891;-1801.760;1;136;-110;-111.3;44.4;44.8;14;14.0;25.7;0.0;
28/02/2025 07:04:31;100;0;136.34;-4;-21.00;-4.76;790.0;11.50;75399;2837.890;-1801.758;1;136;-110;-109.7;44.4;44.6;14;13.5;25.7;0.0;
28/02/2025 07:04:51;100;0;135.58;-4;-20.80;-4.72;792.7;11.50;75402;2837.888;-1801.755;1;136;-110;-111.3;44.4;44.8;14;14.0;25.6;0.0;
28/02/2025 07:05:11;100;0;134.92;-4;-21.03;-4.78;795.3;11.50;75395;2837.886;-1801.752;1;136;-110;-112.9;44.4;44.8;14;14.0;25.6;0.0;
28/02/2025 07:05:31;100;0;130.76;-4;-20.39;-4.58;797.9;11.40;75395;2837.885;-1801.749;1;136;-110;-111.3;44.4;44.6;10;9.9;25.6;0.0;
28/02/2025 07:05:51;100;0;129.73;-4;-20.38;-6.70;800.2;11.40;75389;2837.883;-1801.747;1;136;-110;-111.3;44.4;44.8;10;9.9;25.7;0.0;
28/02/2025 07:06:11;100;0;130.41;-4;-21.18;-7.00;802.6;11.40;75388;2837.882;-1801.744;1;136;-110;-111.3;44.4;44.8;10;9.9;25.6;0.0;
28/02/2025 07:06:31;100;0;131.87;-4;-20.37;-6.99;805.1;11.40;75384;2837.880;-1801.741;1;136;-110;-111.3;44.4;44.8;10;9.9;25.7;0.0;
28/02/2025 07:06:51;100;0;127.07;-4;-20.29;-6.98;807.5;11.40;75387;2837.879;-1801.739;1;136;-110;-114.5;44.4;44.8;5;5.0;25.6;0.0;
28/02/2025 07:07:11;100;0;129.04;-4;-20.56;-9.23;809.9;11.40;75385;2837.877;-1801.736;1;136;-110;-111.3;44.4;44.8;8;8.1;25.6;0.0;
28/02/2025 07:07:31;100;0;131.55;-4;-20.36;-7.31;812.4;11.30;75376;2837.876;-1801.733;1;136;-110;-111.3;44.4;44.8;11;10.8;25.7;0.0;
28/02/2025 07:07:51;100;0;130.30;-4;-19.97;-5.82;814.8;11.30;75376;2837.874;-1801.730;1;136;-110;-111.3;44.4;44.8;11;11.3;25.6;0.0;
28/02/2025 07:08:11;100;0;131.95;-4;-20.58;-5.77;817.2;11.30;75380;2837.873;-1801.728;1;136;-110;-111.3;44.4;44.6;11;11.3;25.7;0.0;
28/02/2025 07:08:31;100;0;131.91;-4;-20.57;-5.79;819.8;11.30;75369;2837.871;-1801.725;1;136;-110;-111.3;44.4;44.8;11;11.3;25.6;0.0;
28/02/2025 07:08:51;100;0;132.84;-4;-20.75;-5.72;822.3;11.30;75376;2837.870;-1801.722;1;136;-110;-111.3;44.4;44.8;11;11.3;25.6;0.0;
28/02/2025 07:09:11;100;0;136.13;-4;-20.69;-5.73;824.8;11.20;75365;2837.868;-1801.720;1;136;-110;-111.3;44.4;44.6;14;14.0;25.6;0.0;
28/02/2025 07:09:31;100;0;136.81;-4;-20.79;-4.14;827.3;11.20;75371;2837.866;-1801.717;1;136;-110;-111.3;44.4;44.8;14;14.4;25.6;0.0;
28/02/2025 07:09:51;100;0;136.50;-4;-21.00;-4.34;830.0;11.20;75359;2837.864;-1801.715;1;136;-110;-109.7;44.4;44.8;14;14.4;25.6;0.0;
28/02/2025 07:10:11;100;0;136.08;-4;-20.82;-4.46;832.7;11.20;75354;2837.862;-1801.712;1;136;-110;-111.3;44.4;44.8;14;14.4;25.7;0.0;
28/02/2025 07:10:31;100;0;134.49;-4;-20.75;-4.43;835.3;11.20;75354;2837.861;-1801.709;1;136;-110;-111.3;44.4;44.8;14;14.4;25.7;0.0;
28/02/2025 07:10:51;100;0;131.06;-4;-21.07;-4.42;837.9;11.20;75353;2837.859;-1801.707;1;136;-110;-111.3;44.4;44.8;10;9.9;25.6;0.0;
28/02/2025 07:11:11;100;0;129.53;-4;-20.70;-6.68;840.7;11.10;75352;2837.857;-1801.704;1;136;-110;-109.7;44.4;44.8;8;8.1;25.6;0.0;
28/02/2025 07:11:31;100;0;128.82;-4;-20.42;-7.42;843.3;11.10;75347;2837.856;-1801.701;1;136;-110;-111.3;44.4;44.6;8;8.1;25.7;0.0;
28/02/2025 07:11:51;100;0;131.27;-4;-20.03;-7.39;846.0;11.10;75342;2837.854;-1801.698;1;136;-110;-111.3;44.4;44.8;10;9.9;25.6;0.0;
28/02/2025 07:12:11;100;0;134.69;-4;-20.18;-6.54;848.6;11.10;75340;2837.852;-1801.695;1;136;-110;-111.3;44.4;44.8;13;13.1;25.7;0.0;
28/02/2025 07:12:31;100;0;136.89;-4;-20.12;-4.81;851.1;11.10;75332;2837.851;-1801.692;1;136;-110;-109.7;44.4;44.8;13;13.5;25.6;0.0;
28/02/2025 07:12:51;100;0;136.89;-4;-20.28;-4.82;853.6;11.00;75328;2837.849;-1801.690;1;136;-110;-111.3;44.4;44.8;13;13.5;25.7;0.0;
28/02/2025 07:13:11;100;0;138.90;-4;-20.20;-4.87;856.0;11.00;75314;2837.847;-1801.688;1;136;-110;-111.3;44.4;44.8;15;14.9;25.6;0.0;
28/02/2025 07:13:31;100;0;140.59;-4;-20.12;-4.02;858.4;11.00;75321;2837.845;-1801.685;1;136;-110;-111.3;44.4;44.6;15;15.3;25.7;0.0;
28/02/2025 07:13:51;100;0;142.80;-4;-20.19;-4.05;860.7;11.00;75315;2837.843;-1801.683;1;136;-110;-111.3;44.4;44.8;15;15.3;25.7;0.0;
28/02/2025 07:14:11;100;0;143.51;-4;-20.20;-3.98;863.1;11.00;75317;2837.841;-1801.681;1;136;-110;-111.3;44.4;44.8;15;15.3;25.7;0.0;
28/02/2025 07:14:31;100;0;144.41;-4;-20.24;-4.04;865.4;11.00;75301;2837.839;-1801.679;1;136;-110;-111.3;44.4;44.8;15;15.3;25.6;0.0;
28/02/2025 07:14:51;100;0;144.07;-4;-20.33;-4.01;867.7;11.00;75304;2837.837;-1801.677;1;136;-110;-111.3;44.4;44.8;15;15.3;25.6;0.0;
28/02/2025 07:15:11;100;0;144.03;-4;-20.09;-3.94;870.0;10.90;75306;2837.836;-1801.675;1;136;-110;-111.3;44.4;44.8;15;15.3;25.7;0.0;
28/02/2025 07:15:31;100;0;144.87;-4;-19.92;-4.01;872.3;10.90;75306;2837.834;-1801.673;1;136;-110;-111.3;44.4;44.8;15;15.3;25.6;0.0;
28/02/2025 07:15:51;100;0;147.30;-4;-19.98;-4.02;874.3;10.90;75289;2837.832;-1801.671;1;136;-110;-111.3;44.4;44.8;15;15.3;25.6;0.0;
28/02/2025 07:16:11;100;0;147.61;-4;-20.33;-4.01;876.5;10.90;75294;2837.830;-1801.670;1;136;-110;-111.3;44.4;44.8;15;15.3;25.6;0.0;
28/02/2025 07:16:31;100;0;148.26;-4;-20.32;-4.01;878.8;10.90;75292;2837.828;-1801.668;1;136;-110;-111.3;44.4;44.8;15;15.3;25.6;0.0;
28/02/2025 07:16:51;100;0;149.04;-4;-20.08;-4.00;881.1;10.90;75282;2837.826;-1801.666;1;136;-110;-111.3;44.4;44.8;15;15.3;25.6;0.0;
28/02/2025 07:17:11;100;0;149.17;-4;-20.48;-3.98;883.4;10.80;75280;2837.824;-1801.664;1;136;-110;-111.3;44.4;44.8;15;15.3;25.6;0.0;
28/02/2025 07:17:31;100;0;149.98;-4;-20.31;-3.99;885.6;10.80;75278;2837.822;-1801.663;1;136;-110;-111.3;44.4;44.8;15;15.3;25.7;0.0;
28/02/2025 07:17:51;100;0;152.15;-4;-20.23;-4.06;887.9;10.80;75270;2837.820;-1801.661;1;136;-110;-114.5;44.4;44.8;17;17.1;25.6;0.0;
28/02/2025 07:18:11;100;0;153.47;-4;-20.25;-2.78;890.2;10.80;75280;2837.818;-1801.660;1;136;-110;-111.3;44.4;44.8;19;19.0;25.6;0.0;
28/02/2025 07:18:31;100;0;153.10;-4;-20.62;-1.88;892.6;10.80;75280;2837.816;-1801.658;1;136;-110;-111.3;44.4;44.8;19;19.4;25.6;0.0;
28/02/2025 07:18:51;100;0;153.18;-4;-20.55;-1.91;894.8;10.80;75265;2837.814;-1801.656;1;136;-110;-111.3;44.4;44.8;19;19.4;25.6;0.0;
28/02/2025 07:19:11;100;0;153.36;-4;-20.69;-1.95;897.3;10.70;75266;2837.812;-1801.655;1;136;-110;-111.3;44.4;44.8;19;19.4;25.7;0.0;
28/02/2025 07:19:31;100;0;153.13;-4;-20.52;-1.95;899.7;10.70;75269;2837.810;-1801.653;1;136;-110;-111.3;44.4;44.8;19;19.4;25.6;0.0;
28/02/2025 07:19:51;100;0;154.14;-4;-20.84;-1.87;902.2;10.70;75247;2837.807;-1801.652;1;136;-110;-111.3;44.4;44.8;19;19.4;25.6;0.0;
28/02/2025 07:20:11;100;0;152.69;-4;-20.33;-1.95;904.8;10.70;75247;2837.805;-1801.650;1;136;-110;-111.3;44.4;44.8;19;19.4;25.6;0.0;
28/02/2025 07:20:31;100;0;151.37;-4;-20.44;-1.96;907.2;10.70;75251;2837.803;-1801.648;1;136;-110;-111.3;44.4;44.8;17;17.1;25.6;0.0;
28/02/2025 07:20:51;100;0;149.94;-4;-20.24;-3.22;909.8;10.60;75236;2837.800;-1801.646;1;136;-110;-111.3;44.4;44.6;17;16.7;25.6;0.0;
28/02/2025 07:21:11;100;0;148.91;-4;-20.42;-3.17;912.1;10.60;75242;2837.798;-1801.645;1;136;-110;-111.3;44.4;44.8;17;17.1;25.6;0.0;
28/02/2025 07:21:31;100;0;146.71;-4;-20.36;-3.21;914.5;10.60;75229;2837.796;-1801.643;1;136;-110;-111.3;44.4;44.8;17;17.1;25.7;0.0;
28/02/2025 07:21:51;100;0;145.81;-4;-20.56;-3.12;917.0;10.60;75226;2837.794;-1801.641;1;136;-110;-111.3;44.4;44.8;17;17.1;25.6;0.0;
28/02/2025 07:22:11;100;0;144.97;-4;-19.94;-3.23;919.5;10.60;75224;2837.792;-1801.638;1;136;-110;-111.3;44.4;44.8;17;17.1;25.6;0.0;
28/02/2025 07:22:31;100;0;144.36;-4;-20.26;-3.25;921.6;10.60;75223;2837.791;-1801.637;1;136;-110;-109.7;44.4;44.8;15;14.9;25.6;0.0;
28/02/2025 07:22:51;100;0;145.25;-4;-20.11;-4.49;923.7;10.60;75223;2837.789;-1801.635;1;136;-110;-111.3;44.4;44.8;15;14.4;25.6;0.0;
28/02/2025 07:23:11;100;0;145.74;-4;-20.02;-4.37;925.8;10.60;75219;2837.787;-1801.633;1;136;-110;-111.3;44.4;44.8;15;14.4;25.6;0.0;
28/02/2025 07:23:31;100;0;146.90;-4;-19.20;-4.38;928.1;10.50;75213;2837.785;-1801.631;1;136;-110;-111.3;44.4;44.8;15;14.9;25.7;0.0;
28/02/2025 07:23:51;100;0;148.59;-4;-19.04;-3.97;930.4;10.50;75202;2837.783;-1801.629;1;136;-110;-111.3;44.4;44.8;15;14.9;25.7;0.0;
28/02/2025 07:24:11;100;0;148.82;-4;-20.68;-3.93;932.4;10.50;75211;2837.782;-1801.628;1;136;-110;-111.3;44.4;44.6;15;14.9;25.6;0.0;
28/02/2025 07:24:31;100;0;146.31;-4;-19.47;-4.53;934.8;10.50;75207;2837.779;-1801.626;1;136;-110;-111.3;44.4;44.8;15;14.9;25.7;0.0;
28/02/2025 07:24:51;100;0;147.64;-4;-20.25;-4.28;936.7;10.50;75196;2837.778;-1801.624;1;136;-130;-130.6;44.4;44.8;15;14.9;25.6;0.0;
28/02/2025 07:25:11;100;0;146.58;-4;-19.10;-4.57;939.1;10.40;75252;2837.776;-1801.622;1;136;-130;-132.3;44.4;44.8;15;14.9;25.6;0.0;
28/02/2025 07:25:31;100;0;148.19;-4;-19.88;-4.38;941.4;10.40;75251;2837.774;-1801.620;1;136;-130;-132.3;44.4;44.8;15;14.9;25.6;0.0;
28/02/2025 07:25:51;100;0;148.91;-4;-19.69;-4.24;943.9;10.40;75245;2837.771;-1801.618;1;136;-130;-132.3;44.4;44.6;15;14.9;25.7;0.0;
28/02/2025 07:26:11;100;0;148.73;-4;-19.52;-4.37;946.6;10.40;75239;2837.769;-1801.616;1;136;-130;-135.5;44.4;44.8;15;14.9;25.6;0.0;
28/02/2025 07:26:31;100;0;147.76;-4;-19.48;-4.15;948.9;10.40;75234;2837.767;-1801.614;1;136;-130;-132.3;44.4;44.8;15;14.4;25.7;0.0;
28/02/2025 07:26:51;100;0;150.92;-4;-20.16;-4.25;951.3;10.40;75237;2837.765;-1801.613;1;136;-130;-132.3;44.4;44.6;17;17.1;25.6;0.0;
28/02/2025 07:27:11;100;0;151.19;-4;-20.00;-2.75;953.9;10.40;75235;2837.762;-1801.611;1;136;-130;-132.3;44.4;44.8;17;17.6;25.6;0.0;
28/02/2025 07:27:31;100;0;149.07;-4;-20.05;-2.79;956.5;10.30;75242;2837.760;-1801.609;1;136;-130;-132.3;44.4;44.8;17;17.6;25.6;0.0;
28/02/2025 07:27:51;100;0;148.69;-4;-19.44;-2.91;959.2;10.30;75230;2837.758;-1801.607;1;136;-130;-132.3;44.4;44.8;17;17.6;25.6;0.0;
28/02/2025 07:28:11;100;0;147.83;-4;-19.21;-2.64;961.7;10.30;75226;2837.755;-1801.604;1;136;-130;-132.3;44.4;44.6;17;17.6;25.6;0.0;
28/02/2025 07:28:31;100;0;144.38;-4;-19.34;-2.77;964.1;10.30;75230;2837.753;-1801.602;1;136;-130;-132.3;44.4;44.8;17;17.6;25.6;0.0;
28/02/2025 07:28:51;100;0;139.41;-4;-19.45;-2.87;966.4;10.30;75217;2837.751;-1801.600;1;136;-130;-132.3;44.4;44.8;17;17.6;25.6;0.0;
28/02/2025 07:29:11;100;0;139.03;-4;-21.38;-2.76;968.8;10.30;75225;2837.750;-1801.598;1;136;-130;-132.3;44.4;44.8;17;17.6;25.6;0.0;
28/02/2025 07:29:31;100;0;137.80;-4;-17.45;-2.45;971.4;10.20;75214;2837.747;-1801.595;1;136;-130;-132.3;45.2;45.2;17;17.6;25.7;0.0;
28/02/2025 07:29:51;100;0;138.35;-4;-20.07;-2.61;973.7;10.20;75214;2837.746;-1801.593;1;136;-130;-133.9;45.2;45.5;15;14.9;25.6;0.0;
28/02/2025 07:30:11;100;0;134.04;-4;-20.98;-4.22;975.9;10.20;75212;2837.744;-1801.590;1;136;-130;-132.3;45.2;45.5;13;13.1;25.6;0.0;
28/02/2025 07:30:31;100;0;128.32;-4;-21.00;-5.53;978.2;10.20;75208;2837.743;-1801.588;1;136;-130;-132.3;45.2;45.4;6;5.9;25.6;0.0;
28/02/2025 07:30:51;100;0;126.58;-4;-19.83;-8.69;980.4;10.20;75208;2837.742;-1801.585;1;136;-130;-132.3;45.2;45.5;3;3.2;25.6;0.0;
28/02/2025 07:31:11;100;0;134.51;-4;-20.69;-10.12;982.3;10.20;75197;2837.741;-1801.583;1;136;-150;-151.6;45.2;45.5;12;12.2;25.6;0.0;
28/02/2025 07:31:31;100;0;133.24;-4;-21.24;-5.39;984.5;10.20;75237;2837.740;-1801.581;1;136;-150;-151.6;45.2;45.5;12;12.2;25.6;0.0;
28/02/2025 07:31:51;100;0;133.10;-4;-21.21;-5.29;986.9;10.20;75246;2837.738;-1801.578;1;136;-150;-151.6;45.2;45.5;12;12.2;25.6;0.0;
28/02/2025 07:32:11;100;0;132.81;-4;-20.68;-5.24;989.3;10.10;75239;2837.737;-1801.576;1;136;-150;-151.6;45.2;45.5;12;12.2;25.7;0.0;
28/02/2025 07:32:31;100;0;132.58;-4;-20.71;-5.29;991.6;10.10;75243;2837.735;-1801.573;1;136;-150;-151.6;45.2;45.5;12;12.2;25.6;0.0;
28/02/2025 07:32:51;100;0;131.76;-4;-21.41;-5.13;994.2;10.10;75238;2837.733;-1801.571;1;136;-150;-151.6;45.2;45.5;12;12.2;25.6;0.0;
28/02/2025 07:33:11;100;0;133.36;-4;-22.08;-5.31;996.8;10.10;75232;2837.732;-1801.568;1;136;-150;-153.2;44.5;44.5;12;12.2;25.6;0.0;
28/02/2025 07:33:30;118;0;135.55;-4;-20.19;-5.11;999.4;10.10;75220;2837.730;-1801.565;1;136;450;-148.4;22.5;22.4;7;7.2;25.6;0.0;
28/02/2025 07:33:40;118;0;112.01;-4;-5.16;-8.84;1000.5;10.10;75204;2837.730;-1801.564;1;136;450;-22.6;22.5;22.2;7;6.8;24.3;-1.0;
28/02/2025 07:33:50;118;0;95.65;-4;20.31;-8.69;1000.3;10.00;74935;2837.730;-1801.564;1;136;450;101.6;22.5;22.5;7;6.8;24.0;-1.0;
28/02/2025 07:34:00;118;0;93.00;-4;27.39;-9.27;999.6;10.10;74681;2837.730;-1801.563;1;136;450;225.8;22.5;22.8;7;6.8;24.1;-1.0;
28/02/2025 07:34:10;118;0;92.18;-4;26.38;-8.80;998.5;10.10;74437;2837.730;-1801.562;1;136;450;348.4;22.5;22.8;7;6.8;24.1;-1.0;
28/02/2025 07:34:20;118;0;92.82;-4;24.94;-8.41;997.2;10.10;74205;2837.731;-1801.560;1;136;450;451.6;22.5;22.8;7;6.8;23.9;-1.0;
28/02/2025 07:34:30;118;0;131.93;-4;22.55;-7.22;995.3;10.10;73980;2837.729;-1801.558;1;136;450;453.2;22.5;22.7;7;6.8;25.6;-1.0;
28/02/2025 07:34:40;118;0;130.37;-4;21.02;-7.78;993.7;10.10;73986;2837.728;-1801.556;1;136;450;453.2;22.5;22.7;7;6.8;25.6;-1.0;
28/02/2025 07:35:01;117;0;122.29;-4;18.36;-8.09;990.1;10.20;73996;2837.726;-1801.552;1;136;450;451.6;22.5;22.7;7;6.8;25.6;-1.0;
28/02/2025 07:35:21;117;0;115.69;-4;17.67;-7.73;986.6;10.20;73983;2837.725;-1801.547;1;136;450;453.2;21.8;21.4;55;55.1;25.6;-1.0;
28/02/2025 07:35:41;117;0;123.73;-4;21.54;16.81;983.2;10.20;73979;2837.723;-1801.543;1;136;450;453.2;21.8;21.8;43;42.9;25.6;-1.0;
28/02/2025 07:36:01;117;0;130.78;-4;22.66;10.73;979.1;10.30;73980;2837.720;-1801.539;1;136;450;453.2;22.6;22.7;32;32.0;25.6;-1.0;
28/02/2025 07:36:21;117;0;135.15;-4;20.54;5.17;975.2;10.30;73986;2837.718;-1801.535;1;136;450;453.2;22.6;22.8;30;29.8;25.6;-1.0;
28/02/2025 07:36:41;117;0;138.15;-4;20.68;3.85;971.5;10.30;73977;2837.715;-1801.531;1;136;450;451.6;22.6;22.8;30;29.8;25.6;-1.0;
28/02/2025 07:37:01;117;0;140.20;-4;20.83;3.76;967.6;10.30;73983;2837.711;-1801.528;1;136;450;451.6;22.6;22.8;30;29.8;25.6;-1.0;
28/02/2025 07:37:21;117;0;139.56;-4;20.06;3.78;964.2;10.30;73970;2837.709;-1801.524;1;136;450;453.2;22.6;22.8;30;29.8;25.6;-1.0;
28/02/2025 07:37:41;117;0;140.59;-4;19.85;3.57;960.5;10.30;73961;2837.705;-1801.521;1;136;450;451.6;22.6;22.8;30;29.8;25.6;-1.0;
28/02/2025 07:38:01;117;0;141.00;-4;19.72;4.39;957.3;10.30;73975;2837.703;-1801.518;1;136;450;451.6;22.6;22.7;30;29.8;25.6;-1.0;
28/02/2025 07:38:21;117;0;140.24;-4;20.19;3.75;953.6;10.20;73971;2837.700;-1801.514;1;136;450;451.6;22.6;22.8;30;29.3;25.6;-1.0;
28/02/2025 07:38:41;117;0;141.34;-4;19.87;3.89;950.1;10.20;73966;2837.697;-1801.511;1;136;450;450.0;22.6;22.8;30;29.8;25.6;-1.0;
28/02/2025 07:39:01;117;0;142.99;-4;20.71;3.59;946.5;10.20;73972;2837.694;-1801.508;1;136;450;453.2;22.6;22.7;30;29.3;25.6;-1.0;
28/02/2025 07:39:21;117;0;140.98;-4;20.30;4.18;942.8;10.20;73965;2837.691;-1801.505;1;136;450;450.0;22.6;22.8;30;29.8;25.6;-1.0;
28/02/2025 07:39:41;117;0;141.00;-4;20.48;3.81;939.1;10.20;73955;2837.687;-1801.501;1;136;450;450.0;22.6;22.7;30;29.8;25.6;-1.0;
28/02/2025 07:40:01;117;0;141.94;-4;20.09;3.87;935.6;10.20;73961;2837.684;-1801.498;1;136;450;451.6;22.6;22.7;30;29.8;25.6;-1.0;
28/02/2025 07:40:21;117;0;142.96;-4;19.98;3.85;932.1;10.20;73956;2837.681;-1801.495;1;136;450;451.6;22.6;22.8;30;29.8;25.6;-1.0;
28/02/2025 07:40:41;117;0;144.76;-4;20.02;3.75;928.5;10.20;73954;2837.678;-1801.492;1;136;450;450.0;22.6;22.8;30;29.8;25.6;-1.0;
28/02/2025 07:41:01;117;0;145.78;-4;20.04;3.95;925.0;10.10;73947;2837.675;-1801.489;1;136;450;451.6;22.6;22.8;28;28.0;25.6;-1.0;
28/02/2025 07:41:21;117;0;145.35;-4;19.97;2.86;921.6;10.10;73952;2837.672;-1801.486;1;136;450;451.6;22.6;22.8;28;27.5;25.6;-1.0;
28/02/2025 07:41:41;117;0;145.19;-4;19.81;2.81;918.2;10.10;73943;2837.669;-1801.483;1;136;450;451.6;22.6;22.8;28;27.5;25.6;-1.0;
28/02/2025 07:42:01;117;0;145.47;-4;19.76;2.95;914.9;10.10;73934;2837.666;-1801.480;1;136;450;453.2;22.6;22.7;28;27.5;25.6;-1.0;
28/02/2025 07:42:21;117;0;145.94;-4;19.68;2.93;911.6;10.10;73944;2837.663;-1801.478;1;136;450;451.6;22.6;22.7;28;27.5;25.6;-1.0;
28/02/2025 07:42:41;117;0;146.36;-4;19.77;2.90;908.5;10.10;73945;2837.660;-1801.475;1;136;450;453.2;22.6;22.7;28;27.5;25.6;-1.0;
28/02/2025 07:43:01;117;0;147.20;-4;20.02;2.85;905.2;10.10;73938;2837.657;-1801.472;1;136;450;453.2;22.6;22.8;28;27.5;25.6;-1.0;
28/02/2025 07:43:21;117;0;146.99;-4;19.95;2.88;902.2;10.10;73945;2837.654;-1801.470;1;136;450;453.2;22.6;22.7;28;27.5;25.6;-1.0;
28/02/2025 07:43:41;117;0;146.36;-4;19.93;2.87;898.9;10.00;73946;2837.651;-1801.467;1;136;450;453.2;22.6;22.8;28;27.5;25.7;-1.0;
28/02/2025 07:44:01;117;0;146.33;-4;19.96;2.90;895.7;10.00;73949;2837.648;-1801.465;1;136;450;451.6;22.6;22.7;28;27.5;25.6;-1.0;
28/02/2025 07:44:21;117;0;145.09;-4;19.82;3.08;892.4;10.00;73949;2837.645;-1801.462;1;136;450;450.0;22.6;22.8;28;27.5;25.6;-1.0;
28/02/2025 07:44:41;117;0;144.27;-4;19.85;2.91;889.4;10.00;73935;2837.643;-1801.459;1;136;450;453.2;22.6;22.8;28;27.5;25.7;-1.0;
28/02/2025 07:45:01;117;0;143.37;-4;19.83;2.90;886.1;10.00;73952;2837.640;-1801.456;1;136;450;453.2;22.6;22.8;28;27.5;25.6;-1.0;
28/02/2025 07:45:21;117;0;142.34;-4;19.79;2.94;882.9;10.00;73945;2837.637;-1801.453;1;136;450;453.2;22.6;22.8;28;27.5;25.6;-1.0;
28/02/2025 07:45:41;117;0;141.47;-4;19.73;2.92;879.8;10.00;73947;2837.635;-1801.451;1;136;450;451.6;22.6;22.8;28;27.5;25.6;-1.0;
28/02/2025 07:46:01;117;0;140.12;-4;19.85;3.11;876.5;10.00;73948;2837.632;-1801.447;1;136;450;453.2;22.6;22.8;28;27.5;25.6;-1.0;
28/02/2025 07:46:21;117;0;139.27;-4;19.97;2.88;873.3;10.00;73950;2837.629;-1801.444;1;136;450;453.2;22.6;22.8;28;27.5;25.6;-1.0;
28/02/2025 07:46:41;117;0;137.71;-4;19.85;2.94;870.0;10.00;73934;2837.627;-1801.441;1;136;450;451.6;22.6;22.8;28;27.5;25.6;-1.0;
28/02/2025 07:47:01;117;0;138.00;-4;20.05;2.96;866.7;10.00;73946;2837.624;-1801.438;1;136;450;453.2;22.6;22.8;28;27.5;25.6;-1.0;
28/02/2025 07:47:21;117;0;137.71;-4;19.67;2.87;863.5;10.00;73928;2837.622;-1801.435;1;136;450;454.8;22.6;22.8;28;27.5;25.6;-1.0;
28/02/2025 07:47:41;117;0;137.25;-4;19.66;2.88;860.2;10.00;73946;2837.619;-1801.431;1;136;450;453.2;22.6;22.7;28;27.5;25.6;-1.0;
28/02/2025 07:48:01;117;0;136.38;-4;19.74;2.92;857.1;10.00;73928;2837.617;-1801.428;1;136;450;453.2;22.6;22.7;28;27.5;25.6;-1.0;
28/02/2025 07:48:21;117;0;135.30;-4;19.85;2.85;854.0;10.00;73930;2837.614;-1801.425;1;136;450;453.2;22.6;22.8;28;27.5;25.6;-1.0;
28/02/2025 07:48:41;117;0;134.19;-4;19.62;2.92;850.9;10.00;73938;2837.612;-1801.422;1;136;450;453.2;22.6;22.7;30;29.8;25.6;-1.0;
28/02/2025 07:49:01;117;0;135.28;-4;19.67;4.11;847.8;10.00;73940;2837.610;-1801.418;1;136;450;453.2;22.6;22.7;30;30.2;25.6;-1.0;
28/02/2025 07:49:21;117;0;136.20;-4;19.67;4.12;845.0;10.00;73951;2837.608;-1801.416;1;136;450;453.2;22.6;22.7;30;30.2;25.6;-1.0;
28/02/2025 07:49:41;117;0;138.79;-4;19.98;4.20;841.7;10.00;73945;2837.605;-1801.412;1;136;450;453.2;22.6;22.7;30;30.2;25.6;-1.0;
28/02/2025 07:50:01;117;0;141.10;-4;19.87;4.11;838.6;10.00;73945;2837.603;-1801.410;1;136;450;450.0;22.6;22.7;30;30.2;25.6;-1.0;
28/02/2025 07:50:21;117;0;141.18;-4;19.87;4.11;835.7;10.00;73961;2837.600;-1801.407;1;136;450;453.2;22.6;22.8;30;30.2;25.6;-1.0;
28/02/2025 07:50:41;117;0;141.68;-4;20.09;4.20;832.9;10.00;73951;2837.598;-1801.404;1;136;450;453.2;22.6;22.8;30;30.2;25.6;-1.0;
28/02/2025 07:51:01;117;0;142.57;-4;19.89;4.21;829.8;10.00;73948;2837.595;-1801.401;1;136;450;453.2;22.6;22.8;30;30.2;25.6;-1.0;
28/02/2025 07:51:21;117;0;142.82;-4;20.05;4.19;826.9;10.00;73956;2837.593;-1801.399;1;136;450;451.6;22.6;22.7;30;30.2;25.6;-1.0;
28/02/2025 07:51:41;117;0;144.13;-4;20.40;4.30;823.8;10.00;73959;2837.590;-1801.396;1;136;450;453.2;22.6;22.8;30;30.2;25.6;-1.0;
28/02/2025 07:52:01;117;0;144.27;-4;20.04;4.04;820.7;10.00;73957;2837.587;-1801.393;1;136;450;453.2;22.6;22.8;30;30.2;25.7;-1.0;
28/02/2025 07:52:21;117;0;145.33;-4;19.41;4.21;817.8;10.00;73956;2837.585;-1801.391;1;136;450;453.2;22.6;22.8;30;30.2;25.6;-1.0;
28/02/2025 07:52:41;117;0;146.05;-4;19.64;4.08;814.9;10.00;73947;2837.582;-1801.388;1;136;450;453.2;22.6;22.7;30;30.2;25.6;-1.0;
28/02/2025 07:53:01;117;0;146.59;-4;19.83;4.09;812.2;10.00;73955;2837.580;-1801.386;1;136;450;453.2;22.6;22.8;28;28.0;25.6;-1.0;
28/02/2025 07:53:21;117;0;147.98;-4;19.86;2.74;809.3;10.00;73964;2837.577;-1801.384;1;136;450;454.8;22.6;22.8;28;27.5;25.6;-1.0;
28/02/2025 07:53:41;117;0;149.71;-4;19.85;3.11;806.2;10.00;73959;2837.574;-1801.382;1;136;450;453.2;22.6;22.8;28;27.5;25.6;-1.0;
28/02/2025 07:54:01;117;0;150.54;-4;19.57;2.74;803.3;10.00;73953;2837.572;-1801.380;1;136;450;453.2;22.6;22.8;28;27.5;25.6;-1.0;
28/02/2025 07:54:21;117;0;151.97;-4;19.36;2.80;800.6;10.00;73953;2837.569;-1801.378;1;136;450;451.6;22.6;22.8;25;24.8;25.6;-1.0;
28/02/2025 07:54:41;117;0;150.34;-4;19.37;1.46;797.8;10.00;73962;2837.566;-1801.375;1;136;450;453.2;22.6;22.8;27;27.1;25.6;-1.0;
28/02/2025 07:55:01;117;0;150.43;-4;19.34;2.88;794.8;10.00;73972;2837.563;-1801.373;1;136;450;453.2;22.6;22.7;27;27.5;25.6;-1.0;
28/02/2025 07:55:21;117;0;149.45;-4;19.36;2.93;792.2;10.00;73967;2837.561;-1801.371;1;136;450;453.2;22.6;22.8;27;27.5;25.6;-1.0;
28/02/2025 07:55:41;117;0;148.38;-4;19.47;2.94;789.4;10.00;73977;2837.558;-1801.369;1;136;450;453.2;22.6;22.7;27;27.5;25.6;-1.0;
28/02/2025 07:56:01;117;0;148.40;-4;19.45;2.80;786.5;10.00;73983;2837.555;-1801.367;1;136;450;453.2;22.6;22.7;27;27.5;25.6;-1.0;
28/02/2025 07:56:21;117;0;148.10;-4;19.42;3.00;783.6;10.00;73972;2837.553;-1801.364;1;136;450;453.2;22.6;22.8;27;27.5;25.6;-1.0;
28/02/2025 07:56:41;117;0;147.88;-4;19.39;2.91;780.9;10.00;73977;2837.550;-1801.362;1;136;450;450.0;22.6;22.8;27;27.5;25.6;-1.0;
28/02/2025 07:57:01;117;0;147.25;-4;19.42;2.92;778.1;10.00;73985;2837.547;-1801.360;1;136;450;453.2;22.6;22.8;27;27.5;25.6;-1.0;
28/02/2025 07:57:21;117;0;147.02;-4;19.39;2.94;775.3;10.00;73985;2837.545;-1801.357;1;136;450;453.2;22.6;22.8;27;27.5;25.6;-1.0;
28/02/2025 07:57:41;117;0;146.90;-4;19.34;2.93;772.5;10.00;73978;2837.542;-1801.355;1;136;450;453.2;22.6;22.7;27;27.5;25.6;-1.0;
28/02/2025 07:58:01;117;0;146.42;-4;19.30;2.90;769.7;10.00;73987;2837.540;-1801.353;1;136;450;453.2;22.6;22.7;27;27.5;25.6;-1.0;
28/02/2025 07:58:21;117;0;144.50;-4;19.23;2.95;767.1;10.00;73981;2837.537;-1801.350;1;136;450;453.2;22.6;22.8;27;27.5;25.6;-1.0;
28/02/2025 07:58:41;117;0;142.87;-4;19.31;2.98;764.5;10.00;73981;2837.535;-1801.348;1;136;450;453.2;22.6;22.7;27;27.5;25.6;-1.0;
28/02/2025 07:59:01;117;0;141.60;-4;19.30;2.82;761.6;10.00;74000;2837.533;-1801.345;1;136;450;453.2;22.6;22.7;27;27.5;25.6;-1.0;
28/02/2025 07:59:21;117;0;140.73;-4;19.33;2.94;758.8;10.00;74005;2837.530;-1801.342;1;136;450;453.2;22.6;22.8;27;27.5;25.6;-1.0;
28/02/2025 07:59:41;117;0;140.82;-4;19.41;2.87;756.1;10.00;74005;2837.528;-1801.340;1;136;450;454.8;22.6;22.8;27;27.5;25.6;-1.0;
28/02/2025 08:00:01;117;0;141.16;-4;19.50;2.92;753.4;10.00;74005;2837.526;-1801.337;1;136;450;453.2;22.6;22.8;27;27.5;25.6;-1.0;
28/02/2025 08:00:21;117;0;141.30;-4;19.56;2.91;750.6;10.10;74009;2837.524;-1801.335;1;136;450;453.2;22.6;22.8;27;27.5;25.6;-1.0;
28/02/2025 08:00:41;117;0;142.61;-4;19.53;2.88;747.7;10.10;74009;2837.521;-1801.332;1;136;450;453.2;22.6;22.8;27;27.5;25.6;-1.0;
28/02/2025 08:01:01;117;0;142.70;-4;19.50;2.89;744.9;10.10;74027;2837.519;-1801.329;1;136;450;453.2;22.6;22.7;27;27.5;25.6;-1.0;
28/02/2025 08:01:21;117;0;142.79;-4;19.47;2.81;742.0;10.10;74030;2837.516;-1801.327;1;136;450;453.2;22.6;22.8;27;27.5;25.6;-1.0;
28/02/2025 08:01:41;117;0;143.04;-4;19.42;2.89;739.1;10.10;74027;2837.514;-1801.324;1;136;450;453.2;22.6;22.7;27;27.5;25.6;-1.0;
28/02/2025 08:02:01;117;0;143.23;-4;19.56;2.91;736.1;10.10;74027;2837.511;-1801.321;1;136;450;454.8;22.6;22.8;27;27.5;25.6;-1.0;
28/02/2025 08:02:21;117;0;144.11;-4;19.33;2.87;733.2;10.10;74016;2837.508;-1801.319;1;136;450;453.2;22.6;22.8;27;27.5;25.6;-1.0;
28/02/2025 08:02:41;117;0;143.91;-4;19.65;2.81;730.3;10.10;74031;2837.506;-1801.316;1;136;450;454.8;22.6;22.8;27;27.5;25.6;-1.0;
28/02/2025 08:03:01;117;0;142.79;-4;19.41;2.88;727.3;10.10;74025;2837.503;-1801.313;1;136;450;454.8;22.6;22.8;27;27.5;25.6;-1.0;
28/02/2025 08:03:21;117;0;142.82;-4;19.46;2.87;724.3;10.20;74038;2837.501;-1801.311;1;136;450;453.2;22.6;22.8;27;27.5;25.6;-1.0;
28/02/2025 08:03:41;117;0;143.40;-4;19.55;2.88;721.4;10.20;74045;2837.498;-1801.308;1;136;450;453.2;22.6;22.8;27;27.5;25.6;-1.0;
28/02/2025 08:04:01;117;0;142.84;-4;19.55;2.93;718.3;10.20;74050;2837.496;-1801.305;1;136;450;453.2;22.6;22.8;27;27.5;25.6;-1.0;
28/02/2025 08:04:21;117;0;141.67;-4;19.61;2.97;715.1;10.20;74045;2837.493;-1801.302;1;136;450;454.8;22.6;22.8;27;27.5;25.6;-1.0;
28/02/2025 08:04:41;117;0;140.92;-4;19.24;2.61;711.8;10.20;74055;2837.490;-1801.299;1;136;450;453.2;22.6;22.8;27;27.5;25.6;-1.0;
28/02/2025 08:05:01;117;0;140.63;-4;19.34;2.89;708.6;10.20;74049;2837.487;-1801.296;1;136;450;451.6;22.6;22.8;27;27.5;25.6;-1.0;
28/02/2025 08:05:21;117;0;140.24;-4;19.40;2.88;705.2;10.20;74048;2837.484;-1801.293;1;136;450;450.0;22.6;22.8;27;27.5;25.6;-1.0;
28/02/2025 08:05:41;117;0;139.00;-4;19.23;2.92;701.9;10.20;74050;2837.481;-1801.289;1;136;450;454.8;22.6;22.8;27;27.5;25.6;-1.0;
28/02/2025 08:06:01;117;0;138.08;-4;19.27;2.90;698.6;10.30;74059;2837.479;-1801.286;1;136;450;454.8;22.6;22.7;27;27.5;25.6;-1.0;
28/02/2025 08:06:21;117;0;137.24;-4;19.49;2.92;695.2;10.20;74063;2837.476;-1801.282;1;136;450;453.2;22.6;22.8;27;27.5;25.6;-1.0;
28/02/2025 08:06:41;117;0;135.66;-4;19.32;2.97;691.7;10.30;74058;2837.473;-1801.279;1;136;450;453.2;22.6;22.7;29;28.9;25.6;-1.0;
28/02/2025 08:07:01;117;0;134.65;-4;19.21;3.75;688.3;10.30;74064;2837.470;-1801.275;1;136;450;453.2;22.6;22.8;29;29.3;25.6;-1.0;
28/02/2025 08:07:21;117;0;134.64;-4;19.22;3.73;684.9;10.30;74058;2837.468;-1801.271;1;136;450;453.2;22.6;22.8;29;29.3;25.6;-1.0;
28/02/2025 08:07:41;117;0;136.45;-4;19.40;3.68;681.5;10.30;74068;2837.465;-1801.268;1;136;450;453.2;22.6;22.8;29;29.3;25.6;-1.0;
28/02/2025 08:08:01;117;0;137.69;-4;19.33;3.65;678.1;10.30;74073;2837.462;-1801.264;1;136;450;454.8;22.6;22.8;29;28.9;25.6;-1.0;
28/02/2025 08:08:21;117;0;139.08;-4;19.32;3.72;674.6;10.30;74062;2837.459;-1801.261;1;136;450;453.2;22.6;22.8;29;29.3;25.6;-1.0;
28/02/2025 08:08:41;117;0;141.04;-4;19.30;3.72;671.0;10.30;74089;2837.456;-1801.257;1;136;450;454.8;22.6;22.8;29;29.3;25.6;-1.0;
28/02/2025 08:09:01;117;0;142.17;-4;19.26;3.65;667.7;10.40;74090;2837.453;-1801.254;1;136;450;453.2;22.6;22.8;29;28.9;25.6;-1.0;
28/02/2025 08:09:21;117;0;142.00;-4;19.31;3.76;664.1;10.40;74090;2837.450;-1801.251;1;136;450;453.2;22.6;22.8;29;28.9;25.6;-1.0;
28/02/2025 08:09:41;117;0;143.47;-4;19.26;3.61;660.6;10.40;74092;2837.447;-1801.248;1;136;450;451.6;22.6;22.8;29;29.3;25.6;-1.0;
28/02/2025 08:10:02;117;0;144.41;-4;19.25;3.70;657.1;10.40;74095;2837.443;-1801.244;1;136;450;453.2;22.6;22.7;29;29.3;25.6;-1.0;
28/02/2025 08:10:22;117;0;146.07;-4;19.21;3.71;653.8;10.40;74097;2837.440;-1801.242;1;136;450;453.2;22.6;23.0;29;29.3;25.6;-1.0;
28/02/2025 08:10:42;117;0;148.58;-4;18.87;3.62;650.2;10.40;74106;2837.437;-1801.239;1;136;450;453.2;22.3;22.1;27;27.1;25.6;-1.0;
28/02/2025 08:11:02;117;0;148.68;-4;20.44;2.64;646.9;10.40;74110;2837.434;-1801.236;1;136;450;453.2;22.3;21.6;27;27.1;25.6;-1.0;
28/02/2025 08:11:22;117;0;149.01;-4;20.82;2.50;643.3;10.50;74121;2837.430;-1801.233;1;136;450;453.2;22.3;21.5;27;27.1;25.6;-1.0;
28/02/2025 08:11:42;117;0;147.78;-4;21.16;2.68;639.7;10.50;74123;2837.427;-1801.231;1;136;450;454.8;22.3;21.5;27;27.1;25.6;-1.0;
28/02/2025 08:12:02;117;0;147.81;-4;21.07;2.58;636.1;10.50;74117;2837.424;-1801.228;1;136;450;450.0;22.3;21.5;27;27.1;25.6;-1.0;
28/02/2025 08:12:22;117;0;148.09;-4;21.07;2.62;632.4;10.50;74127;2837.421;-1801.225;1;136;450;454.8;22.3;21.5;27;27.1;25.6;-1.0;
28/02/2025 08:12:42;117;0;147.74;-4;20.75;2.55;628.8;10.50;74137;2837.417;-1801.222;1;136;450;454.8;22.3;21.5;27;27.1;25.6;-1.0;
28/02/2025 08:13:02;117;0;145.38;-4;20.54;2.88;625.2;10.50;74128;2837.414;-1801.220;1;136;450;454.8;22.3;21.6;27;27.1;25.6;-1.0;
28/02/2025 08:13:22;117;0;143.47;-4;21.01;2.64;621.8;10.60;74141;2837.411;-1801.217;1;136;450;453.2;22.3;21.5;27;27.1;25.6;-1.0;
28/02/2025 08:13:42;117;0;141.98;-4;20.91;3.07;618.1;10.60;74137;2837.408;-1801.213;1;136;450;453.2;22.3;21.5;27;27.1;25.6;-1.0;
28/02/2025 08:14:02;117;0;138.84;-4;20.54;2.50;614.6;10.60;74148;2837.405;-1801.210;1;136;450;453.2;22.3;21.6;27;27.1;25.6;-1.0;
28/02/2025 08:14:22;117;0;137.22;-4;20.44;2.64;611.2;10.60;74152;2837.403;-1801.207;1;136;450;454.8;22.3;21.5;27;27.1;25.6;-1.0;
28/02/2025 08:14:42;117;0;134.82;-4;21.07;2.56;607.9;10.60;74141;2837.400;-1801.203;1;136;450;453.2;22.3;22.2;29;29.3;25.7;-1.0;
28/02/2025 08:15:02;117;0;134.10;-4;20.20;3.74;604.3;10.60;74154;2837.398;-1801.200;1;136;450;454.8;22.3;22.4;29;29.3;25.6;-1.0;
28/02/2025 08:15:22;117;0;133.99;-4;19.75;3.93;600.8;10.60;74156;2837.395;-1801.196;1;136;450;454.8;22.3;22.4;29;29.3;25.6;-1.0;
28/02/2025 08:15:42;117;0;133.13;-4;19.81;3.75;597.4;10.70;74163;2837.393;-1801.192;1;136;450;453.2;22.3;22.4;29;29.3;25.6;-1.0;
28/02/2025 08:16:02;117;0;132.81;-4;19.70;3.77;594.2;10.70;74162;2837.390;-1801.189;1;136;450;453.2;22.3;22.4;31;31.1;25.6;-1.0;
28/02/2025 08:16:22;117;0;133.81;-4;19.83;4.79;590.7;10.70;74164;2837.388;-1801.185;1;136;450;453.2;22.3;22.4;29;28.9;25.6;-1.0;
28/02/2025 08:16:42;117;0;133.17;-4;19.77;3.47;587.5;10.70;74157;2837.385;-1801.182;1;136;450;453.2;22.3;22.4;29;28.9;25.6;-1.0;
28/02/2025 08:17:02;117;0;132.43;-4;19.63;3.42;584.0;10.70;74178;2837.383;-1801.178;1;136;450;454.8;22.3;22.4;29;28.9;25.6;-1.0;
28/02/2025 08:17:22;117;0;132.11;-4;19.49;3.37;580.7;10.70;74172;2837.381;-1801.174;1;136;450;453.2;22.3;22.4;31;31.1;25.6;-1.0;
28/02/2025 08:17:42;117;0;131.83;-4;19.66;4.85;577.5;10.80;74183;2837.378;-1801.170;1;136;450;454.8;22.3;22.4;31;31.1;25.6;-1.0;
28/02/2025 08:18:02;117;0;132.14;-4;19.81;4.83;574.3;10.80;74176;2837.376;-1801.167;1;136;450;453.2;22.3;22.4;31;31.1;25.6;-1.0;
28/02/2025 08:18:22;117;0;132.43;-4;19.71;4.77;571.0;10.80;74183;2837.374;-1801.163;1;136;450;454.8;22.3;22.4;31;31.1;25.6;-1.0;
28/02/2025 08:18:42;117;0;133.18;-4;19.72;4.78;567.7;10.80;74196;2837.371;-1801.160;1;136;450;453.2;22.3;22.5;31;31.1;25.6;-1.0;
28/02/2025 08:19:02;117;0;134.92;-4;19.65;4.70;564.7;10.80;74185;2837.369;-1801.157;1;136;450;454.8;22.3;22.4;31;31.1;25.6;-1.0;
28/02/2025 08:19:22;117;0;137.28;-4;19.79;4.74;561.4;10.80;74181;2837.367;-1801.153;1;136;450;453.2;22.3;22.4;29;28.9;25.6;-1.0;
28/02/2025 08:19:42;117;0;137.73;-4;19.74;3.37;558.2;10.90;74194;2837.364;-1801.150;1;136;450;453.2;22.3;22.4;29;28.9;25.6;-1.0;
28/02/2025 08:20:02;117;0;137.73;-4;19.74;3.50;555.1;10.90;74191;2837.362;-1801.147;1;136;450;454.8;22.3;22.4;29;28.9;25.6;-1.0;
28/02/2025 08:20:22;117;0;137.47;-4;19.87;3.42;551.9;10.90;74204;2837.359;-1801.144;1;136;450;454.8;22.3;22.4;29;28.9;25.6;-1.0;
28/02/2025 08:20:42;117;0;137.98;-4;19.72;3.36;548.8;10.90;74194;2837.357;-1801.141;1;136;450;454.8;22.3;22.4;29;28.9;25.6;-1.0;
28/02/2025 08:21:02;117;0;138.88;-4;19.69;3.24;545.6;10.90;74194;2837.354;-1801.138;1;136;450;454.8;22.3;22.4;29;28.9;25.6;-1.0;
28/02/2025 08:21:22;117;0;139.80;-4;19.68;3.42;542.6;10.90;74215;2837.352;-1801.135;1;136;450;454.8;22.3;22.5;29;28.4;25.6;-1.0;
28/02/2025 08:21:42;117;0;141.31;-4;19.60;3.36;539.4;10.90;74209;2837.349;-1801.132;1;136;450;453.2;22.3;22.4;29;28.4;25.6;-1.0;
28/02/2025 08:22:02;117;0;142.36;-4;19.66;3.33;536.3;11.00;74214;2837.346;-1801.129;1;136;450;454.8;22.3;22.5;29;28.4;25.6;-1.0;
28/02/2025 08:22:22;117;0;143.19;-4;19.63;3.34;533.1;11.00;74211;2837.344;-1801.126;1;136;450;454.8;22.3;22.4;29;28.9;25.6;-1.0;
28/02/2025 08:22:42;117;0;143.47;-4;19.88;3.42;530.0;11.00;74210;2837.341;-1801.123;1;136;450;454.8;22.3;22.4;29;28.9;25.6;-1.0;
28/02/2025 08:23:02;117;0;143.99;-4;19.68;3.27;526.9;11.00;74212;2837.338;-1801.121;1;136;450;454.8;22.3;22.4;29;28.9;25.6;-1.0;
28/02/2025 08:23:22;117;0;144.35;-4;19.65;3.32;523.7;11.00;74216;2837.336;-1801.118;1;136;450;453.2;22.3;22.4;29;28.4;25.6;-1.0;
28/02/2025 08:23:42;117;0;144.87;-4;19.50;3.37;520.7;11.00;74226;2837.333;-1801.115;1;136;450;454.8;22.3;22.4;29;28.9;25.6;-1.0;
28/02/2025 08:24:02;117;0;145.78;-4;19.53;3.42;517.4;11.00;74215;2837.330;-1801.113;1;136;450;454.8;22.3;22.4;29;28.4;25.6;-1.0;
28/02/2025 08:24:22;117;0;145.92;-4;19.58;3.46;514.3;11.10;74220;2837.327;-1801.110;1;136;450;454.8;22.3;22.5;29;28.9;25.6;-1.0;
28/02/2025 08:24:42;117;0;145.02;-4;19.61;3.36;511.2;11.10;74226;2837.324;-1801.108;1;136;450;454.8;22.3;22.4;29;28.9;25.6;-1.0;
28/02/2025 08:25:02;117;0;144.82;-4;19.52;3.41;508.1;11.10;74226;2837.322;-1801.105;1;136;450;454.8;22.3;22.5;29;28.9;25.6;-1.0;
28/02/2025 08:25:22;117;0;144.92;-4;19.49;3.33;504.9;11.10;74239;2837.319;-1801.102;1;136;450;454.8;22.3;22.4;29;28.9;25.6;-1.0;
28/02/2025 08:25:42;117;0;144.96;-4;19.39;3.34;501.9;11.10;74233;2837.316;-1801.099;1;136;450;453.2;22.3;22.4;29;28.9;25.6;-1.0;
28/02/2025 08:26:02;117;0;146.13;-4;19.43;3.33;498.8;11.10;74233;2837.313;-1801.097;1;136;450;454.8;22.3;22.4;29;28.4;25.7;-1.0;
28/02/2025 08:26:22;117;0;147.53;-4;19.45;3.16;495.7;11.20;74250;2837.310;-1801.094;1;136;450;454.8;22.3;22.4;29;28.9;25.6;-1.0;
28/02/2025 08:26:42;117;0;149.28;-4;19.63;3.32;492.6;11.20;74257;2837.307;-1801.092;1;136;450;454.8;22.3;22.4;27;26.6;25.6;-1.0;
28/02/2025 08:27:02;117;0;148.93;-4;19.31;2.52;489.6;11.20;74255;2837.304;-1801.089;1;136;450;454.8;22.3;22.5;27;27.1;25.6;-1.0;
28/02/2025 08:27:22;117;0;148.77;-4;19.38;2.54;486.4;11.20;74253;2837.301;-1801.087;1;136;450;454.8;22.3;22.4;27;27.1;25.6;-1.0;
28/02/2025 08:27:42;117;0;149.11;-4;19.53;2.48;483.4;11.20;74276;2837.298;-1801.085;1;136;450;454.8;22.3;22.4;27;27.1;25.6;-1.0;
28/02/2025 08:28:02;117;0;149.02;-4;19.32;2.50;480.3;11.20;74263;2837.296;-1801.082;1;136;450;456.5;22.3;22.5;27;27.1;25.6;-1.0;
28/02/2025 08:28:22;117;0;149.31;-4;19.25;2.47;477.3;11.30;74270;2837.293;-1801.080;1;136;450;453.2;22.3;22.5;27;26.6;25.6;-1.0;
28/02/2025 08:28:42;117;0;149.20;-4;19.41;2.42;474.3;11.30;74266;2837.290;-1801.077;1;136;450;453.2;22.3;22.4;27;27.1;25.6;-1.0;
28/02/2025 08:29:02;117;0;148.93;-4;19.49;2.45;471.1;11.30;74266;2837.287;-1801.075;1;136;450;454.8;22.3;22.4;27;27.1;25.6;-1.0;
28/02/2025 08:29:22;117;0;148.57;-4;19.28;2.55;468.0;11.30;74276;2837.284;-1801.072;1;136;450;454.8;22.3;22.5;27;27.1;25.6;-1.0;
28/02/2025 08:29:42;117;0;148.38;-4;19.26;2.51;464.9;11.30;74271;2837.281;-1801.070;1;136;450;453.2;22.3;22.4;27;27.1;25.6;-1.0;
28/02/2025 08:30:02;117;0;147.50;-4;19.04;2.52;462.1;11.30;74269;2837.278;-1801.067;1;136;450;454.8;22.3;22.4;27;27.1;25.6;-1.0;
28/02/2025 08:30:22;117;0;143.77;-4;19.22;2.73;458.9;11.40;74284;2837.275;-1801.065;1;136;450;454.8;22.3;22.4;27;26.6;25.6;-1.0;
28/02/2025 08:30:42;117;0;139.11;-4;19.04;2.51;455.8;11.40;74290;2837.272;-1801.062;1;136;450;456.5;22.3;22.4;27;26.6;25.6;-1.0;
28/02/2025 08:31:02;117;0;136.74;-4;19.13;2.33;452.6;11.40;74285;2837.270;-1801.058;1;136;450;454.8;22.3;22.5;27;26.6;25.6;-1.0;
28/02/2025 08:31:22;117;0;135.11;-4;18.88;2.65;449.4;11.40;74293;2837.267;-1801.055;1;136;450;454.8;22.0;22.1;29;29.3;25.6;-1.0;
28/02/2025 08:31:42;117;0;133.73;-4;19.30;3.89;446.3;11.40;74299;2837.265;-1801.051;1;136;450;454.8;22.0;21.9;29;29.8;25.6;-1.0;
28/02/2025 08:32:02;117;0;132.57;-4;19.53;4.03;443.1;11.50;74313;2837.263;-1801.048;1;136;450;453.2;22.0;21.8;29;29.8;25.6;-1.0;
28/02/2025 08:32:22;117;0;131.92;-4;19.67;3.90;439.9;11.50;74313;2837.261;-1801.044;1;136;450;453.2;22.0;21.6;31;31.6;25.6;-1.0;
28/02/2025 08:32:42;117;0;130.82;-4;19.86;5.05;436.8;11.50;74319;2837.258;-1801.041;1;136;450;454.8;22.0;21.8;33;33.4;25.6;-1.0;
28/02/2025 08:33:02;117;0;131.67;-4;19.96;5.75;433.7;11.50;74320;2837.256;-1801.037;1;136;450;453.2;22.0;21.8;33;33.4;25.6;-1.0;
28/02/2025 08:33:22;117;0;132.61;-4;20.10;5.81;430.5;11.50;74333;2837.254;-1801.034;1;136;450;454.8;22.0;21.6;30;29.3;25.6;-1.0;
28/02/2025 08:33:42;117;0;132.09;-4;20.16;3.56;427.5;11.50;74327;2837.252;-1801.031;1;136;450;453.2;22.0;21.8;30;28.9;25.6;-1.0;
28/02/2025 08:34:02;117;0;131.60;-4;20.09;3.64;424.3;11.60;74343;2837.250;-1801.027;1;136;450;454.8;22.0;21.8;30;29.3;25.6;-1.0;
28/02/2025 08:34:22;117;0;132.14;-4;20.11;3.57;421.1;11.60;74344;2837.248;-1801.024;1;136;450;454.8;22.0;21.8;30;29.3;25.6;-1.0;
28/02/2025 08:34:42;117;0;133.66;-4;20.08;3.51;417.9;11.60;74346;2837.245;-1801.020;1;136;450;454.8;22.0;21.8;30;28.9;25.6;-1.0;
28/02/2025 08:35:02;117;0;133.46;-4;20.05;3.61;414.7;11.60;74361;2837.243;-1801.017;1;136;450;454.8;22.0;21.8;30;29.3;25.6;-1.0;
28/02/2025 08:35:22;117;0;132.67;-4;20.03;3.68;411.5;11.60;74369;2837.241;-1801.013;1;136;450;454.8;22.0;21.8;30;29.3;25.6;-1.0;
28/02/2025 08:35:42;117;0;132.38;-4;19.96;3.68;408.5;11.70;74359;2837.239;-1801.010;1;136;450;454.8;22.0;21.8;30;29.3;25.6;-1.0;
28/02/2025 08:36:02;117;0;132.99;-4;19.92;3.56;405.3;11.70;74365;2837.236;-1801.006;1;136;450;453.2;22.0;21.8;30;29.3;25.6;-1.0;
28/02/2025 08:36:22;117;0;135.25;-4;20.13;3.56;402.1;11.70;74372;2837.234;-1801.003;1;136;450;451.6;22.0;21.8;30;29.3;25.6;-1.0;
28/02/2025 08:36:42;117;0;136.53;-4;20.00;3.57;398.8;11.70;74386;2837.232;-1801.000;1;136;450;453.2;22.0;21.8;30;29.3;25.6;-1.0;
28/02/2025 08:37:02;117;0;137.72;-4;19.98;3.57;395.6;11.70;74388;2837.229;-1800.997;1;136;450;454.8;22.0;21.8;30;29.3;25.6;-1.0;
28/02/2025 08:37:22;117;0;138.82;-4;19.87;3.60;392.5;11.80;74403;2837.227;-1800.994;1;136;450;454.8;22.0;21.8;30;29.3;25.6;-1.0;
28/02/2025 08:37:42;117;0;140.24;-4;19.57;3.52;389.5;11.80;74411;2837.224;-1800.991;1;136;450;454.8;22.0;21.8;30;29.3;25.6;-1.0;
28/02/2025 08:38:02;117;0;141.33;-4;20.03;3.58;386.4;11.80;74410;2837.221;-1800.988;1;136;450;454.8;22.0;21.8;30;29.3;25.6;-1.0;
28/02/2025 08:38:22;117;0;143.39;-4;20.08;3.53;383.3;11.80;74420;2837.219;-1800.985;1;136;450;454.8;22.0;21.8;30;29.3;25.6;-1.0;
28/02/2025 08:38:42;117;0;144.51;-4;19.88;3.64;380.1;11.90;74427;2837.216;-1800.982;1;136;450;454.8;22.0;21.8;30;29.3;25.6;-1.0;
28/02/2025 08:39:02;117;0;145.01;-4;19.77;3.63;377.0;11.90;74428;2837.213;-1800.980;1;136;450;454.8;22.0;21.8;30;29.3;25.6;-1.0;
28/02/2025 08:39:22;117;0;145.54;-4;19.83;3.62;374.0;11.90;74432;2837.211;-1800.977;1;136;450;454.8;22.0;21.8;30;29.3;25.6;-1.0;
28/02/2025 08:39:42;117;0;145.64;-4;19.92;3.67;370.9;11.90;74432;2837.208;-1800.975;1;136;450;454.8;22.0;21.8;28;27.5;25.6;-1.0;
28/02/2025 08:40:02;117;0;144.44;-4;19.81;2.82;367.9;12.00;74445;2837.205;-1800.972;1;136;450;454.8;22.0;21.8;28;27.5;25.6;-1.0;
28/02/2025 08:40:22;117;0;143.64;-4;19.56;2.80;364.8;12.00;74450;2837.203;-1800.969;1;136;450;454.8;22.0;21.8;28;27.5;25.6;-1.0;
28/02/2025 08:40:42;117;0;142.64;-4;19.59;2.72;361.9;12.00;74456;2837.200;-1800.967;1;136;450;454.8;22.0;21.8;28;27.5;25.6;-1.0;
28/02/2025 08:41:02;117;0;141.65;-4;19.71;2.81;358.9;12.00;74461;2837.198;-1800.964;1;136;450;454.8;22.0;21.8;28;27.5;25.6;-1.0;
28/02/2025 08:41:22;117;0;140.80;-4;19.53;2.92;356.0;12.00;74463;2837.195;-1800.961;1;136;450;454.8;22.0;21.8;28;27.5;25.6;-1.0;
28/02/2025 08:41:42;117;0;140.03;-4;19.84;2.87;353.0;12.10;74472;2837.193;-1800.958;1;136;450;454.8;22.0;21.6;28;27.5;25.6;-1.0;
28/02/2025 08:42:02;117;0;138.91;-4;19.81;2.81;349.9;12.10;74484;2837.190;-1800.955;1;136;450;454.8;22.0;21.8;28;27.5;25.6;-1.0;
28/02/2025 08:42:22;117;0;137.96;-4;19.68;2.83;346.8;12.10;74486;2837.188;-1800.952;1;136;450;454.8;22.0;21.8;28;27.5;25.6;-1.0;
28/02/2025 08:42:42;117;0;136.93;-4;19.71;2.83;343.8;12.20;74490;2837.186;-1800.949;1;136;450;453.2;22.0;21.8;28;27.5;25.6;-1.0;
28/02/2025 08:43:02;117;0;135.94;-4;19.60;2.88;340.8;12.20;74484;2837.183;-1800.946;1;136;450;454.8;22.0;21.8;30;30.2;25.6;-1.0;
28/02/2025 08:43:22;117;0;136.06;-4;19.78;4.21;337.8;12.20;74488;2837.181;-1800.943;1;136;450;454.8;22.0;21.8;30;30.2;25.6;-1.0;
28/02/2025 08:43:42;117;0;136.83;-4;19.74;4.08;334.7;12.20;74489;2837.179;-1800.940;1;136;450;454.8;22.0;21.8;30;30.2;25.6;-1.0;
28/02/2025 08:44:02;117;0;137.85;-4;20.06;4.26;331.6;12.30;74507;2837.176;-1800.937;1;136;450;454.8;22.0;21.6;30;30.2;25.6;-1.0;
28/02/2025 08:44:22;117;0;138.47;-4;19.75;4.32;328.5;12.30;74506;2837.174;-1800.934;1;136;450;453.2;22.0;21.8;30;30.2;25.6;-1.0;
28/02/2025 08:44:43;117;0;138.44;-4;19.53;4.34;325.4;12.30;74505;2837.171;-1800.931;1;136;450;454.8;22.0;21.8;30;30.2;25.6;-1.0;
28/02/2025 08:45:03;117;0;139.40;-4;19.41;4.24;322.5;12.30;74512;2837.169;-1800.928;1;136;450;454.8;22.0;21.6;30;30.2;25.6;-1.0;
28/02/2025 08:45:23;117;0;139.96;-4;19.74;4.31;319.6;12.30;74519;2837.167;-1800.925;1;136;450;454.8;22.0;21.8;30;30.2;25.6;-1.0;
28/02/2025 08:45:43;117;0;139.97;-4;19.79;4.23;316.5;12.40;74532;2837.164;-1800.922;1;136;450;454.8;22.0;21.9;30;30.2;25.6;-1.0;
28/02/2025 08:46:03;117;0;139.49;-4;19.84;4.28;313.4;12.40;74525;2837.162;-1800.919;1;136;450;454.8;22.0;21.8;30;30.2;25.6;-1.0;
28/02/2025 08:46:23;117;0;139.00;-4;19.81;4.25;310.5;12.40;74531;2837.159;-1800.916;1;136;450;453.2;22.0;21.6;30;30.2;25.6;-1.0;
28/02/2025 08:46:43;117;0;138.61;-4;19.70;4.32;307.4;12.40;74550;2837.157;-1800.913;1;136;450;454.8;22.0;21.8;30;30.2;25.6;-1.0;
28/02/2025 08:47:03;117;0;138.09;-4;19.71;4.32;304.5;12.50;74554;2837.155;-1800.910;1;136;450;454.8;22.0;21.8;30;30.7;25.6;-1.0;
28/02/2025 08:47:23;117;0;138.93;-4;19.70;4.25;301.3;12.50;74557;2837.152;-1800.907;1;136;450;454.8;22.0;21.8;30;30.2;25.6;-1.0;
28/02/2025 08:47:43;117;0;140.18;-4;19.83;4.23;298.2;12.50;74570;2837.150;-1800.904;1;136;450;453.2;22.0;21.8;30;30.7;25.6;-1.0;
28/02/2025 08:48:03;117;0;142.55;-4;19.92;4.14;295.2;12.50;74569;2837.147;-1800.902;1;136;450;454.8;22.0;21.6;30;30.2;25.6;-1.0;
28/02/2025 08:48:23;117;0;144.39;-4;19.78;4.27;292.0;12.60;74587;2837.144;-1800.899;1;136;450;454.8;22.0;21.8;30;30.2;25.6;-1.0;
28/02/2025 08:48:43;117;0;144.45;-4;19.70;4.21;288.9;12.60;74589;2837.142;-1800.896;1;136;450;456.5;22.0;21.8;30;30.2;25.6;-1.0;
28/02/2025 08:49:03;117;0;144.68;-4;19.72;4.27;285.8;12.60;74598;2837.139;-1800.894;1;136;450;454.8;22.0;21.8;30;30.2;25.6;-1.0;
28/02/2025 08:49:23;117;0;145.23;-4;19.67;4.29;282.8;12.60;74597;2837.136;-1800.891;1;136;450;454.8;22.0;21.8;30;30.2;25.6;-1.0;
28/02/2025 08:49:43;117;0;146.08;-4;19.74;4.26;279.5;12.70;74613;2837.133;-1800.888;1;136;450;454.8;22.0;21.8;28;27.5;25.6;-1.0;
28/02/2025 08:50:03;117;0;146.42;-4;19.65;2.80;276.5;12.70;74619;2837.130;-1800.886;1;136;450;451.6;22.0;21.6;28;27.5;25.6;-1.0;
28/02/2025 08:50:23;117;0;143.70;-4;19.48;2.82;273.4;12.70;74623;2837.128;-1800.883;1;136;450;454.8;22.0;21.8;28;27.5;25.6;-1.0;
28/02/2025 08:50:43;117;0;144.41;-4;19.55;2.71;270.3;12.70;74626;2837.125;-1800.880;1;136;450;456.5;22.0;21.8;28;27.5;25.6;-1.0;
28/02/2025 08:51:03;117;0;145.06;-4;19.68;2.86;267.3;12.80;74626;2837.122;-1800.878;1;136;450;454.8;22.0;21.6;28;27.5;25.6;-1.0;
28/02/2025 08:51:23;117;0;144.31;-4;19.45;2.78;264.2;12.80;74645;2837.119;-1800.875;1;136;450;454.8;22.0;21.6;28;27.5;25.6;-1.0;
28/02/2025 08:51:43;117;0;143.85;-4;19.43;2.88;261.3;12.80;74652;2837.117;-1800.872;1;136;450;454.8;22.0;21.8;28;27.5;25.6;-1.0;
28/02/2025 08:52:03;117;0;143.73;-4;19.49;2.87;258.1;12.90;74661;2837.114;-1800.870;1;136;450;453.2;22.0;21.8;28;27.5;25.6;-1.0;
28/02/2025 08:52:23;117;0;144.73;-4;19.56;2.82;255.1;12.90;74673;2837.111;-1800.867;1;136;450;453.2;22.0;21.8;28;27.5;25.6;-1.0;
28/02/2025 08:52:43;117;0;143.74;-4;19.51;2.86;251.9;12.90;74674;2837.109;-1800.864;1;136;450;454.8;22.0;21.8;28;27.5;25.6;-1.0;
28/02/2025 08:53:03;117;0;143.99;-4;19.47;2.73;248.9;12.90;74674;2837.106;-1800.861;1;136;450;454.8;22.0;21.6;28;27.5;25.6;-1.0;
28/02/2025 08:53:23;117;0;144.62;-4;19.57;2.79;245.8;13.00;74687;2837.103;-1800.859;1;136;450;451.6;22.0;21.8;28;27.5;25.6;-1.0;
28/02/2025 08:53:43;117;0;145.34;-4;19.47;2.72;242.6;13.00;74694;2837.100;-1800.856;1;136;450;454.8;22.0;21.8;28;27.5;25.6;-1.0;
28/02/2025 08:54:03;117;0;145.84;-4;19.47;2.72;239.6;13.00;74717;2837.097;-1800.853;1;136;450;453.2;22.0;21.6;28;27.5;25.6;-1.0;
28/02/2025 08:54:23;117;0;146.87;-4;19.53;2.77;236.6;13.10;74708;2837.095;-1800.851;1;136;450;453.2;22.0;21.8;28;27.5;25.6;-1.0;
28/02/2025 08:54:43;117;0;146.56;-4;19.50;2.77;233.6;13.10;74727;2837.092;-1800.848;1;136;450;454.8;22.0;21.6;28;27.5;25.6;-1.0;
28/02/2025 08:55:03;117;0;147.65;-4;19.49;2.70;230.5;13.10;74746;2837.089;-1800.846;1;136;450;454.8;22.0;21.8;28;27.5;25.6;-1.0;
28/02/2025 08:55:23;117;0;146.98;-4;19.34;2.75;227.5;13.20;74731;2837.086;-1800.843;1;136;450;454.8;22.0;21.8;28;27.5;25.6;-1.0;
28/02/2025 08:55:43;117;0;146.70;-4;19.49;2.82;224.4;13.20;74751;2837.083;-1800.841;1;136;450;454.8;22.0;21.9;28;27.5;25.6;-1.0;
28/02/2025 08:56:03;117;0;147.55;-4;19.54;2.78;221.3;13.20;74766;2837.080;-1800.838;1;136;450;454.8;22.0;21.8;28;27.5;25.6;-1.0;
28/02/2025 08:56:23;117;0;148.94;-4;19.66;2.80;218.3;13.30;74773;2837.078;-1800.836;1;136;450;454.8;22.0;21.8;28;27.5;25.6;-1.0;
28/02/2025 08:56:43;117;0;148.33;-4;19.42;2.76;215.1;13.30;74781;2837.075;-1800.833;1;136;450;454.8;22.0;21.8;28;27.5;25.6;-1.0;
28/02/2025 08:57:03;117;0;146.96;-4;19.46;2.82;212.1;13.30;74777;2837.072;-1800.831;1;136;450;453.2;22.0;21.8;28;27.5;25.6;-1.0;
28/02/2025 08:57:23;117;0;143.79;-4;19.18;2.77;208.9;13.40;74797;2837.069;-1800.828;1;136;450;456.5;22.0;21.8;28;27.5;25.6;-1.0;
28/02/2025 08:57:43;117;0;141.84;-4;19.08;2.98;206.2;13.40;74793;2837.067;-1800.825;1;136;450;456.5;22.0;21.8;28;27.5;25.6;-1.0;
28/02/2025 08:58:03;117;0;141.34;-4;19.32;2.73;203.1;13.40;74802;2837.064;-1800.822;1;136;450;454.8;22.0;21.8;28;27.5;25.6;-1.0;
28/02/2025 08:58:23;117;0;138.17;-4;19.25;2.90;200.2;13.50;74817;2837.061;-1800.819;1;136;450;454.8;22.0;21.8;28;27.5;25.6;-1.0;
28/02/2025 08:58:43;117;0;136.73;-4;19.13;2.69;197.1;13.50;74829;2837.059;-1800.816;1;136;450;454.8;22.0;21.8;28;27.5;25.6;-1.0;
28/02/2025 08:59:03;117;0;135.89;-4;19.19;2.82;194.3;13.50;74844;2837.057;-1800.813;1;136;450;454.8;22.0;21.8;28;27.5;25.6;-1.0;
28/02/2025 08:59:23;117;0;134.12;-4;19.31;2.78;191.4;13.60;74854;2837.055;-1800.810;1;136;450;454.8;22.0;21.8;30;29.8;25.6;-1.0;
28/02/2025 08:59:43;117;0;133.93;-4;19.30;4.27;188.7;13.60;74882;2837.053;-1800.807;1;136;450;453.2;22.0;21.8;30;30.7;25.6;-1.0;
28/02/2025 09:00:03;117;0;133.90;-4;19.37;4.28;185.6;13.60;74884;2837.050;-1800.804;1;136;450;454.8;22.0;21.8;30;30.2;25.6;-1.0;
28/02/2025 09:00:23;117;0;135.66;-4;19.48;4.37;182.9;13.70;74893;2837.048;-1800.801;1;136;450;454.8;22.0;21.8;30;30.2;25.6;-1.0;
28/02/2025 09:00:43;117;0;138.55;-4;19.42;4.19;179.7;13.70;74917;2837.046;-1800.797;1;136;450;456.5;22.0;21.8;30;30.7;25.6;-1.0;
28/02/2025 09:01:03;117;0;140.19;-4;19.43;4.27;176.7;13.80;74927;2837.043;-1800.795;1;136;450;454.8;22.0;21.8;30;30.7;25.7;-1.0;
28/02/2025 09:01:23;117;0;142.77;-4;19.35;4.25;173.8;13.80;74944;2837.041;-1800.792;1;136;450;454.8;22.0;21.8;30;30.2;25.6;-1.0;
28/02/2025 09:01:43;117;0;143.89;-4;19.39;4.30;170.6;13.80;74940;2837.038;-1800.789;1;136;450;454.8;22.0;21.8;30;30.2;25.6;-1.0;
28/02/2025 09:02:03;117;0;144.61;-4;19.35;4.36;167.6;13.90;74960;2837.035;-1800.786;1;136;450;453.2;22.0;21.8;30;30.2;25.6;-1.0;
28/02/2025 09:02:23;117;0;144.81;-4;19.33;4.28;164.7;13.90;74984;2837.032;-1800.784;1;136;450;456.5;22.0;21.8;30;30.7;25.6;-1.0;
28/02/2025 09:02:43;117;0;144.68;-4;19.40;4.25;161.5;14.00;74983;2837.029;-1800.781;1;136;450;454.8;22.0;21.8;28;26.6;25.6;-1.0;
28/02/2025 09:03:03;117;0;144.82;-4;19.20;2.80;158.5;14.00;75000;2837.027;-1800.778;1;136;450;454.8;22.0;21.8;28;27.5;25.6;-1.0;
28/02/2025 09:03:23;117;0;147.36;-4;19.26;2.81;155.6;14.10;75008;2837.024;-1800.776;1;136;450;454.8;22.0;21.8;28;27.5;25.6;-1.0;
28/02/2025 09:03:43;117;0;145.74;-4;18.95;2.79;152.4;14.10;75028;2837.021;-1800.773;1;136;450;453.2;21.7;21.6;28;27.5;25.6;-1.0;
28/02/2025 09:04:03;117;0;144.81;-4;18.99;2.74;149.4;14.20;75031;2837.018;-1800.770;1;136;450;456.5;21.4;21.2;28;27.5;25.6;-1.0;
28/02/2025 09:04:23;117;0;143.83;-4;20.61;2.80;146.3;14.20;75038;2837.016;-1800.768;1;136;450;454.8;21.4;20.8;28;27.5;25.6;-1.0;
28/02/2025 09:04:43;117;0;142.02;-4;21.22;2.78;142.9;14.20;75046;2837.013;-1800.765;1;136;450;454.8;21.4;20.8;28;27.5;25.6;-1.0;
28/02/2025 09:05:03;117;0;140.80;-4;21.22;2.77;139.6;14.30;75067;2837.010;-1800.762;1;136;450;454.8;21.4;20.8;28;27.5;25.6;-1.0;
28/02/2025 09:05:23;117;0;138.52;-4;21.33;2.92;136.0;14.30;75067;2837.007;-1800.758;1;136;450;454.8;21.4;20.8;28;27.5;25.6;-1.0;
28/02/2025 09:05:43;117;0;138.63;-4;21.43;2.81;132.4;14.40;75079;2837.005;-1800.755;1;136;450;454.8;21.4;20.8;28;27.5;25.6;-1.0;
28/02/2025 09:06:03;117;0;136.10;-4;21.15;2.81;128.9;14.40;75105;2837.002;-1800.752;1;136;450;454.8;21.4;20.8;28;27.5;25.6;-1.0;
28/02/2025 09:06:23;117;0;132.50;-4;21.02;2.90;125.5;14.50;75105;2837.000;-1800.748;1;136;450;454.8;21.4;21.4;31;32.0;25.6;-1.0;
28/02/2025 09:06:43;117;0;134.99;-4;20.86;5.19;122.2;14.50;75122;2836.997;-1800.745;1;136;450;454.8;21.4;21.5;29;28.9;25.6;-1.0;
28/02/2025 09:07:03;117;0;134.45;-4;20.77;3.37;118.7;14.60;75144;2836.995;-1800.741;1;136;450;454.8;21.4;21.5;29;28.4;25.6;-1.0;
28/02/2025 09:07:23;117;0;133.17;-4;20.75;3.38;115.5;14.60;75138;2836.993;-1800.738;1;136;450;454.8;21.4;21.5;29;28.9;25.6;-1.0;
28/02/2025 09:07:43;117;0;131.51;-4;20.49;3.36;112.2;14.60;75149;2836.990;-1800.734;1;136;450;454.8;21.4;21.5;31;31.1;25.6;-1.0;
28/02/2025 09:08:03;117;0;132.89;-4;20.68;4.95;108.7;14.70;75185;2836.988;-1800.731;1;136;450;454.8;21.4;21.5;31;31.6;25.6;-1.0;
28/02/2025 09:08:23;117;0;133.45;-4;20.84;5.19;105.5;14.70;75196;2836.986;-1800.727;1;136;450;454.8;21.4;21.5;31;31.1;25.6;-1.0;
28/02/2025 09:08:43;117;0;133.40;-4;20.72;5.03;102.2;14.80;75201;2836.983;-1800.724;1;136;450;454.8;21.4;21.5;31;31.1;25.6;-1.0;
28/02/2025 09:09:03;117;0;133.35;-4;20.83;4.92;98.9;14.80;75214;2836.981;-1800.720;1;136;450;456.5;21.4;21.5;31;31.6;25.6;-1.0;
28/02/2025 09:09:23;117;0;132.94;-4;20.68;4.86;95.7;14.90;75225;2836.979;-1800.717;1;136;450;456.5;21.4;21.5;31;31.6;25.6;-1.0;
28/02/2025 09:09:43;117;0;132.29;-4;20.59;5.04;92.4;14.90;75242;2836.977;-1800.713;1;136;450;454.8;21.4;21.5;31;31.1;25.6;-1.0;
28/02/2025 09:10:03;117;0;128.53;-4;20.29;4.98;89.4;15.00;75266;2836.975;-1800.710;1;136;450;454.8;21.4;21.5;36;36.1;25.6;-1.0;
28/02/2025 09:10:23;117;0;131.28;-4;20.36;7.53;86.1;15.00;75287;2836.973;-1800.706;1;136;450;454.8;21.4;21.5;32;32.0;25.6;-1.0;
28/02/2025 09:10:43;117;0;132.29;-4;20.64;4.85;83.1;15.10;75306;2836.971;-1800.703;1;136;450;456.5;21.4;21.5;32;31.1;25.6;-1.0;
28/02/2025 09:11:03;117;0;133.26;-4;20.54;4.83;80.0;15.20;75322;2836.969;-1800.700;1;136;450;454.8;21.4;21.5;32;31.6;25.6;-1.0;
28/02/2025 09:11:23;117;0;133.95;-4;20.46;4.84;76.9;15.20;75346;2836.966;-1800.697;1;136;450;454.8;21.4;21.5;30;29.3;25.6;-1.0;
28/02/2025 09:11:43;117;0;132.41;-4;20.27;3.68;73.8;15.20;75349;2836.964;-1800.693;1;136;450;454.8;21.4;21.5;32;32.5;25.6;-1.0;
28/02/2025 09:12:03;117;0;135.46;-4;20.56;5.69;70.7;15.30;75378;2836.962;-1800.690;1;136;450;456.5;21.4;21.5;30;29.8;25.6;-1.0;
28/02/2025 09:12:23;117;0;135.72;-4;20.01;4.05;67.6;15.40;75406;2836.960;-1800.687;1;136;450;453.2;21.4;21.5;30;29.8;25.6;-1.0;
28/02/2025 09:12:43;117;0;138.99;-4;20.14;3.97;64.7;15.40;75432;2836.957;-1800.684;1;136;450;454.8;21.4;21.5;30;29.8;25.6;-1.0;
28/02/2025 09:13:03;117;0;138.58;-4;20.36;3.85;62.1;15.50;75452;2836.955;-1800.682;1;136;450;456.5;21.4;21.5;30;29.3;25.6;-1.0;
28/02/2025 09:13:23;117;0;137.85;-4;20.07;3.82;59.3;15.60;75481;2836.953;-1800.679;1;136;450;454.8;21.4;21.5;30;29.3;25.6;-1.0;
28/02/2025 09:13:43;117;0;139.59;-4;20.57;3.83;56.6;15.60;75492;2836.951;-1800.676;1;136;450;454.8;21.4;21.5;30;29.8;25.6;-1.0;
28/02/2025 09:14:03;117;0;141.58;-4;20.79;3.75;53.4;15.70;75500;2836.949;-1800.674;1;136;450;454.8;21.4;21.5;30;29.3;25.6;-1.0;
28/02/2025 09:14:23;117;0;139.89;-4;20.25;3.91;50.1;15.70;75513;2836.946;-1800.670;1;136;450;454.8;21.4;21.5;30;29.3;25.6;-1.0;
28/02/2025 09:14:43;117;0;137.98;-4;19.96;3.97;46.8;15.80;75526;2836.943;-1800.667;1;136;450;454.8;21.4;21.5;30;29.8;25.6;-1.0;
28/02/2025 09:15:03;117;0;136.31;-4;19.82;4.10;43.6;15.90;75536;2836.941;-1800.664;1;136;450;454.8;21.4;21.5;30;29.3;25.6;-1.0;
28/02/2025 09:15:23;117;0;136.45;-4;19.75;3.79;40.4;15.90;75548;2836.938;-1800.661;1;136;450;454.8;21.4;21.4;30;29.8;25.6;-1.0;
28/02/2025 09:15:43;117;0;135.39;-4;20.64;4.10;37.3;16.00;75561;2836.936;-1800.657;1;136;450;454.8;21.4;21.5;30;29.8;25.6;-1.0;
28/02/2025 09:16:03;117;0;133.74;-4;20.59;4.00;33.9;16.10;75570;2836.934;-1800.654;1;136;450;456.5;21.4;21.5;30;29.3;25.6;-1.0;
28/02/2025 09:16:23;117;0;137.26;-4;19.47;3.02;30.6;16.10;75564;2836.931;-1800.650;1;136;450;454.8;21.4;21.5;30;29.8;25.6;-1.0;
28/02/2025 09:16:43;117;0;135.83;-4;19.02;3.89;27.6;16.20;75583;2836.929;-1800.647;1;136;450;456.5;21.4;21.5;30;29.3;25.6;-1.0;
28/02/2025 09:17:03;117;0;136.11;-4;19.78;4.06;25.5;16.20;75597;2836.927;-1800.645;1;136;450;454.8;21.4;21.5;30;29.3;25.6;-1.0;
28/02/2025 09:17:23;117;0;134.33;-4;21.60;4.77;22.4;16.30;75605;2836.925;-1800.642;1;136;450;456.5;21.4;21.5;30;29.8;25.6;-1.0;
28/02/2025 09:17:43;117;0;133.56;-4;21.43;3.77;18.6;16.30;75592;2836.922;-1800.638;1;136;450;453.2;21.4;21.5;30;29.8;25.6;-1.0;
28/02/2025 09:18:03;117;0;135.92;-4;20.63;4.11;14.4;16.40;75612;2836.919;-1800.634;1;136;450;454.8;21.4;21.5;30;29.3;25.6;-1.0;
28/02/2025 09:18:23;117;0;136.14;-4;18.85;3.53;10.8;16.40;75620;2836.916;-1800.630;1;136;450;454.8;21.0;21.1;30;29.3;25.6;-1.0;
28/02/2025 09:18:43;117;0;137.31;-4;19.22;4.12;7.2;16.50;75624;2836.913;-1800.626;1;136;450;456.5;21.0;20.8;30;29.3;25.6;-1.0;
28/02/2025 09:19:03;117;0;140.31;-4;19.05;2.91;4.2;16.50;75628;2836.911;-1800.624;1;136;450;454.8;21.0;20.8;30;29.8;25.6;-1.0;
28/02/2025 09:19:10;115;0;138.38;-4;19.89;3.55;3.0;16.50;75626;2836.910;-1800.622;1;136;500;461.3;100.0;60.8;0;0.0;25.6;-1.0;
28/02/2025 09:19:20;115;0;125.02;-4;3.39;-10.75;2.0;16.60;75599;2836.910;-1800.622;1;136;500;504.8;100.0;100.0;0;-0.5;25.4;-1.0;
28/02/2025 09:19:31;115;0;90.13;-4;-73.50;14.87;2.5;16.60;75521;2836.910;-1800.621;1;136;500;504.8;100.0;100.6;0;-0.5;25.6;-1.0;
28/02/2025 09:19:51;119;0;358.91;-4;-53.08;-16.18;0.5;16.70;75531;2836.910;-1800.621;1;136;500;504.8;100.0;100.4;0;0.0;25.6;-1.0;
28/02/2025 09:20:01;119;0;349.89;-4;-33.72;-15.63;0.1;16.70;75523;2836.819;-1801.127;0;136;500;506.5;100.0;100.4;0;-0.5;25.6;-1.0;
