PLD_REALTIMECLOCK;NAV_RESOURCE;NAV_LONGITUDE;NAV_LATITUDE;NAV_DEPTH;NAV_HEADING;SD_CARD_USAGE;SSD_USAGE;ACQUISITION_FREQ;RECORDING;LEGATO_CONDUCTIVITY;LEGATO_TEMPERATURE;LEGATO_PRESSURE;LEGATO_SALINITY;LEGATO_CONDTEMP;LEGATO_CODA_DO;LEGATO_CODA_TEMPERATURE;LEGATO_CODA_CORR_PHASE;LEGATO_SOUND_VELOCITY;FLBBCD_CHL_COUNT;FLBBCD_CHL_SCALED;FLBBCD_CDOM_COUNT;FLBBCD_CDOM_SCALED;FLBBCD_BB_700_COUNT;FLBBCD_BB_700_SCALED;User_Field1;User_Field2;User_Field3;User_Field4;User_Field5;User_Field6;User_Field7;User_Field8;User_Field9;User_Field10;BS_HEADING;BS_ZB;BS_ZT;BS_PU;BS_PD;BS_BU;BS_BD;BS_SR;BS_ALTIMETER.ENABLE;BS_ALTIMETER.VALUE;BS_CURRENT.CORRECTION.ENABLE
16/02/2025 11:22:53.848;119;-1801.688;2838.078;0.200;54.000;247685.62;-1;192000;0;50.9862;20.5786;1.4147;37.0167;20.4268;235.5652;20.5799;22.8154;1525.3222;50;-0.0242;83;2.9088;49;-0.000003062;0;9999;9999;9999;9999;9999;9999;9999;9999;9999;9999;9999;9999;9999;9999;9999;9999;9999;9999;9999;9999
16/02/2025 11:23:23.888;116;-1801.690;2838.085;0.100;77.000;247685.63;247685.63;192000;0;50.9829;20.5752;1.6908;37.0169;20.4364;236.3666;20.5791;22.7854;1525.3179;56;0.0484;64;1.1817;93;0.000131666;0;9999;9999;9999;9999;9999;9999;9999;9999;9999;9999;9999;9999;9999;9999;9999;9999;9999;9999;9999;9999
16/02/2025 11:23:53.869;116;-1801.693;2838.091;0.200;357.000;247685.66;247685.66;192000;0;50.9800;20.5767;1.4321;37.0133;20.4442;237.2857;20.5787;22.7512;1525.3136;55;0.0363;74;2.0907;52;0.000006124;0;9999;9999;9999;9999;9999;9999;9999;9999;9999;9999;9999;9999;9999;9999;9999;9999;9999;9999;9999;9999
16/02/2025 11:24:23.880;116;-1801.697;2838.096;0.100;10.000;247685.68;-1;192000;0;50.9959;20.5855;1.5238;37.0185;20.4557;236.5374;20.5775;22.7795;1525.3447;20;-0.3872;71;1.8180;64;0.000042868;0;9999;9999;9999;9999;9999;9999;9999;9999;9999;9999;9999;9999;9999;9999;9999;9999;9999;9999;9999;9999
16/02/2025 11:24:53.887;116;-1801.697;2838.096;0.100;10.000;247685.7;-1;192000;0;50.9919;20.5855;1.5695;37.0153;20.4712;236.7020;20.5948;22.7684;1525.3419;51;-0.0121;66;1.3635;104;0.000165348;0;9999;9999;9999;9999;9999;9999;9999;9999;9999;9999;9999;9999;9999;9999;9999;9999;9999;9999;9999;9999
16/02/2025 11:25:23.888;116;-1801.700;2838.105;0.200;331.000;247685.72;-1;192000;0;51.0357;20.6217;1.4598;37.0195;20.4847;235.4082;20.5991;22.8160;1525.4427;52;0.0000;70;1.7271;103;0.000162286;0;9999;9999;9999;9999;9999;9999;9999;9999;9999;9999;9999;9999;9999;9999;9999;9999;9999;9999;9999;9999
16/02/2025 11:25:53.878;116;-1801.705;2838.116;0.100;323.000;247685.75;-1;192000;0;51.0298;20.6179;1.4394;37.0180;20.4982;236.4277;20.6030;22.7765;1525.4304;50;-0.0242;73;1.9998;101;0.000156162;0;9999;9999;9999;9999;9999;9999;9999;9999;9999;9999;9999;9999;9999;9999;9999;9999;9999;9999;9999;9999
16/02/2025 11:26:23.887;110;-1801.707;2838.118;-0.100;334.000;247685.78;-1;192000;0;51.0462;20.6177;1.4859;37.0315;20.5117;235.7882;20.6037;22.7997;1525.4457;53;0.0121;75;2.1816;99;0.000150038;0;9999;9999;9999;9999;9999;9999;9999;9999;9999;9999;9999;9999;9999;9999;9999;9999;9999;9999;9999;9999
16/02/2025 11:26:53.881;110;-1801.710;2838.122;0.800;336.000;247685.8;-1;192000;0;50.9849;20.5741;2.5244;37.0192;20.5213;236.8991;20.5768;22.7662;1525.3314;52;0.0000;65;1.2726;110;0.000183720;0;9999;9999;9999;9999;9999;9999;9999;9999;9999;9999;9999;9999;9999;9999;9999;9999;9999;9999;9999;9999
16/02/2025 11:27:23.879;100;-1801.714;2838.129;4.900;2.000;247685.83;247685.83;192000;0;50.9614;20.5538;6.8468;37.0161;20.5232;236.1619;20.5552;22.8014;1525.3450;49;-0.0363;70;1.7271;103;0.000162286;0;9999;9999;9999;9999;9999;9999;9999;9999;9999;9999;9999;9999;9999;9999;9999;9999;9999;9999;9999;9999
16/02/2025 11:27:53.879;100;-1801.716;2838.136;8.800;9.000;247685.86;-1;192000;0;50.9677;20.5543;12.3205;37.0187;20.5232;236.3322;20.5563;22.7962;1525.4406;54;0.0242;68;1.5453;101;0.000156162;0;9999;9999;9999;9999;9999;9999;9999;9999;9999;9999;9999;9999;9999;9999;9999;9999;9999;9999;9999;9999
16/02/2025 11:28:23.886;100;-1801.719;2838.147;16.300;22.000;247685.88;-1;192000;0;50.9700;20.5546;18.2441;37.0182;20.5252;237.6050;20.5562;22.7502;1525.5396;52;0.0000;73;1.9998;111;0.000186782;0;9999;9999;9999;9999;9999;9999;9999;9999;9999;9999;9999;9999;9999;9999;9999;9999;9999;9999;9999;9999
16/02/2025 11:28:53.874;100;-1801.720;2838.153;20.300;32.000;247685.91;-1;192000;0;50.9752;20.5548;24.3362;37.0200;20.5271;236.1669;20.5564;22.8057;1525.6438;56;0.0484;70;1.7271;105;0.000168410;0;9999;9999;9999;9999;9999;9999;9999;9999;9999;9999;9999;9999;9999;9999;9999;9999;9999;9999;9999;9999
16/02/2025 11:29:23.886;100;-1801.720;2838.163;28.300;50.000;247685.93;-1;192000;0;50.9718;20.5499;30.6394;37.0192;20.5309;236.5009;20.5515;22.7964;1525.7347;57;0.0605;73;1.9998;105;0.000168410;0;9999;9999;9999;9999;9999;9999;9999;9999;9999;9999;9999;9999;9999;9999;9999;9999;9999;9999;9999;9999
16/02/2025 11:29:53.886;100;-1801.719;2838.168;32.500;59.000;247685.95;-1;192000;0;50.9500;20.5306;37.1033;37.0159;20.5290;237.4358;20.5326;22.7687;1525.7866;59;0.0847;65;1.2726;109;0.000180658;0;9999;9999;9999;9999;9999;9999;9999;9999;9999;9999;9999;9999;9999;9999;9999;9999;9999;9999;9999;9999
16/02/2025 11:30:23.886;100;-1801.716;2838.175;40.700;77.000;247685.98;-1;192000;0;50.9309;20.5165;43.4435;37.0102;20.5252;237.6343;20.5150;22.7684;1525.8477;60;0.0968;71;1.8180;106;0.000171472;0;9999;9999;9999;9999;9999;9999;9999;9999;9999;9999;9999;9999;9999;9999;9999;9999;9999;9999;9999;9999
16/02/2025 11:30:53.884;100;-1801.714;2838.178;44.800;88.000;247686.0;-1;192000;0;50.8991;20.4877;49.8165;37.0071;20.5232;238.9998;20.4891;22.7268;1525.8724;62;0.1210;66;1.3635;110;0.000183720;0;9999;9999;9999;9999;9999;9999;9999;9999;9999;9999;9999;9999;9999;9999;9999;9999;9999;9999;9999;9999
16/02/2025 11:31:23.884;100;-1801.711;2838.182;52.900;111.000;247686.02;-1;192000;0;50.8578;20.4563;56.0021;36.9983;20.5155;238.5651;20.4559;22.7546;1525.8804;61;0.1089;68;1.5453;107;0.000174534;0;9999;9999;9999;9999;9999;9999;9999;9999;9999;9999;9999;9999;9999;9999;9999;9999;9999;9999;9999;9999
16/02/2025 11:31:53.887;100;-1801.710;2838.183;56.800;121.000;247686.05;-1;192000;0;50.8110;20.4168;61.9895;36.9924;20.5059;238.6948;20.4161;22.7631;1525.8662;60;0.0968;69;1.6362;107;0.000174534;0;9999;9999;9999;9999;9999;9999;9999;9999;9999;9999;9999;9999;9999;9999;9999;9999;9999;9999;9999;9999
16/02/2025 11:32:23.877;100;-1801.708;2838.184;64.700;131.000;247686.07;-1;192000;0;50.5997;20.2625;68.0287;36.9519;20.4885;239.5545;20.2578;22.7803;1525.5009;69;0.2057;67;1.4544;107;0.000174534;0;9999;9999;9999;9999;9999;9999;9999;9999;9999;9999;9999;9999;9999;9999;9999;9999;9999;9999;9999;9999
16/02/2025 11:32:53.871;100;-1801.707;2838.185;68.500;127.000;247686.09;-1;192000;0;50.5363;20.1967;74.1918;36.9552;20.4500;238.6591;20.1995;22.8317;1525.4274;72;0.2420;69;1.6362;100;0.000153100;0;9999;9999;9999;9999;9999;9999;9999;9999;9999;9999;9999;9999;9999;9999;9999;9999;9999;9999;9999;9999
16/02/2025 11:33:23.885;100;-1801.705;2838.186;76.500;129.000;247686.12;247686.12;192000;0;50.5062;20.1708;80.3324;36.9508;20.4152;238.5312;20.1719;22.8464;1525.4539;64;0.1452;72;1.9089;96;0.000140852;0;9999;9999;9999;9999;9999;9999;9999;9999;9999;9999;9999;9999;9999;9999;9999;9999;9999;9999;9999;9999
16/02/2025 11:33:53.885;100;-1801.705;2838.187;80.300;130.000;247686.14;247686.14;192000;0;50.4758;20.1475;86.3446;36.9440;20.3824;236.9234;20.1496;22.9151;1525.4827;62;0.1210;72;1.9089;98;0.000146976;0;9999;9999;9999;9999;9999;9999;9999;9999;9999;9999;9999;9999;9999;9999;9999;9999;9999;9999;9999;9999
16/02/2025 11:34:23.886;100;-1801.703;2838.188;88.300;130.000;247686.15;247686.16;192000;0;50.4610;20.1356;92.5384;36.9399;20.3592;237.0461;20.1369;22.9161;1525.5487;61;0.1089;72;1.9089;94;0.000134728;0;9999;9999;9999;9999;9999;9999;9999;9999;9999;9999;9999;9999;9999;9999;9999;9999;9999;9999;9999;9999
16/02/2025 11:34:53.879;100;-1801.702;2838.189;92.400;131.000;247686.19;247686.19;192000;0;50.4250;20.1051;98.7428;36.9347;20.3322;238.1800;20.1071;22.8841;1525.5626;70;0.2178;71;1.8180;97;0.000143914;0;9999;9999;9999;9999;9999;9999;9999;9999;9999;9999;9999;9999;9999;9999;9999;9999;9999;9999;9999;9999
16/02/2025 11:35:23.863;100;-1801.701;2838.189;100.500;138.000;247686.21;247686.21;192000;0;50.4108;20.0960;105.0881;36.9287;20.3109;236.5876;20.0996;22.9482;1525.6366;68;0.1936;71;1.8180;97;0.000143914;0;9999;9999;9999;9999;9999;9999;9999;9999;9999;9999;9999;9999;9999;9999;9999;9999;9999;9999;9999;9999
16/02/2025 11:35:53.878;100;-1801.700;2838.189;104.900;134.000;247686.23;247686.23;192000;0;50.2512;19.9823;111.7322;36.8943;20.2781;237.1189;19.9707;22.9692;1525.3961;68;0.1936;72;1.9089;93;0.000131666;0;9999;9999;9999;9999;9999;9999;9999;9999;9999;9999;9999;9999;9999;9999;9999;9999;9999;9999;9999;9999
16/02/2025 11:36:23.873;100;-1801.698;2838.190;113.200;134.000;247686.26;247686.27;192000;0;50.1698;19.9083;118.2055;36.8896;20.2394;235.8058;19.9064;23.0394;1525.2947;64;0.1452;72;1.9089;94;0.000134728;0;9999;9999;9999;9999;9999;9999;9999;9999;9999;9999;9999;9999;9999;9999;9999;9999;9999;9999;9999;9999
16/02/2025 11:36:53.886;100;-1801.698;2838.190;117.400;138.000;247686.29;247686.29;192000;0;49.7900;19.6417;124.5815;36.8068;20.1871;231.8744;19.5990;23.2861;1524.5693;58;0.0726;73;1.9998;91;0.000125542;0;9999;9999;9999;9999;9999;9999;9999;9999;9999;9999;9999;9999;9999;9999;9999;9999;9999;9999;9999;9999
16/02/2025 11:37:23.887;100;-1801.697;2838.190;125.800;143.000;247686.31;247686.31;192000;0;48.5832;18.6945;131.1634;36.6288;20.0457;222.2333;18.6844;23.9526;1521.8094;56;0.0484;75;2.1816;89;0.000119418;0;9999;9999;9999;9999;9999;9999;9999;9999;9999;9999;9999;9999;9999;9999;9999;9999;9999;9999;9999;9999
16/02/2025 11:37:53.882;100;-1801.697;2838.190;130.200;144.000;247686.33;247686.33;192000;0;48.3531;18.5081;137.8867;36.5966;19.8320;220.1876;18.5046;24.0948;1521.3514;57;0.0605;74;2.0907;93;0.000131666;0;9999;9999;9999;9999;9999;9999;9999;9999;9999;9999;9999;9999;9999;9999;9999;9999;9999;9999;9999;9999
16/02/2025 11:38:23.879;100;-1801.696;2838.189;138.400;145.000;247686.35;247686.35;192000;0;47.7775;18.0342;144.2732;36.5250;19.6451;213.0360;18.0417;24.5444;1520.0081;54;0.0242;76;2.2725;94;0.000134728;0;9999;9999;9999;9999;9999;9999;9999;9999;9999;9999;9999;9999;9999;9999;9999;9999;9999;9999;9999;9999
16/02/2025 11:38:53.886;100;-1801.696;2838.189;142.400;142.000;247686.37;247686.37;192000;0;47.5178;17.8349;150.7158;36.4773;19.4224;215.1367;17.8216;24.5276;1519.4802;53;0.0121;76;2.2725;89;0.000119418;0;9999;9999;9999;9999;9999;9999;9999;9999;9999;9999;9999;9999;9999;9999;9999;9999;9999;9999;9999;9999
16/02/2025 11:39:23.874;100;-1801.695;2838.188;151.000;147.000;247686.41;247686.41;192000;0;47.2035;17.5767;157.5633;36.4345;19.2227;216.2529;17.5625;24.5653;1518.7882;53;0.0121;76;2.2725;87;0.000113294;0;9999;9999;9999;9999;9999;9999;9999;9999;9999;9999;9999;9999;9999;9999;9999;9999;9999;9999;9999;9999
16/02/2025 11:39:53.872;100;-1801.694;2838.188;155.300;141.000;247686.42;247686.42;192000;0;46.9987;17.3939;164.3839;36.4183;19.0086;213.8912;17.3912;24.7228;1518.3438;52;0.0000;76;2.2725;91;0.000125542;0;9999;9999;9999;9999;9999;9999;9999;9999;9999;9999;9999;9999;9999;9999;9999;9999;9999;9999;9999;9999
16/02/2025 11:40:23.887;100;-1801.693;2838.188;159.600;135.000;247686.45;247686.45;192000;0;46.8487;17.2658;170.9127;36.4004;18.8155;213.3760;17.2625;24.7884;1518.0524;52;0.0000;77;2.3634;83;0.000101046;0;9999;9999;9999;9999;9999;9999;9999;9999;9999;9999;9999;9999;9999;9999;9999;9999;9999;9999;9999;9999
16/02/2025 11:40:53.886;100;-1801.692;2838.188;167.800;141.000;247686.47;247686.47;192000;0;46.7719;17.1990;177.1380;36.3911;18.6417;212.7000;17.1951;24.8414;1517.9468;52;0.0000;76;2.2725;84;0.000104108;0;9999;9999;9999;9999;9999;9999;9999;9999;9999;9999;9999;9999;9999;9999;9999;9999;9999;9999;9999;9999
16/02/2025 11:41:23.884;100;-1801.692;2838.189;175.500;140.000;247686.5;247686.5;192000;0;46.7088;17.1450;183.3063;36.3822;18.4833;213.8564;17.1440;24.8098;1517.8784;50;-0.0242;76;2.2725;86;0.000110232;0;9999;9999;9999;9999;9999;9999;9999;9999;9999;9999;9999;9999;9999;9999;9999;9999;9999;9999;9999;9999
16/02/2025 11:41:53.882;100;-1801.691;2838.189;179.400;136.000;247686.52;247686.52;192000;0;46.6356;17.0973;189.3217;36.3589;18.3484;212.6211;17.0831;24.8859;1517.8095;50;-0.0242;76;2.2725;87;0.000113294;0;9999;9999;9999;9999;9999;9999;9999;9999;9999;9999;9999;9999;9999;9999;9999;9999;9999;9999;9999;9999
16/02/2025 11:42:23.889;100;-1801.690;2838.189;187.100;140.000;247686.55;247686.55;192000;0;46.5787;17.0322;195.4913;36.3654;18.2192;212.9689;17.0296;24.8891;1517.7252;50;-0.0242;76;2.2725;86;0.000110232;0;9999;9999;9999;9999;9999;9999;9999;9999;9999;9999;9999;9999;9999;9999;9999;9999;9999;9999;9999;9999
16/02/2025 11:42:53.886;100;-1801.690;2838.189;191.200;141.000;247686.57;247686.57;192000;0;46.3693;16.8841;201.8281;36.3129;18.1056;212.9050;16.8471;24.9553;1517.3271;50;-0.0242;77;2.3634;91;0.000125542;0;9999;9999;9999;9999;9999;9999;9999;9999;9999;9999;9999;9999;9999;9999;9999;9999;9999;9999;9999;9999
16/02/2025 11:43:23.882;118;-1801.689;2838.190;198.800;136.000;247686.59;247686.59;192000;0;46.2033;16.7218;207.9080;36.3112;17.9740;212.5177;16.7179;25.0148;1516.9384;51;-0.0121;77;2.3634;81;0.000094922;0;9999;9999;9999;9999;9999;9999;9999;9999;9999;9999;9999;9999;9999;9999;9999;9999;9999;9999;9999;9999
16/02/2025 11:43:53.887;118;-1801.688;2838.191;200.300;138.000;247686.62;247686.62;192000;0;46.2324;16.7430;207.5791;36.3177;17.8520;212.7537;16.7434;24.9958;1517.0043;50;-0.0242;77;2.3634;84;0.000104108;0;9999;9999;9999;9999;9999;9999;9999;9999;9999;9999;9999;9999;9999;9999;9999;9999;9999;9999;9999;9999
16/02/2025 11:44:23.888;117;-1801.689;2838.193;198.700;137.000;247686.64;247686.64;192000;0;46.3108;16.8064;204.9549;36.3305;17.7619;212.7656;16.8220;24.9685;1517.1660;50;-0.0242;77;2.3634;83;0.000101046;0;9999;9999;9999;9999;9999;9999;9999;9999;9999;9999;9999;9999;9999;9999;9999;9999;9999;9999;9999;9999
16/02/2025 11:44:53.870;117;-1801.692;2838.196;194.800;137.000;247686.67;247686.67;192000;0;46.5448;17.0003;202.0596;36.3619;17.7018;212.4442;16.9966;24.9245;1517.7350;50;-0.0242;78;2.4543;84;0.000104108;0;9999;9999;9999;9999;9999;9999;9999;9999;9999;9999;9999;9999;9999;9999;9999;9999;9999;9999;9999;9999
16/02/2025 11:45:23.886;117;-1801.693;2838.198;193.000;134.000;247686.68;247686.69;192000;0;46.5767;17.0260;199.1644;36.3678;17.6657;212.6079;17.0246;24.9072;1517.7705;52;0.0000;78;2.4543;84;0.000104108;0;9999;9999;9999;9999;9999;9999;9999;9999;9999;9999;9999;9999;9999;9999;9999;9999;9999;9999;9999;9999
16/02/2025 11:45:53.888;117;-1801.694;2838.201;189.200;131.000;247686.71;247686.71;192000;0;46.5944;17.0439;196.3230;36.3683;17.6256;212.1032;17.0408;24.9232;1517.7773;51;-0.0121;77;2.3634;87;0.000113294;0;9999;9999;9999;9999;9999;9999;9999;9999;9999;9999;9999;9999;9999;9999;9999;9999;9999;9999;9999;9999
16/02/2025 11:46:23.881;117;-1801.695;2838.203;187.200;129.000;247686.73;-1;192000;0;46.6509;17.0912;193.2869;36.3763;17.5955;212.4270;17.0918;24.8915;1517.8771;51;-0.0121;77;2.3634;85;0.000107170;0;9999;9999;9999;9999;9999;9999;9999;9999;9999;9999;9999;9999;9999;9999;9999;9999;9999;9999;9999;9999
16/02/2025 11:46:53.874;117;-1801.697;2838.206;183.100;129.000;247686.76;247686.76;192000;0;46.7330;17.1604;190.1433;36.3868;17.5754;212.4132;17.1608;24.8687;1518.0431;52;0.0000;77;2.3634;86;0.000110232;0;9999;9999;9999;9999;9999;9999;9999;9999;9999;9999;9999;9999;9999;9999;9999;9999;9999;9999;9999;9999
16/02/2025 11:47:23.887;117;-1801.697;2838.208;181.000;129.000;247686.78;-1;192000;0;46.7552;17.1803;186.8587;36.3895;17.5613;213.4995;17.1806;24.8143;1518.0508;53;0.0121;76;2.2725;84;0.000104108;0;9999;9999;9999;9999;9999;9999;9999;9999;9999;9999;9999;9999;9999;9999;9999;9999;9999;9999;9999;9999
16/02/2025 11:47:53.878;117;-1801.699;2838.211;176.700;126.000;247686.81;-1;192000;0;46.7590;17.1858;183.5025;36.3893;17.5473;213.3054;17.1843;24.8206;1518.0112;51;-0.0121;78;2.4543;83;0.000101046;0;9999;9999;9999;9999;9999;9999;9999;9999;9999;9999;9999;9999;9999;9999;9999;9999;9999;9999;9999;9999
16/02/2025 11:48:23.875;117;-1801.699;2838.213;174.500;125.000;247686.83;-1;192000;0;46.7885;17.2127;180.0015;36.3921;17.5372;212.7127;17.2099;24.8370;1518.0362;51;-0.0121;76;2.2725;84;0.000104108;0;9999;9999;9999;9999;9999;9999;9999;9999;9999;9999;9999;9999;9999;9999;9999;9999;9999;9999;9999;9999
16/02/2025 11:48:53.887;117;-1801.700;2838.216;169.700;124.000;247686.86;-1;192000;0;46.8640;17.2733;176.2729;36.4049;17.5271;212.6088;17.2726;24.8198;1518.1688;54;0.0242;77;2.3634;87;0.000113294;0;9999;9999;9999;9999;9999;9999;9999;9999;9999;9999;9999;9999;9999;9999;9999;9999;9999;9999;9999;9999
16/02/2025 11:49:23.878;117;-1801.700;2838.217;167.300;123.000;247686.88;247686.88;192000;0;46.8863;17.2923;172.5526;36.4087;17.5292;213.5657;17.2939;24.7703;1518.1677;52;0.0000;76;2.2725;86;0.000110232;0;9999;9999;9999;9999;9999;9999;9999;9999;9999;9999;9999;9999;9999;9999;9999;9999;9999;9999;9999;9999
16/02/2025 11:49:53.873;117;-1801.701;2838.221;162.500;121.000;247686.91;247686.91;192000;0;47.0037;17.3928;168.9543;36.4219;17.5311;213.8451;17.3972;24.7239;1518.4206;53;0.0121;77;2.3634;83;0.000101046;0;9999;9999;9999;9999;9999;9999;9999;9999;9999;9999;9999;9999;9999;9999;9999;9999;9999;9999;9999;9999
16/02/2025 11:50:23.878;117;-1801.701;2838.223;160.200;125.000;247686.93;247686.93;192000;0;47.0434;17.4326;165.3330;36.4220;17.5452;214.9123;17.4311;24.6664;1518.4782;53;0.0121;76;2.2725;86;0.000110232;0;9999;9999;9999;9999;9999;9999;9999;9999;9999;9999;9999;9999;9999;9999;9999;9999;9999;9999;9999;9999
16/02/2025 11:50:53.882;117;-1801.702;2838.226;155.700;129.000;247686.96;247686.96;192000;0;47.1418;17.5031;161.8727;36.4454;17.5613;215.0865;17.5158;24.6299;1518.6555;52;0.0000;77;2.3634;87;0.000113294;0;9999;9999;9999;9999;9999;9999;9999;9999;9999;9999;9999;9999;9999;9999;9999;9999;9999;9999;9999;9999
16/02/2025 11:51:23.888;117;-1801.703;2838.227;153.300;132.000;247686.97;247686.98;192000;0;47.3477;17.6781;158.2381;36.4680;17.5935;214.1303;17.6819;24.6166;1519.1355;53;0.0121;75;2.1816;91;0.000125542;0;9999;9999;9999;9999;9999;9999;9999;9999;9999;9999;9999;9999;9999;9999;9999;9999;9999;9999;9999;9999
16/02/2025 11:51:53.885;117;-1801.704;2838.230;148.600;124.000;247687.0;247687.0;192000;0;47.3781;17.7106;154.6498;36.4666;17.6276;214.6980;17.7102;24.5826;1519.1696;52;0.0000;76;2.2725;91;0.000125542;0;9999;9999;9999;9999;9999;9999;9999;9999;9999;9999;9999;9999;9999;9999;9999;9999;9999;9999;9999;9999
16/02/2025 11:52:23.886;117;-1801.704;2838.231;146.300;123.000;247687.02;247687.02;192000;0;47.4307;17.7516;151.0946;36.4767;17.6597;212.9606;17.7570;24.6409;1519.2422;53;0.0121;77;2.3634;87;0.000113294;0;9999;9999;9999;9999;9999;9999;9999;9999;9999;9999;9999;9999;9999;9999;9999;9999;9999;9999;9999;9999
16/02/2025 11:52:53.886;117;-1801.705;2838.235;141.900;124.000;247687.04;247687.05;192000;0;47.5952;17.8847;147.6086;36.5006;17.6978;213.5684;17.8960;24.5690;1519.6005;53;0.0121;76;2.2725;89;0.000119418;0;9999;9999;9999;9999;9999;9999;9999;9999;9999;9999;9999;9999;9999;9999;9999;9999;9999;9999;9999;9999
16/02/2025 11:53:23.885;117;-1801.705;2838.236;139.600;127.000;247687.07;247687.07;192000;0;47.8411;18.0576;144.0583;36.5587;17.7479;213.7527;18.1059;24.4911;1520.1108;54;0.0242;76;2.2725;88;0.000116356;0;9999;9999;9999;9999;9999;9999;9999;9999;9999;9999;9999;9999;9999;9999;9999;9999;9999;9999;9999;9999
16/02/2025 11:53:53.878;117;-1801.706;2838.240;135.100;123.000;247687.09;247687.09;192000;0;48.2072;18.3909;140.5437;36.5757;17.8461;217.9745;18.3863;24.2249;1521.0352;56;0.0484;76;2.2725;92;0.000128604;0;9999;9999;9999;9999;9999;9999;9999;9999;9999;9999;9999;9999;9999;9999;9999;9999;9999;9999;9999;9999
16/02/2025 11:54:23.885;117;-1801.706;2838.241;132.800;121.000;247687.11;247687.11;192000;0;48.5521;18.6590;137.0548;36.6318;17.9460;219.7489;18.6561;24.0648;1521.8095;58;0.0726;75;2.1816;94;0.000134728;0;9999;9999;9999;9999;9999;9999;9999;9999;9999;9999;9999;9999;9999;9999;9999;9999;9999;9999;9999;9999
16/02/2025 11:54:53.881;117;-1801.707;2838.245;128.500;122.000;247687.14;247687.14;192000;0;49.3642;19.2912;133.7301;36.7572;18.0718;226.7800;19.2889;23.5820;1523.6864;58;0.0726;74;2.0907;93;0.000131666;0;9999;9999;9999;9999;9999;9999;9999;9999;9999;9999;9999;9999;9999;9999;9999;9999;9999;9999;9999;9999
16/02/2025 11:55:23.878;117;-1801.707;2838.247;126.400;122.000;247687.15;247687.15;192000;0;49.7837;19.6142;130.5820;36.8235;18.2490;230.8452;19.6063;23.3242;1524.6115;58;0.0726;73;1.9998;94;0.000134728;0;9999;9999;9999;9999;9999;9999;9999;9999;9999;9999;9999;9999;9999;9999;9999;9999;9999;9999;9999;9999
16/02/2025 11:55:53.883;117;-1801.708;2838.251;122.400;120.000;247687.18;247687.18;192000;0;49.9111;19.7032;127.2627;36.8522;18.4397;232.3300;19.7041;23.2355;1524.8358;61;0.1089;73;1.9998;93;0.000131666;0;9999;9999;9999;9999;9999;9999;9999;9999;9999;9999;9999;9999;9999;9999;9999;9999;9999;9999;9999;9999
16/02/2025 11:56:23.878;117;-1801.709;2838.252;120.100;120.000;247687.21;247687.21;192000;0;50.1630;19.8960;123.6055;36.8928;18.6180;234.8398;19.8998;23.0792;1525.3543;61;0.1089;71;1.8180;97;0.000143914;0;9999;9999;9999;9999;9999;9999;9999;9999;9999;9999;9999;9999;9999;9999;9999;9999;9999;9999;9999;9999
16/02/2025 11:56:53.882;117;-1801.709;2838.256;115.600;118.000;247687.23;247687.23;192000;0;50.1992;19.9285;119.8641;36.8956;18.7859;235.8539;19.9280;23.0314;1525.3848;65;0.1573;71;1.8180;97;0.000143914;0;9999;9999;9999;9999;9999;9999;9999;9999;9999;9999;9999;9999;9999;9999;9999;9999;9999;9999;9999;9999
16/02/2025 11:57:23.869;117;-1801.709;2838.258;113.100;120.000;247687.26;247687.26;192000;0;50.1932;19.9245;116.0343;36.8956;18.9180;236.7653;19.9260;22.9964;1525.3099;63;0.1331;73;1.9998;109;0.000180658;0;9999;9999;9999;9999;9999;9999;9999;9999;9999;9999;9999;9999;9999;9999;9999;9999;9999;9999;9999;9999
16/02/2025 11:57:53.882;117;-1801.710;2838.261;108.400;122.000;247687.29;247687.29;192000;0;50.1973;19.9299;112.2406;36.8956;19.0341;235.9936;19.9318;23.0228;1525.2616;62;0.1210;72;1.9089;90;0.000122480;0;9999;9999;9999;9999;9999;9999;9999;9999;9999;9999;9999;9999;9999;9999;9999;9999;9999;9999;9999;9999
16/02/2025 11:58:23.882;117;-1801.710;2838.262;106.000;125.000;247687.31;-1;192000;0;50.2963;20.0031;108.4431;36.9145;19.1363;236.4446;20.0058;22.9823;1525.4212;68;0.1936;72;1.9089;97;0.000143914;0;9999;9999;9999;9999;9999;9999;9999;9999;9999;9999;9999;9999;9999;9999;9999;9999;9999;9999;9999;9999
16/02/2025 11:58:53.869;117;-1801.711;2838.265;101.300;131.000;247687.34;-1;192000;0;50.3791;20.0708;104.6919;36.9248;19.2364;236.3097;20.0702;22.9672;1525.5564;69;0.2057;71;1.8180;97;0.000143914;0;9999;9999;9999;9999;9999;9999;9999;9999;9999;9999;9999;9999;9999;9999;9999;9999;9999;9999;9999;9999
16/02/2025 11:59:23.884;117;-1801.711;2838.267;98.800;130.000;247687.36;-1;192000;0;50.3686;20.0643;100.9433;36.9233;19.3266;237.3207;20.0663;22.9293;1525.4744;67;0.1815;72;1.9089;91;0.000125542;0;9999;9999;9999;9999;9999;9999;9999;9999;9999;9999;9999;9999;9999;9999;9999;9999;9999;9999;9999;9999
16/02/2025 11:59:53.886;117;-1801.712;2838.269;94.100;130.000;247687.38;247687.39;192000;0;50.3682;20.0643;97.1598;36.9244;19.4049;237.6838;20.0657;22.9147;1525.4126;70;0.2178;70;1.7271;94;0.000134728;0;9999;9999;9999;9999;9999;9999;9999;9999;9999;9999;9999;9999;9999;9999;9999;9999;9999;9999;9999;9999
16/02/2025 12:00:23.886;117;-1801.712;2838.271;91.600;128.000;247687.39;247687.4;192000;0;50.3696;20.0675;93.3259;36.9241;19.4694;235.3739;20.0698;22.9996;1525.3572;64;0.1452;69;1.6362;96;0.000140852;0;9999;9999;9999;9999;9999;9999;9999;9999;9999;9999;9999;9999;9999;9999;9999;9999;9999;9999;9999;9999
16/02/2025 12:00:53.886;117;-1801.713;2838.274;86.600;128.000;247687.42;247687.42;192000;0;50.3769;20.0731;89.3296;36.9267;19.5280;235.2940;20.0797;22.9984;1525.3089;63;0.1331;72;1.9089;92;0.000128604;0;9999;9999;9999;9999;9999;9999;9999;9999;9999;9999;9999;9999;9999;9999;9999;9999;9999;9999;9999;9999
16/02/2025 12:01:23.878;117;-1801.713;2838.275;84.000;130.000;247687.45;247687.45;192000;0;50.4688;20.1436;85.3838;36.9420;19.5827;236.3308;20.1463;22.9381;1525.4537;64;0.1452;71;1.8180;90;0.000122480;0;9999;9999;9999;9999;9999;9999;9999;9999;9999;9999;9999;9999;9999;9999;9999;9999;9999;9999;9999;9999
16/02/2025 12:01:53.889;117;-1801.714;2838.278;79.100;132.000;247687.47;247687.47;192000;0;50.4808;20.1526;81.5261;36.9454;19.6392;237.1326;20.1552;22.9042;1525.4179;63;0.1331;70;1.7271;96;0.000140852;0;9999;9999;9999;9999;9999;9999;9999;9999;9999;9999;9999;9999;9999;9999;9999;9999;9999;9999;9999;9999
16/02/2025 12:02:23.884;117;-1801.715;2838.279;76.600;132.000;247687.5;247687.5;192000;0;50.5149;20.1767;77.7342;36.9538;19.6938;236.9550;20.1802;22.9021;1525.4301;65;0.1573;71;1.8180;95;0.000137790;0;9999;9999;9999;9999;9999;9999;9999;9999;9999;9999;9999;9999;9999;9999;9999;9999;9999;9999;9999;9999
16/02/2025 12:02:53.878;117;-1801.715;2838.281;71.700;131.000;247687.52;247687.52;192000;0;50.5167;20.1797;73.8858;36.9540;19.7348;236.7301;20.1831;22.9086;1525.3744;66;0.1694;70;1.7271;104;0.000165348;0;9999;9999;9999;9999;9999;9999;9999;9999;9999;9999;9999;9999;9999;9999;9999;9999;9999;9999;9999;9999
16/02/2025 12:03:23.879;117;-1801.716;2838.283;69.300;131.000;247687.54;247687.54;192000;0;50.5122;20.1794;70.0873;36.9520;19.7795;237.6621;20.1839;22.8724;1525.3080;72;0.2420;72;1.9089;104;0.000165348;0;9999;9999;9999;9999;9999;9999;9999;9999;9999;9999;9999;9999;9999;9999;9999;9999;9999;9999;9999;9999
16/02/2025 12:03:53.883;117;-1801.717;2838.285;64.500;132.000;247687.56;247687.56;192000;0;50.5101;20.1815;66.3938;36.9498;19.8107;236.3922;20.1848;22.9189;1525.2498;73;0.2541;73;1.9998;101;0.000156162;0;9999;9999;9999;9999;9999;9999;9999;9999;9999;9999;9999;9999;9999;9999;9999;9999;9999;9999;9999;9999
16/02/2025 12:04:23.884;117;-1801.717;2838.287;62.100;131.000;247687.58;247687.58;192000;0;50.5138;20.1864;62.7974;36.9500;19.8418;237.3918;20.1896;22.8790;1525.2034;73;0.2541;71;1.8180;104;0.000165348;0;9999;9999;9999;9999;9999;9999;9999;9999;9999;9999;9999;9999;9999;9999;9999;9999;9999;9999;9999;9999
16/02/2025 12:04:53.861;117;-1801.718;2838.289;57.500;135.000;247687.61;247687.61;192000;0;50.5230;20.1953;59.1038;36.9511;19.8709;237.3464;20.1987;22.8770;1525.1675;75;0.2783;68;1.5453;103;0.000162286;0;9999;9999;9999;9999;9999;9999;9999;9999;9999;9999;9999;9999;9999;9999;9999;9999;9999;9999;9999;9999
16/02/2025 12:05:23.874;117;-1801.719;2838.291;55.000;136.000;247687.63;247687.63;192000;0;50.5387;20.2131;55.4834;36.9497;19.8962;237.3661;20.2165;22.8701;1525.1543;74;0.2662;70;1.7271;105;0.000168410;0;9999;9999;9999;9999;9999;9999;9999;9999;9999;9999;9999;9999;9999;9999;9999;9999;9999;9999;9999;9999
16/02/2025 12:05:53.886;117;-1801.720;2838.293;50.500;139.000;247687.66;247687.66;192000;0;50.7713;20.3883;52.0379;36.9885;19.9273;237.8800;20.3927;22.7975;1525.6184;61;0.1089;70;1.7271;109;0.000180658;0;9999;9999;9999;9999;9999;9999;9999;9999;9999;9999;9999;9999;9999;9999;9999;9999;9999;9999;9999;9999
16/02/2025 12:06:23.888;117;-1801.721;2838.294;48.400;136.000;247687.68;247687.68;192000;0;50.8235;20.4307;48.6822;36.9954;19.9836;238.4800;20.4261;22.7644;1525.6855;61;0.1089;67;1.4544;108;0.000177596;0;9999;9999;9999;9999;9999;9999;9999;9999;9999;9999;9999;9999;9999;9999;9999;9999;9999;9999;9999;9999
16/02/2025 12:06:53.886;117;-1801.723;2838.297;44.100;131.000;247687.7;247687.71;192000;0;50.8441;20.4476;45.3406;36.9988;20.0321;238.6298;20.4502;22.7508;1525.6795;59;0.0847;73;1.9998;110;0.000183720;0;9999;9999;9999;9999;9999;9999;9999;9999;9999;9999;9999;9999;9999;9999;9999;9999;9999;9999;9999;9999
16/02/2025 12:07:23.878;117;-1801.723;2838.299;41.900;129.000;247687.73;247687.73;192000;0;50.8725;20.4719;42.0079;37.0019;20.0748;237.6643;20.4765;22.7782;1525.6934;61;0.1089;66;1.3635;109;0.000180658;0;9999;9999;9999;9999;9999;9999;9999;9999;9999;9999;9999;9999;9999;9999;9999;9999;9999;9999;9999;9999
16/02/2025 12:07:53.880;117;-1801.724;2838.302;37.600;125.000;247687.75;247687.75;192000;0;50.9229;20.5123;38.7012;37.0091;20.1155;238.2814;20.5170;22.7423;1525.7560;58;0.0726;75;2.1816;107;0.000174534;0;9999;9999;9999;9999;9999;9999;9999;9999;9999;9999;9999;9999;9999;9999;9999;9999;9999;9999;9999;9999
16/02/2025 12:08:23.882;117;-1801.725;2838.304;35.600;123.000;247687.77;247687.77;192000;0;50.9258;20.5199;35.4048;37.0061;20.1562;238.1140;20.5241;22.7458;1525.7183;58;0.0726;69;1.6362;105;0.000168410;0;9999;9999;9999;9999;9999;9999;9999;9999;9999;9999;9999;9999;9999;9999;9999;9999;9999;9999;9999;9999
16/02/2025 12:08:53.888;117;-1801.726;2838.307;31.300;122.000;247687.79;247687.79;192000;0;50.9440;20.5335;32.0135;37.0103;20.1891;236.8901;20.5372;22.7866;1525.7033;58;0.0726;52;0.0909;102;0.000159224;0;9999;9999;9999;9999;9999;9999;9999;9999;9999;9999;9999;9999;9999;9999;9999;9999;9999;9999;9999;9999
16/02/2025 12:09:23.878;117;-1801.726;2838.309;28.900;122.000;247687.82;247687.82;192000;0;50.9573;20.5443;28.3990;37.0131;20.2220;236.5016;20.5500;22.7964;1525.6754;54;0.0242;63;1.0908;104;0.000165348;0;9999;9999;9999;9999;9999;9999;9999;9999;9999;9999;9999;9999;9999;9999;9999;9999;9999;9999;9999;9999
16/02/2025 12:09:53.881;117;-1801.727;2838.312;24.300;123.000;247687.85;247687.85;192000;0;50.9573;20.5463;24.8303;37.0126;20.2529;236.8955;20.5518;22.7801;1525.6207;54;0.0242;50;-0.0909;104;0.000165348;0;9999;9999;9999;9999;9999;9999;9999;9999;9999;9999;9999;9999;9999;9999;9999;9999;9999;9999;9999;9999
16/02/2025 12:10:23.888;117;-1801.727;2838.314;22.000;124.000;247687.87;247687.87;192000;0;50.9569;20.5489;21.3192;37.0113;20.2781;238.1562;20.5538;22.7315;1525.5678;53;0.0121;50;-0.0909;108;0.000177596;0;9999;9999;9999;9999;9999;9999;9999;9999;9999;9999;9999;9999;9999;9999;9999;9999;9999;9999;9999;9999
16/02/2025 12:10:53.888;117;-1801.728;2838.317;17.600;122.000;247687.89;247687.89;192000;0;50.9594;20.5500;17.8601;37.0137;20.3013;236.0809;20.5575;22.8070;1525.5157;54;0.0242;50;-0.0909;105;0.000168410;0;9999;9999;9999;9999;9999;9999;9999;9999;9999;9999;9999;9999;9999;9999;9999;9999;9999;9999;9999;9999
16/02/2025 12:11:23.879;117;-1801.729;2838.319;15.400;125.000;247687.92;247687.92;192000;0;50.9633;20.5557;14.4004;37.0132;20.3187;236.3858;20.5626;22.7932;1525.4729;53;0.0121;50;-0.0909;104;0.000165348;0;9999;9999;9999;9999;9999;9999;9999;9999;9999;9999;9999;9999;9999;9999;9999;9999;9999;9999;9999;9999
16/02/2025 12:11:53.862;117;-1801.729;2838.322;10.800;124.000;247687.94;-1;192000;0;50.9648;20.5603;10.9341;37.0117;20.3457;235.6134;20.5674;22.8200;1525.4259;53;0.0121;50;-0.0909;106;0.000171472;0;9999;9999;9999;9999;9999;9999;9999;9999;9999;9999;9999;9999;9999;9999;9999;9999;9999;9999;9999;9999
16/02/2025 12:12:23.878;117;-1801.730;2838.324;8.500;124.000;247687.96;247687.96;192000;0;50.9848;20.5765;7.3602;37.0152;20.3631;235.4658;20.5843;22.8195;1525.4141;52;0.0000;50;-0.0909;104;0.000165348;0;9999;9999;9999;9999;9999;9999;9999;9999;9999;9999;9999;9999;9999;9999;9999;9999;9999;9999;9999;9999
16/02/2025 12:12:53.886;117;-1801.730;2838.327;3.900;125.000;247687.99;247687.99;192000;0;50.9979;20.5912;3.6926;37.0144;20.3824;234.9394;20.6044;22.8326;1525.3918;53;0.0121;50;-0.0909;102;0.000159224;0;9999;9999;9999;9999;9999;9999;9999;9999;9999;9999;9999;9999;9999;9999;9999;9999;9999;9999;9999;9999
16/02/2025 12:13:23.882;115;-1801.731;2838.330;2.600;112.000;247688.02;247688.02;192000;0;50.9944;20.5837;4.7153;37.0177;20.4056;234.8538;20.5856;22.8415;1525.3922;46;-0.0726;64;1.1817;71;0.000064302;0;9999;9999;9999;9999;9999;9999;9999;9999;9999;9999;9999;9999;9999;9999;9999;9999;9999;9999;9999;9999
16/02/2025 12:13:53.873;115;-1801.731;2838.332;-0.300;111.000;247688.03;247688.03;192000;0;51.0515;20.6316;1.5627;37.0237;20.4210;236.2430;20.6265;22.7764;1525.4759;62;0.1210;68;1.5453;44;-0.000018372;0;9999;9999;9999;9999;9999;9999;9999;9999;9999;9999;9999;9999;9999;9999;9999;9999;9999;9999;9999;9999
16/02/2025 12:14:18.048;119;-1801.733;2838.436;0.100;24.000;247688.07;247688.07;192000;0;51.0575;20.6381;1.4920;37.0229;20.4364;235.3793;20.6289;22.8083;1525.4914;75;0.2783;69;1.6362;64;0.000042868;0;9999;9999;9999;9999;9999;9999;9999;9999;9999;9999;9999;9999;9999;9999;9999;9999;9999;9999;9999;9999
