Timestamp;NavState;SecurityLevel;Heading;Declination;Pitch;Roll;Depth;Temperature;Pa;Lat;Lon;DeadReckoning;DesiredH;BallastCmd;BallastPos;LinCmd;LinPos;AngCmd;AngPos;Voltage;Altitude;
25/02/2025 13:18:14;119;0;163.68;-4;-44.43;-13.21;-0.0;16.50;75563;2839.378;-1802.895;0;314;500;506.5;100.0;100.6;0;-0.5;26.3;-1.0;
25/02/2025 13:18:24;116;0;176.93;-4;-58.07;-17.23;-0.3;16.50;75567;2839.388;-1802.902;0;314;500;506.5;100.0;100.6;0;-0.5;26.3;-1.0;
25/02/2025 13:18:54;116;0;165.39;-4;-51.45;-19.85;-0.3;16.60;75604;2839.397;-1802.907;0;314;500;506.5;100.0;100.6;0;-0.5;26.3;-1.0;
25/02/2025 13:19:21;116;0;158.34;-4;-49.95;-4.62;-0.1;16.70;75624;2839.401;-1802.908;0;138;500;508.1;100.0;100.6;0;-0.5;26.3;-1.0;
25/02/2025 13:19:32;116;0;161.08;-4;-53.57;-5.78;-0.2;16.80;75631;2839.406;-1802.910;0;138;500;506.5;100.0;100.6;0;-0.5;26.3;-1.0;
25/02/2025 13:20:35;116;0;176.20;-4;-50.83;-19.95;-0.2;17.00;75662;2839.422;-1802.919;0;138;500;506.5;100.0;100.6;0;-0.5;26.3;-1.0;
25/02/2025 13:21:49;116;0;179.02;-4;-48.56;-18.17;-0.1;17.40;75693;2839.444;-1802.933;0;138;500;506.5;100.0;100.6;0;-0.5;26.3;-1.0;
25/02/2025 13:22:14;116;0;172.30;-4;-57.89;-9.77;0.0;17.50;75712;2839.451;-1802.938;0;138;500;506.5;100.0;100.6;0;-0.5;26.3;-1.0;
25/02/2025 13:23:17;116;0;182.74;-4;-52.40;-14.98;-0.2;17.80;75740;2839.467;-1802.947;0;138;500;508.1;100.0;100.6;0;-0.5;26.2;-1.0;
25/02/2025 13:24:21;116;0;175.43;-4;-54.50;-15.91;-0.2;18.20;75769;2839.484;-1802.959;0;138;500;508.1;100.0;100.6;0;-0.5;26.3;-1.0;
25/02/2025 13:24:41;110;0;174.94;-4;-55.99;-12.94;-0.0;18.30;75770;2839.484;-1802.959;0;138;-90;385.5;100.0;100.6;-6;-5.9;26.3;-1.0;
25/02/2025 13:24:51;110;0;167.02;-4;-52.88;-12.65;0.0;18.30;76139;2839.484;-1802.959;1;138;-90;240.3;100.0;100.6;-6;-5.9;26.2;-1.0;
25/02/2025 13:25:01;110;0;167.00;-4;-55.62;-11.79;0.5;18.40;76373;2839.485;-1802.959;1;138;-90;83.9;100.0;100.6;-6;-5.9;26.2;-1.0;
25/02/2025 13:25:11;110;0;152.11;-4;-66.25;-20.29;0.8;18.40;76702;2839.485;-1802.959;1;138;-90;-79.0;100.0;100.6;-6;-5.9;26.2;-1.0;
25/02/2025 13:25:21;110;0;139.69;-4;-63.36;-20.31;1.1;18.50;77052;2839.485;-1802.959;1;138;-90;-90.3;42.0;51.5;-6;-5.9;26.2;-1.0;
25/02/2025 13:25:31;110;0;145.36;-4;-49.61;-16.67;2.4;18.50;77014;2839.485;-1802.959;1;138;-90;-91.9;42.0;42.0;-6;-5.9;26.2;-1.0;
25/02/2025 13:25:51;100;0;152.18;-4;-19.04;-15.25;4.9;18.60;77005;2839.484;-1802.957;1;138;-90;-87.1;42.0;41.5;-6;-5.9;26.3;-1.0;
25/02/2025 13:26:11;100;0;159.94;-4;-18.03;-14.80;7.1;18.60;77000;2839.482;-1802.956;1;138;-90;-85.5;42.6;42.9;19;19.0;26.3;-1.0;
25/02/2025 13:26:31;100;0;156.27;-4;-20.44;-2.22;9.4;18.60;76999;2839.480;-1802.955;1;138;-90;-85.5;42.6;42.9;17;16.7;26.3;-1.0;
25/02/2025 13:26:51;100;0;156.49;-4;-20.50;-3.48;11.8;18.70;77005;2839.479;-1802.954;1;138;-90;-85.5;42.6;42.9;17;16.2;26.3;-1.0;
25/02/2025 13:27:11;100;0;155.74;-4;-19.72;-3.47;14.4;18.70;77010;2839.477;-1802.952;1;138;-90;-85.5;42.6;42.9;17;16.2;26.3;0.0;
25/02/2025 13:27:31;100;0;152.12;-4;-20.27;-3.62;17.0;18.70;77004;2839.475;-1802.950;1;138;-90;-85.5;42.6;42.9;17;16.2;26.3;0.0;
25/02/2025 13:27:51;100;0;155.67;-4;-20.54;-3.19;19.5;18.70;77018;2839.473;-1802.949;1;138;-90;-87.1;42.6;42.9;17;16.2;26.3;0.0;
25/02/2025 13:28:11;100;0;150.05;-4;-20.61;-3.78;22.2;18.80;77015;2839.471;-1802.947;1;138;-90;-85.5;42.6;42.9;17;16.2;26.3;0.0;
25/02/2025 13:28:31;100;0;151.78;-4;-20.33;-3.43;24.6;18.80;77023;2839.469;-1802.946;1;138;-90;-85.5;42.6;43.0;17;16.2;26.3;0.0;
25/02/2025 13:28:51;100;0;148.69;-4;-20.41;-3.60;27.4;18.80;77014;2839.467;-1802.944;1;138;-90;-85.5;42.6;42.9;17;16.2;26.3;0.0;
25/02/2025 13:29:11;100;0;148.39;-4;-20.43;-3.47;30.0;18.80;77026;2839.466;-1802.942;1;138;-90;-85.5;42.6;42.9;17;16.2;26.3;0.0;
25/02/2025 13:29:31;100;0;147.58;-4;-20.03;-3.59;32.6;18.80;77028;2839.464;-1802.940;1;138;-90;-85.5;42.6;42.9;17;16.2;26.3;0.0;
25/02/2025 13:29:51;100;0;148.64;-4;-19.89;-3.51;35.3;18.80;77023;2839.462;-1802.938;1;138;-90;-88.7;42.6;42.9;17;16.2;26.3;0.0;
25/02/2025 13:30:11;100;0;147.90;-4;-19.97;-3.58;37.9;18.80;77042;2839.460;-1802.936;1;138;-90;-85.5;42.6;42.9;17;16.2;26.3;0.0;
25/02/2025 13:30:31;100;0;148.50;-4;-20.30;-3.51;40.5;18.80;77038;2839.458;-1802.934;1;138;-90;-85.5;42.6;42.9;17;16.2;26.3;0.0;
25/02/2025 13:30:51;100;0;148.07;-4;-20.30;-3.47;43.4;18.90;77043;2839.456;-1802.932;1;138;-90;-87.1;42.6;42.9;17;16.2;26.3;0.0;
25/02/2025 13:31:11;100;0;146.60;-4;-20.53;-3.50;46.2;18.90;77043;2839.455;-1802.930;1;138;-90;-85.5;42.6;42.9;17;16.2;26.3;0.0;
25/02/2025 13:31:31;100;0;146.45;-4;-20.40;-3.43;48.9;18.90;77048;2839.453;-1802.928;1;138;-90;-85.5;42.6;42.9;17;16.2;26.3;0.0;
25/02/2025 13:31:51;100;0;145.05;-4;-20.68;-3.48;52.0;18.90;77048;2839.451;-1802.926;1;138;-90;-83.9;42.6;42.9;17;16.2;26.3;0.0;
25/02/2025 13:32:11;100;0;139.86;-4;-20.09;-3.47;54.9;18.90;77056;2839.449;-1802.923;1;138;-90;-85.5;42.6;42.9;14;14.0;26.3;0.0;
25/02/2025 13:32:31;100;0;142.14;-4;-18.95;-4.79;57.8;18.90;77050;2839.447;-1802.921;1;138;-90;-85.5;42.9;42.9;14;14.0;26.3;0.0;
25/02/2025 13:32:51;100;0;141.56;-4;-18.07;-4.63;60.3;18.90;77053;2839.445;-1802.918;1;138;-90;-85.5;43.5;43.4;14;14.0;26.3;0.0;
25/02/2025 13:33:11;100;0;141.54;-4;-21.80;-4.76;62.7;18.90;77056;2839.444;-1802.916;1;138;-90;-83.9;43.5;43.6;14;14.0;26.3;0.0;
25/02/2025 13:33:31;100;0;143.88;-4;-21.30;-4.86;65.4;18.90;77061;2839.442;-1802.914;1;138;-90;-85.5;43.5;43.7;14;14.0;26.3;0.0;
25/02/2025 13:33:51;100;0;146.25;-4;-21.43;-4.79;68.4;18.90;77055;2839.440;-1802.912;1;138;-90;-85.5;43.5;43.7;16;15.8;26.3;0.0;
25/02/2025 13:34:11;100;0;146.64;-4;-21.40;-3.46;71.4;18.90;77027;2839.438;-1802.910;1;138;-90;-85.5;43.5;43.7;16;16.2;26.3;0.0;
25/02/2025 13:34:31;100;0;146.85;-4;-21.17;-3.36;74.2;18.90;77024;2839.436;-1802.908;1;138;-90;-85.5;43.5;43.7;16;16.2;26.3;0.0;
25/02/2025 13:34:51;100;0;146.05;-4;-20.84;-3.53;76.9;18.90;77010;2839.435;-1802.906;1;138;-90;-85.5;43.5;43.7;16;16.2;26.3;0.0;
25/02/2025 13:35:11;100;0;145.60;-4;-20.62;-3.44;79.8;18.90;77001;2839.433;-1802.904;1;138;-90;-87.1;43.5;43.7;16;16.2;26.3;0.0;
25/02/2025 13:35:31;100;0;144.04;-4;-20.82;-3.74;82.3;18.90;76996;2839.431;-1802.902;1;138;-90;-85.5;43.5;43.7;16;16.2;26.3;0.0;
25/02/2025 13:35:51;100;0;143.03;-4;-20.93;-3.56;84.8;18.90;76982;2839.430;-1802.900;1;138;-90;-85.5;43.5;43.7;16;16.2;26.3;0.0;
25/02/2025 13:36:11;100;0;142.13;-4;-20.68;-3.64;87.5;18.80;76980;2839.428;-1802.898;1;138;-90;-85.5;43.5;43.9;16;16.2;26.3;0.0;
25/02/2025 13:36:31;100;0;138.40;-4;-21.50;-3.55;90.0;18.80;76978;2839.427;-1802.895;1;138;-90;-87.1;43.5;43.7;11;10.8;26.3;0.0;
25/02/2025 13:36:51;100;0;141.84;-4;-21.02;-6.42;92.7;18.80;76953;2839.426;-1802.893;1;138;-90;-85.5;43.5;43.7;14;14.0;26.3;0.0;
25/02/2025 13:37:11;100;0;144.07;-4;-21.30;-4.38;95.5;18.80;76948;2839.424;-1802.891;1;138;-90;-85.5;43.5;43.6;14;14.4;26.3;0.0;
25/02/2025 13:37:31;100;0;143.53;-4;-21.79;-4.36;98.2;18.80;76950;2839.422;-1802.889;1;138;-90;-87.1;43.5;43.6;14;14.4;26.3;0.0;
25/02/2025 13:37:51;100;0;144.05;-4;-21.78;-4.49;101.0;18.80;76932;2839.421;-1802.887;1;138;-90;-85.5;43.5;43.7;14;14.4;26.3;0.0;
25/02/2025 13:38:11;100;0;144.53;-4;-21.47;-4.30;103.9;18.70;76929;2839.419;-1802.885;1;138;-90;-85.5;43.5;43.7;14;14.4;26.3;0.0;
25/02/2025 13:38:31;100;0;143.02;-4;-21.97;-4.44;106.6;18.70;76932;2839.417;-1802.882;1;138;-90;-85.5;43.5;43.7;14;14.4;26.3;0.0;
25/02/2025 13:38:51;100;0;143.36;-4;-21.52;-4.32;109.6;18.70;76929;2839.416;-1802.880;1;138;-90;-87.1;43.5;43.7;14;14.4;26.3;0.0;
25/02/2025 13:39:12;100;0;144.12;-4;-21.60;-4.37;112.3;18.70;76919;2839.414;-1802.878;1;138;-90;-85.5;43.5;43.7;14;14.4;26.3;0.0;
25/02/2025 13:39:32;100;0;143.34;-4;-21.19;-4.34;115.0;18.70;76906;2839.412;-1802.876;1;138;-90;-85.5;43.5;43.7;14;14.4;26.2;0.0;
25/02/2025 13:39:52;100;0;145.07;-4;-21.64;-4.35;117.7;18.70;76907;2839.411;-1802.874;1;138;-90;-85.5;43.5;43.7;14;14.4;26.3;0.0;
25/02/2025 13:40:12;100;0;147.66;-4;-21.47;-4.37;120.4;18.60;76891;2839.409;-1802.872;1;138;-90;-83.9;43.5;43.6;14;14.4;26.3;0.0;
25/02/2025 13:40:32;100;0;149.05;-4;-21.37;-4.39;123.0;18.60;76894;2839.407;-1802.870;1;138;-90;-85.5;43.5;43.7;14;14.4;26.3;0.0;
25/02/2025 13:40:52;100;0;152.78;-4;-21.76;-4.29;125.8;18.60;76879;2839.406;-1802.869;1;138;-90;-85.5;43.5;43.7;16;15.8;26.2;0.0;
25/02/2025 13:41:12;100;0;155.18;-4;-22.02;-3.35;128.5;18.50;76870;2839.404;-1802.867;1;138;-90;-85.5;42.9;42.9;16;16.7;26.3;0.0;
25/02/2025 13:41:32;100;0;153.64;-4;-20.75;-3.36;131.2;18.50;76873;2839.402;-1802.866;1;138;-90;-85.5;42.9;42.7;16;16.2;26.3;0.0;
25/02/2025 13:41:52;100;0;152.06;-4;-20.38;-3.41;133.8;18.50;76858;2839.400;-1802.864;1;138;-90;-85.5;42.9;42.7;16;16.2;26.3;0.0;
25/02/2025 13:42:12;100;0;148.28;-4;-19.98;-3.43;136.3;18.50;76854;2839.398;-1802.862;1;138;-90;-85.5;42.9;42.7;16;16.2;26.3;0.0;
25/02/2025 13:42:32;100;0;145.51;-4;-19.71;-3.45;138.6;18.50;76863;2839.397;-1802.861;1;138;-90;-85.5;42.9;42.7;16;16.7;26.3;0.0;
25/02/2025 13:42:52;100;0;144.48;-4;-19.48;-3.45;140.8;18.40;76841;2839.395;-1802.859;1;138;-90;-85.5;42.9;42.7;16;16.7;26.3;0.0;
25/02/2025 13:43:12;100;0;145.32;-4;-19.59;-3.53;143.2;18.40;76839;2839.394;-1802.857;1;138;-90;-85.5;42.9;42.7;16;16.7;26.3;0.0;
25/02/2025 13:43:32;100;0;146.02;-4;-19.64;-3.50;145.4;18.40;76837;2839.393;-1802.855;1;138;-90;-85.5;42.9;42.7;16;16.2;26.3;0.0;
25/02/2025 13:43:52;100;0;146.89;-4;-19.49;-3.46;147.5;18.40;76827;2839.391;-1802.854;1;138;-90;-85.5;42.9;42.7;16;16.2;26.3;0.0;
25/02/2025 13:44:12;100;0;145.24;-4;-19.30;-3.58;149.7;18.30;76815;2839.390;-1802.852;1;138;-90;-87.1;42.9;42.7;16;16.2;26.3;0.0;
25/02/2025 13:44:32;100;0;144.84;-4;-19.19;-3.28;152.0;18.30;76804;2839.389;-1802.850;1;138;-90;-85.5;42.9;42.7;16;16.2;26.3;0.0;
25/02/2025 13:44:52;100;0;143.93;-4;-19.95;-3.47;154.2;18.30;76806;2839.387;-1802.848;1;138;-90;-85.5;42.9;42.7;14;14.0;26.3;0.0;
25/02/2025 13:45:12;100;0;146.74;-4;-19.68;-4.85;156.4;18.30;76798;2839.386;-1802.847;1;138;-90;-85.5;42.9;42.7;14;13.5;26.2;0.0;
25/02/2025 13:45:32;100;0;150.64;-4;-19.41;-4.92;158.8;18.20;76795;2839.384;-1802.845;1;138;-90;-85.5;42.9;42.7;14;13.5;26.3;0.0;
25/02/2025 13:45:52;100;0;150.82;-4;-19.40;-4.85;161.0;18.20;76787;2839.383;-1802.843;1;138;-90;-85.5;42.9;42.7;14;13.5;26.3;0.0;
25/02/2025 13:46:12;100;0;148.89;-4;-19.33;-4.85;163.0;18.20;76777;2839.382;-1802.842;1;138;-110;-111.3;42.9;42.7;14;13.5;26.3;0.0;
25/02/2025 13:46:32;100;0;145.92;-4;-18.97;-4.79;165.2;18.10;76834;2839.380;-1802.840;1;138;-110;-112.9;43.2;43.2;14;13.5;26.3;0.0;
25/02/2025 13:46:52;100;0;143.12;-4;-19.23;-4.82;167.8;18.10;76824;2839.379;-1802.838;1;138;-110;-112.9;43.2;43.2;14;13.5;26.3;0.0;
25/02/2025 13:47:12;100;0;144.62;-4;-19.58;-4.70;170.2;18.10;76819;2839.377;-1802.836;1;138;-110;-114.5;43.2;43.2;14;13.5;26.3;0.0;
25/02/2025 13:47:32;100;0;142.95;-4;-19.52;-4.71;172.5;18.00;76801;2839.376;-1802.834;1;138;-110;-112.9;43.2;43.3;14;13.5;26.3;0.0;
25/02/2025 13:47:52;100;0;139.58;-4;-19.80;-4.73;175.1;18.00;76799;2839.374;-1802.832;1;138;-110;-111.3;43.2;43.3;12;12.2;26.3;0.0;
25/02/2025 13:48:12;100;0;138.44;-4;-19.39;-5.68;177.4;18.00;76798;2839.373;-1802.830;1;138;-110;-112.9;43.2;43.3;10;9.9;26.3;0.0;
25/02/2025 13:48:32;100;0;138.11;-4;-19.68;-6.68;179.9;18.00;76777;2839.372;-1802.827;1;138;-110;-114.5;43.2;43.2;10;9.5;26.3;0.0;
25/02/2025 13:48:52;100;0;140.34;-4;-19.08;-6.83;182.2;17.90;76781;2839.371;-1802.825;1;138;-110;-112.9;43.2;43.2;12;12.2;26.3;0.0;
25/02/2025 13:49:12;100;0;141.48;-4;-19.22;-5.06;184.7;17.90;76779;2839.369;-1802.823;1;138;-110;-111.3;43.2;43.2;14;14.0;26.3;0.0;
25/02/2025 13:49:32;100;0;142.57;-4;-19.66;-4.21;187.0;17.90;76764;2839.368;-1802.821;1;138;-110;-112.9;43.2;43.2;14;14.4;26.3;0.0;
25/02/2025 13:49:52;100;0;145.71;-4;-19.56;-4.21;189.4;17.80;76760;2839.366;-1802.819;1;138;-110;-111.3;43.2;43.2;14;14.4;26.3;0.0;
25/02/2025 13:50:12;100;0;146.11;-4;-19.51;-4.26;191.7;17.80;76761;2839.365;-1802.818;1;138;-110;-111.3;43.2;43.2;14;14.4;26.3;0.0;
25/02/2025 13:50:32;100;0;145.89;-4;-19.43;-4.25;193.9;17.80;76753;2839.363;-1802.816;1;138;-110;-112.9;43.2;43.2;14;14.4;26.3;0.0;
25/02/2025 13:50:52;100;0;143.71;-4;-19.42;-4.28;196.4;17.80;76743;2839.362;-1802.814;1;138;-110;-111.3;43.2;43.2;14;14.4;26.3;0.0;
25/02/2025 13:51:12;100;0;142.87;-4;-19.38;-4.27;198.7;17.70;76743;2839.360;-1802.812;1;138;-110;-111.3;43.2;43.2;14;14.4;26.3;0.0;
25/02/2025 13:51:32;100;0;143.69;-4;-19.69;-4.23;200.9;17.70;76732;2839.359;-1802.810;1;138;-110;-111.3;43.2;43.2;14;14.4;26.3;0.0;
25/02/2025 13:51:52;100;0;145.02;-4;-19.58;-4.27;203.4;17.70;76722;2839.358;-1802.808;1;138;-110;-112.9;43.2;43.2;14;14.4;26.3;0.0;
25/02/2025 13:52:12;100;0;144.13;-4;-19.80;-4.19;205.9;17.60;76724;2839.356;-1802.806;1;138;-110;-111.3;43.2;43.3;14;14.4;26.3;0.0;
25/02/2025 13:52:32;100;0;143.60;-4;-19.86;-4.22;208.5;17.60;76716;2839.355;-1802.804;1;138;-110;-112.9;43.2;43.3;14;14.4;26.3;0.0;
25/02/2025 13:52:52;100;0;147.33;-4;-19.63;-4.24;210.8;17.60;76703;2839.353;-1802.802;1;138;-110;-112.9;43.2;43.2;14;14.4;26.3;0.0;
25/02/2025 13:53:12;100;0;146.08;-4;-19.62;-4.27;213.2;17.50;76694;2839.352;-1802.800;1;138;-110;-112.9;43.2;43.3;14;14.4;26.3;0.0;
25/02/2025 13:53:32;100;0;145.64;-4;-19.32;-4.31;215.7;17.50;76689;2839.350;-1802.798;1;138;-110;-114.5;43.2;43.2;14;14.4;26.3;0.0;
25/02/2025 13:53:52;100;0;146.32;-4;-19.16;-4.31;217.9;17.50;76681;2839.349;-1802.797;1;138;-110;-111.3;43.2;43.3;14;14.4;26.3;0.0;
25/02/2025 13:54:12;100;0;146.11;-4;-19.60;-4.26;220.2;17.40;76665;2839.347;-1802.795;1;138;-110;-111.3;43.2;43.2;14;14.4;26.3;0.0;
25/02/2025 13:54:32;100;0;142.17;-4;-19.62;-4.26;222.5;17.40;76663;2839.346;-1802.793;1;138;-110;-112.9;43.2;43.3;14;14.4;26.3;0.0;
25/02/2025 13:54:52;100;0;139.43;-4;-19.72;-4.19;225.0;17.40;76648;2839.345;-1802.791;1;138;-110;-111.3;43.2;43.2;12;12.2;26.2;0.0;
25/02/2025 13:55:12;100;0;139.78;-4;-19.18;-5.64;227.3;17.40;76647;2839.343;-1802.788;1;138;-110;-111.3;43.2;43.2;12;11.7;26.3;0.0;
25/02/2025 13:55:32;100;0;141.64;-4;-18.97;-5.72;229.7;17.30;76629;2839.342;-1802.786;1;138;-110;-112.9;43.5;43.6;12;11.7;26.3;0.0;
25/02/2025 13:55:52;100;0;142.47;-4;-20.03;-5.66;232.0;17.30;76633;2839.340;-1802.784;1;138;-110;-111.3;43.5;43.7;14;14.4;26.3;0.0;
25/02/2025 13:56:12;100;0;144.94;-4;-20.28;-4.20;234.4;17.20;76622;2839.339;-1802.783;1;138;-110;-111.3;43.5;43.9;14;14.9;26.3;0.0;
25/02/2025 13:56:32;100;0;147.65;-4;-20.26;-4.04;236.8;17.20;76617;2839.338;-1802.781;1;138;-110;-111.3;43.5;43.7;14;14.9;26.3;0.0;
25/02/2025 13:56:52;100;0;151.51;-4;-20.46;-4.18;239.4;17.20;76597;2839.336;-1802.779;1;138;-110;-111.3;43.5;43.9;14;14.9;26.3;0.0;
25/02/2025 13:57:12;100;0;152.03;-4;-20.55;-4.08;241.9;17.20;76592;2839.334;-1802.778;1;138;-110;-112.9;43.5;43.7;14;14.9;26.3;0.0;
25/02/2025 13:57:32;100;0;152.10;-4;-20.42;-4.10;244.4;17.10;76588;2839.332;-1802.776;1;138;-110;-114.5;43.5;43.7;14;14.4;26.3;0.0;
25/02/2025 13:57:52;100;0;153.55;-4;-20.56;-4.07;246.9;17.10;76573;2839.331;-1802.775;1;138;-110;-111.3;43.5;43.9;14;14.4;26.3;0.0;
25/02/2025 13:58:12;100;0;154.78;-4;-20.38;-4.11;249.4;17.10;76566;2839.329;-1802.773;1;138;-110;-112.9;43.5;43.9;14;14.9;26.3;0.0;
25/02/2025 13:58:32;100;0;154.08;-4;-20.66;-4.08;251.9;17.00;76559;2839.327;-1802.772;1;138;-110;-112.9;43.5;43.9;14;14.9;26.3;0.0;
25/02/2025 13:58:52;100;0;151.79;-4;-20.85;-4.05;254.4;17.00;76552;2839.325;-1802.770;1;138;-110;-112.9;43.5;43.7;14;14.4;26.3;0.0;
25/02/2025 13:59:12;100;0;149.04;-4;-20.91;-4.02;257.1;17.00;76556;2839.324;-1802.768;1;138;-110;-109.7;43.5;43.7;14;14.9;26.3;0.0;
25/02/2025 13:59:32;100;0;148.03;-4;-20.22;-4.11;259.7;16.90;76539;2839.322;-1802.767;1;138;-110;-111.3;43.5;43.9;14;14.4;26.3;0.0;
25/02/2025 13:59:52;100;0;148.59;-4;-20.35;-4.08;262.1;16.90;76530;2839.320;-1802.765;1;138;-110;-112.9;43.5;44.0;14;14.9;26.3;0.0;
25/02/2025 14:00:12;100;0;147.53;-4;-20.30;-4.12;264.6;16.90;76522;2839.319;-1802.763;1;138;-110;-111.3;43.5;43.7;14;14.9;26.3;0.0;
25/02/2025 14:00:32;100;0;146.18;-4;-20.29;-4.14;267.0;16.80;76513;2839.317;-1802.761;1;138;-110;-112.9;43.5;43.7;14;14.9;26.3;0.0;
25/02/2025 14:00:52;100;0;144.23;-4;-20.64;-4.06;269.7;16.80;76503;2839.315;-1802.759;1;138;-110;-111.3;43.5;43.9;14;14.9;26.3;0.0;
25/02/2025 14:01:12;100;0;141.08;-4;-20.44;-4.07;272.4;16.70;76487;2839.314;-1802.757;1;138;-110;-111.3;43.5;43.7;14;14.4;26.3;0.0;
25/02/2025 14:01:32;100;0;138.68;-4;-20.46;-4.10;275.1;16.70;76485;2839.312;-1802.754;1;138;-110;-111.3;43.5;43.9;12;11.7;26.3;0.0;
25/02/2025 14:01:52;100;0;138.50;-4;-20.40;-5.69;277.8;16.70;76472;2839.311;-1802.752;1;138;-110;-111.3;43.5;43.9;12;11.7;26.3;0.0;
25/02/2025 14:02:12;100;0;138.44;-4;-20.29;-5.73;280.6;16.60;76475;2839.309;-1802.749;1;138;-110;-112.9;43.5;43.7;12;11.7;26.3;0.0;
25/02/2025 14:02:32;100;0;136.54;-4;-20.24;-5.68;283.5;16.60;76460;2839.307;-1802.746;1;138;-110;-111.3;43.5;43.7;10;9.9;26.2;0.0;
25/02/2025 14:02:52;100;0;138.10;-4;-20.09;-6.74;286.2;16.60;76459;2839.306;-1802.744;1;138;-110;-112.9;43.5;43.9;10;9.5;26.3;0.0;
25/02/2025 14:03:12;100;0;139.26;-4;-20.04;-6.71;289.0;16.50;76457;2839.304;-1802.741;1;138;-110;-112.9;43.5;43.7;12;12.2;26.3;0.0;
25/02/2025 14:03:32;100;0;139.53;-4;-20.50;-5.20;291.8;16.50;76448;2839.302;-1802.739;1;138;-110;-112.9;43.5;43.9;12;12.6;26.3;0.0;
25/02/2025 14:03:52;100;0;141.76;-4;-20.34;-5.20;294.7;16.50;76436;2839.301;-1802.736;1;138;-110;-111.3;43.5;43.7;12;12.6;26.3;0.0;
25/02/2025 14:04:12;100;0;141.60;-4;-20.48;-5.25;297.7;16.40;76426;2839.299;-1802.734;1;138;-110;-111.3;43.5;43.9;12;12.6;26.3;0.0;
25/02/2025 14:04:32;100;0;142.07;-4;-20.35;-5.20;300.7;16.40;76429;2839.297;-1802.731;1;138;-110;-111.3;43.5;43.9;14;14.0;26.2;0.0;
25/02/2025 14:04:52;100;0;142.87;-4;-20.14;-4.29;303.6;16.40;76416;2839.295;-1802.729;1;138;-110;-109.7;43.5;43.9;14;14.4;26.3;0.0;
25/02/2025 14:05:12;100;0;149.45;-4;-20.68;-4.08;306.7;16.30;76406;2839.293;-1802.727;1;138;-110;-112.9;43.5;43.7;14;14.4;26.3;0.0;
25/02/2025 14:05:32;100;0;153.35;-4;-20.37;-4.20;309.8;16.30;76399;2839.290;-1802.725;1;138;-110;-112.9;43.5;43.7;14;14.4;26.3;0.0;
25/02/2025 14:05:52;100;0;156.13;-4;-20.11;-4.21;312.5;16.30;76389;2839.288;-1802.723;1;138;-110;-112.9;43.5;43.9;16;15.8;26.2;0.0;
25/02/2025 14:06:12;100;0;155.15;-4;-20.26;-3.39;315.4;16.20;76388;2839.286;-1802.722;1;138;-110;-112.9;43.5;43.9;16;16.2;26.3;0.0;
25/02/2025 14:06:32;100;0;150.94;-4;-20.33;-3.34;318.4;16.20;76374;2839.283;-1802.720;1;138;-110;-111.3;43.5;43.9;14;14.0;26.3;0.0;
25/02/2025 14:06:52;100;0;153.28;-4;-20.07;-4.67;321.2;16.10;76351;2839.281;-1802.718;1;138;-110;-112.9;43.5;43.9;14;13.5;26.3;0.0;
25/02/2025 14:07:12;100;0;151.57;-4;-20.10;-4.75;324.1;16.10;76339;2839.279;-1802.716;1;138;-110;-111.3;43.5;43.9;14;13.5;26.3;0.0;
25/02/2025 14:07:32;100;0;150.96;-4;-20.07;-4.75;326.9;16.10;76332;2839.277;-1802.714;1;138;-110;-111.3;43.5;43.7;14;13.5;26.3;0.0;
25/02/2025 14:07:52;100;0;150.59;-4;-20.20;-4.73;330.0;16.00;76320;2839.275;-1802.712;1;138;-110;-111.3;43.5;43.7;14;13.5;26.3;0.0;
25/02/2025 14:08:12;100;0;152.54;-4;-20.19;-4.65;332.9;16.00;76315;2839.272;-1802.710;1;138;-110;-112.9;43.5;43.9;14;13.5;26.3;0.0;
25/02/2025 14:08:32;100;0;151.14;-4;-20.00;-4.75;335.8;16.00;76312;2839.270;-1802.708;1;138;-110;-111.3;43.5;43.9;14;13.5;26.3;0.0;
25/02/2025 14:08:52;100;0;151.21;-4;-20.26;-4.75;338.9;15.90;76302;2839.268;-1802.706;1;138;-110;-111.3;43.5;43.9;14;13.5;26.3;0.0;
25/02/2025 14:09:12;100;0;150.05;-4;-20.01;-4.72;341.9;15.90;76293;2839.265;-1802.704;1;138;-110;-111.3;43.5;43.9;14;13.5;26.3;0.0;
25/02/2025 14:09:32;100;0;149.80;-4;-20.00;-4.72;345.0;15.80;76284;2839.263;-1802.702;1;138;-110;-112.9;43.5;43.7;14;13.5;26.3;0.0;
25/02/2025 14:09:52;100;0;148.87;-4;-20.02;-4.82;347.8;15.80;76277;2839.261;-1802.700;1;138;-110;-112.9;43.5;43.9;14;13.5;26.3;0.0;
25/02/2025 14:10:12;100;0;149.51;-4;-19.83;-4.73;350.8;15.80;76279;2839.259;-1802.698;1;138;-110;-114.5;43.5;43.9;14;13.5;26.2;0.0;
25/02/2025 14:10:32;100;0;150.51;-4;-19.79;-4.74;353.9;15.70;76263;2839.256;-1802.696;1;138;-110;-112.9;43.5;43.7;14;13.5;26.3;0.0;
25/02/2025 14:10:52;100;0;151.69;-4;-19.73;-4.75;356.7;15.70;76257;2839.254;-1802.694;1;138;-110;-111.3;43.5;43.7;14;13.5;26.3;0.0;
25/02/2025 14:11:12;100;0;152.91;-4;-19.75;-4.83;359.7;15.70;76261;2839.252;-1802.692;1;138;-110;-111.3;43.5;43.7;14;13.5;26.3;0.0;
25/02/2025 14:11:32;100;0;155.72;-4;-19.94;-4.74;362.6;15.60;76257;2839.250;-1802.691;1;138;-110;-111.3;43.5;43.9;16;15.8;26.3;0.0;
25/02/2025 14:11:52;100;0;155.03;-4;-19.83;-3.37;365.6;15.60;76247;2839.247;-1802.689;1;138;-110;-111.3;43.5;43.9;16;16.2;26.3;0.0;
25/02/2025 14:12:12;100;0;156.76;-4;-19.77;-3.40;368.4;15.60;76247;2839.245;-1802.687;1;138;-110;-111.3;43.5;43.9;16;16.2;26.3;0.0;
25/02/2025 14:12:32;100;0;158.24;-4;-19.65;-3.50;371.2;15.50;76217;2839.243;-1802.686;1;138;-110;-111.3;43.5;43.7;18;18.1;26.3;0.0;
25/02/2025 14:12:52;100;0;159.00;-4;-19.98;-2.34;374.1;15.50;76221;2839.240;-1802.685;1;138;-110;-111.3;43.5;44.0;18;18.5;26.2;0.0;
25/02/2025 14:13:12;100;0;158.26;-4;-19.64;-2.32;376.9;15.50;76216;2839.238;-1802.683;1;138;-110;-112.9;43.5;43.9;18;18.5;26.3;0.0;
25/02/2025 14:13:32;100;0;156.72;-4;-19.70;-2.40;379.6;15.40;76215;2839.236;-1802.682;1;138;-110;-112.9;43.5;43.7;16;15.3;26.2;0.0;
25/02/2025 14:13:53;100;0;157.57;-4;-19.37;-3.88;382.4;15.40;76200;2839.233;-1802.680;1;138;-110;-111.3;43.5;43.9;18;18.1;26.3;0.0;
25/02/2025 14:14:13;100;0;159.01;-4;-20.11;-2.44;385.0;15.40;76193;2839.231;-1802.679;1;138;-110;-114.5;43.5;43.9;18;18.1;26.2;0.0;
25/02/2025 14:14:33;100;0;155.26;-4;-19.85;-2.43;387.7;15.30;76185;2839.229;-1802.677;1;138;-110;-111.3;43.5;43.9;16;15.8;26.2;0.0;
25/02/2025 14:14:53;100;0;156.44;-4;-19.85;-3.97;390.6;15.30;76186;2839.227;-1802.676;1;138;-110;-112.9;43.5;43.9;16;15.3;26.3;0.0;
25/02/2025 14:15:13;100;0;154.51;-4;-19.69;-3.94;393.3;15.30;76174;2839.225;-1802.674;1;138;-110;-111.3;43.5;43.7;16;15.3;26.3;0.0;
25/02/2025 14:15:33;100;0;155.17;-4;-20.11;-4.00;396.4;15.20;76181;2839.222;-1802.673;1;138;-110;-111.3;43.5;43.7;16;15.3;26.3;0.0;
25/02/2025 14:15:53;100;0;155.81;-4;-19.75;-3.97;399.3;15.20;76180;2839.220;-1802.671;1;138;-110;-112.9;43.5;43.7;16;15.3;26.3;0.0;
25/02/2025 14:16:13;100;0;154.33;-4;-19.69;-4.03;402.1;15.20;76176;2839.218;-1802.669;1;138;-110;-112.9;43.5;43.7;16;15.3;26.3;0.0;
25/02/2025 14:16:33;100;0;148.28;-4;-19.81;-3.88;404.7;15.10;76166;2839.216;-1802.667;1;138;-110;-111.3;43.5;43.9;16;15.3;26.3;0.0;
25/02/2025 14:16:53;100;0;145.88;-4;-20.89;-3.87;407.5;15.10;76170;2839.214;-1802.665;1;138;-110;-112.9;43.5;43.7;16;15.3;26.3;0.0;
25/02/2025 14:17:13;100;0;137.46;-4;-20.28;-3.88;410.4;15.10;76158;2839.213;-1802.663;1;138;-110;-111.3;43.5;43.9;11;10.8;26.3;0.0;
25/02/2025 14:17:33;100;0;137.06;-4;-19.83;-6.36;413.2;15.00;76148;2839.211;-1802.660;1;138;-110;-111.3;43.5;43.9;11;10.4;26.3;0.0;
25/02/2025 14:17:53;100;0;139.41;-4;-19.79;-6.21;416.1;15.00;76147;2839.209;-1802.657;1;138;-110;-111.3;43.5;43.9;13;13.1;26.3;0.0;
25/02/2025 14:18:13;100;0;138.91;-4;-19.64;-4.63;418.8;15.00;76140;2839.208;-1802.655;1;138;-110;-111.3;43.5;43.9;13;13.5;26.3;0.0;
25/02/2025 14:18:33;100;0;137.68;-4;-20.38;-4.78;421.6;15.00;76139;2839.206;-1802.652;1;138;-110;-112.9;43.5;43.7;11;10.8;26.3;0.0;
25/02/2025 14:18:53;100;0;137.09;-4;-19.75;-6.22;424.4;14.90;76135;2839.204;-1802.650;1;138;-110;-111.3;43.5;43.9;11;10.4;26.3;0.0;
25/02/2025 14:19:13;100;0;137.25;-4;-19.73;-6.22;427.2;14.90;76139;2839.203;-1802.647;1;138;-110;-112.9;43.5;43.9;11;10.4;26.3;0.0;
25/02/2025 14:19:33;100;0;137.47;-4;-19.73;-6.27;430.0;14.90;76123;2839.201;-1802.644;1;138;-110;-111.3;43.5;43.7;11;10.8;26.3;0.0;
25/02/2025 14:19:53;100;0;139.30;-4;-19.61;-6.25;432.6;14.90;76119;2839.200;-1802.642;1;138;-110;-112.9;43.5;43.9;11;10.8;26.3;0.0;
25/02/2025 14:20:13;100;0;139.17;-4;-19.72;-6.20;435.4;14.80;76120;2839.198;-1802.639;1;138;-110;-112.9;43.5;43.7;11;10.4;26.3;0.0;
25/02/2025 14:20:33;100;0;138.85;-4;-19.73;-6.17;438.2;14.80;76111;2839.197;-1802.637;1;138;-110;-109.7;43.5;43.9;11;10.4;26.3;0.0;
25/02/2025 14:20:53;100;0;138.34;-4;-19.81;-6.23;440.9;14.80;76102;2839.195;-1802.634;1;138;-110;-112.9;43.5;43.9;11;10.4;26.3;0.0;
25/02/2025 14:21:13;100;0;140.06;-4;-19.88;-6.34;443.8;14.70;76094;2839.193;-1802.632;1;138;-110;-111.3;43.5;43.9;13;13.1;26.3;0.0;
25/02/2025 14:21:33;100;0;140.54;-4;-20.14;-4.72;446.7;14.70;76095;2839.191;-1802.629;1;138;-110;-112.9;43.5;43.7;13;13.5;26.3;0.0;
25/02/2025 14:21:53;100;0;139.29;-4;-20.01;-4.75;449.6;14.70;76090;2839.190;-1802.627;1;138;-110;-112.9;43.5;43.9;13;13.5;26.3;0.0;
25/02/2025 14:22:13;100;0;138.54;-4;-20.15;-4.76;452.5;14.70;76089;2839.188;-1802.624;1;138;-110;-114.5;43.5;43.9;13;13.5;26.3;0.0;
25/02/2025 14:22:33;100;0;138.93;-4;-19.78;-4.72;455.5;14.60;76085;2839.186;-1802.621;1;138;-110;-111.3;43.5;43.7;13;13.5;26.3;0.0;
25/02/2025 14:22:53;100;0;141.06;-4;-19.76;-4.79;458.2;14.60;76067;2839.185;-1802.619;1;138;-110;-112.9;43.5;43.7;13;13.5;26.2;0.0;
25/02/2025 14:23:13;100;0;142.63;-4;-19.70;-4.75;461.0;14.60;76069;2839.183;-1802.616;1;138;-110;-111.3;43.5;43.9;13;13.5;26.3;0.0;
25/02/2025 14:23:33;100;0;144.02;-4;-19.72;-4.81;463.8;14.60;76067;2839.181;-1802.614;1;138;-110;-111.3;43.5;43.9;13;13.5;26.3;0.0;
25/02/2025 14:23:53;100;0;144.55;-4;-19.46;-4.78;466.6;14.50;76060;2839.179;-1802.612;1;138;-110;-111.3;43.5;43.9;13;13.5;26.3;0.0;
25/02/2025 14:24:13;100;0;146.10;-4;-19.64;-4.81;469.3;14.50;76053;2839.177;-1802.610;1;138;-110;-111.3;43.5;43.9;13;13.5;26.3;0.0;
25/02/2025 14:24:33;100;0;150.52;-4;-19.71;-4.79;472.2;14.50;76054;2839.175;-1802.608;1;138;-110;-112.9;43.5;43.9;13;13.5;26.3;0.0;
25/02/2025 14:24:53;100;0;154.91;-4;-19.78;-4.75;475.0;14.50;76049;2839.173;-1802.606;1;138;-110;-111.3;43.5;43.9;15;14.9;26.3;0.0;
25/02/2025 14:25:13;100;0;156.07;-4;-19.96;-3.87;478.0;14.40;76043;2839.170;-1802.605;1;138;-110;-111.3;43.5;43.9;17;17.1;26.3;0.0;
25/02/2025 14:25:33;100;0;155.93;-4;-20.10;-2.71;481.1;14.40;76052;2839.168;-1802.603;1;138;-110;-111.3;43.5;43.9;17;17.6;26.3;0.0;
25/02/2025 14:25:53;100;0;156.24;-4;-20.01;-2.71;484.1;14.40;76043;2839.165;-1802.601;1;138;-110;-112.9;43.5;43.9;17;17.6;26.3;0.0;
25/02/2025 14:26:13;100;0;159.69;-4;-19.69;-2.65;487.1;14.40;76032;2839.163;-1802.600;1;138;-110;-111.3;43.5;43.7;20;19.9;26.3;0.0;
25/02/2025 14:26:33;100;0;161.38;-4;-20.49;-1.41;490.2;14.30;76031;2839.160;-1802.598;1;138;-110;-112.9;43.5;43.9;22;22.1;26.3;0.0;
25/02/2025 14:26:53;100;0;159.28;-4;-19.70;-0.15;493.2;14.30;76016;2839.157;-1802.597;1;138;-110;-111.3;43.5;43.9;20;19.9;26.3;0.0;
25/02/2025 14:27:13;100;0;158.18;-4;-20.26;-1.76;496.3;14.30;76016;2839.155;-1802.596;1;138;-110;-111.3;43.5;43.9;18;18.1;26.2;0.0;
25/02/2025 14:27:33;100;0;159.28;-4;-19.51;-2.60;499.4;14.30;76018;2839.152;-1802.594;1;138;-110;-109.7;43.5;43.7;21;21.2;26.3;0.0;
25/02/2025 14:27:53;100;0;160.78;-4;-20.41;-0.64;502.4;14.20;76017;2839.150;-1802.593;1;138;-110;-112.9;43.5;43.9;21;21.7;26.3;0.0;
25/02/2025 14:28:13;100;0;156.94;-4;-20.04;-0.62;505.6;14.20;75998;2839.147;-1802.591;1;138;-110;-112.9;43.5;43.9;18;17.6;26.2;0.0;
25/02/2025 14:28:33;100;0;154.68;-4;-19.69;-2.84;508.8;14.20;75997;2839.144;-1802.589;1;138;-110;-112.9;43.5;43.9;16;15.8;26.3;0.0;
25/02/2025 14:28:53;100;0;154.22;-4;-19.28;-3.92;511.9;14.10;75996;2839.142;-1802.587;1;138;-110;-111.3;43.5;43.9;16;15.3;26.3;0.0;
25/02/2025 14:29:13;100;0;156.31;-4;-19.26;-3.89;514.9;14.10;76002;2839.139;-1802.586;1;138;-110;-112.9;43.5;43.9;16;15.3;26.3;0.0;
25/02/2025 14:29:33;100;0;157.27;-4;-19.32;-3.96;517.8;14.10;75988;2839.136;-1802.584;1;138;-110;-112.9;43.5;43.9;18;18.1;26.3;0.0;
25/02/2025 14:29:53;100;0;155.70;-4;-19.23;-2.36;520.9;14.10;75982;2839.134;-1802.582;1;138;-110;-112.9;43.5;43.9;18;18.5;26.3;0.0;
25/02/2025 14:30:13;100;0;155.84;-4;-19.23;-2.32;523.7;14.00;75974;2839.131;-1802.580;1;138;-110;-111.3;43.5;43.7;18;18.5;26.3;0.0;
25/02/2025 14:30:33;100;0;156.07;-4;-19.42;-2.35;526.6;14.00;75964;2839.129;-1802.579;1;138;-110;-112.9;43.5;43.9;18;18.5;26.2;0.0;
25/02/2025 14:30:53;100;0;152.35;-4;-19.35;-2.30;529.6;14.00;75971;2839.127;-1802.577;1;138;-110;-112.9;43.5;43.9;15;14.4;26.3;0.0;
25/02/2025 14:31:13;100;0;151.45;-4;-18.82;-4.44;532.4;14.00;75961;2839.124;-1802.575;1;138;-110;-111.3;43.8;43.9;15;14.4;26.2;0.0;
25/02/2025 14:31:33;100;0;149.55;-4;-19.21;-4.44;535.2;14.00;75967;2839.122;-1802.573;1;138;-110;-112.9;43.8;43.9;15;14.4;26.3;0.0;
25/02/2025 14:31:53;100;0;147.05;-4;-19.22;-4.42;538.1;13.90;75946;2839.120;-1802.571;1;138;-110;-112.9;43.8;43.9;15;14.4;26.3;0.0;
25/02/2025 14:32:13;100;0;146.25;-4;-19.42;-4.39;541.0;13.90;75936;2839.118;-1802.568;1;138;-110;-112.9;43.8;43.9;15;14.4;26.3;0.0;
25/02/2025 14:32:33;100;0;148.40;-4;-19.20;-4.39;543.9;13.90;75934;2839.116;-1802.566;1;138;-110;-112.9;43.8;43.9;15;14.4;26.3;0.0;
25/02/2025 14:32:53;100;0;148.21;-4;-19.33;-4.45;546.8;13.90;75930;2839.113;-1802.564;1;138;-110;-114.5;43.8;43.9;15;14.4;26.2;0.0;
25/02/2025 14:33:13;100;0;145.43;-4;-19.13;-4.40;549.6;13.80;75926;2839.111;-1802.562;1;138;-110;-112.9;43.8;43.9;15;14.4;26.3;0.0;
25/02/2025 14:33:33;100;0;143.79;-4;-19.23;-4.43;552.5;13.80;75919;2839.109;-1802.559;1;138;-110;-114.5;43.8;43.9;15;14.4;26.3;0.0;
25/02/2025 14:33:53;100;0;141.59;-4;-18.82;-4.45;555.2;13.80;75925;2839.108;-1802.557;1;138;-110;-111.3;44.2;44.2;15;14.4;26.3;0.0;
25/02/2025 14:34:13;100;0;140.87;-4;-19.90;-4.52;557.9;13.80;75916;2839.106;-1802.555;1;138;-110;-111.3;44.2;44.3;15;14.4;26.3;0.0;
25/02/2025 14:34:33;100;0;142.90;-4;-20.18;-4.37;560.7;13.70;75911;2839.104;-1802.552;1;138;-110;-112.9;44.2;44.3;15;14.4;26.3;0.0;
25/02/2025 14:34:53;100;0;143.27;-4;-20.22;-4.37;563.5;13.70;75896;2839.102;-1802.550;1;138;-110;-112.9;44.2;44.3;15;14.4;26.3;0.0;
25/02/2025 14:35:13;100;0;145.70;-4;-20.15;-4.36;566.4;13.70;75903;2839.100;-1802.548;1;138;-110;-111.3;44.2;44.3;15;14.4;26.3;0.0;
25/02/2025 14:35:33;100;0;146.72;-4;-20.17;-4.38;569.0;13.70;75895;2839.099;-1802.546;1;138;-110;-112.9;44.2;44.3;15;14.4;26.2;0.0;
25/02/2025 14:35:53;100;0;148.10;-4;-20.16;-4.38;571.7;13.60;75896;2839.097;-1802.544;1;138;-110;-111.3;44.2;44.3;15;14.4;26.3;0.0;
25/02/2025 14:36:13;100;0;148.06;-4;-20.23;-4.37;574.6;13.60;75884;2839.095;-1802.542;1;138;-110;-112.9;44.2;44.3;15;14.4;26.3;0.0;
25/02/2025 14:36:33;100;0;148.98;-4;-20.24;-4.38;577.0;13.60;75882;2839.093;-1802.540;1;138;-110;-111.3;44.2;44.3;15;14.4;26.3;0.0;
25/02/2025 14:36:53;100;0;148.89;-4;-20.22;-4.37;579.8;13.50;75871;2839.091;-1802.538;1;138;-110;-112.9;44.2;44.5;15;14.4;26.3;0.0;
25/02/2025 14:37:13;100;0;148.31;-4;-20.15;-4.37;582.4;13.50;75877;2839.089;-1802.536;1;138;-110;-112.9;44.2;44.3;15;14.4;26.3;0.0;
25/02/2025 14:37:33;100;0;147.30;-4;-20.23;-4.38;585.0;13.50;75868;2839.088;-1802.534;1;138;-110;-111.3;44.2;44.3;15;14.4;26.3;0.0;
25/02/2025 14:37:53;100;0;148.58;-4;-20.30;-4.36;587.5;13.50;75866;2839.086;-1802.532;1;138;-110;-112.9;44.2;44.3;15;14.4;26.3;0.0;
25/02/2025 14:38:13;100;0;149.53;-4;-20.21;-4.38;590.1;13.50;75853;2839.084;-1802.531;1;138;-110;-111.3;44.2;44.5;15;14.4;26.3;0.0;
25/02/2025 14:38:33;100;0;152.37;-4;-20.25;-4.37;592.7;13.50;75845;2839.082;-1802.529;1;138;-110;-112.9;44.2;44.5;15;14.4;26.3;0.0;
25/02/2025 14:38:53;100;0;153.19;-4;-20.23;-4.42;595.4;13.40;75847;2839.080;-1802.527;1;138;-110;-112.9;44.2;44.3;15;14.4;26.2;0.0;
25/02/2025 14:39:13;100;0;154.09;-4;-20.33;-4.38;597.9;13.40;75839;2839.078;-1802.526;1;138;-110;-112.9;44.2;44.3;15;14.4;26.3;0.0;
25/02/2025 14:39:33;100;0;153.74;-4;-20.29;-4.21;600.5;13.40;75843;2839.076;-1802.524;1;138;-110;-112.9;44.2;44.3;15;14.4;26.3;0.0;
25/02/2025 14:39:53;100;0;154.43;-4;-20.18;-4.39;603.3;13.30;75834;2839.074;-1802.523;1;138;-110;-111.3;44.2;44.3;15;14.4;26.2;0.0;
25/02/2025 14:40:13;100;0;154.46;-4;-20.13;-4.38;605.9;13.30;75834;2839.072;-1802.521;1;138;-110;-112.9;44.2;44.5;15;14.4;26.2;0.0;
25/02/2025 14:40:33;100;0;154.77;-4;-20.13;-4.48;608.5;13.30;75829;2839.070;-1802.520;1;138;-110;-111.3;44.2;44.3;15;14.4;26.3;0.0;
25/02/2025 14:40:53;100;0;155.96;-4;-20.02;-4.42;611.2;13.30;75822;2839.068;-1802.518;1;138;-110;-112.9;44.2;44.3;17;17.1;26.3;0.0;
25/02/2025 14:41:13;100;0;156.22;-4;-20.20;-2.79;614.0;13.30;75817;2839.066;-1802.517;1;138;-110;-111.3;44.2;44.5;17;17.6;26.3;0.0;
25/02/2025 14:41:33;100;0;155.86;-4;-20.37;-2.84;616.8;13.20;75817;2839.064;-1802.515;1;138;-110;-111.3;44.2;44.5;17;17.6;26.3;0.0;
25/02/2025 14:41:53;100;0;154.97;-4;-20.35;-2.80;619.7;13.20;75806;2839.061;-1802.513;1;138;-110;-112.9;44.2;44.5;17;17.6;26.2;0.0;
25/02/2025 14:42:13;100;0;152.73;-4;-20.51;-2.78;622.9;13.20;75805;2839.059;-1802.511;1;138;-110;-112.9;44.2;44.3;17;17.6;26.3;0.0;
25/02/2025 14:42:33;100;0;151.39;-4;-20.56;-2.78;625.9;13.20;75808;2839.057;-1802.510;1;138;-110;-111.3;44.2;44.5;15;14.9;26.2;0.0;
25/02/2025 14:42:53;100;0;153.61;-4;-20.26;-4.31;629.1;13.20;75795;2839.054;-1802.508;1;138;-110;-111.3;44.2;44.3;15;14.4;26.3;0.0;
25/02/2025 14:43:13;100;0;155.83;-4;-20.14;-4.31;632.4;13.10;75785;2839.051;-1802.506;1;138;-110;-111.3;44.2;44.5;18;18.1;26.3;0.0;
25/02/2025 14:43:33;100;0;154.71;-4;-20.61;-2.27;635.7;13.10;75789;2839.049;-1802.504;1;138;-110;-112.9;44.2;44.3;18;19.0;26.2;0.0;
25/02/2025 14:43:53;100;0;152.12;-4;-20.68;-2.40;639.3;13.10;75776;2839.046;-1802.502;1;138;-110;-112.9;44.2;44.3;16;15.8;26.3;0.0;
25/02/2025 14:44:13;100;0;150.58;-4;-20.59;-3.80;642.8;13.10;75755;2839.043;-1802.499;1;138;-110;-111.3;44.2;44.3;16;15.8;26.3;0.0;
25/02/2025 14:44:33;100;0;149.63;-4;-20.58;-3.68;646.4;13.00;75759;2839.040;-1802.497;1;138;-110;-111.3;44.2;44.5;16;15.8;26.3;0.0;
25/02/2025 14:44:53;100;0;150.80;-4;-20.35;-3.71;650.1;13.00;75755;2839.037;-1802.494;1;138;-110;-112.9;44.2;44.5;16;15.8;26.3;0.0;
25/02/2025 14:45:13;100;0;150.02;-4;-19.87;-3.85;653.6;13.00;75748;2839.034;-1802.492;1;138;-110;-114.5;44.2;44.5;16;15.8;26.3;0.0;
25/02/2025 14:45:33;100;0;148.75;-4;-19.55;-3.68;657.1;13.00;75741;2839.032;-1802.489;1;138;-110;-111.3;44.2;44.5;16;15.8;26.3;0.0;
25/02/2025 14:45:53;100;0;150.23;-4;-19.46;-3.83;660.5;13.00;75732;2839.029;-1802.487;1;138;-110;-111.3;44.2;44.3;16;15.8;26.3;0.0;
25/02/2025 14:46:13;100;0;150.44;-4;-19.90;-3.80;663.8;12.90;75725;2839.026;-1802.485;1;138;-110;-112.9;44.2;44.3;16;15.8;26.3;0.0;
25/02/2025 14:46:33;100;0;152.70;-4;-19.53;-3.82;667.1;12.90;75710;2839.023;-1802.483;1;138;-110;-111.3;44.2;44.5;16;15.3;26.3;0.0;
25/02/2025 14:46:53;100;0;152.22;-4;-20.05;-3.84;670.5;12.90;75705;2839.021;-1802.480;1;138;-110;-112.9;44.2;44.5;16;15.8;26.2;0.0;
25/02/2025 14:47:13;100;0;151.53;-4;-20.35;-3.85;673.9;12.80;75699;2839.018;-1802.478;1;138;-110;-112.9;44.2;44.3;16;15.8;26.2;0.0;
25/02/2025 14:47:33;100;0;151.15;-4;-20.44;-3.80;677.4;12.80;75702;2839.015;-1802.476;1;138;-110;-112.9;44.2;44.3;16;15.8;26.2;0.0;
25/02/2025 14:47:53;100;0;152.42;-4;-20.23;-3.83;680.9;12.80;75698;2839.012;-1802.474;1;138;-110;-112.9;44.2;44.5;16;15.8;26.3;0.0;
25/02/2025 14:48:13;100;0;150.85;-4;-19.62;-4.17;684.5;12.80;75688;2839.009;-1802.471;1;138;-110;-112.9;44.2;44.3;16;15.8;26.3;0.0;
25/02/2025 14:48:33;100;0;152.54;-4;-20.17;-3.82;687.9;12.70;75692;2839.006;-1802.469;1;138;-110;-112.9;44.2;44.5;16;15.8;26.3;0.0;
25/02/2025 14:48:53;100;0;152.96;-4;-19.72;-3.80;691.3;12.70;75680;2839.004;-1802.467;1;138;-110;-112.9;44.2;44.5;16;15.8;26.3;0.0;
25/02/2025 14:49:14;100;0;153.01;-4;-19.44;-3.86;694.7;12.70;75681;2839.001;-1802.465;1;138;-110;-111.3;44.2;44.5;16;15.8;26.2;0.0;
25/02/2025 14:49:34;100;0;149.36;-4;-19.74;-3.91;698.0;12.70;75668;2838.998;-1802.462;1;138;-110;-111.3;44.2;44.3;16;15.8;26.2;0.0;
25/02/2025 14:49:54;100;0;146.80;-4;-19.70;-3.85;701.3;12.60;75664;2838.995;-1802.460;1;138;-110;-111.3;44.2;44.3;16;15.8;26.3;0.0;
25/02/2025 14:50:14;100;0;146.15;-4;-19.76;-3.84;704.5;12.60;75663;2838.993;-1802.457;1;138;-110;-112.9;44.2;44.3;16;15.8;26.3;0.0;
25/02/2025 14:50:34;100;0;145.92;-4;-19.57;-3.84;707.8;12.60;75652;2838.991;-1802.455;1;138;-110;-111.3;44.2;44.3;16;15.8;26.2;0.0;
25/02/2025 14:50:54;100;0;145.74;-4;-19.75;-3.89;711.0;12.60;75643;2838.988;-1802.452;1;138;-110;-112.9;44.2;44.5;16;15.8;26.3;0.0;
25/02/2025 14:51:14;100;0;145.95;-4;-19.23;-3.86;714.3;12.60;75647;2838.986;-1802.450;1;138;-110;-112.9;44.2;44.3;16;15.8;26.3;0.0;
25/02/2025 14:51:34;100;0;147.44;-4;-19.60;-3.86;717.5;12.50;75645;2838.983;-1802.447;1;138;-110;-112.9;44.2;44.5;16;15.8;26.3;0.0;
25/02/2025 14:51:54;100;0;149.00;-4;-19.93;-3.76;720.6;12.50;75641;2838.981;-1802.445;1;138;-110;-111.3;44.2;44.3;16;15.8;26.3;0.0;
25/02/2025 14:52:14;100;0;148.93;-4;-20.14;-3.80;723.8;12.50;75627;2838.979;-1802.443;1;138;-110;-112.9;44.2;44.3;16;15.8;26.3;0.0;
25/02/2025 14:52:34;100;0;149.90;-4;-19.97;-3.70;727.2;12.40;75624;2838.976;-1802.440;1;138;-110;-112.9;44.2;44.5;16;15.8;26.2;0.0;
25/02/2025 14:52:54;100;0;150.67;-4;-19.94;-3.69;730.4;12.40;75620;2838.973;-1802.438;1;138;-110;-112.9;44.2;44.5;16;15.8;26.3;0.0;
25/02/2025 14:53:14;100;0;152.64;-4;-20.70;-4.17;733.9;12.40;75621;2838.971;-1802.436;1;138;-110;-114.5;44.2;44.5;16;15.8;26.2;0.0;
25/02/2025 14:53:34;100;0;151.35;-4;-20.48;-3.71;737.3;12.40;75608;2838.968;-1802.434;1;138;-110;-112.9;44.2;44.3;16;15.8;26.3;0.0;
25/02/2025 14:53:54;100;0;153.89;-4;-19.94;-3.85;740.8;12.40;75618;2838.965;-1802.432;1;138;-110;-112.9;44.2;44.3;16;15.8;26.3;0.0;
25/02/2025 14:54:14;100;0;153.70;-4;-20.28;-3.70;744.2;12.30;75613;2838.962;-1802.430;1;138;-110;-112.9;44.2;44.5;16;15.8;26.2;0.0;
25/02/2025 14:54:34;100;0;156.69;-4;-19.58;-3.67;747.7;12.30;75612;2838.959;-1802.428;1;138;-110;-111.3;44.2;44.5;20;20.3;26.2;0.0;
25/02/2025 14:54:54;100;0;161.78;-4;-20.33;-1.17;751.0;12.30;75600;2838.956;-1802.426;1;138;-110;-112.9;44.2;44.3;26;26.2;26.2;0.0;
25/02/2025 14:55:14;100;0;159.61;-4;-19.76;1.53;754.4;12.30;75589;2838.953;-1802.425;1;138;-110;-112.9;44.2;44.5;23;23.0;26.3;0.0;
25/02/2025 14:55:34;100;0;157.24;-4;-19.84;-0.27;757.4;12.30;75584;2838.950;-1802.423;1;138;-110;-111.3;44.2;44.5;19;19.0;26.3;0.0;
25/02/2025 14:55:54;100;0;155.75;-4;-19.52;-2.26;760.5;12.20;75585;2838.948;-1802.422;1;138;-110;-111.3;44.2;44.5;19;19.0;26.2;0.0;
25/02/2025 14:56:14;100;0;156.31;-4;-19.61;-2.30;763.5;12.20;75563;2838.945;-1802.420;1;138;-110;-112.9;44.2;44.5;19;19.0;26.2;0.0;
25/02/2025 14:56:34;100;0;155.52;-4;-19.88;-2.24;766.4;12.20;75563;2838.943;-1802.418;1;138;-110;-112.9;44.2;44.3;17;17.1;26.2;0.0;
25/02/2025 14:56:54;100;0;156.56;-4;-19.83;-3.30;769.2;12.10;75562;2838.941;-1802.417;1;138;-110;-112.9;44.2;44.5;17;16.7;26.3;0.0;
25/02/2025 14:57:14;100;0;155.24;-4;-20.14;-3.20;772.0;12.10;75559;2838.939;-1802.415;1;138;-110;-112.9;44.2;44.5;17;16.7;26.3;0.0;
25/02/2025 14:57:34;100;0;153.54;-4;-19.31;-3.18;775.0;12.10;75543;2838.936;-1802.413;1;138;-110;-111.3;44.2;44.5;17;16.7;26.2;0.0;
25/02/2025 14:57:54;100;0;152.39;-4;-20.21;-3.39;777.8;12.10;75554;2838.934;-1802.412;1;138;-110;-111.3;44.2;44.5;17;16.7;26.2;0.0;
25/02/2025 14:58:14;100;0;149.07;-4;-20.36;-3.27;780.7;12.10;75544;2838.932;-1802.409;1;138;-110;-111.3;44.2;44.3;17;16.7;26.2;0.0;
25/02/2025 14:58:34;100;0;146.26;-4;-20.37;-3.28;783.7;12.00;75543;2838.930;-1802.407;1;138;-110;-112.9;44.2;44.3;17;16.7;26.2;0.0;
25/02/2025 14:58:54;100;0;142.61;-4;-20.07;-3.29;786.8;12.00;75537;2838.928;-1802.405;1;138;-110;-112.9;44.2;44.3;17;16.7;26.2;0.0;
25/02/2025 14:59:14;100;0;139.57;-4;-20.39;-3.39;790.0;12.00;75536;2838.926;-1802.402;1;138;-110;-111.3;44.2;44.5;15;14.9;26.3;0.0;
25/02/2025 14:59:34;100;0;138.12;-4;-19.78;-4.20;793.2;12.00;75523;2838.924;-1802.399;1;138;-110;-111.3;44.2;44.5;15;14.9;26.3;0.0;
25/02/2025 14:59:54;100;0;138.24;-4;-19.56;-4.24;796.2;11.90;75517;2838.922;-1802.396;1;138;-110;-112.9;44.2;44.3;15;14.9;26.3;0.0;
25/02/2025 15:00:14;100;0;139.22;-4;-19.40;-4.23;799.4;11.90;75512;2838.920;-1802.393;1;138;-110;-111.3;44.2;44.5;15;14.9;26.3;0.0;
25/02/2025 15:00:34;100;0;140.31;-4;-19.51;-4.29;802.3;11.90;75521;2838.918;-1802.390;1;138;-110;-112.9;44.2;44.5;15;14.9;26.3;0.0;
25/02/2025 15:00:54;100;0;140.75;-4;-19.40;-4.29;805.3;11.90;75508;2838.916;-1802.387;1;138;-110;-112.9;44.2;44.5;15;14.9;26.3;0.0;
25/02/2025 15:01:14;100;0;139.81;-4;-19.35;-4.21;808.2;11.90;75509;2838.914;-1802.385;1;138;-110;-111.3;44.2;44.3;15;14.9;26.3;0.0;
25/02/2025 15:01:34;100;0;140.16;-4;-19.60;-4.29;811.1;11.80;75503;2838.912;-1802.382;1;138;-110;-112.9;44.2;44.5;15;14.9;26.2;0.0;
25/02/2025 15:01:54;100;0;139.16;-4;-19.08;-4.27;814.2;11.80;75488;2838.910;-1802.379;1;138;-110;-112.9;44.2;44.3;15;14.9;26.2;0.0;
25/02/2025 15:02:14;100;0;138.66;-4;-19.01;-4.14;816.9;11.80;75483;2838.908;-1802.377;1;138;-110;-111.3;44.2;44.3;13;13.1;26.2;0.0;
25/02/2025 15:02:34;100;0;140.27;-4;-19.50;-5.23;819.8;11.80;75486;2838.907;-1802.374;1;138;-110;-112.9;44.2;44.5;13;13.1;26.3;0.0;
25/02/2025 15:02:54;100;0;141.41;-4;-19.63;-5.21;822.9;11.70;75476;2838.905;-1802.371;1;138;-110;-112.9;44.2;44.3;15;15.3;26.3;0.0;
25/02/2025 15:03:14;100;0;141.31;-4;-19.49;-3.83;825.8;11.70;75476;2838.903;-1802.369;1;138;-110;-114.5;44.2;44.5;15;15.3;26.2;0.0;
25/02/2025 15:03:34;100;0;142.31;-4;-19.47;-3.90;828.7;11.70;75456;2838.901;-1802.366;1;138;-110;-112.9;44.2;44.5;15;15.3;26.3;0.0;
25/02/2025 15:03:54;100;0;144.51;-4;-19.41;-3.86;831.5;11.70;75473;2838.899;-1802.364;1;138;-110;-111.3;44.2;44.3;15;15.8;26.2;0.0;
25/02/2025 15:04:14;100;0;145.16;-4;-19.35;-3.93;834.3;11.70;75455;2838.897;-1802.362;1;138;-110;-111.3;44.2;44.3;15;15.8;26.2;0.0;
25/02/2025 15:04:34;100;0;144.92;-4;-19.21;-3.86;836.9;11.60;75450;2838.895;-1802.359;1;138;-110;-111.3;44.2;44.5;15;15.3;26.2;0.0;
25/02/2025 15:04:54;100;0;144.69;-4;-19.24;-3.86;839.6;11.60;75449;2838.893;-1802.357;1;138;-110;-111.3;44.2;44.3;15;15.8;26.2;0.0;
25/02/2025 15:05:14;100;0;144.79;-4;-19.43;-3.96;842.3;11.60;75441;2838.891;-1802.355;1;138;-110;-111.3;44.2;44.5;15;15.8;26.3;0.0;
25/02/2025 15:05:34;100;0;144.66;-4;-19.38;-3.95;844.9;11.60;75435;2838.889;-1802.353;1;138;-110;-112.9;44.2;44.5;15;15.8;26.2;0.0;
25/02/2025 15:05:54;100;0;144.70;-4;-19.00;-3.80;847.6;11.50;75430;2838.888;-1802.351;1;138;-110;-112.9;44.2;44.5;15;15.8;26.2;0.0;
25/02/2025 15:06:14;100;0;146.15;-4;-19.37;-3.85;850.0;11.50;75431;2838.886;-1802.349;1;138;-110;-114.5;44.2;44.3;15;15.3;26.2;0.0;
25/02/2025 15:06:34;100;0;146.97;-4;-19.81;-3.81;852.5;11.50;75421;2838.884;-1802.347;1;138;-110;-112.9;44.2;44.5;15;15.8;26.3;0.0;
25/02/2025 15:06:54;100;0;145.80;-4;-19.05;-3.75;855.1;11.50;75414;2838.883;-1802.345;1;138;-110;-112.9;44.2;44.3;15;15.8;26.2;0.0;
25/02/2025 15:07:14;100;0;146.67;-4;-19.78;-3.68;857.7;11.50;75408;2838.881;-1802.343;1;138;-110;-111.3;44.2;44.3;15;15.8;26.3;0.0;
25/02/2025 15:07:34;100;0;145.97;-4;-17.77;-3.77;860.3;11.40;75408;2838.879;-1802.341;1;138;-110;-111.3;44.9;44.9;15;15.8;26.2;0.0;
25/02/2025 15:07:54;100;0;148.36;-4;-20.72;-3.91;862.5;11.40;75405;2838.878;-1802.339;1;138;-110;-112.9;44.9;45.1;15;15.3;26.3;0.0;
25/02/2025 15:08:14;100;0;149.12;-4;-21.43;-4.01;864.9;11.40;75399;2838.876;-1802.337;1;138;-110;-112.9;44.9;45.1;15;15.8;26.2;0.0;
25/02/2025 15:08:34;100;0;150.00;-4;-20.16;-3.74;867.7;11.40;75390;2838.874;-1802.336;1;138;-110;-114.5;44.9;45.1;15;15.8;26.2;0.0;
25/02/2025 15:08:54;100;0;146.21;-4;-20.33;-3.87;870.4;11.30;75386;2838.872;-1802.334;1;138;-110;-112.9;44.9;45.1;15;15.8;26.3;0.0;
25/02/2025 15:09:14;100;0;142.63;-4;-20.81;-3.53;872.9;11.30;75376;2838.871;-1802.331;1;138;-110;-111.3;44.9;45.1;15;15.3;26.3;0.0;
25/02/2025 15:09:34;100;0;146.42;-4;-22.17;-3.72;875.4;11.30;75386;2838.869;-1802.330;1;138;-110;-112.9;44.2;44.2;15;15.8;26.2;0.0;
25/02/2025 15:09:54;100;0;138.37;-4;-19.58;-4.19;877.9;11.30;75370;2838.868;-1802.327;1;138;-110;-112.9;44.2;44.0;12;12.2;26.3;0.0;
25/02/2025 15:10:14;100;0;136.04;-4;-18.83;-5.91;880.5;11.30;75362;2838.867;-1802.325;1;138;-110;-111.3;44.6;44.8;9;8.6;26.2;0.0;
25/02/2025 15:10:34;100;0;136.99;-4;-20.38;-7.41;883.0;11.20;75362;2838.865;-1802.323;1;138;-110;-111.3;44.6;44.9;9;8.6;26.3;0.0;
25/02/2025 15:10:54;100;0;137.66;-4;-20.42;-7.28;885.5;11.20;75353;2838.864;-1802.320;1;138;-110;-111.3;44.6;44.9;11;10.8;26.2;0.0;
25/02/2025 15:11:14;100;0;139.83;-4;-20.54;-6.11;888.1;11.20;75352;2838.863;-1802.318;1;138;-110;-114.5;44.6;44.9;13;13.5;26.2;0.0;
25/02/2025 15:11:34;100;0;140.71;-4;-20.32;-4.71;890.8;11.20;75352;2838.861;-1802.316;1;138;-110;-111.3;44.6;44.9;13;13.5;26.2;0.0;
25/02/2025 15:11:54;100;0;142.11;-4;-20.12;-4.76;893.3;11.10;75340;2838.860;-1802.313;1;138;-110;-111.3;44.6;44.9;13;14.0;26.3;0.0;
25/02/2025 15:12:14;100;0;141.61;-4;-20.17;-4.80;895.9;11.10;75341;2838.858;-1802.311;1;138;-110;-112.9;44.6;45.1;13;13.5;26.3;0.0;
25/02/2025 15:12:34;100;0;141.59;-4;-19.92;-4.78;898.3;11.10;75331;2838.857;-1802.309;1;138;-110;-112.9;44.6;44.9;13;13.5;26.3;0.0;
25/02/2025 15:12:54;100;0;139.95;-4;-19.75;-4.76;900.6;11.10;75335;2838.856;-1802.307;1;138;-110;-112.9;44.6;44.9;13;14.0;26.2;0.0;
25/02/2025 15:13:14;100;0;142.02;-4;-20.35;-4.78;902.8;11.10;75338;2838.854;-1802.305;1;138;-110;-111.3;44.6;44.9;13;13.5;26.2;0.0;
25/02/2025 15:13:34;100;0;141.36;-4;-20.78;-4.78;905.2;11.00;75332;2838.853;-1802.303;1;138;-110;-112.9;44.6;44.9;13;13.5;26.2;0.0;
25/02/2025 15:13:54;100;0;141.61;-4;-19.75;-4.72;907.5;11.00;75326;2838.852;-1802.301;1;138;-110;-111.3;44.6;44.9;13;13.5;26.2;0.0;
25/02/2025 15:14:14;100;0;139.40;-4;-20.23;-4.81;909.6;11.00;75316;2838.851;-1802.299;1;138;-110;-112.9;44.6;44.9;10;9.9;26.3;0.0;
25/02/2025 15:14:34;100;0;139.99;-4;-20.40;-6.66;911.6;11.00;75315;2838.850;-1802.298;1;138;-130;-129.0;44.6;44.9;10;9.9;26.2;0.0;
25/02/2025 15:14:54;100;0;142.81;-4;-19.58;-6.49;913.7;11.00;75358;2838.849;-1802.296;1;138;-130;-129.0;44.6;44.9;12;12.2;26.2;0.0;
25/02/2025 15:15:14;100;0;144.77;-4;-19.49;-5.16;915.9;10.90;75359;2838.848;-1802.294;1;138;-130;-129.0;44.6;44.9;14;14.4;26.3;0.0;
25/02/2025 15:15:34;100;0;146.49;-4;-19.48;-4.20;917.8;10.90;75359;2838.847;-1802.293;1;138;-150;-151.6;44.6;44.9;14;14.4;26.2;0.0;
25/02/2025 15:15:54;100;0;149.50;-4;-20.29;-4.15;919.7;10.90;75398;2838.845;-1802.291;1;138;-170;-169.4;44.6;44.9;14;14.4;26.2;0.0;
25/02/2025 15:16:14;100;0;149.01;-4;-19.30;-4.15;921.8;10.90;75432;2838.844;-1802.290;1;138;-170;-171.0;44.6;44.9;14;14.4;26.3;0.0;
25/02/2025 15:16:34;100;0;150.37;-4;-20.03;-3.89;923.9;10.90;75432;2838.843;-1802.289;1;138;-170;-171.0;44.6;44.9;14;14.4;26.2;0.0;
25/02/2025 15:16:54;100;0;148.77;-4;-19.82;-4.03;926.3;10.80;75420;2838.841;-1802.287;1;138;-170;-171.0;44.6;44.9;14;14.4;26.3;0.0;
25/02/2025 15:17:14;100;0;147.40;-4;-19.54;-4.08;928.4;10.80;75414;2838.840;-1802.285;1;138;-170;-172.6;44.6;44.9;14;14.4;26.3;0.0;
25/02/2025 15:17:34;100;0;146.55;-4;-20.15;-4.04;930.5;10.80;75416;2838.839;-1802.284;1;138;-170;-171.0;44.6;44.9;14;14.4;26.3;0.0;
25/02/2025 15:17:54;100;0;146.52;-4;-19.21;-4.07;932.7;10.80;75414;2838.837;-1802.282;1;138;-170;-169.4;44.6;44.9;14;14.4;26.2;0.0;
25/02/2025 15:18:14;100;0;146.06;-4;-19.55;-4.09;934.7;10.80;75409;2838.836;-1802.281;1;138;-170;-171.0;44.6;44.9;14;14.4;26.2;0.0;
25/02/2025 15:18:34;100;0;147.06;-4;-19.52;-4.06;936.9;10.80;75399;2838.835;-1802.279;1;138;-170;-171.0;44.6;44.9;14;14.4;26.2;0.0;
25/02/2025 15:18:54;100;0;148.33;-4;-19.78;-4.03;939.2;10.70;75400;2838.834;-1802.277;1;138;-170;-171.0;44.6;44.9;14;14.4;26.3;0.0;
25/02/2025 15:19:14;100;0;149.35;-4;-19.76;-3.95;941.6;10.70;75389;2838.832;-1802.276;1;138;-170;-171.0;44.6;44.9;14;14.4;26.2;0.0;
25/02/2025 15:19:34;100;0;148.95;-4;-19.45;-4.07;944.0;10.70;75381;2838.830;-1802.274;1;138;-170;-171.0;44.6;44.9;14;14.4;26.3;0.0;
25/02/2025 15:19:54;100;0;148.44;-4;-19.47;-3.97;946.5;10.70;75379;2838.829;-1802.272;1;138;-170;-171.0;44.6;44.9;14;14.4;26.2;0.0;
25/02/2025 15:20:14;100;0;149.25;-4;-19.44;-4.08;949.0;10.70;75375;2838.827;-1802.270;1;138;-170;-171.0;44.6;44.9;14;14.9;26.2;0.0;
25/02/2025 15:20:34;100;0;150.10;-4;-19.36;-4.07;951.5;10.60;75371;2838.825;-1802.269;1;138;-170;-171.0;44.6;44.9;14;14.4;26.3;0.0;
25/02/2025 15:20:54;100;0;150.22;-4;-19.22;-4.03;953.9;10.60;75366;2838.823;-1802.267;1;138;-170;-171.0;44.6;45.1;14;14.4;26.3;0.0;
25/02/2025 15:21:14;100;0;149.39;-4;-19.74;-3.97;956.4;10.60;75367;2838.822;-1802.265;1;138;-170;-171.0;44.6;44.9;14;14.4;26.3;0.0;
25/02/2025 15:21:34;100;0;149.63;-4;-19.18;-3.98;958.7;10.60;75360;2838.820;-1802.263;1;138;-170;-171.0;44.6;44.9;14;14.4;26.3;0.0;
25/02/2025 15:21:54;100;0;149.90;-4;-19.44;-4.06;961.1;10.60;75357;2838.818;-1802.262;1;138;-170;-171.0;44.6;44.9;14;14.4;26.2;0.0;
25/02/2025 15:22:14;100;0;148.58;-4;-19.14;-4.07;963.5;10.50;75353;2838.817;-1802.260;1;138;-170;-171.0;44.6;44.9;14;14.4;26.3;0.0;
25/02/2025 15:22:34;100;0;148.51;-4;-19.45;-4.02;965.8;10.50;75346;2838.815;-1802.258;1;138;-170;-172.6;44.6;44.9;14;14.4;26.3;0.0;
25/02/2025 15:22:54;100;0;149.72;-4;-19.49;-3.96;968.1;10.50;75338;2838.814;-1802.257;1;138;-170;-171.0;44.6;44.9;14;14.4;26.2;0.0;
25/02/2025 15:23:14;100;0;149.17;-4;-19.07;-4.07;970.4;10.50;75348;2838.812;-1802.255;1;138;-170;-172.6;44.6;44.9;14;14.4;26.3;0.0;
25/02/2025 15:23:35;100;0;149.89;-4;-19.57;-4.03;972.9;10.50;75340;2838.810;-1802.253;1;138;-170;-171.0;44.6;44.9;14;14.4;26.2;0.0;
25/02/2025 15:23:55;100;0;149.65;-4;-18.83;-4.14;975.3;10.40;75333;2838.809;-1802.252;1;138;-170;-171.0;44.9;44.9;14;14.4;26.3;0.0;
25/02/2025 15:24:15;100;0;150.18;-4;-19.53;-4.01;977.5;10.40;75333;2838.807;-1802.250;1;138;-170;-171.0;44.9;44.9;14;14.9;26.3;0.0;
25/02/2025 15:24:35;100;0;149.50;-4;-19.53;-4.07;979.8;10.40;75321;2838.806;-1802.249;1;138;-170;-172.6;44.9;44.9;14;14.4;26.2;0.0;
25/02/2025 15:24:55;100;0;149.90;-4;-19.44;-4.04;982.2;10.40;75328;2838.804;-1802.247;1;138;-170;-171.0;44.9;44.9;14;14.4;26.2;0.0;
25/02/2025 15:25:15;100;0;151.85;-4;-19.42;-4.05;984.7;10.40;75323;2838.802;-1802.245;1;138;-170;-169.4;44.9;44.9;14;14.4;26.3;0.0;
25/02/2025 15:25:35;100;0;153.42;-4;-19.33;-4.16;987.3;10.30;75313;2838.800;-1802.244;1;138;-170;-171.0;44.9;44.9;14;14.4;26.2;0.0;
25/02/2025 15:25:55;100;0;154.10;-4;-19.59;-4.10;989.9;10.30;75314;2838.798;-1802.242;1;138;-170;-171.0;44.9;44.9;14;14.4;26.3;0.0;
25/02/2025 15:26:15;100;0;155.02;-4;-19.64;-3.94;992.6;10.30;75317;2838.796;-1802.240;1;138;-170;-171.0;44.9;44.9;16;15.8;26.2;0.0;
25/02/2025 15:26:35;100;0;155.75;-4;-19.34;-3.15;995.4;10.30;75313;2838.794;-1802.239;1;138;-170;-171.0;44.9;44.9;16;16.2;26.3;0.0;
25/02/2025 15:26:55;100;0;156.29;-4;-19.30;-3.18;998.2;10.30;75309;2838.791;-1802.237;1;138;-170;-171.0;44.9;44.9;16;16.2;26.2;0.0;
25/02/2025 15:27:01;118;0;156.58;-4;-19.57;-3.21;999.2;10.30;75305;2838.791;-1802.237;1;138;450;-169.4;22.0;21.9;6;5.4;26.2;0.0;
25/02/2025 15:27:11;118;0;121.68;-4;-5.86;-9.64;1000.1;10.30;75286;2838.790;-1802.235;1;138;450;-43.5;22.0;21.6;6;5.4;24.8;-1.0;
25/02/2025 15:27:21;118;0;102.68;-4;20.20;-9.39;1000.2;10.30;75031;2838.791;-1802.235;1;138;450;80.6;22.0;21.9;6;5.4;24.6;-1.0;
25/02/2025 15:27:31;118;0;98.04;-4;29.36;-9.70;999.3;10.30;74778;2838.791;-1802.235;1;138;450;204.8;22.0;22.2;6;5.4;24.8;-1.0;
25/02/2025 15:27:41;118;0;98.21;-4;29.25;-9.81;998.2;10.30;74515;2838.792;-1802.233;1;138;450;327.4;22.0;22.2;6;5.4;24.8;-1.0;
25/02/2025 15:27:51;118;0;97.19;-4;27.39;-9.41;996.7;10.30;74273;2838.792;-1802.232;1;138;450;437.1;22.0;22.2;6;5.4;24.7;-1.0;
25/02/2025 15:28:01;118;0;96.34;-4;25.46;-8.69;994.8;10.30;74039;2838.792;-1802.230;1;138;450;451.6;22.0;22.1;6;5.4;24.8;-1.0;
25/02/2025 15:28:11;118;0;141.88;-4;22.43;-8.71;992.7;10.30;74026;2838.791;-1802.228;1;138;450;451.6;22.0;22.1;6;5.4;26.2;-1.0;
25/02/2025 15:28:31;117;0;133.63;-4;19.48;-8.73;989.1;10.40;74031;2838.789;-1802.224;1;138;450;451.6;22.0;22.2;6;5.4;26.2;-1.0;
25/02/2025 15:28:51;117;0;125.17;-4;18.71;-8.46;985.4;10.40;74032;2838.787;-1802.220;1;138;450;453.2;21.6;21.6;46;46.0;26.2;-1.0;
25/02/2025 15:29:11;117;0;130.72;-4;21.29;12.19;981.9;10.40;74032;2838.785;-1802.216;1;138;450;450.0;21.6;21.5;37;36.6;26.2;-1.0;
25/02/2025 15:29:31;117;0;133.92;-4;22.58;7.67;978.0;10.50;74023;2838.783;-1802.213;1;138;450;451.6;22.4;22.5;33;34.3;26.2;-1.0;
25/02/2025 15:29:51;117;0;136.65;-4;21.60;6.23;974.1;10.50;74023;2838.781;-1802.209;1;138;450;451.6;22.4;22.7;30;29.8;26.3;-1.0;
25/02/2025 15:30:11;117;0;137.26;-4;20.67;3.66;970.3;10.50;74009;2838.778;-1802.206;1;138;450;451.6;22.4;22.7;30;29.8;26.2;-1.0;
25/02/2025 15:30:31;117;0;139.14;-4;21.35;3.97;966.6;10.40;74016;2838.776;-1802.202;1;138;450;450.0;22.4;22.7;30;29.8;26.2;-1.0;
25/02/2025 15:30:51;117;0;139.49;-4;21.29;3.85;962.9;10.40;74016;2838.774;-1802.199;1;138;450;451.6;22.4;22.7;30;29.8;26.2;-1.0;
25/02/2025 15:31:11;117;0;139.03;-4;21.47;4.02;958.9;10.40;74003;2838.771;-1802.195;1;138;450;450.0;22.4;22.7;28;28.0;26.2;-1.0;
25/02/2025 15:31:31;117;0;139.42;-4;20.76;2.70;954.9;10.40;74012;2838.768;-1802.192;1;138;450;451.6;22.4;22.7;28;27.5;26.2;-1.0;
25/02/2025 15:31:51;117;0;140.80;-4;20.68;2.91;951.1;10.40;74002;2838.766;-1802.189;1;138;450;451.6;22.4;22.5;28;27.5;26.2;-1.0;
25/02/2025 15:32:11;117;0;141.81;-4;20.62;2.89;947.3;10.40;73993;2838.763;-1802.185;1;138;450;451.6;22.4;22.7;28;28.0;26.2;-1.0;
25/02/2025 15:32:31;117;0;142.54;-4;20.43;2.55;943.4;10.40;73985;2838.760;-1802.182;1;138;450;450.0;22.4;22.7;28;27.5;26.2;-1.0;
25/02/2025 15:32:51;117;0;142.75;-4;20.54;2.78;939.7;10.30;73988;2838.757;-1802.179;1;138;450;451.6;22.4;22.7;28;27.5;26.2;-1.0;
25/02/2025 15:33:11;117;0;142.75;-4;20.58;2.82;936.0;10.30;73980;2838.755;-1802.176;1;138;450;451.6;22.4;22.8;28;27.5;26.2;-1.0;
25/02/2025 15:33:31;117;0;142.99;-4;21.13;2.84;932.2;10.30;73983;2838.752;-1802.173;1;138;450;451.6;22.4;22.7;28;28.0;26.2;-1.0;
25/02/2025 15:33:51;117;0;142.24;-4;20.67;2.92;928.2;10.30;73974;2838.749;-1802.170;1;138;450;451.6;22.4;22.7;28;28.0;26.2;-1.0;
25/02/2025 15:34:11;117;0;142.52;-4;21.09;2.83;924.2;10.30;73983;2838.746;-1802.166;1;138;450;451.6;22.4;22.5;28;28.0;26.2;-1.0;
25/02/2025 15:34:31;117;0;140.24;-4;20.78;3.11;920.2;10.30;73975;2838.744;-1802.163;1;138;450;450.0;22.4;22.7;28;28.0;26.2;-1.0;
25/02/2025 15:34:51;117;0;140.26;-4;20.94;2.88;916.1;10.30;73981;2838.741;-1802.159;1;138;450;451.6;22.4;22.5;28;27.5;26.2;-1.0;
25/02/2025 15:35:11;117;0;139.42;-4;20.68;2.81;911.9;10.20;73979;2838.738;-1802.156;1;138;450;451.6;22.4;22.7;28;28.0;26.2;-1.0;
25/02/2025 15:35:31;117;0;138.21;-4;20.81;2.92;907.8;10.20;73986;2838.735;-1802.152;1;138;450;453.2;22.4;22.7;28;28.0;26.2;-1.0;
25/02/2025 15:35:51;117;0;137.57;-4;20.68;2.97;903.7;10.20;73986;2838.733;-1802.148;1;138;450;451.6;22.4;22.7;28;27.5;26.2;-1.0;
25/02/2025 15:36:11;117;0;139.09;-4;20.49;2.67;899.6;10.20;73981;2838.730;-1802.144;1;138;450;451.6;22.4;22.7;28;28.0;26.2;-1.0;
25/02/2025 15:36:31;117;0;140.06;-4;20.68;2.70;895.5;10.20;73985;2838.727;-1802.141;1;138;450;450.0;22.4;22.7;28;28.0;26.2;-1.0;
25/02/2025 15:36:51;117;0;140.74;-4;20.45;2.91;891.4;10.20;73985;2838.724;-1802.137;1;138;450;453.2;22.4;22.5;28;27.5;26.2;-1.0;
25/02/2025 15:37:11;117;0;141.51;-4;20.63;2.96;887.4;10.20;73982;2838.721;-1802.134;1;138;450;450.0;22.4;22.5;28;27.5;26.2;-1.0;
25/02/2025 15:37:31;117;0;140.80;-4;20.34;2.84;883.4;10.20;73980;2838.718;-1802.130;1;138;450;451.6;22.4;22.7;28;27.5;26.2;-1.0;
25/02/2025 15:37:51;117;0;140.60;-4;20.40;2.84;879.5;10.20;73983;2838.715;-1802.127;1;138;450;450.0;22.4;22.7;28;27.5;26.2;-1.0;
25/02/2025 15:38:11;117;0;140.80;-4;20.45;2.81;875.7;10.20;73989;2838.713;-1802.123;1;138;450;451.6;22.4;22.7;28;28.0;26.2;-1.0;
25/02/2025 15:38:31;117;0;140.68;-4;20.50;2.78;871.9;10.20;73979;2838.710;-1802.120;1;138;450;453.2;22.4;22.7;28;27.5;26.2;-1.0;
25/02/2025 15:38:51;117;0;140.54;-4;20.54;2.69;867.9;10.10;73976;2838.707;-1802.117;1;138;450;451.6;22.4;22.7;28;27.5;26.2;-1.0;
25/02/2025 15:39:11;117;0;141.24;-4;20.28;2.91;864.1;10.10;73966;2838.705;-1802.113;1;138;450;451.6;22.4;22.7;28;27.5;26.2;-1.0;
25/02/2025 15:39:31;117;0;142.80;-4;20.19;2.88;860.6;10.10;73961;2838.702;-1802.110;1;138;450;451.6;22.4;22.7;28;28.0;26.2;-1.0;
25/02/2025 15:39:51;117;0;143.27;-4;20.63;2.76;857.1;10.10;73959;2838.700;-1802.107;1;138;450;450.0;22.4;22.7;28;28.0;26.2;-1.0;
25/02/2025 15:40:11;117;0;143.44;-4;20.72;2.82;853.3;10.10;73957;2838.697;-1802.104;1;138;450;451.6;22.4;22.7;28;27.5;26.2;-1.0;
25/02/2025 15:40:31;117;0;144.46;-4;20.91;2.79;849.7;10.10;73952;2838.694;-1802.102;1;138;450;450.0;22.4;22.7;28;27.5;26.2;-1.0;
25/02/2025 15:40:51;117;0;144.72;-4;20.67;2.89;846.0;10.10;73954;2838.692;-1802.099;1;138;450;451.6;22.4;22.5;28;28.0;26.2;-1.0;
25/02/2025 15:41:11;117;0;144.96;-4;20.41;2.85;842.3;10.10;73952;2838.689;-1802.096;1;138;450;451.6;22.4;22.7;28;28.0;26.2;-1.0;
25/02/2025 15:41:31;117;0;146.35;-4;20.55;3.00;838.7;10.10;73952;2838.686;-1802.093;1;138;450;453.2;22.4;22.7;28;28.0;26.2;-1.0;
25/02/2025 15:41:51;117;0;146.52;-4;20.41;2.88;835.0;10.10;73941;2838.683;-1802.090;1;138;450;451.6;22.4;22.5;28;28.0;26.2;-1.0;
25/02/2025 15:42:11;117;0;151.53;-4;21.27;2.97;831.2;10.10;73947;2838.680;-1802.088;1;138;450;450.0;22.4;22.7;28;27.5;26.2;-1.0;
25/02/2025 15:42:31;117;0;148.55;-4;20.43;2.99;827.3;10.10;73947;2838.677;-1802.085;1;138;450;451.6;22.4;22.7;28;28.0;26.2;-1.0;
25/02/2025 15:42:51;117;0;150.08;-4;20.65;2.66;823.3;10.00;73949;2838.674;-1802.082;1;138;450;451.6;22.4;22.7;28;27.5;26.2;-1.0;
25/02/2025 15:43:11;117;0;152.44;-4;20.64;2.86;819.3;10.00;73946;2838.670;-1802.080;1;138;450;451.6;22.4;22.7;28;28.0;26.2;-1.0;
25/02/2025 15:43:31;117;0;152.26;-4;21.01;2.75;815.3;10.00;73949;2838.667;-1802.077;1;138;450;453.2;22.4;22.7;28;28.0;26.3;-1.0;
25/02/2025 15:43:51;117;0;150.69;-4;20.23;2.94;811.1;10.00;73952;2838.664;-1802.074;1;138;450;453.2;22.4;22.7;28;28.0;26.2;-1.0;
25/02/2025 15:44:11;117;0;149.53;-4;20.18;2.95;807.1;10.00;73952;2838.660;-1802.072;1;138;450;451.6;22.4;22.5;28;27.5;26.2;-1.0;
25/02/2025 15:44:31;117;0;149.53;-4;20.19;2.84;803.1;10.00;73955;2838.657;-1802.069;1;138;450;450.0;22.4;22.7;28;27.5;26.2;-1.0;
25/02/2025 15:44:51;117;0;148.58;-4;20.16;2.89;799.0;10.00;73956;2838.653;-1802.066;1;138;450;453.2;22.4;22.7;28;28.0;26.2;-1.0;
25/02/2025 15:45:11;117;0;147.82;-4;20.41;2.73;795.2;10.00;73950;2838.650;-1802.063;1;138;450;453.2;22.4;22.7;28;28.0;26.2;-1.0;
25/02/2025 15:45:31;117;0;149.05;-4;20.65;2.85;791.3;10.00;73952;2838.647;-1802.060;1;138;450;451.6;22.4;22.7;28;28.0;26.2;-1.0;
25/02/2025 15:45:51;117;0;150.53;-4;20.45;2.79;787.1;10.00;73958;2838.644;-1802.057;1;138;450;450.0;22.4;22.7;28;27.5;26.2;-1.0;
25/02/2025 15:46:11;117;0;150.83;-4;20.11;2.72;783.1;10.00;73950;2838.640;-1802.055;1;138;450;453.2;22.4;22.7;28;27.5;26.2;-1.0;
25/02/2025 15:46:31;117;0;152.30;-4;20.16;2.72;779.3;10.00;73970;2838.637;-1802.052;1;138;450;453.2;22.4;22.5;28;27.5;26.2;-1.0;
25/02/2025 15:46:51;117;0;152.35;-4;20.16;2.87;775.5;10.00;73973;2838.634;-1802.050;1;138;450;453.2;22.4;22.7;28;27.5;26.2;-1.0;
25/02/2025 15:47:11;117;0;152.13;-4;20.28;2.84;771.7;10.00;73960;2838.630;-1802.047;1;138;450;451.6;22.4;22.7;28;27.5;26.2;-1.0;
25/02/2025 15:47:31;117;0;152.31;-4;20.14;2.80;767.8;10.00;73967;2838.627;-1802.045;1;138;450;451.6;22.4;22.5;28;27.5;26.2;-1.0;
25/02/2025 15:47:51;117;0;153.18;-4;20.23;2.74;764.1;10.00;73964;2838.624;-1802.042;1;138;450;451.6;22.4;22.7;26;26.2;26.2;-1.0;
25/02/2025 15:48:11;117;0;152.98;-4;20.20;1.78;760.4;10.00;73970;2838.621;-1802.040;1;138;450;453.2;22.4;22.7;26;25.7;26.3;-1.0;
25/02/2025 15:48:31;117;0;154.10;-4;19.97;1.96;756.5;10.00;73976;2838.617;-1802.038;1;138;450;453.2;22.4;22.7;26;25.7;26.2;-1.0;
25/02/2025 15:48:51;117;0;154.60;-4;20.14;1.77;752.9;10.00;73986;2838.614;-1802.036;1;138;450;451.6;22.4;22.7;26;25.7;26.2;-1.0;
25/02/2025 15:49:11;117;0;155.58;-4;20.24;1.66;749.3;10.00;73978;2838.611;-1802.034;1;138;450;453.2;22.4;22.7;26;25.7;26.2;-1.0;
25/02/2025 15:49:31;117;0;154.85;-4;20.07;1.80;745.7;10.00;73992;2838.608;-1802.031;1;138;450;450.0;22.4;22.7;26;25.7;26.2;-1.0;
25/02/2025 15:49:51;117;0;154.38;-4;20.02;1.74;742.0;10.00;73994;2838.605;-1802.029;1;138;450;453.2;22.4;22.5;26;25.7;26.2;-1.0;
25/02/2025 15:50:11;117;0;153.60;-4;20.23;1.75;738.6;10.00;73989;2838.602;-1802.027;1;138;450;450.0;22.4;22.7;26;25.7;26.2;-1.0;
25/02/2025 15:50:31;117;0;151.93;-4;20.24;1.89;735.0;10.10;74004;2838.599;-1802.025;1;138;450;451.6;22.4;22.7;26;25.7;26.2;-1.0;
25/02/2025 15:50:51;117;0;150.26;-4;20.22;1.81;731.4;10.10;74006;2838.596;-1802.022;1;138;450;453.2;22.4;22.7;26;25.7;26.2;-1.0;
25/02/2025 15:51:11;117;0;149.50;-4;20.02;1.82;727.6;10.10;74006;2838.593;-1802.020;1;138;450;451.6;22.4;22.7;26;25.7;26.2;-1.0;
25/02/2025 15:51:31;117;0;148.46;-4;19.78;1.74;724.0;10.10;74009;2838.590;-1802.017;1;138;450;451.6;22.4;22.5;26;25.7;26.2;-1.0;
25/02/2025 15:51:51;117;0;148.26;-4;19.79;1.76;720.5;10.10;74000;2838.587;-1802.014;1;138;450;451.6;22.4;22.7;26;25.7;26.2;-1.0;
25/02/2025 15:52:11;117;0;147.41;-4;20.31;1.87;717.0;10.10;74014;2838.584;-1802.012;1;138;450;451.6;22.4;22.7;28;28.0;26.2;-1.0;
25/02/2025 15:52:31;117;0;144.84;-4;20.03;3.28;713.5;10.10;74016;2838.582;-1802.009;1;138;450;450.0;22.4;22.7;28;28.4;26.3;-1.0;
25/02/2025 15:52:51;117;0;144.92;-4;19.97;3.22;709.8;10.10;74022;2838.579;-1802.006;1;138;450;451.6;22.4;22.7;28;28.4;26.2;-1.0;
25/02/2025 15:53:11;117;0;145.32;-4;19.92;3.17;706.2;10.10;74030;2838.576;-1802.003;1;138;450;451.6;22.4;22.7;28;28.4;26.2;-1.0;
25/02/2025 15:53:31;117;0;145.25;-4;19.96;3.32;702.8;10.10;74032;2838.574;-1802.000;1;138;450;451.6;22.4;22.5;28;28.0;26.2;-1.0;
25/02/2025 15:53:51;117;0;146.11;-4;19.98;3.25;699.4;10.10;74032;2838.571;-1801.998;1;138;450;451.6;22.4;22.7;28;28.4;26.2;-1.0;
25/02/2025 15:54:11;117;0;146.42;-4;20.01;3.38;696.0;10.10;74031;2838.569;-1801.995;1;138;450;451.6;22.4;22.7;28;28.4;26.2;-1.0;
25/02/2025 15:54:31;117;0;146.20;-4;20.02;3.21;692.8;10.10;74032;2838.566;-1801.993;1;138;450;454.8;22.4;22.7;28;28.4;26.2;-1.0;
25/02/2025 15:54:51;117;0;145.28;-4;19.82;3.21;689.4;10.20;74032;2838.564;-1801.990;1;138;450;453.2;22.4;22.7;28;28.4;26.2;-1.0;
25/02/2025 15:55:11;117;0;145.68;-4;19.83;3.18;686.1;10.20;74026;2838.561;-1801.987;1;138;450;453.2;22.4;22.7;28;28.0;26.2;-1.0;
25/02/2025 15:55:31;117;0;145.97;-4;19.75;3.17;682.9;10.20;74036;2838.559;-1801.985;1;138;450;453.2;22.4;22.7;28;28.4;26.2;-1.0;
25/02/2025 15:55:51;117;0;146.27;-4;19.88;3.17;679.7;10.20;74039;2838.557;-1801.982;1;138;450;453.2;22.4;22.7;28;28.4;26.2;-1.0;
25/02/2025 15:56:11;117;0;145.98;-4;20.05;3.19;676.5;10.20;74039;2838.554;-1801.980;1;138;450;453.2;22.4;22.7;28;28.4;26.2;-1.0;
25/02/2025 15:56:32;117;0;145.16;-4;19.86;3.38;673.5;10.20;74047;2838.552;-1801.978;1;138;450;453.2;22.4;22.7;28;28.4;26.2;-1.0;
25/02/2025 15:56:52;117;0;145.45;-4;20.26;3.12;670.4;10.20;74054;2838.550;-1801.975;1;138;450;453.2;22.4;22.8;28;28.4;26.2;-1.0;
25/02/2025 15:57:12;117;0;147.37;-4;20.20;3.17;667.3;10.20;74061;2838.548;-1801.973;1;138;450;453.2;22.4;22.7;28;28.4;26.2;-1.0;
25/02/2025 15:57:32;117;0;151.00;-4;20.46;3.02;663.9;10.20;74059;2838.545;-1801.971;1;138;450;453.2;22.4;22.7;28;28.4;26.2;-1.0;
25/02/2025 15:57:52;117;0;153.05;-4;20.09;3.04;660.7;10.20;74061;2838.542;-1801.969;1;138;450;453.2;22.4;22.7;28;28.4;26.2;-1.0;
25/02/2025 15:58:12;117;0;153.24;-4;19.98;3.25;657.4;10.20;74074;2838.540;-1801.967;1;138;450;453.2;22.4;22.7;28;28.0;26.2;-1.0;
25/02/2025 15:58:32;117;0;152.19;-4;20.04;3.20;654.1;10.30;74075;2838.537;-1801.964;1;138;450;451.6;22.4;22.7;28;28.4;26.2;-1.0;
25/02/2025 15:58:52;117;0;152.00;-4;20.22;3.25;650.9;10.30;74064;2838.534;-1801.962;1;138;450;453.2;22.4;22.7;28;28.0;26.2;-1.0;
25/02/2025 15:59:12;117;0;152.43;-4;19.97;3.16;647.6;10.30;74085;2838.532;-1801.960;1;138;450;453.2;22.4;22.7;28;28.0;26.2;-1.0;
25/02/2025 15:59:32;117;0;152.89;-4;19.99;3.24;644.3;10.30;74084;2838.529;-1801.958;1;138;450;453.2;22.4;22.7;28;28.0;26.2;-1.0;
25/02/2025 15:59:52;117;0;154.12;-4;20.38;3.15;641.1;10.30;74075;2838.526;-1801.956;1;138;450;453.2;22.4;22.7;26;26.2;26.2;-1.0;
25/02/2025 16:00:12;117;0;153.67;-4;19.94;1.61;637.7;10.30;74083;2838.523;-1801.954;1;138;450;453.2;22.4;22.7;26;25.7;26.2;-1.0;
25/02/2025 16:00:32;117;0;152.87;-4;19.86;1.68;634.5;10.30;74091;2838.521;-1801.952;1;138;450;453.2;22.4;22.7;26;25.7;26.2;-1.0;
25/02/2025 16:00:52;117;0;151.51;-4;19.74;1.80;631.3;10.40;74090;2838.518;-1801.950;1;138;450;453.2;22.4;22.7;26;25.7;26.2;-1.0;
25/02/2025 16:01:12;117;0;150.34;-4;19.93;1.74;628.0;10.40;74098;2838.516;-1801.948;1;138;450;453.2;22.4;22.5;26;25.7;26.2;-1.0;
25/02/2025 16:01:32;117;0;150.14;-4;19.90;1.80;624.7;10.40;74095;2838.513;-1801.945;1;138;450;451.6;22.4;22.7;26;25.7;26.2;-1.0;
25/02/2025 16:01:52;117;0;149.98;-4;19.65;1.82;621.4;10.40;74094;2838.511;-1801.943;1;138;450;453.2;22.4;22.7;26;25.7;26.2;-1.0;
25/02/2025 16:02:12;117;0;150.23;-4;19.97;1.75;618.2;10.40;74109;2838.508;-1801.941;1;138;450;453.2;22.4;22.7;26;25.7;26.2;-1.0;
25/02/2025 16:02:32;117;0;149.49;-4;19.45;1.76;614.8;10.40;74114;2838.505;-1801.939;1;138;450;453.2;22.4;22.5;26;25.7;26.2;-1.0;
25/02/2025 16:02:52;117;0;148.46;-4;19.56;1.78;611.6;10.40;74119;2838.503;-1801.936;1;138;450;453.2;22.4;22.7;26;25.7;26.2;-1.0;
25/02/2025 16:03:12;117;0;148.00;-4;19.43;1.81;608.5;10.40;74118;2838.500;-1801.934;1;138;450;454.8;22.4;22.7;26;25.7;26.2;-1.0;
25/02/2025 16:03:32;117;0;147.87;-4;19.67;1.76;605.3;10.50;74117;2838.498;-1801.932;1;138;450;453.2;22.4;22.7;26;25.7;26.2;-1.0;
25/02/2025 16:03:52;117;0;146.61;-4;19.68;1.81;602.2;10.50;74120;2838.496;-1801.929;1;138;450;451.6;22.4;22.7;26;25.7;26.2;-1.0;
25/02/2025 16:04:12;117;0;145.27;-4;19.71;1.73;599.2;10.50;74121;2838.493;-1801.927;1;138;450;453.2;22.4;22.5;26;25.7;26.2;-1.0;
25/02/2025 16:04:32;117;0;145.26;-4;19.74;1.70;596.2;10.50;74132;2838.491;-1801.924;1;138;450;453.2;22.4;22.7;26;25.7;26.2;-1.0;
25/02/2025 16:04:52;117;0;144.23;-4;19.75;1.81;593.1;10.50;74142;2838.489;-1801.922;1;138;450;453.2;22.4;22.5;26;25.7;26.2;-1.0;
25/02/2025 16:05:12;117;0;143.56;-4;19.57;1.83;589.9;10.50;74139;2838.487;-1801.919;1;138;450;453.2;22.4;22.7;26;25.7;26.2;-1.0;
25/02/2025 16:05:32;117;0;142.57;-4;19.61;1.75;586.9;10.60;74144;2838.485;-1801.917;1;138;450;451.6;22.4;22.7;28;28.4;26.2;-1.0;
25/02/2025 16:05:52;117;0;143.02;-4;19.81;3.42;583.8;10.60;74151;2838.483;-1801.914;1;138;450;453.2;22.4;22.7;28;28.9;26.2;-1.0;
25/02/2025 16:06:12;117;0;143.99;-4;19.96;3.47;580.7;10.60;74158;2838.481;-1801.912;1;138;450;454.8;22.4;22.8;28;28.9;26.2;-1.0;
25/02/2025 16:06:32;117;0;144.95;-4;20.06;3.50;577.5;10.60;74158;2838.478;-1801.909;1;138;450;453.2;22.4;22.7;28;28.9;26.2;-1.0;
25/02/2025 16:06:52;117;0;145.65;-4;20.03;3.34;574.4;10.60;74165;2838.476;-1801.907;1;138;450;453.2;22.4;22.7;28;28.9;26.2;-1.0;
25/02/2025 16:07:12;117;0;147.04;-4;20.14;3.39;571.2;10.60;74165;2838.474;-1801.904;1;138;450;453.2;22.4;22.7;28;28.9;26.2;-1.0;
25/02/2025 16:07:32;117;0;147.37;-4;20.07;3.46;567.9;10.70;74172;2838.471;-1801.902;1;138;450;453.2;22.4;22.7;28;28.9;26.2;-1.0;
25/02/2025 16:07:52;117;0;147.71;-4;20.09;3.45;564.5;10.70;74176;2838.469;-1801.899;1;138;450;453.2;22.4;22.7;28;28.9;26.2;-1.0;
25/02/2025 16:08:12;117;0;148.66;-4;19.95;3.43;561.3;10.70;74178;2838.466;-1801.897;1;138;450;453.2;22.4;22.7;28;28.9;26.2;-1.0;
25/02/2025 16:08:32;117;0;149.89;-4;19.97;3.47;557.9;10.70;74169;2838.463;-1801.894;1;138;450;453.2;22.4;22.7;28;28.9;26.2;-1.0;
25/02/2025 16:08:52;117;0;152.08;-4;19.92;3.46;554.5;10.70;74165;2838.461;-1801.892;1;138;450;453.2;22.4;22.7;26;26.2;26.2;-1.0;
25/02/2025 16:09:12;117;0;153.54;-4;19.76;1.62;551.2;10.70;74186;2838.458;-1801.890;1;138;450;453.2;22.4;22.7;26;25.7;26.2;-1.0;
25/02/2025 16:09:32;117;0;153.06;-4;19.63;1.75;547.9;10.70;74183;2838.455;-1801.888;1;138;450;454.8;22.4;22.7;26;25.7;26.2;-1.0;
25/02/2025 16:09:52;117;0;152.40;-4;19.72;1.78;544.6;10.80;74199;2838.453;-1801.886;1;138;450;453.2;22.4;22.5;26;25.7;26.2;-1.0;
25/02/2025 16:10:12;117;0;152.52;-4;19.67;1.70;541.2;10.80;74195;2838.450;-1801.884;1;138;450;453.2;22.4;22.7;26;25.7;26.2;-1.0;
25/02/2025 16:10:32;117;0;152.74;-4;19.49;1.72;538.1;10.80;74192;2838.447;-1801.882;1;138;450;453.2;22.4;22.7;26;25.7;26.2;-1.0;
25/02/2025 16:10:52;117;0;150.70;-4;19.33;1.77;534.8;10.80;74202;2838.445;-1801.880;1;138;450;454.8;22.4;22.7;26;25.3;26.2;-1.0;
25/02/2025 16:11:12;117;0;149.61;-4;19.41;1.74;531.6;10.80;74197;2838.442;-1801.877;1;138;450;453.2;22.4;22.7;26;25.7;26.2;-1.0;
25/02/2025 16:11:32;117;0;148.19;-4;19.59;1.77;528.6;10.80;74189;2838.440;-1801.875;1;138;450;454.8;22.4;22.7;26;25.7;26.2;-1.0;
25/02/2025 16:11:52;117;0;146.52;-4;19.82;1.81;525.5;10.90;74206;2838.437;-1801.873;1;138;450;453.2;22.4;22.7;26;25.7;26.2;-1.0;
25/02/2025 16:12:12;117;0;146.65;-4;19.50;1.72;522.4;10.90;74193;2838.435;-1801.870;1;138;450;453.2;22.4;22.7;26;25.7;26.2;-1.0;
25/02/2025 16:12:32;117;0;146.73;-4;19.61;1.79;519.2;10.90;74202;2838.433;-1801.868;1;138;450;450.0;22.4;22.7;26;25.7;26.2;-1.0;
25/02/2025 16:12:52;117;0;146.28;-4;19.62;1.49;516.2;10.90;74210;2838.430;-1801.866;1;138;450;451.6;22.4;22.7;26;25.7;26.2;-1.0;
25/02/2025 16:13:12;117;0;146.96;-4;19.36;1.65;513.1;10.90;74201;2838.428;-1801.863;1;138;450;453.2;22.4;22.7;26;25.7;26.2;-1.0;
25/02/2025 16:13:32;117;0;147.41;-4;19.57;1.60;510.0;10.90;74212;2838.426;-1801.861;1;138;450;451.6;22.4;22.7;26;25.7;26.2;-1.0;
25/02/2025 16:13:52;117;0;147.63;-4;19.43;1.70;506.9;11.00;74216;2838.423;-1801.858;1;138;450;454.8;22.4;22.7;26;25.7;26.2;-1.0;
25/02/2025 16:14:12;117;0;146.76;-4;19.29;1.75;503.9;11.00;74224;2838.421;-1801.856;1;138;450;453.2;22.4;22.7;26;25.7;26.2;-1.0;
25/02/2025 16:14:32;117;0;144.50;-4;19.21;1.81;500.9;11.00;74224;2838.419;-1801.854;1;138;450;453.2;22.4;22.7;26;25.7;26.2;-1.0;
25/02/2025 16:14:52;117;0;143.20;-4;19.16;1.65;498.0;11.00;74220;2838.417;-1801.851;1;138;450;453.2;22.4;22.5;26;25.7;26.2;-1.0;
25/02/2025 16:15:12;117;0;144.14;-4;19.35;1.73;495.2;11.00;74230;2838.415;-1801.849;1;138;450;453.2;22.4;22.7;26;25.7;26.2;-1.0;
25/02/2025 16:15:32;117;0;143.09;-4;19.16;1.70;492.3;11.00;74221;2838.413;-1801.846;1;138;450;451.6;22.4;22.5;28;28.0;26.2;-1.0;
25/02/2025 16:15:52;117;0;142.47;-4;19.35;3.20;489.5;11.00;74237;2838.411;-1801.844;1;138;450;453.2;22.4;22.7;28;28.4;26.2;-1.0;
25/02/2025 16:16:12;117;0;141.74;-4;19.51;3.22;486.7;11.10;74242;2838.409;-1801.841;1;138;450;453.2;22.4;22.7;28;28.4;26.2;-1.0;
25/02/2025 16:16:32;117;0;143.18;-4;19.49;3.11;483.8;11.10;74244;2838.407;-1801.839;1;138;450;453.2;22.4;22.7;28;28.4;26.2;-1.0;
25/02/2025 16:16:52;117;0;144.52;-4;19.69;3.19;480.8;11.10;74251;2838.405;-1801.836;1;138;450;453.2;22.4;22.7;28;28.4;26.2;-1.0;
25/02/2025 16:17:12;117;0;143.08;-4;19.47;3.22;478.0;11.10;74248;2838.403;-1801.834;1;138;450;453.2;22.4;22.7;28;28.4;26.2;-1.0;
25/02/2025 16:17:32;117;0;141.57;-4;19.35;3.30;475.3;11.10;74255;2838.401;-1801.832;1;138;450;453.2;22.4;22.7;28;28.4;26.2;-1.0;
25/02/2025 16:17:52;117;0;141.73;-4;19.53;3.21;472.4;11.10;74263;2838.400;-1801.829;1;138;450;453.2;22.4;22.7;28;28.4;26.2;-1.0;
25/02/2025 16:18:12;117;0;141.36;-4;19.41;3.23;469.6;11.20;74270;2838.398;-1801.827;1;138;450;453.2;22.4;22.7;28;28.4;26.2;-1.0;
25/02/2025 16:18:32;117;0;142.05;-4;19.31;3.25;467.0;11.20;74272;2838.396;-1801.824;1;138;450;454.8;22.4;22.7;28;28.4;26.2;-1.0;
25/02/2025 16:18:52;117;0;142.89;-4;19.54;3.19;464.3;11.20;74281;2838.394;-1801.822;1;138;450;453.2;22.4;22.7;28;28.4;26.2;-1.0;
25/02/2025 16:19:12;117;0;143.92;-4;19.48;3.13;461.6;11.20;74284;2838.393;-1801.820;1;138;450;453.2;22.4;22.7;28;28.4;26.2;-1.0;
25/02/2025 16:19:32;117;0;143.41;-4;19.33;3.15;458.9;11.20;74288;2838.391;-1801.817;1;138;450;453.2;22.4;22.7;28;28.4;26.2;-1.0;
25/02/2025 16:19:52;117;0;146.17;-4;19.52;3.06;456.2;11.30;74284;2838.389;-1801.815;1;138;450;453.2;22.4;22.7;28;28.4;26.2;-1.0;
25/02/2025 16:20:12;117;0;148.71;-4;19.46;3.02;453.6;11.30;74302;2838.387;-1801.813;1;138;450;453.2;22.4;22.7;28;28.4;26.2;-1.0;
25/02/2025 16:20:32;117;0;151.90;-4;19.45;2.99;450.7;11.30;74310;2838.385;-1801.812;1;138;450;453.2;22.4;22.7;28;28.4;26.2;-1.0;
25/02/2025 16:20:52;117;0;153.33;-4;19.16;3.13;448.0;11.30;74314;2838.383;-1801.810;1;138;450;453.2;22.4;22.7;28;28.4;26.2;-1.0;
25/02/2025 16:21:12;117;0;154.86;-4;19.16;3.11;445.6;11.30;74315;2838.381;-1801.808;1;138;450;453.2;22.4;22.7;28;28.4;26.2;-1.0;
25/02/2025 16:21:32;117;0;155.74;-4;19.18;3.23;443.0;11.40;74323;2838.379;-1801.807;1;138;450;453.2;22.4;22.7;26;25.7;26.2;-1.0;
25/02/2025 16:21:52;117;0;155.14;-4;19.08;1.72;440.6;11.40;74329;2838.377;-1801.805;1;138;450;453.2;22.4;22.5;26;25.3;26.2;-1.0;
25/02/2025 16:22:12;117;0;153.48;-4;19.07;1.64;438.2;11.40;74332;2838.375;-1801.804;1;138;450;453.2;22.4;22.7;26;25.3;26.2;-1.0;
25/02/2025 16:22:32;117;0;154.26;-4;19.04;1.69;435.9;11.40;74339;2838.373;-1801.803;1;138;450;451.6;22.4;22.7;26;25.3;26.2;-1.0;
25/02/2025 16:22:52;117;0;154.04;-4;18.93;1.68;433.4;11.40;74343;2838.371;-1801.801;1;138;450;453.2;22.0;21.9;26;25.7;26.2;-1.0;
25/02/2025 16:23:12;117;0;153.41;-4;20.38;1.67;431.0;11.50;74358;2838.370;-1801.800;1;138;450;454.8;22.0;21.4;26;25.7;26.3;-1.0;
25/02/2025 16:23:32;117;0;153.03;-4;20.84;1.67;428.4;11.50;74355;2838.368;-1801.798;1;138;450;454.8;22.0;21.4;26;25.7;26.2;-1.0;
25/02/2025 16:23:52;117;0;152.91;-4;20.92;1.66;425.6;11.50;74354;2838.366;-1801.796;1;138;450;453.2;22.0;21.4;26;25.7;26.2;-1.0;
25/02/2025 16:24:12;117;0;152.06;-4;21.03;1.74;423.3;11.50;74369;2838.364;-1801.795;1;138;450;453.2;22.0;21.4;26;25.7;26.2;-1.0;
25/02/2025 16:24:32;117;0;151.53;-4;20.81;1.60;420.6;11.60;74374;2838.363;-1801.793;1;138;450;453.2;22.0;21.4;26;25.7;26.2;-1.0;
25/02/2025 16:24:52;117;0;151.25;-4;21.11;1.58;417.9;11.60;74365;2838.361;-1801.792;1;138;450;453.2;22.0;21.4;26;25.7;26.2;-1.0;
25/02/2025 16:25:12;117;0;150.92;-4;21.00;1.67;415.4;11.60;74369;2838.359;-1801.790;1;138;450;453.2;22.0;21.4;26;25.7;26.2;-1.0;
25/02/2025 16:25:32;117;0;149.39;-4;21.05;1.65;412.8;11.60;74373;2838.357;-1801.788;1;138;450;453.2;22.0;21.4;26;25.7;26.2;-1.0;
25/02/2025 16:25:52;117;0;147.72;-4;21.12;1.67;410.3;11.60;74376;2838.356;-1801.787;1;138;450;453.2;22.0;21.4;26;25.7;26.2;-1.0;
25/02/2025 16:26:12;117;0;146.53;-4;21.08;1.69;407.6;11.70;74385;2838.354;-1801.785;1;138;450;453.2;22.0;21.4;26;25.7;26.2;-1.0;
25/02/2025 16:26:32;117;0;144.41;-4;21.14;1.65;405.0;11.70;74385;2838.352;-1801.783;1;138;450;454.8;22.0;22.2;28;28.0;26.2;-1.0;
25/02/2025 16:26:52;117;0;144.66;-4;20.33;3.52;402.3;11.70;74392;2838.351;-1801.780;1;138;450;450.0;22.0;22.2;28;28.9;26.2;-1.0;
25/02/2025 16:27:12;117;0;145.10;-4;20.23;3.51;399.7;11.70;74393;2838.349;-1801.778;1;138;450;450.0;22.0;22.4;28;28.9;26.2;-1.0;
25/02/2025 16:27:32;117;0;146.10;-4;20.25;3.48;397.1;11.70;74397;2838.347;-1801.776;1;138;450;453.2;22.0;22.2;28;28.9;26.2;-1.0;
25/02/2025 16:27:52;117;0;146.24;-4;20.11;3.40;394.3;11.80;74401;2838.345;-1801.774;1;138;450;454.8;22.0;22.2;28;28.9;26.2;-1.0;
25/02/2025 16:28:12;117;0;147.60;-4;20.34;3.44;391.8;11.80;74418;2838.344;-1801.772;1;138;450;453.2;22.0;22.2;28;28.9;26.2;-1.0;
25/02/2025 16:28:32;117;0;147.91;-4;20.28;3.48;389.0;11.80;74416;2838.342;-1801.770;1;138;450;453.2;22.0;22.2;28;28.9;26.2;-1.0;
25/02/2025 16:28:52;117;0;148.85;-4;20.23;3.49;385.9;11.80;74418;2838.339;-1801.768;1;138;450;454.8;22.0;22.4;28;28.9;26.2;-1.0;
25/02/2025 16:29:12;117;0;149.54;-4;20.31;3.56;383.0;11.80;74420;2838.337;-1801.766;1;138;450;453.2;22.0;22.4;28;28.9;26.2;-1.0;
25/02/2025 16:29:32;117;0;150.39;-4;20.21;3.42;380.1;11.90;74427;2838.335;-1801.764;1;138;450;453.2;22.0;22.4;28;28.9;26.2;-1.0;
25/02/2025 16:29:52;117;0;151.20;-4;20.04;3.42;377.0;11.90;74427;2838.333;-1801.762;1;138;450;453.2;22.0;22.4;28;28.9;26.2;-1.0;
25/02/2025 16:30:13;117;0;151.08;-4;20.10;3.59;374.0;11.90;74435;2838.330;-1801.760;1;138;450;453.2;22.0;22.4;28;28.9;26.2;-1.0;
25/02/2025 16:30:33;117;0;150.82;-4;19.86;3.53;370.8;11.90;74448;2838.328;-1801.758;1;138;450;453.2;22.0;22.2;28;28.9;26.2;-1.0;
25/02/2025 16:30:53;117;0;151.01;-4;19.87;3.51;367.8;11.90;74434;2838.326;-1801.756;1;138;450;453.2;22.0;22.2;28;28.9;26.2;-1.0;
25/02/2025 16:31:13;117;0;151.39;-4;19.82;3.51;364.8;11.90;74444;2838.323;-1801.754;1;138;450;453.2;22.0;22.4;28;28.4;26.2;-1.0;
25/02/2025 16:31:33;117;0;151.73;-4;19.94;3.56;361.8;12.00;74463;2838.321;-1801.752;1;138;450;453.2;22.0;22.4;28;28.9;26.2;-1.0;
25/02/2025 16:31:53;117;0;153.00;-4;19.87;3.50;358.6;12.00;74461;2838.318;-1801.750;1;138;450;453.2;22.0;22.4;26;26.2;26.2;-1.0;
25/02/2025 16:32:13;117;0;152.79;-4;19.68;1.72;355.7;12.00;74472;2838.316;-1801.748;1;138;450;454.8;22.0;22.2;26;25.7;26.2;-1.0;
25/02/2025 16:32:33;117;0;152.34;-4;19.48;1.67;352.6;12.00;74476;2838.313;-1801.746;1;138;450;453.2;22.0;22.2;26;25.7;26.2;-1.0;
25/02/2025 16:32:53;117;0;151.85;-4;19.51;1.70;349.6;12.10;74478;2838.311;-1801.744;1;138;450;454.8;22.0;22.4;26;25.7;26.2;-1.0;
25/02/2025 16:33:13;117;0;151.53;-4;19.47;1.67;346.7;12.10;74479;2838.309;-1801.742;1;138;450;453.2;22.0;22.2;26;25.7;26.2;-1.0;
25/02/2025 16:33:33;117;0;150.69;-4;19.64;1.73;343.5;12.10;74489;2838.306;-1801.740;1;138;450;453.2;22.0;22.2;26;25.7;26.2;-1.0;
25/02/2025 16:33:53;117;0;149.72;-4;19.54;1.67;340.6;12.10;74488;2838.304;-1801.738;1;138;450;453.2;22.0;22.2;26;25.7;26.2;-1.0;
25/02/2025 16:34:13;117;0;149.95;-4;19.63;1.72;337.7;12.20;74496;2838.302;-1801.736;1;138;450;453.2;22.0;22.2;26;25.7;26.2;-1.0;
25/02/2025 16:34:33;117;0;150.09;-4;19.71;1.68;334.5;12.20;74495;2838.300;-1801.734;1;138;450;454.8;22.0;22.4;26;25.7;26.2;-1.0;
25/02/2025 16:34:53;117;0;149.71;-4;19.61;1.71;331.6;12.20;74513;2838.297;-1801.732;1;138;450;454.8;22.0;22.2;26;25.7;26.2;-1.0;
25/02/2025 16:35:13;117;0;147.58;-4;19.53;1.73;328.4;12.20;74513;2838.295;-1801.730;1;138;450;454.8;22.0;22.4;26;25.7;26.2;-1.0;
25/02/2025 16:35:33;117;0;145.41;-4;19.33;1.68;325.3;12.20;74525;2838.293;-1801.727;1;138;450;454.8;22.0;22.2;26;25.7;26.2;-1.0;
25/02/2025 16:35:53;117;0;142.88;-4;19.39;1.93;322.2;12.30;74534;2838.290;-1801.724;1;138;450;453.2;22.0;22.4;26;25.7;26.2;-1.0;
25/02/2025 16:36:13;117;0;139.19;-4;19.47;1.63;319.0;12.30;74542;2838.288;-1801.721;1;138;450;454.8;22.0;22.4;28;28.0;26.2;-1.0;
25/02/2025 16:36:33;117;0;138.08;-4;19.55;3.35;315.9;12.30;74545;2838.286;-1801.718;1;138;450;451.6;22.0;22.4;28;28.4;26.2;-1.0;
25/02/2025 16:36:53;117;0;139.32;-4;19.76;3.16;312.5;12.40;74548;2838.284;-1801.715;1;138;450;454.8;22.0;22.2;28;28.4;26.2;-1.0;
25/02/2025 16:37:13;117;0;141.02;-4;19.87;3.20;309.4;12.40;74556;2838.282;-1801.713;1;138;450;453.2;22.0;22.2;28;28.4;26.2;-1.0;
25/02/2025 16:37:33;117;0;141.64;-4;20.08;3.12;305.9;12.40;74571;2838.280;-1801.709;1;138;450;454.8;22.0;22.4;28;28.4;26.2;-1.0;
25/02/2025 16:37:53;117;0;142.80;-4;19.82;3.20;302.4;12.40;74575;2838.277;-1801.707;1;138;450;453.2;22.0;22.4;28;28.4;26.2;-1.0;
25/02/2025 16:38:13;117;0;144.00;-4;19.84;3.22;299.0;12.50;74583;2838.275;-1801.704;1;138;450;453.2;22.0;22.2;28;28.4;26.2;-1.0;
25/02/2025 16:38:33;117;0;144.38;-4;19.77;3.26;295.6;12.50;74589;2838.272;-1801.701;1;138;450;454.8;22.0;22.4;28;28.4;26.2;-1.0;
25/02/2025 16:38:53;117;0;145.64;-4;19.80;3.23;292.2;12.50;74599;2838.270;-1801.698;1;138;450;454.8;22.0;22.4;28;28.4;26.2;-1.0;
25/02/2025 16:39:13;117;0;146.64;-4;19.80;3.28;288.7;12.60;74597;2838.267;-1801.696;1;138;450;454.8;22.0;22.2;28;28.4;26.2;-1.0;
25/02/2025 16:39:33;117;0;146.76;-4;19.59;3.23;285.2;12.60;74609;2838.264;-1801.693;1;138;450;454.8;22.0;22.4;28;28.4;26.2;-1.0;
25/02/2025 16:39:53;117;0;147.29;-4;19.50;3.17;281.4;12.60;74627;2838.261;-1801.690;1;138;450;453.2;22.0;22.4;28;28.4;26.2;-1.0;
25/02/2025 16:40:13;117;0;148.46;-4;19.53;3.21;277.9;12.60;74634;2838.258;-1801.688;1;138;450;454.8;22.0;22.2;28;28.4;26.2;-1.0;
25/02/2025 16:40:33;117;0;149.45;-4;19.43;3.22;274.6;12.70;74633;2838.256;-1801.685;1;138;450;454.8;22.0;22.4;28;28.4;26.2;-1.0;
25/02/2025 16:40:53;117;0;149.95;-4;19.67;3.28;271.2;12.70;74638;2838.253;-1801.683;1;138;450;456.5;22.0;22.2;28;28.4;26.2;-1.0;
25/02/2025 16:41:13;117;0;151.89;-4;19.50;3.20;267.6;12.70;74664;2838.250;-1801.680;1;138;450;454.8;22.0;22.2;26;26.2;26.2;-1.0;
25/02/2025 16:41:33;117;0;153.29;-4;19.34;1.67;264.3;12.70;74667;2838.247;-1801.678;1;138;450;454.8;22.0;22.2;26;25.3;26.2;-1.0;
25/02/2025 16:41:53;117;0;153.70;-4;19.51;1.71;260.8;12.80;74664;2838.244;-1801.676;1;138;450;453.2;22.0;22.4;26;25.7;26.2;-1.0;
25/02/2025 16:42:13;117;0;153.56;-4;19.25;1.70;257.4;12.80;74678;2838.241;-1801.674;1;138;450;453.2;22.0;22.4;26;25.3;26.2;-1.0;
25/02/2025 16:42:33;117;0;151.73;-4;19.29;1.80;254.3;12.80;74687;2838.238;-1801.672;1;138;450;454.8;22.0;22.4;26;25.3;26.2;-1.0;
25/02/2025 16:42:53;117;0;148.99;-4;19.09;1.87;251.0;12.90;74696;2838.236;-1801.669;1;138;450;454.8;22.0;22.2;26;25.3;26.2;-1.0;
25/02/2025 16:43:13;117;0;147.78;-4;19.36;1.64;247.8;12.90;74716;2838.233;-1801.667;1;138;450;454.8;22.0;22.2;26;25.3;26.2;-1.0;
25/02/2025 16:43:33;117;0;146.39;-4;19.27;1.85;244.5;12.90;74712;2838.231;-1801.664;1;138;450;453.2;22.0;22.4;26;25.7;26.2;-1.0;
25/02/2025 16:43:53;117;0;144.83;-4;19.37;1.65;241.3;13.00;74719;2838.228;-1801.662;1;138;450;453.2;22.0;22.4;26;25.7;26.2;-1.0;
25/02/2025 16:44:13;117;0;142.70;-4;19.13;1.84;238.1;13.00;74722;2838.226;-1801.659;1;138;450;454.8;22.0;22.4;26;25.3;26.2;-1.0;
25/02/2025 16:44:33;117;0;138.88;-4;18.62;1.77;234.9;13.00;74726;2838.224;-1801.656;1;138;450;453.2;21.6;21.4;29;28.9;26.2;-1.0;
25/02/2025 16:44:53;117;0;139.54;-4;20.48;3.68;231.9;13.10;74750;2838.222;-1801.653;1;138;450;453.2;21.6;21.2;29;29.8;26.2;-1.0;
25/02/2025 16:45:13;117;0;138.25;-4;21.07;3.81;228.6;13.10;74759;2838.220;-1801.650;1;138;450;454.8;21.6;21.2;29;29.3;26.2;-1.0;
25/02/2025 16:45:33;117;0;137.14;-4;21.23;3.73;225.1;13.10;74770;2838.218;-1801.647;1;138;450;454.8;21.6;21.1;29;29.3;26.2;-1.0;
25/02/2025 16:45:53;117;0;137.93;-4;21.30;3.77;221.6;13.20;74775;2838.216;-1801.644;1;138;450;454.8;21.6;21.2;29;29.3;26.2;-1.0;
25/02/2025 16:46:13;117;0;139.01;-4;21.33;3.78;217.9;13.20;74781;2838.213;-1801.640;1;138;450;454.8;21.6;21.1;29;29.3;26.2;-1.0;
25/02/2025 16:46:33;117;0;138.25;-4;21.16;3.79;214.5;13.20;74793;2838.211;-1801.637;1;138;450;454.8;21.6;21.1;29;29.3;26.2;-1.0;
25/02/2025 16:46:53;117;0;138.95;-4;21.25;3.76;210.9;13.30;74810;2838.209;-1801.634;1;138;450;453.2;21.6;21.2;29;29.3;26.2;-1.0;
25/02/2025 16:47:13;117;0;139.82;-4;21.25;3.70;207.5;13.30;74807;2838.207;-1801.631;1;138;450;454.8;21.6;21.1;29;29.3;26.2;-1.0;
25/02/2025 16:47:33;117;0;141.11;-4;21.45;3.77;204.1;13.30;74821;2838.205;-1801.628;1;138;450;454.8;21.6;21.2;29;29.3;26.2;-1.0;
25/02/2025 16:47:53;117;0;143.20;-4;21.25;3.73;200.5;13.40;74822;2838.202;-1801.625;1;138;450;454.8;21.6;21.6;27;26.6;26.2;-1.0;
25/02/2025 16:48:13;117;0;142.91;-4;21.33;2.38;197.0;13.40;74843;2838.200;-1801.623;1;138;450;454.8;21.6;21.8;27;26.2;26.2;-1.0;
25/02/2025 16:48:33;117;0;139.38;-4;20.41;2.17;193.6;13.40;74844;2838.197;-1801.619;1;138;450;454.8;21.6;21.8;27;26.6;26.2;-1.0;
25/02/2025 16:48:53;117;0;135.79;-4;20.40;2.27;190.4;13.50;74847;2838.196;-1801.616;1;138;450;454.8;21.6;21.8;32;32.0;26.2;-1.0;
25/02/2025 16:49:13;117;0;134.55;-4;20.58;5.46;187.1;13.50;74868;2838.194;-1801.613;1;138;450;454.8;21.6;21.8;32;32.5;26.2;-1.0;
25/02/2025 16:49:33;117;0;136.90;-4;20.74;5.33;183.8;13.50;74886;2838.192;-1801.610;1;138;450;454.8;21.6;21.8;32;32.5;26.2;-1.0;
25/02/2025 16:49:53;117;0;141.62;-4;20.84;5.38;180.4;13.60;74895;2838.190;-1801.607;1;138;450;454.8;21.6;21.6;28;28.0;26.2;-1.0;
25/02/2025 16:50:13;117;0;142.46;-4;20.71;2.95;177.0;13.60;74909;2838.187;-1801.604;1;138;450;454.8;21.6;21.8;28;28.0;26.2;-1.0;
25/02/2025 16:50:33;117;0;143.88;-4;20.57;2.92;173.7;13.70;74916;2838.185;-1801.602;1;138;450;453.2;21.6;21.8;28;28.0;26.2;-1.0;
25/02/2025 16:50:53;117;0;143.11;-4;20.48;2.88;170.3;13.70;74932;2838.183;-1801.599;1;138;450;453.2;21.6;21.6;28;28.0;26.2;-1.0;
25/02/2025 16:51:13;117;0;145.74;-4;20.55;2.80;167.0;13.80;74950;2838.180;-1801.596;1;138;450;453.2;21.6;21.8;28;28.0;26.2;-1.0;
25/02/2025 16:51:33;117;0;147.66;-4;20.38;2.95;163.6;13.80;74964;2838.178;-1801.594;1;138;450;454.8;21.6;21.6;28;28.0;26.2;-1.0;
25/02/2025 16:51:53;117;0;146.85;-4;20.31;2.96;160.3;13.90;74980;2838.175;-1801.591;1;138;450;454.8;21.6;21.8;28;28.0;26.2;-1.0;
25/02/2025 16:52:13;117;0;147.80;-4;20.44;2.94;156.9;13.90;74997;2838.173;-1801.589;1;138;450;454.8;21.6;21.8;28;28.0;26.2;-1.0;
25/02/2025 16:52:33;117;0;147.76;-4;20.34;2.87;153.8;13.90;75008;2838.170;-1801.587;1;138;450;454.8;21.6;21.8;28;28.0;26.2;-1.0;
25/02/2025 16:52:53;117;0;146.93;-4;20.20;2.94;150.7;14.00;75018;2838.168;-1801.584;1;138;450;454.8;21.6;21.8;28;28.0;26.2;-1.0;
25/02/2025 16:53:13;117;0;145.13;-4;20.10;2.92;147.4;14.00;75038;2838.166;-1801.582;1;138;450;453.2;21.6;21.8;28;28.0;26.2;-1.0;
25/02/2025 16:53:33;117;0;143.07;-4;20.13;3.17;144.5;14.10;75057;2838.164;-1801.579;1;138;450;456.5;21.6;21.8;28;28.0;26.2;-1.0;
25/02/2025 16:53:53;117;0;142.24;-4;20.19;2.98;141.6;14.10;75069;2838.162;-1801.577;1;138;450;454.8;21.6;21.8;28;28.0;26.2;-1.0;
25/02/2025 16:54:13;117;0;143.62;-4;20.06;2.87;138.6;14.20;75087;2838.160;-1801.574;1;138;450;454.8;21.6;21.6;28;28.0;26.2;-1.0;
25/02/2025 16:54:33;117;0;144.08;-4;20.11;2.96;135.8;14.20;75099;2838.158;-1801.572;1;138;450;454.8;21.6;21.6;28;28.0;26.2;-1.0;
25/02/2025 16:54:53;117;0;143.56;-4;20.14;2.97;133.1;14.30;75118;2838.156;-1801.570;1;138;450;454.8;21.6;21.8;28;27.5;26.2;-1.0;
25/02/2025 16:55:13;117;0;143.94;-4;20.21;2.93;130.0;14.30;75129;2838.154;-1801.567;1;138;450;454.8;21.6;21.8;28;28.0;26.2;-1.0;
25/02/2025 16:55:33;117;0;144.82;-4;20.40;2.94;127.5;14.40;75132;2838.152;-1801.565;1;138;450;453.2;21.6;21.6;28;28.0;26.2;-1.0;
25/02/2025 16:55:53;117;0;145.52;-4;20.18;2.89;124.7;14.40;75153;2838.151;-1801.563;1;138;450;454.8;21.6;21.6;28;28.0;26.2;-1.0;
25/02/2025 16:56:13;117;0;143.38;-4;20.06;3.09;121.9;14.50;75176;2838.149;-1801.561;1;138;450;454.8;21.6;21.8;28;28.0;26.2;-1.0;
25/02/2025 16:56:33;117;0;141.64;-4;20.20;2.73;119.3;14.50;75180;2838.147;-1801.559;1;138;450;454.8;21.6;21.6;28;28.0;26.2;-1.0;
25/02/2025 16:56:53;117;0;140.75;-4;20.15;2.87;116.5;14.60;75201;2838.145;-1801.556;1;138;450;454.8;21.6;21.8;28;28.0;26.2;-1.0;
25/02/2025 16:57:13;117;0;141.35;-4;20.18;2.90;113.7;14.60;75202;2838.144;-1801.554;1;138;450;454.8;21.6;21.8;28;28.0;26.2;-1.0;
25/02/2025 16:57:33;117;0;141.20;-4;20.07;2.96;111.0;14.70;75227;2838.142;-1801.551;1;138;450;453.2;21.6;21.8;28;28.0;26.2;-1.0;
25/02/2025 16:57:53;117;0;140.97;-4;19.88;2.76;108.2;14.80;75240;2838.140;-1801.549;1;138;450;454.8;21.6;21.8;28;28.0;26.2;-1.0;
25/02/2025 16:58:13;117;0;141.37;-4;20.46;2.96;105.7;14.80;75242;2838.139;-1801.547;1;138;450;454.8;21.6;21.8;28;28.0;26.2;-1.0;
25/02/2025 16:58:33;117;0;141.85;-4;20.21;2.86;102.7;14.90;75270;2838.137;-1801.544;1;138;450;454.8;21.6;21.6;28;28.0;26.2;-1.0;
25/02/2025 16:58:53;117;0;139.79;-4;19.79;2.95;100.2;14.90;75274;2838.136;-1801.542;1;138;450;454.8;21.6;21.8;31;31.6;26.2;-1.0;
25/02/2025 16:59:13;117;0;139.31;-4;20.08;5.02;97.6;15.00;75288;2838.134;-1801.540;1;138;450;454.8;21.6;21.8;31;32.0;26.2;-1.0;
25/02/2025 16:59:33;117;0;140.01;-4;19.91;5.06;94.8;15.00;75296;2838.132;-1801.537;1;138;450;454.8;21.6;21.8;31;31.6;26.2;-1.0;
25/02/2025 16:59:53;117;0;141.11;-4;20.29;5.12;92.1;15.00;75298;2838.131;-1801.535;1;138;450;454.8;21.6;21.8;29;28.4;26.2;-1.0;
25/02/2025 17:00:13;117;0;144.65;-4;20.30;3.01;89.2;15.10;75328;2838.129;-1801.532;1;138;450;453.2;21.6;21.8;29;28.0;26.2;-1.0;
25/02/2025 17:00:33;117;0;142.51;-4;19.66;3.02;86.4;15.20;75362;2838.127;-1801.530;1;138;450;453.2;21.6;21.8;29;28.0;26.2;-1.0;
25/02/2025 17:00:53;117;0;140.99;-4;19.85;3.06;83.6;15.20;75384;2838.125;-1801.528;1;138;450;454.8;21.6;21.8;29;28.4;26.2;-1.0;
25/02/2025 17:01:13;117;0;140.95;-4;19.97;3.15;80.9;15.30;75409;2838.124;-1801.525;1;138;450;454.8;21.6;21.8;29;28.4;26.2;-1.0;
25/02/2025 17:01:33;117;0;138.69;-4;19.95;3.25;78.0;15.30;75436;2838.122;-1801.523;1;138;450;456.5;21.6;21.8;32;32.5;26.2;-1.0;
25/02/2025 17:01:53;117;0;140.96;-4;19.82;5.47;75.4;15.40;75476;2838.120;-1801.520;1;138;450;454.8;21.6;21.8;29;28.9;26.2;-1.0;
25/02/2025 17:02:13;117;0;141.54;-4;19.82;3.25;72.6;15.50;75491;2838.119;-1801.518;1;138;450;454.8;21.6;21.8;29;28.4;26.2;-1.0;
25/02/2025 17:02:33;117;0;141.74;-4;19.85;3.26;69.8;15.50;75510;2838.117;-1801.515;1;138;450;454.8;21.6;21.9;29;28.4;26.2;-1.0;
25/02/2025 17:02:53;117;0;141.74;-4;19.96;3.37;67.0;15.60;75520;2838.115;-1801.513;1;138;450;454.8;21.6;21.8;29;28.4;26.2;-1.0;
25/02/2025 17:03:13;117;0;142.18;-4;19.76;3.28;64.2;15.70;75539;2838.113;-1801.511;1;138;450;454.8;21.6;21.8;29;28.4;26.2;-1.0;
25/02/2025 17:03:33;117;0;142.07;-4;19.87;3.38;61.3;15.70;75539;2838.111;-1801.508;1;138;450;454.8;21.6;21.8;29;28.4;26.2;-1.0;
25/02/2025 17:03:53;117;0;141.97;-4;20.21;3.33;58.5;15.80;75558;2838.110;-1801.506;1;138;450;453.2;21.6;21.8;29;28.4;26.2;-1.0;
25/02/2025 17:04:13;117;0;141.82;-4;19.60;3.31;55.7;15.90;75571;2838.108;-1801.503;1;138;450;454.8;21.6;21.8;29;28.9;26.2;-1.0;
25/02/2025 17:04:33;117;0;141.39;-4;20.15;3.41;52.5;15.90;75576;2838.106;-1801.501;1;138;450;454.8;21.6;21.8;29;28.4;26.2;-1.0;
25/02/2025 17:04:54;117;0;142.00;-4;19.81;3.21;49.5;16.00;75588;2838.104;-1801.498;1;138;450;454.8;21.6;21.6;29;28.4;26.2;-1.0;
25/02/2025 17:05:14;117;0;141.75;-4;19.76;3.42;46.7;16.00;75591;2838.102;-1801.496;1;138;450;453.2;21.6;21.8;29;28.4;26.2;-1.0;
25/02/2025 17:05:34;117;0;141.31;-4;20.20;3.30;43.7;16.10;75599;2838.100;-1801.493;1;138;450;454.8;21.6;21.8;29;28.4;26.2;-1.0;
25/02/2025 17:05:54;117;0;141.75;-4;19.77;3.23;40.7;16.20;75609;2838.098;-1801.490;1;138;450;454.8;21.6;21.8;29;28.4;26.2;-1.0;
25/02/2025 17:06:14;117;0;141.27;-4;19.87;3.40;37.5;16.20;75617;2838.096;-1801.488;1;138;450;454.8;21.6;21.6;29;28.4;26.2;-1.0;
25/02/2025 17:06:34;117;0;141.66;-4;19.80;3.30;34.5;16.30;75624;2838.094;-1801.485;1;138;450;454.8;21.6;21.8;29;28.4;26.2;-1.0;
25/02/2025 17:06:54;117;0;141.59;-4;19.88;3.33;31.5;16.30;75632;2838.092;-1801.482;1;138;450;454.8;21.6;21.8;29;28.4;26.2;-1.0;
25/02/2025 17:07:14;117;0;141.34;-4;20.09;3.43;28.5;16.40;75635;2838.090;-1801.480;1;138;450;454.8;21.6;21.8;29;28.4;26.2;-1.0;
25/02/2025 17:07:34;117;0;142.24;-4;20.22;3.34;25.3;16.40;75649;2838.088;-1801.477;1;138;450;454.8;21.6;21.8;29;28.4;26.2;-1.0;
25/02/2025 17:07:54;117;0;142.54;-4;19.24;3.33;22.3;16.50;75651;2838.086;-1801.475;1;138;450;454.8;21.6;21.8;29;28.4;26.2;-1.0;
25/02/2025 17:08:14;117;0;142.19;-4;20.34;3.40;19.1;16.50;75660;2838.084;-1801.472;1;138;450;454.8;21.6;21.8;29;28.4;26.2;-1.0;
25/02/2025 17:08:34;117;0;142.76;-4;19.65;3.37;16.2;16.60;75663;2838.082;-1801.469;1;138;450;454.8;21.6;21.8;29;28.4;26.2;-1.0;
25/02/2025 17:08:54;117;0;145.55;-4;19.27;3.15;13.0;16.60;75675;2838.079;-1801.467;1;138;450;454.8;21.6;21.8;29;28.4;26.2;-1.0;
25/02/2025 17:09:14;117;0;147.00;-4;19.12;3.22;9.8;16.70;75688;2838.077;-1801.464;1;138;450;454.8;21.6;21.8;29;28.4;26.2;-1.0;
25/02/2025 17:09:34;117;0;145.39;-4;19.36;3.45;6.7;16.70;75689;2838.075;-1801.462;1;138;450;453.2;21.6;21.8;29;28.4;26.2;-1.0;
25/02/2025 17:09:54;117;0;142.36;-4;20.15;3.24;3.6;16.80;75693;2838.072;-1801.459;1;138;450;454.8;21.6;21.6;29;28.4;26.2;-1.0;
25/02/2025 17:09:57;115;0;143.35;-4;18.34;2.95;3.1;16.80;75697;2838.072;-1801.459;1;138;500;459.7;100.0;63.5;0;-0.5;26.2;-1.0;
25/02/2025 17:10:07;115;0;129.80;-4;3.94;-12.23;2.2;16.80;75685;2838.072;-1801.458;1;138;500;503.2;100.0;100.0;0;-0.5;26.0;-1.0;
25/02/2025 17:10:17;115;0;127.90;-4;-68.06;-14.54;2.3;16.80;75597;2838.072;-1801.458;1;138;500;503.2;100.0;100.6;0;-0.5;26.2;-1.0;
25/02/2025 17:10:37;119;0;80.99;-4;-48.27;-7.81;-0.2;16.90;75627;2838.072;-1801.458;1;138;500;506.5;100.0;100.4;0;-0.9;26.2;-1.0;
25/02/2025 17:10:47;119;0;43.37;-4;-59.55;-26.34;0.1;17.00;75627;2837.888;-1801.662;0;138;500;504.8;100.0;100.6;0;-0.5;26.2;-1.0;
