PLD_REALTIMECLOCK;NAV_RESOURCE;NAV_LONGITUDE;NAV_LATITUDE;NAV_DEPTH;NAV_HEADING;SD_CARD_USAGE;SSD_USAGE;ACQUISITION_FREQ;RECORDING;LEGATO_CONDUCTIVITY;LEGATO_TEMPERATURE;LEGATO_PRESSURE;LEGATO_SALINITY;LEGATO_CONDTEMP;LEGATO_CODA_DO;LEGATO_CODA_TEMPERATURE;LEGATO_CODA_CORR_PHASE;LEGATO_SOUND_VELOCITY;FLBBCD_CHL_COUNT;FLBBCD_CHL_SCALED;FLBBCD_CDOM_COUNT;FLBBCD_CDOM_SCALED;FLBBCD_BB_700_COUNT;FLBBCD_BB_700_SCALED;User_Field1;User_Field2;User_Field3;User_Field4;User_Field5;User_Field6;User_Field7;User_Field8;User_Field9;User_Field10;BS_HEADING;BS_ZB;BS_ZT;BS_PU;BS_PD;BS_BU;BS_BD;BS_SR;BS_ALTIMETER.ENABLE;BS_ALTIMETER.VALUE;BS_CURRENT.CORRECTION.ENABLE
05/03/2025 12:19:16.314;119;-1757.995;2837.931;0.100;163.000;249146.86;-1;192000;0;50.3723;20.1533;1.4779;36.8854;19.9700;243.0949;20.1417;22.6678;1524.0183;58;0.0726;69;1.6362;134;0.000257208;0;9999;9999;9999;9999;9999;9999;9999;9999;9999;9999;9999;9999;9999;9999;9999;9999;9999;9999;9999;9999
05/03/2025 12:19:46.344;116;-1758.000;2837.942;0.000;154.000;249146.88;-1;192000;0;50.3556;20.1419;1.3833;36.8816;19.9991;242.7023;20.0866;22.6987;1523.9812;55;0.0363;69;1.6362;143;0.000284766;0;9999;9999;9999;9999;9999;9999;9999;9999;9999;9999;9999;9999;9999;9999;9999;9999;9999;9999;9999;9999
05/03/2025 12:20:16.332;116;-1758.001;2837.947;0.000;119.000;249146.92;-1;192000;0;50.3016;20.0785;1.3482;36.8928;20.0166;242.8159;20.0764;22.6961;1523.8192;60;0.0968;70;1.7271;135;0.000260270;0;9999;9999;9999;9999;9999;9999;9999;9999;9999;9999;9999;9999;9999;9999;9999;9999;9999;9999;9999;9999
05/03/2025 12:20:46.343;116;-1758.004;2837.952;0.100;117.000;249146.96;-1;192000;0;50.3142;20.1020;1.3916;36.8826;20.0205;243.5071;20.0717;22.6732;1523.8730;72;0.2420;67;1.4544;110;0.000183720;0;9999;9999;9999;9999;9999;9999;9999;9999;9999;9999;9999;9999;9999;9999;9999;9999;9999;9999;9999;9999
05/03/2025 12:21:16.345;116;-1758.006;2837.960;0.400;136.000;249146.99;-1;192000;0;50.3159;20.1026;1.4459;36.8834;20.0321;243.5180;20.0748;22.6719;1523.8765;55;0.0363;72;1.9089;136;0.000263332;0;9999;9999;9999;9999;9999;9999;9999;9999;9999;9999;9999;9999;9999;9999;9999;9999;9999;9999;9999;9999
05/03/2025 12:21:46.343;116;-1758.008;2837.967;0.300;137.000;249147.03;249147.03;192000;0;50.2860;20.0731;1.3873;36.8846;20.0418;242.4961;20.0821;22.7065;1523.7959;63;0.1331;64;1.1817;134;0.000257208;0;9999;9999;9999;9999;9999;9999;9999;9999;9999;9999;9999;9999;9999;9999;9999;9999;9999;9999;9999;9999
05/03/2025 12:22:16.343;116;-1758.010;2837.970;0.200;141.000;249147.07;-1;192000;0;50.2968;20.0870;1.4347;36.8813;20.0496;243.1197;20.0808;22.6845;1523.8311;57;0.0605;69;1.6362;131;0.000248022;0;9999;9999;9999;9999;9999;9999;9999;9999;9999;9999;9999;9999;9999;9999;9999;9999;9999;9999;9999;9999
05/03/2025 12:22:46.342;116;-1758.012;2837.977;0.300;132.000;249147.1;249147.1;192000;0;50.3306;20.1262;1.4637;36.8748;20.0554;241.8331;20.0779;22.7334;1523.9319;62;0.1210;74;2.0907;133;0.000254146;0;9999;9999;9999;9999;9999;9999;9999;9999;9999;9999;9999;9999;9999;9999;9999;9999;9999;9999;9999;9999
05/03/2025 12:23:16.343;110;-1758.013;2837.979;-0.100;135.000;249147.15;-1;192000;0;50.3155;20.1004;1.5896;36.8849;20.0690;243.1633;20.0790;22.6835;1523.8745;61;0.1089;67;1.4544;155;0.000321510;0;9999;9999;9999;9999;9999;9999;9999;9999;9999;9999;9999;9999;9999;9999;9999;9999;9999;9999;9999;9999
05/03/2025 12:23:46.321;110;-1758.016;2837.983;1.000;165.000;249147.2;-1;192000;0;50.1861;19.9764;2.8898;36.8865;20.0729;243.0102;19.9812;22.7170;1523.5572;65;0.1573;74;2.0907;144;0.000287828;0;9999;9999;9999;9999;9999;9999;9999;9999;9999;9999;9999;9999;9999;9999;9999;9999;9999;9999;9999;9999
05/03/2025 12:24:16.347;110;-1758.020;2837.981;10.500;192.000;249147.24;249147.24;192000;0;50.2716;20.0070;13.2894;36.9264;20.0554;243.9365;20.0111;22.6755;1523.8594;66;0.1694;70;1.7271;123;0.000223526;0;9999;9999;9999;9999;9999;9999;9999;9999;9999;9999;9999;9999;9999;9999;9999;9999;9999;9999;9999;9999
05/03/2025 12:24:46.343;100;-1758.025;2837.977;21.100;202.000;249147.27;-1;192000;0;50.2609;20.0122;29.1928;36.9069;20.0438;243.4973;20.0134;22.6964;1524.1170;75;0.2783;72;1.9089;125;0.000229650;0;9999;9999;9999;9999;9999;9999;9999;9999;9999;9999;9999;9999;9999;9999;9999;9999;9999;9999;9999;9999
05/03/2025 12:25:16.342;100;-1758.035;2837.967;41.300;198.000;249147.31;-1;192000;0;50.3109;20.0389;43.9156;36.9192;20.0457;244.5118;20.0400;22.6554;1524.4496;73;0.2541;69;1.6362;127;0.000235774;0;9999;9999;9999;9999;9999;9999;9999;9999;9999;9999;9999;9999;9999;9999;9999;9999;9999;9999;9999;9999
05/03/2025 12:25:46.343;100;-1758.037;2837.963;50.500;186.000;249147.36;-1;192000;0;50.2803;20.0095;58.4910;36.9144;20.0515;245.0462;20.0116;22.6485;1524.6063;73;0.2541;69;1.6362;131;0.000248022;0;9999;9999;9999;9999;9999;9999;9999;9999;9999;9999;9999;9999;9999;9999;9999;9999;9999;9999;9999;9999
05/03/2025 12:26:16.344;100;-1758.039;2837.954;70.000;173.000;249147.39;-1;192000;0;50.1625;19.9275;73.8167;36.8833;20.0438;243.8462;19.9168;22.7256;1524.6009;73;0.2541;71;1.8180;120;0.000214340;0;9999;9999;9999;9999;9999;9999;9999;9999;9999;9999;9999;9999;9999;9999;9999;9999;9999;9999;9999;9999
05/03/2025 12:26:46.344;100;-1758.038;2837.949;80.500;168.000;249147.42;-1;192000;0;49.9621;19.7682;89.7916;36.8515;20.0127;241.3836;19.7668;22.8652;1524.3911;75;0.2783;70;1.7271;118;0.000208216;0;9999;9999;9999;9999;9999;9999;9999;9999;9999;9999;9999;9999;9999;9999;9999;9999;9999;9999;9999;9999
05/03/2025 12:27:16.343;100;-1758.038;2837.939;100.900;168.000;249147.46;-1;192000;0;49.9058;19.7167;105.5947;36.8441;19.9758;240.7145;19.7172;22.9092;1524.5032;73;0.2541;70;1.7271;121;0.000217402;0;9999;9999;9999;9999;9999;9999;9999;9999;9999;9999;9999;9999;9999;9999;9999;9999;9999;9999;9999;9999
05/03/2025 12:27:46.342;100;-1758.038;2837.935;111.100;168.000;249147.49;-1;192000;0;49.6011;19.4768;121.2876;36.7960;19.9176;237.9286;19.4791;23.0894;1524.0427;67;0.1815;72;1.9089;120;0.000214340;0;9999;9999;9999;9999;9999;9999;9999;9999;9999;9999;9999;9999;9999;9999;9999;9999;9999;9999;9999;9999
05/03/2025 12:28:16.342;100;-1758.037;2837.926;130.900;167.000;249147.54;-1;192000;0;49.5001;19.3917;136.7074;36.7809;19.8476;238.6923;19.3948;23.0906;1524.0444;70;0.2178;72;1.9089;114;0.000195968;0;9999;9999;9999;9999;9999;9999;9999;9999;9999;9999;9999;9999;9999;9999;9999;9999;9999;9999;9999;9999
05/03/2025 12:28:46.343;100;-1758.037;2837.921;141.300;170.000;249147.58;249147.58;192000;0;49.4289;19.3396;152.6465;36.7613;19.7854;239.0850;19.3407;23.0974;1524.1417;70;0.2178;72;1.9089;124;0.000226588;0;9999;9999;9999;9999;9999;9999;9999;9999;9999;9999;9999;9999;9999;9999;9999;9999;9999;9999;9999;9999
05/03/2025 12:29:16.335;118;-1758.033;2837.912;156.500;147.000;249147.62;-1;192000;0;49.0303;19.0904;162.9983;36.6434;19.7192;235.2843;19.0254;23.3443;1523.4798;68;0.1936;73;1.9998;139;0.000272518;0;9999;9999;9999;9999;9999;9999;9999;9999;9999;9999;9999;9999;9999;9999;9999;9999;9999;9999;9999;9999
05/03/2025 12:29:46.343;118;-1758.034;2837.914;156.600;140.000;249147.66;-1;192000;0;49.2056;19.1492;161.4895;36.7392;19.6119;236.2892;19.1689;23.2568;1523.7287;72;0.2420;72;1.9089;123;0.000223526;0;9999;9999;9999;9999;9999;9999;9999;9999;9999;9999;9999;9999;9999;9999;9999;9999;9999;9999;9999;9999
05/03/2025 12:30:16.339;118;-1758.036;2837.917;155.100;132.000;249147.71;-1;192000;0;49.2414;19.1695;158.7672;36.7523;19.5690;236.7354;19.1917;23.2316;1523.7553;72;0.2420;72;1.9089;137;0.000266394;0;9999;9999;9999;9999;9999;9999;9999;9999;9999;9999;9999;9999;9999;9999;9999;9999;9999;9999;9999;9999
05/03/2025 12:30:46.331;118;-1758.036;2837.917;150.400;156.000;249147.75;-1;192000;0;49.3091;19.2342;150.0538;36.7552;19.5456;236.5511;19.2352;23.2235;1523.7957;70;0.2178;72;1.9089;137;0.000266394;0;9999;9999;9999;9999;9999;9999;9999;9999;9999;9999;9999;9999;9999;9999;9999;9999;9999;9999;9999;9999
05/03/2025 12:31:16.342;117;-1758.033;2837.916;137.300;131.000;249147.79;249147.79;192000;0;49.2837;19.2224;140.3932;36.7479;19.5202;236.1461;19.2299;23.2379;1523.5934;70;0.2178;73;1.9998;130;0.000244960;0;9999;9999;9999;9999;9999;9999;9999;9999;9999;9999;9999;9999;9999;9999;9999;9999;9999;9999;9999;9999
05/03/2025 12:31:46.342;117;-1758.030;2837.915;130.700;135.000;249147.83;-1;192000;0;49.3709;19.2858;129.5042;36.7692;19.4948;236.9749;19.2926;23.1838;1523.6144;71;0.2299;73;1.9998;122;0.000220464;0;9999;9999;9999;9999;9999;9999;9999;9999;9999;9999;9999;9999;9999;9999;9999;9999;9999;9999;9999;9999
05/03/2025 12:32:16.337;117;-1758.027;2837.912;115.800;144.000;249147.87;-1;192000;0;49.4367;19.3476;117.8745;36.7740;19.4831;238.0443;19.3478;23.1238;1523.5995;69;0.2057;73;1.9998;123;0.000223526;0;9999;9999;9999;9999;9999;9999;9999;9999;9999;9999;9999;9999;9999;9999;9999;9999;9999;9999;9999;9999
05/03/2025 12:32:46.343;117;-1758.025;2837.910;108.600;148.000;249147.91;-1;192000;0;49.5141;19.4133;107.2145;36.7847;19.4870;238.8160;19.4229;23.0691;1523.6181;72;0.2420;70;1.7271;120;0.000214340;0;9999;9999;9999;9999;9999;9999;9999;9999;9999;9999;9999;9999;9999;9999;9999;9999;9999;9999;9999;9999
05/03/2025 12:33:16.342;117;-1758.023;2837.907;95.200;155.000;249147.94;-1;192000;0;49.9390;19.7444;96.9213;36.8505;19.5104;240.8317;19.7436;22.8944;1524.4428;76;0.2904;71;1.8180;123;0.000223526;0;9999;9999;9999;9999;9999;9999;9999;9999;9999;9999;9999;9999;9999;9999;9999;9999;9999;9999;9999;9999
05/03/2025 12:33:46.338;117;-1758.023;2837.905;88.600;156.000;249147.98;-1;192000;0;50.0703;19.8486;86.7723;36.8715;19.5866;242.8634;19.8469;22.7857;1524.5857;80;0.3388;72;1.9089;127;0.000235774;0;9999;9999;9999;9999;9999;9999;9999;9999;9999;9999;9999;9999;9999;9999;9999;9999;9999;9999;9999;9999
05/03/2025 12:34:16.335;117;-1758.022;2837.901;75.600;158.000;249148.02;-1;192000;0;50.1513;19.9140;76.8497;36.8848;19.6392;242.5297;19.9148;22.7749;1524.6159;81;0.3509;70;1.7271;140;0.000275580;0;9999;9999;9999;9999;9999;9999;9999;9999;9999;9999;9999;9999;9999;9999;9999;9999;9999;9999;9999;9999
05/03/2025 12:34:46.346;117;-1758.022;2837.899;69.400;161.000;249148.05;249148.05;192000;0;50.1556;19.9202;67.3306;36.8864;19.6899;244.2753;19.9217;22.7063;1524.4762;82;0.3630;73;1.9998;129;0.000241898;0;9999;9999;9999;9999;9999;9999;9999;9999;9999;9999;9999;9999;9999;9999;9999;9999;9999;9999;9999;9999
05/03/2025 12:35:16.344;117;-1758.022;2837.896;57.100;161.000;249148.09;-1;192000;0;50.1023;19.8916;57.3692;36.8713;19.7250;242.3878;19.8937;22.7813;1524.2143;81;0.3509;70;1.7271;144;0.000287828;0;9999;9999;9999;9999;9999;9999;9999;9999;9999;9999;9999;9999;9999;9999;9999;9999;9999;9999;9999;9999
05/03/2025 12:35:46.335;117;-1758.021;2837.893;50.400;160.000;249148.12;-1;192000;0;50.0932;19.8884;47.1520;36.8704;19.7503;244.1333;19.8887;22.7161;1524.0342;81;0.3509;71;1.8180;140;0.000275580;0;9999;9999;9999;9999;9999;9999;9999;9999;9999;9999;9999;9999;9999;9999;9999;9999;9999;9999;9999;9999
05/03/2025 12:36:16.342;117;-1758.021;2837.889;37.200;161.000;249148.17;249148.17;192000;0;50.1084;19.9014;36.7183;36.8754;19.7698;243.8694;19.9040;22.7180;1523.9018;85;0.3993;70;1.7271;141;0.000278642;0;9999;9999;9999;9999;9999;9999;9999;9999;9999;9999;9999;9999;9999;9999;9999;9999;9999;9999;9999;9999
05/03/2025 12:36:46.331;117;-1758.021;2837.887;30.500;163.000;249148.2;-1;192000;0;50.1159;19.9105;26.5005;36.8775;19.7931;243.9128;19.9135;22.7107;1523.7590;80;0.3388;70;1.7271;152;0.000312324;0;9999;9999;9999;9999;9999;9999;9999;9999;9999;9999;9999;9999;9999;9999;9999;9999;9999;9999;9999;9999
05/03/2025 12:37:16.345;117;-1758.021;2837.883;17.100;164.000;249148.24;-1;192000;0;50.1109;19.9153;16.1422;36.8729;19.8126;242.8421;19.9169;22.7462;1523.5945;74;0.2662;74;2.0907;143;0.000284766;0;9999;9999;9999;9999;9999;9999;9999;9999;9999;9999;9999;9999;9999;9999;9999;9999;9999;9999;9999;9999
05/03/2025 12:37:46.346;117;-1758.021;2837.880;10.400;164.000;249148.27;-1;192000;0;50.1384;19.9441;5.8961;36.8742;19.8320;241.6486;19.9479;22.7781;1523.5045;69;0.2057;50;-0.0909;147;0.000297014;0;9999;9999;9999;9999;9999;9999;9999;9999;9999;9999;9999;9999;9999;9999;9999;9999;9999;9999;9999;9999
05/03/2025 12:38:16.342;115;-1758.021;2837.877;-0.100;151.000;249148.31;249148.31;192000;0;50.1369;19.9518;2.6600;36.8675;19.8632;242.7880;19.9388;22.7385;1523.4643;63;0.1331;68;1.5453;142;0.000281704;0;9999;9999;9999;9999;9999;9999;9999;9999;9999;9999;9999;9999;9999;9999;9999;9999;9999;9999;9999;9999
05/03/2025 12:38:46.319;119;-1758.000;2837.878;-0.400;143.000;249148.37;-1;192000;0;50.2166;20.0141;1.5150;36.8791;19.8807;242.2425;19.9822;22.7454;1523.6297;76;0.2904;68;1.5453;134;0.000257208;0;9999;9999;9999;9999;9999;9999;9999;9999;9999;9999;9999;9999;9999;9999;9999;9999;9999;9999;9999;9999
05/03/2025 12:38:52.049;119;-1758.001;2837.878;-0.400;138.000;249148.39;-1;192000;9999;50.2209;20.0124;1.4413;36.8842;19.8826;242.7554;19.9864;22.7250;1523.6295;55;0.0363;70;1.7271;132;0.000251084;0;9999;9999;9999;9999;9999;9999;9999;9999;9999;9999;9999;9999;9999;9999;9999;9999;9999;9999;9999;9999
