PLD_REALTIMECLOCK;NAV_RESOURCE;NAV_LONGITUDE;NAV_LATITUDE;NAV_DEPTH;NAV_HEADING;SD_CARD_USAGE;SSD_USAGE;ACQUISITION_FREQ;RECORDING;LEGATO_CONDUCTIVITY;LEGATO_TEMPERATURE;LEGATO_PRESSURE;LEGATO_SALINITY;LEGATO_CONDTEMP;LEGATO_CODA_DO;LEGATO_CODA_TEMPERATURE;LEGATO_CODA_CORR_PHASE;LEGATO_SOUND_VELOCITY;FLBBCD_CHL_COUNT;FLBBCD_CHL_SCALED;FLBBCD_CDOM_COUNT;FLBBCD_CDOM_SCALED;FLBBCD_BB_700_COUNT;FLBBCD_BB_700_SCALED;User_Field1;User_Field2;User_Field3;User_Field4;User_Field5;User_Field6;User_Field7;User_Field8;User_Field9;User_Field10;BS_HEADING;BS_ZB;BS_ZT;BS_PU;BS_PD;BS_BU;BS_BD;BS_SR;BS_ALTIMETER.ENABLE;BS_ALTIMETER.VALUE;BS_CURRENT.CORRECTION.ENABLE
16/02/2025 17:24:22.782;119;-1801.699;2838.398;-0.200;0.000;247699.59;247699.59;192000;0;51.3460;20.9196;1.5859;37.0122;20.2568;236.3286;20.8882;22.7002;1526.2390;55;0.0363;69;1.6362;92;0.000128604;0;9999;9999;9999;9999;9999;9999;9999;9999;9999;9999;9999;9999;9999;9999;9999;9999;9999;9999;9999;9999
16/02/2025 17:24:52.820;116;-1801.700;2838.400;-0.200;337.000;247699.6;247699.6;192000;0;51.3441;20.9171;1.5609;37.0128;20.3187;236.3377;20.8874;22.7001;1526.2326;57;0.0605;68;1.5453;90;0.000122480;0;9999;9999;9999;9999;9999;9999;9999;9999;9999;9999;9999;9999;9999;9999;9999;9999;9999;9999;9999;9999
16/02/2025 17:25:22.816;116;-1801.702;2838.401;0.000;332.000;247699.62;247699.62;192000;0;51.3597;20.9227;1.6508;37.0206;20.3747;236.6853;20.9159;22.6783;1526.2578;53;0.0121;62;0.9999;93;0.000131666;0;9999;9999;9999;9999;9999;9999;9999;9999;9999;9999;9999;9999;9999;9999;9999;9999;9999;9999;9999;9999
16/02/2025 17:25:52.824;116;-1801.703;2838.400;-0.200;346.000;247699.64;247699.64;192000;0;51.3878;20.9503;1.5011;37.0194;20.4230;236.1449;20.9210;22.6975;1526.3279;51;-0.0121;69;1.6362;91;0.000125542;0;9999;9999;9999;9999;9999;9999;9999;9999;9999;9999;9999;9999;9999;9999;9999;9999;9999;9999;9999;9999
16/02/2025 17:26:22.810;116;-1801.703;2838.400;-0.100;351.000;247699.66;247699.66;192000;0;51.3970;20.9719;1.4109;37.0081;20.4731;237.3295;20.9469;22.6464;1526.3717;56;0.0484;67;1.4544;92;0.000128604;0;9999;9999;9999;9999;9999;9999;9999;9999;9999;9999;9999;9999;9999;9999;9999;9999;9999;9999;9999;9999
16/02/2025 17:26:52.824;116;-1801.703;2838.400;-0.100;351.000;247699.69;247699.69;192000;0;51.4022;20.9671;1.4325;37.0165;20.5155;236.7609;20.9545;22.6649;1526.3686;58;0.0726;65;1.2726;94;0.000134728;0;9999;9999;9999;9999;9999;9999;9999;9999;9999;9999;9999;9999;9999;9999;9999;9999;9999;9999;9999;9999
16/02/2025 17:27:22.824;116;-1801.706;2838.400;-0.200;317.000;247699.71;247699.71;192000;0;51.4093;20.9748;1.5562;37.0155;20.5560;237.0711;20.9595;22.6520;1526.3902;54;0.0242;69;1.6362;91;0.000125542;0;9999;9999;9999;9999;9999;9999;9999;9999;9999;9999;9999;9999;9999;9999;9999;9999;9999;9999;9999;9999
16/02/2025 17:27:52.824;116;-1801.707;2838.400;-0.100;321.000;247699.72;247699.73;192000;0;51.4074;20.9759;1.4410;37.0131;20.5907;236.9295;20.9605;22.6571;1526.3885;54;0.0242;68;1.5453;90;0.000122480;0;9999;9999;9999;9999;9999;9999;9999;9999;9999;9999;9999;9999;9999;9999;9999;9999;9999;9999;9999;9999
16/02/2025 17:28:22.823;110;-1801.708;2838.400;0.100;324.000;247699.77;247699.77;192000;0;51.4000;20.9647;1.6391;37.0167;20.6234;237.4864;20.9833;22.6293;1526.3658;54;0.0242;70;1.7271;95;0.000137790;0;9999;9999;9999;9999;9999;9999;9999;9999;9999;9999;9999;9999;9999;9999;9999;9999;9999;9999;9999;9999
16/02/2025 17:28:52.821;110;-1801.709;2838.401;1.300;350.000;247699.8;247699.8;192000;0;51.3237;20.9241;3.4108;36.9895;20.6522;237.3810;20.8363;22.6780;1526.2563;55;0.0363;70;1.7271;90;0.000122480;0;9999;9999;9999;9999;9999;9999;9999;9999;9999;9999;9999;9999;9999;9999;9999;9999;9999;9999;9999;9999
16/02/2025 17:29:22.823;100;-1801.709;2838.404;4.300;5.000;247699.82;247699.82;192000;0;50.9554;20.5553;7.8107;37.0095;20.6272;237.8225;20.5602;22.7384;1525.3578;56;0.0484;71;1.8180;98;0.000146976;0;9999;9999;9999;9999;9999;9999;9999;9999;9999;9999;9999;9999;9999;9999;9999;9999;9999;9999;9999;9999
16/02/2025 17:29:52.806;100;-1801.708;2838.411;11.400;24.000;247699.85;247699.85;192000;0;50.9012;20.5182;13.3516;36.9956;20.5964;237.4905;20.5140;22.7663;1525.3341;57;0.0605;69;1.6362;95;0.000137790;0;9999;9999;9999;9999;9999;9999;9999;9999;9999;9999;9999;9999;9999;9999;9999;9999;9999;9999;9999;9999
16/02/2025 17:30:22.814;100;-1801.706;2838.414;15.200;33.000;247699.87;247699.87;192000;0;50.7391;20.3938;19.2526;36.9695;20.5656;238.2226;20.3936;22.7762;1525.0654;59;0.0847;73;1.9998;94;0.000134728;0;9999;9999;9999;9999;9999;9999;9999;9999;9999;9999;9999;9999;9999;9999;9999;9999;9999;9999;9999;9999
16/02/2025 17:30:52.826;100;-1801.701;2838.419;22.700;56.000;247699.89;247699.89;192000;0;50.7326;20.3775;25.2063;36.9762;20.5252;237.3618;20.3801;22.8135;1525.1278;59;0.0847;68;1.5453;95;0.000137790;0;9999;9999;9999;9999;9999;9999;9999;9999;9999;9999;9999;9999;9999;9999;9999;9999;9999;9999;9999;9999
16/02/2025 17:31:22.824;100;-1801.698;2838.421;26.600;66.000;247699.91;247699.91;192000;0;50.7141;20.3634;31.2721;36.9712;20.4982;239.3200;20.3650;22.7468;1525.1850;60;0.0968;69;1.6362;95;0.000137790;0;9999;9999;9999;9999;9999;9999;9999;9999;9999;9999;9999;9999;9999;9999;9999;9999;9999;9999;9999;9999
16/02/2025 17:31:52.820;100;-1801.691;2838.424;34.300;87.000;247699.94;247699.94;192000;0;50.5746;20.2595;37.3104;36.9454;20.4712;238.8357;20.2609;22.7976;1524.9733;60;0.0968;70;1.7271;95;0.000137790;0;9999;9999;9999;9999;9999;9999;9999;9999;9999;9999;9999;9999;9999;9999;9999;9999;9999;9999;9999;9999
16/02/2025 17:32:22.802;100;-1801.688;2838.424;38.200;99.000;247699.96;247699.96;192000;0;50.5700;20.2500;43.5139;36.9477;20.4345;239.9025;20.2533;22.7618;1525.0534;61;0.1089;65;1.2726;93;0.000131666;0;9999;9999;9999;9999;9999;9999;9999;9999;9999;9999;9999;9999;9999;9999;9999;9999;9999;9999;9999;9999
16/02/2025 17:32:52.814;100;-1801.681;2838.422;46.200;120.000;247699.98;-1;192000;0;50.4552;20.1704;49.7161;36.9206;20.4036;241.7646;20.1706;22.7199;1524.9087;62;0.1210;69;1.6362;95;0.000137790;0;9999;9999;9999;9999;9999;9999;9999;9999;9999;9999;9999;9999;9999;9999;9999;9999;9999;9999;9999;9999
16/02/2025 17:33:22.796;100;-1801.678;2838.420;50.100;128.000;247700.01;-1;192000;0;50.3684;20.1051;55.8250;36.9042;20.3631;244.1226;20.1057;22.6549;1524.8131;64;0.1452;66;1.3635;116;0.000202092;0;9999;9999;9999;9999;9999;9999;9999;9999;9999;9999;9999;9999;9999;9999;9999;9999;9999;9999;9999;9999
16/02/2025 17:33:52.812;100;-1801.675;2838.419;54.100;134.000;247700.03;-1;192000;0;50.3503;20.0842;62.1121;36.9052;20.3264;242.2486;20.0858;22.7308;1524.8616;65;0.1573;71;1.8180;91;0.000125542;0;9999;9999;9999;9999;9999;9999;9999;9999;9999;9999;9999;9999;9999;9999;9999;9999;9999;9999;9999;9999
16/02/2025 17:34:22.815;100;-1801.670;2838.414;62.100;142.000;247700.06;-1;192000;0;50.2859;20.0388;68.2985;36.8896;20.2955;242.1836;20.0362;22.7500;1524.8225;72;0.2420;70;1.7271;91;0.000125542;0;9999;9999;9999;9999;9999;9999;9999;9999;9999;9999;9999;9999;9999;9999;9999;9999;9999;9999;9999;9999
16/02/2025 17:34:52.797;100;-1801.666;2838.409;70.100;150.000;247700.07;-1;192000;0;50.1825;19.9549;74.4390;36.8755;20.2587;241.8500;19.9527;22.7888;1524.6781;88;0.4356;71;1.8180;95;0.000137790;0;9999;9999;9999;9999;9999;9999;9999;9999;9999;9999;9999;9999;9999;9999;9999;9999;9999;9999;9999;9999
16/02/2025 17:35:22.819;100;-1801.664;2838.407;74.100;151.000;247700.09;-1;192000;0;50.0856;19.8746;80.8297;36.8636;20.2065;237.6970;19.8756;22.9677;1524.5497;87;0.4235;72;1.9089;97;0.000143914;0;9999;9999;9999;9999;9999;9999;9999;9999;9999;9999;9999;9999;9999;9999;9999;9999;9999;9999;9999;9999
16/02/2025 17:35:52.821;100;-1801.661;2838.402;82.400;151.000;247700.12;-1;192000;0;50.0683;19.8522;87.1036;36.8666;20.1658;236.1523;19.8531;23.0340;1524.5957;84;0.3872;71;1.8180;99;0.000150038;0;9999;9999;9999;9999;9999;9999;9999;9999;9999;9999;9999;9999;9999;9999;9999;9999;9999;9999;9999;9999
16/02/2025 17:36:22.829;100;-1801.659;2838.399;86.300;149.000;247700.14;247700.14;192000;0;49.5767;19.4853;92.9652;36.7787;20.1116;229.5482;19.4829;23.4026;1523.5753;64;0.1452;75;2.1816;91;0.000125542;0;9999;9999;9999;9999;9999;9999;9999;9999;9999;9999;9999;9999;9999;9999;9999;9999;9999;9999;9999;9999
16/02/2025 17:36:52.798;100;-1801.656;2838.395;93.600;156.000;247700.18;247700.18;192000;0;49.3271;19.2959;98.7412;36.7351;20.0147;225.9229;19.2913;23.6066;1523.0921;63;0.1331;73;1.9998;89;0.000119418;0;9999;9999;9999;9999;9999;9999;9999;9999;9999;9999;9999;9999;9999;9999;9999;9999;9999;9999;9999;9999
16/02/2025 17:37:22.814;100;-1801.654;2838.392;97.500;156.000;247700.2;247700.2;192000;0;48.9428;18.9918;104.7057;36.6791;19.9040;221.2761;18.9907;23.8889;1522.2710;59;0.0847;75;2.1816;90;0.000122480;0;9999;9999;9999;9999;9999;9999;9999;9999;9999;9999;9999;9999;9999;9999;9999;9999;9999;9999;9999;9999
16/02/2025 17:37:52.818;100;-1801.651;2838.387;105.600;153.000;247700.22;247700.22;192000;0;48.7161;18.8107;111.1335;36.6458;19.7639;220.1331;18.8036;23.9960;1521.8265;66;0.1694;75;2.1816;102;0.000159224;0;9999;9999;9999;9999;9999;9999;9999;9999;9999;9999;9999;9999;9999;9999;9999;9999;9999;9999;9999;9999
16/02/2025 17:38:22.821;100;-1801.649;2838.384;109.600;152.000;247700.25;247700.25;192000;0;48.5971;18.7175;117.4776;36.6254;19.6412;219.6250;18.7092;24.0485;1521.6435;57;0.0605;75;2.1816;89;0.000119418;0;9999;9999;9999;9999;9999;9999;9999;9999;9999;9999;9999;9999;9999;9999;9999;9999;9999;9999;9999;9999
16/02/2025 17:38:52.825;100;-1801.646;2838.379;117.900;160.000;247700.28;247700.28;192000;0;48.1610;18.3612;124.0975;36.5691;19.4987;221.6732;18.3614;24.0748;1520.6687;55;0.0363;75;2.1816;86;0.000110232;0;9999;9999;9999;9999;9999;9999;9999;9999;9999;9999;9999;9999;9999;9999;9999;9999;9999;9999;9999;9999
16/02/2025 17:39:22.817;100;-1801.645;2838.376;122.000;163.000;247700.29;247700.29;192000;0;47.7933;18.0640;130.4593;36.5172;19.3422;219.3081;18.0643;24.2683;1519.8561;53;0.0121;76;2.2725;86;0.000110232;0;9999;9999;9999;9999;9999;9999;9999;9999;9999;9999;9999;9999;9999;9999;9999;9999;9999;9999;9999;9999
16/02/2025 17:39:52.818;100;-1801.643;2838.371;129.300;159.000;247700.32;247700.32;192000;0;47.5377;17.8499;136.0333;36.4868;19.1775;217.3851;17.8589;24.4155;1519.2908;53;0.0121;76;2.2725;88;0.000116356;0;9999;9999;9999;9999;9999;9999;9999;9999;9999;9999;9999;9999;9999;9999;9999;9999;9999;9999;9999;9999
16/02/2025 17:40:22.825;100;-1801.641;2838.369;132.800;157.000;247700.33;247700.33;192000;0;47.4179;17.7591;141.5773;36.4626;19.0184;216.6814;17.7560;24.4804;1519.0899;52;0.0000;76;2.2725;83;0.000101046;0;9999;9999;9999;9999;9999;9999;9999;9999;9999;9999;9999;9999;9999;9999;9999;9999;9999;9999;9999;9999
16/02/2025 17:40:52.819;100;-1801.638;2838.364;140.000;151.000;247700.36;247700.36;192000;0;47.3552;17.7033;147.2849;36.4562;18.8727;217.3888;17.7015;24.4695;1519.0140;54;0.0242;76;2.2725;84;0.000104108;0;9999;9999;9999;9999;9999;9999;9999;9999;9999;9999;9999;9999;9999;9999;9999;9999;9999;9999;9999;9999
16/02/2025 17:41:22.824;100;-1801.636;2838.362;143.700;146.000;247700.39;247700.39;192000;0;46.9905;17.3984;153.0238;36.4116;18.7286;215.4715;17.3970;24.6502;1518.1608;50;-0.0242;76;2.2725;80;0.000091860;0;9999;9999;9999;9999;9999;9999;9999;9999;9999;9999;9999;9999;9999;9999;9999;9999;9999;9999;9999;9999
16/02/2025 17:41:52.810;100;-1801.634;2838.357;151.100;161.000;247700.41;247700.41;192000;0;46.8923;17.3086;158.8703;36.4045;18.5685;213.7027;17.3090;24.7559;1517.9840;50;-0.0242;76;2.2725;83;0.000101046;0;9999;9999;9999;9999;9999;9999;9999;9999;9999;9999;9999;9999;9999;9999;9999;9999;9999;9999;9999;9999
16/02/2025 17:42:22.809;100;-1801.633;2838.354;155.000;164.000;247700.43;247700.43;192000;0;46.7837;17.2141;164.9396;36.3926;18.4238;212.9945;17.2116;24.8198;1517.7908;51;-0.0121;76;2.2725;85;0.000107170;0;9999;9999;9999;9999;9999;9999;9999;9999;9999;9999;9999;9999;9999;9999;9999;9999;9999;9999;9999;9999
16/02/2025 17:42:52.824;100;-1801.631;2838.349;162.600;165.000;247700.46;247700.46;192000;0;46.6653;17.1219;170.8619;36.3699;18.2967;213.1358;17.1149;24.8473;1517.5889;52;0.0000;78;2.4543;81;0.000094922;0;9999;9999;9999;9999;9999;9999;9999;9999;9999;9999;9999;9999;9999;9999;9999;9999;9999;9999;9999;9999
16/02/2025 17:43:22.797;100;-1801.630;2838.346;166.400;163.000;247700.47;247700.47;192000;0;46.4738;16.9564;176.9672;36.3492;18.1674;213.2413;16.9540;24.8967;1517.1725;50;-0.0242;78;2.4543;84;0.000104108;0;9999;9999;9999;9999;9999;9999;9999;9999;9999;9999;9999;9999;9999;9999;9999;9999;9999;9999;9999;9999
16/02/2025 17:43:52.797;100;-1801.627;2838.341;174.100;157.000;247700.5;247700.5;192000;0;46.1701;16.7038;182.8257;36.3082;18.0279;213.4283;16.7006;24.9736;1516.4644;50;-0.0242;77;2.3634;88;0.000116356;0;9999;9999;9999;9999;9999;9999;9999;9999;9999;9999;9999;9999;9999;9999;9999;9999;9999;9999;9999;9999
16/02/2025 17:44:22.823;100;-1801.626;2838.338;177.700;158.000;247700.53;247700.53;192000;0;46.0659;16.6148;188.2523;36.2946;17.8880;213.7955;16.6138;24.9878;1516.2705;50;-0.0242;77;2.3634;81;0.000094922;0;9999;9999;9999;9999;9999;9999;9999;9999;9999;9999;9999;9999;9999;9999;9999;9999;9999;9999;9999;9999
16/02/2025 17:44:52.828;100;-1801.623;2838.334;184.400;157.000;247700.55;247700.55;192000;0;45.7770;16.3785;193.5757;36.2511;17.7459;213.9232;16.3756;25.0629;1515.5930;51;-0.0121;77;2.3634;80;0.000091860;0;9999;9999;9999;9999;9999;9999;9999;9999;9999;9999;9999;9999;9999;9999;9999;9999;9999;9999;9999;9999
16/02/2025 17:45:22.800;100;-1801.622;2838.331;187.900;162.000;247700.57;247700.57;192000;0;45.4907;16.1392;199.0736;36.2116;17.5914;214.4981;16.1377;25.1187;1514.9093;50;-0.0242;79;2.5452;83;0.000101046;0;9999;9999;9999;9999;9999;9999;9999;9999;9999;9999;9999;9999;9999;9999;9999;9999;9999;9999;9999;9999
16/02/2025 17:45:52.814;100;-1801.621;2838.326;195.200;168.000;247700.6;247700.6;192000;0;45.3955;16.0598;204.7846;36.1967;17.4326;214.8913;16.0575;25.1303;1514.7437;50;-0.0242;80;2.6361;80;0.000091860;0;9999;9999;9999;9999;9999;9999;9999;9999;9999;9999;9999;9999;9999;9999;9999;9999;9999;9999;9999;9999
16/02/2025 17:46:22.819;118;-1801.618;2838.321;200.900;144.000;247700.64;247700.64;192000;0;45.1550;15.8588;210.1618;36.1625;17.2854;215.4923;15.8591;25.1723;1514.1758;52;0.0000;76;2.2725;81;0.000094922;0;9999;9999;9999;9999;9999;9999;9999;9999;9999;9999;9999;9999;9999;9999;9999;9999;9999;9999;9999;9999
16/02/2025 17:46:52.819;118;-1801.618;2838.320;199.100;166.000;247700.66;247700.66;192000;0;45.2572;15.9301;207.4830;36.1901;17.1400;215.1457;15.9446;25.1568;1514.3828;50;-0.0242;78;2.4543;92;0.000128604;0;9999;9999;9999;9999;9999;9999;9999;9999;9999;9999;9999;9999;9999;9999;9999;9999;9999;9999;9999;9999
16/02/2025 17:47:22.824;117;-1801.617;2838.318;196.400;163.000;247700.68;247700.68;192000;0;45.4128;16.0704;203.5038;36.2029;17.0469;214.7488;16.0693;25.1318;1514.7621;50;-0.0242;78;2.4543;86;0.000110232;0;9999;9999;9999;9999;9999;9999;9999;9999;9999;9999;9999;9999;9999;9999;9999;9999;9999;9999;9999;9999
16/02/2025 17:47:52.823;117;-1801.616;2838.316;193.600;157.000;247700.71;247700.71;192000;0;45.4791;16.1243;199.2940;36.2148;16.9739;214.5159;16.1235;25.1224;1514.8711;51;-0.0121;79;2.5452;80;0.000091860;0;9999;9999;9999;9999;9999;9999;9999;9999;9999;9999;9999;9999;9999;9999;9999;9999;9999;9999;9999;9999
16/02/2025 17:48:22.823;117;-1801.614;2838.312;187.700;155.000;247700.73;247700.73;192000;0;45.6241;16.2441;194.7261;36.2368;16.9171;213.5258;16.2458;25.1231;1515.1866;50;-0.0242;78;2.4543;81;0.000094922;0;9999;9999;9999;9999;9999;9999;9999;9999;9999;9999;9999;9999;9999;9999;9999;9999;9999;9999;9999;9999
16/02/2025 17:48:52.824;117;-1801.613;2838.311;184.800;153.000;247700.75;247700.75;192000;0;45.9185;16.4864;190.2120;36.2800;16.9009;212.5180;16.4906;25.0842;1515.8979;50;-0.0242;77;2.3634;80;0.000091860;0;9999;9999;9999;9999;9999;9999;9999;9999;9999;9999;9999;9999;9999;9999;9999;9999;9999;9999;9999;9999
16/02/2025 17:49:22.807;117;-1801.610;2838.307;178.700;151.000;247700.78;-1;192000;0;46.0697;16.6154;185.3053;36.2987;16.9050;213.3293;16.6126;25.0073;1516.2281;52;0.0000;79;2.5452;82;0.000097984;0;9999;9999;9999;9999;9999;9999;9999;9999;9999;9999;9999;9999;9999;9999;9999;9999;9999;9999;9999;9999
16/02/2025 17:49:52.808;117;-1801.609;2838.305;175.500;155.000;247700.8;-1;192000;0;46.2337;16.7504;180.3654;36.3230;16.9191;212.6926;16.7510;24.9878;1516.5809;52;0.0000;77;2.3634;82;0.000097984;0;9999;9999;9999;9999;9999;9999;9999;9999;9999;9999;9999;9999;9999;9999;9999;9999;9999;9999;9999;9999
16/02/2025 17:50:22.799;117;-1801.607;2838.301;169.000;152.000;247700.82;-1;192000;0;46.4444;16.9118;175.2974;36.3644;16.9476;213.6088;16.9257;24.8883;1517.0287;50;-0.0242;76;2.2725;89;0.000119418;0;9999;9999;9999;9999;9999;9999;9999;9999;9999;9999;9999;9999;9999;9999;9999;9999;9999;9999;9999;9999
16/02/2025 17:50:52.820;117;-1801.605;2838.299;165.700;155.000;247700.85;-1;192000;0;46.6013;17.0566;170.6065;36.3730;16.9922;213.0917;17.0586;24.8667;1517.3935;50;-0.0242;77;2.3634;80;0.000091860;0;9999;9999;9999;9999;9999;9999;9999;9999;9999;9999;9999;9999;9999;9999;9999;9999;9999;9999;9999;9999
16/02/2025 17:51:22.816;117;-1801.604;2838.296;159.800;160.000;247700.88;-1;192000;0;46.7033;17.1439;166.1102;36.3853;17.0449;212.9858;17.1443;24.8421;1517.5931;51;-0.0121;78;2.4543;83;0.000101046;0;9999;9999;9999;9999;9999;9999;9999;9999;9999;9999;9999;9999;9999;9999;9999;9999;9999;9999;9999;9999
16/02/2025 17:51:52.809;117;-1801.603;2838.294;156.900;159.000;247700.89;-1;192000;0;46.7725;17.2020;161.5961;36.3950;17.0934;212.8910;17.2023;24.8260;1517.7021;52;0.0000;76;2.2725;84;0.000104108;0;9999;9999;9999;9999;9999;9999;9999;9999;9999;9999;9999;9999;9999;9999;9999;9999;9999;9999;9999;9999
16/02/2025 17:52:22.816;117;-1801.601;2838.290;151.000;158.000;247700.92;-1;192000;0;46.8693;17.2852;156.9733;36.4064;17.1380;213.5923;17.2864;24.7671;1517.8853;52;0.0000;78;2.4543;84;0.000104108;0;9999;9999;9999;9999;9999;9999;9999;9999;9999;9999;9999;9999;9999;9999;9999;9999;9999;9999;9999;9999
16/02/2025 17:52:52.801;117;-1801.600;2838.288;148.100;155.000;247700.94;247700.94;192000;0;46.9502;17.3467;152.4554;36.4233;17.1825;214.5686;17.3522;24.7020;1518.0118;52;0.0000;77;2.3634;86;0.000110232;0;9999;9999;9999;9999;9999;9999;9999;9999;9999;9999;9999;9999;9999;9999;9999;9999;9999;9999;9999;9999
16/02/2025 17:53:22.819;117;-1801.597;2838.285;142.300;147.000;247700.97;247700.97;192000;0;47.2177;17.5752;147.7270;36.4520;17.2431;216.0823;17.5874;24.5606;1518.6403;53;0.0121;76;2.2725;83;0.000101046;0;9999;9999;9999;9999;9999;9999;9999;9999;9999;9999;9999;9999;9999;9999;9999;9999;9999;9999;9999;9999
16/02/2025 17:53:52.816;117;-1801.596;2838.283;139.100;153.000;247700.99;247700.99;192000;0;47.3966;17.7340;142.7574;36.4663;17.3258;216.5805;17.7339;24.4916;1519.0402;51;-0.0121;77;2.3634;85;0.000107170;0;9999;9999;9999;9999;9999;9999;9999;9999;9999;9999;9999;9999;9999;9999;9999;9999;9999;9999;9999;9999
16/02/2025 17:54:22.819;117;-1801.594;2838.279;132.800;157.000;247701.03;247701.03;192000;0;47.4672;17.7921;137.8401;36.4771;17.4044;215.7729;17.7956;24.5046;1519.1409;54;0.0242;76;2.2725;87;0.000113294;0;9999;9999;9999;9999;9999;9999;9999;9999;9999;9999;9999;9999;9999;9999;9999;9999;9999;9999;9999;9999
16/02/2025 17:54:52.815;117;-1801.592;2838.276;129.600;159.000;247701.05;247701.05;192000;0;47.5597;17.8693;132.8805;36.4896;17.4708;217.2159;17.8732;24.4173;1519.2982;54;0.0242;76;2.2725;87;0.000113294;0;9999;9999;9999;9999;9999;9999;9999;9999;9999;9999;9999;9999;9999;9999;9999;9999;9999;9999;9999;9999
16/02/2025 17:55:22.823;117;-1801.591;2838.272;123.100;165.000;247701.07;247701.07;192000;0;47.8148;18.0743;127.7166;36.5276;17.5553;219.1910;18.0797;24.2671;1519.8523;55;0.0363;74;2.0907;88;0.000116356;0;9999;9999;9999;9999;9999;9999;9999;9999;9999;9999;9999;9999;9999;9999;9999;9999;9999;9999;9999;9999
16/02/2025 17:55:52.821;117;-1801.590;2838.270;119.900;165.000;247701.09;247701.09;192000;0;48.0115;18.2402;122.6854;36.5498;17.6457;219.3079;18.2409;24.2100;1520.2742;54;0.0242;75;2.1816;90;0.000122480;0;9999;9999;9999;9999;9999;9999;9999;9999;9999;9999;9999;9999;9999;9999;9999;9999;9999;9999;9999;9999
16/02/2025 17:56:22.821;117;-1801.588;2838.266;113.600;158.000;247701.11;247701.11;192000;0;48.2670;18.4252;117.9626;36.6048;17.7439;221.1021;18.4418;24.0697;1520.7913;54;0.0242;76;2.2725;88;0.000116356;0;9999;9999;9999;9999;9999;9999;9999;9999;9999;9999;9999;9999;9999;9999;9999;9999;9999;9999;9999;9999
16/02/2025 17:56:52.824;117;-1801.587;2838.264;110.700;153.000;247701.13;247701.14;192000;0;48.5186;18.6442;113.2978;36.6257;17.8660;220.8409;18.6418;24.0175;1521.3650;55;0.0363;74;2.0907;89;0.000119418;0;9999;9999;9999;9999;9999;9999;9999;9999;9999;9999;9999;9999;9999;9999;9999;9999;9999;9999;9999;9999
16/02/2025 17:57:22.808;117;-1801.585;2838.260;104.600;156.000;247701.16;247701.16;192000;0;48.5836;18.6970;108.6019;36.6356;17.9760;219.4700;18.6968;24.0555;1521.4489;55;0.0363;76;2.2725;86;0.000110232;0;9999;9999;9999;9999;9999;9999;9999;9999;9999;9999;9999;9999;9999;9999;9999;9999;9999;9999;9999;9999
16/02/2025 17:57:52.822;117;-1801.584;2838.258;101.800;157.000;247701.18;247701.18;192000;0;48.6030;18.7126;103.9997;36.6399;18.0638;219.8391;18.7153;24.0330;1521.4217;57;0.0605;74;2.0907;88;0.000116356;0;9999;9999;9999;9999;9999;9999;9999;9999;9999;9999;9999;9999;9999;9999;9999;9999;9999;9999;9999;9999
16/02/2025 17:58:22.818;117;-1801.581;2838.254;95.800;158.000;247701.21;247701.21;192000;0;48.8956;18.9464;99.4565;36.6815;18.1554;219.1483;18.9482;23.9876;1522.0578;56;0.0484;75;2.1816;94;0.000134728;0;9999;9999;9999;9999;9999;9999;9999;9999;9999;9999;9999;9999;9999;9999;9999;9999;9999;9999;9999;9999
16/02/2025 17:58:52.824;117;-1801.581;2838.252;93.000;162.000;247701.23;247701.23;192000;0;49.1869;19.1790;95.0445;36.7223;18.2749;223.0063;19.1756;23.7579;1522.6875;61;0.1089;74;2.0907;88;0.000116356;0;9999;9999;9999;9999;9999;9999;9999;9999;9999;9999;9999;9999;9999;9999;9999;9999;9999;9999;9999;9999
16/02/2025 17:59:22.824;117;-1801.580;2838.248;87.600;166.000;247701.25;247701.25;192000;0;49.3605;19.3143;90.7460;36.7498;18.3920;225.5939;19.3155;23.6094;1523.0272;61;0.1089;71;1.8180;89;0.000119418;0;9999;9999;9999;9999;9999;9999;9999;9999;9999;9999;9999;9999;9999;9999;9999;9999;9999;9999;9999;9999
16/02/2025 17:59:52.824;117;-1801.579;2838.246;84.700;166.000;247701.27;247701.27;192000;0;49.6926;19.5524;86.2908;36.8188;18.5229;228.5072;19.5607;23.4164;1523.6964;70;0.2178;73;1.9998;92;0.000128604;0;9999;9999;9999;9999;9999;9999;9999;9999;9999;9999;9999;9999;9999;9999;9999;9999;9999;9999;9999;9999
16/02/2025 18:00:22.821;117;-1801.578;2838.243;79.200;161.000;247701.3;247701.3;192000;0;49.9715;19.7727;81.9607;36.8583;18.6792;235.0466;19.7724;23.0984;1524.2807;87;0.4235;71;1.8180;112;0.000189844;0;9999;9999;9999;9999;9999;9999;9999;9999;9999;9999;9999;9999;9999;9999;9999;9999;9999;9999;9999;9999
16/02/2025 18:00:52.823;117;-1801.577;2838.241;76.400;159.000;247701.32;-1;192000;0;50.0067;19.7943;77.6581;36.8700;18.8155;235.0331;19.8013;23.0885;1524.2820;87;0.4235;74;2.0907;96;0.000140852;0;9999;9999;9999;9999;9999;9999;9999;9999;9999;9999;9999;9999;9999;9999;9999;9999;9999;9999;9999;9999
16/02/2025 18:01:22.797;117;-1801.575;2838.237;71.000;163.000;247701.34;-1;192000;0;50.1276;19.8960;73.2499;36.8823;18.9377;238.1790;19.8974;22.9401;1524.5034;93;0.4961;72;1.9089;98;0.000146976;0;9999;9999;9999;9999;9999;9999;9999;9999;9999;9999;9999;9999;9999;9999;9999;9999;9999;9999;9999;9999
16/02/2025 18:01:52.819;117;-1801.575;2838.235;68.300;165.000;247701.36;-1;192000;0;50.1718;19.9370;68.9910;36.8845;19.0499;241.3967;19.9393;22.8072;1524.5481;82;0.3630;71;1.8180;98;0.000146976;0;9999;9999;9999;9999;9999;9999;9999;9999;9999;9999;9999;9999;9999;9999;9999;9999;9999;9999;9999;9999
16/02/2025 18:02:22.813;117;-1801.574;2838.232;62.900;165.000;247701.39;-1;192000;0;50.2339;19.9881;64.8511;36.8924;19.1520;242.1245;19.9926;22.7635;1524.6287;73;0.2541;69;1.6362;103;0.000162286;0;9999;9999;9999;9999;9999;9999;9999;9999;9999;9999;9999;9999;9999;9999;9999;9999;9999;9999;9999;9999
16/02/2025 18:02:52.825;117;-1801.573;2838.230;60.300;164.000;247701.41;-1;192000;0;50.2566;20.0145;60.6962;36.8896;19.2423;241.6724;20.0171;22.7721;1524.6290;69;0.2057;70;1.7271;92;0.000128604;0;9999;9999;9999;9999;9999;9999;9999;9999;9999;9999;9999;9999;9999;9999;9999;9999;9999;9999;9999;9999
16/02/2025 18:03:22.818;117;-1801.572;2838.226;55.100;167.000;247701.44;-1;192000;0;50.2801;20.0330;56.6740;36.8942;19.3226;241.8225;20.0360;22.7597;1524.6180;68;0.1936;71;1.8180;93;0.000131666;0;9999;9999;9999;9999;9999;9999;9999;9999;9999;9999;9999;9999;9999;9999;9999;9999;9999;9999;9999;9999
16/02/2025 18:03:52.806;117;-1801.572;2838.224;52.600;168.000;247701.46;247701.46;192000;0;50.2935;20.0454;52.7145;36.8958;19.3951;242.2254;20.0483;22.7402;1524.5879;67;0.1815;70;1.7271;93;0.000131666;0;9999;9999;9999;9999;9999;9999;9999;9999;9999;9999;9999;9999;9999;9999;9999;9999;9999;9999;9999;9999
16/02/2025 18:04:22.799;117;-1801.571;2838.221;47.600;170.000;247701.48;247701.48;192000;0;50.3067;20.0567;48.8235;36.8983;19.4596;241.5877;20.0593;22.7592;1524.5569;67;0.1815;69;1.6362;96;0.000140852;0;9999;9999;9999;9999;9999;9999;9999;9999;9999;9999;9999;9999;9999;9999;9999;9999;9999;9999;9999;9999
16/02/2025 18:04:52.814;117;-1801.571;2838.219;45.100;171.000;247701.51;247701.51;192000;0;50.3514;20.0882;45.0355;36.9090;19.5143;241.4259;20.0950;22.7533;1524.5922;65;0.1573;70;1.7271;93;0.000131666;0;9999;9999;9999;9999;9999;9999;9999;9999;9999;9999;9999;9999;9999;9999;9999;9999;9999;9999;9999;9999
16/02/2025 18:05:22.819;117;-1801.570;2838.216;40.100;176.000;247701.53;247701.53;192000;0;50.4494;20.1636;41.0922;36.9251;19.5788;241.4304;20.1729;22.7288;1524.7513;61;0.1089;70;1.7271;95;0.000137790;0;9999;9999;9999;9999;9999;9999;9999;9999;9999;9999;9999;9999;9999;9999;9999;9999;9999;9999;9999;9999
16/02/2025 18:05:52.801;117;-1801.570;2838.214;37.700;176.000;247701.55;247701.55;192000;0;50.4834;20.1907;37.0764;36.9308;19.6353;239.6889;20.1920;22.7863;1524.7650;62;0.1210;69;1.6362;98;0.000146976;0;9999;9999;9999;9999;9999;9999;9999;9999;9999;9999;9999;9999;9999;9999;9999;9999;9999;9999;9999;9999
16/02/2025 18:06:22.824;117;-1801.570;2838.210;32.400;172.000;247701.58;247701.58;192000;0;50.4821;20.1912;32.9504;36.9308;19.6938;242.1866;20.1937;22.6925;1524.6975;61;0.1089;69;1.6362;92;0.000128604;0;9999;9999;9999;9999;9999;9999;9999;9999;9999;9999;9999;9999;9999;9999;9999;9999;9999;9999;9999;9999
16/02/2025 18:06:52.823;117;-1801.570;2838.208;29.800;171.000;247701.6;247701.6;192000;0;50.4985;20.2031;28.7507;36.9354;19.7386;240.0991;20.2080;22.7639;1524.6652;58;0.0726;70;1.7271;91;0.000125542;0;9999;9999;9999;9999;9999;9999;9999;9999;9999;9999;9999;9999;9999;9999;9999;9999;9999;9999;9999;9999
16/02/2025 18:07:22.823;117;-1801.569;2838.205;24.300;170.000;247701.63;247701.63;192000;0;50.6164;20.2934;24.4688;36.9548;19.7795;239.9163;20.2969;22.7430;1524.8623;60;0.0968;72;1.9089;93;0.000131666;0;9999;9999;9999;9999;9999;9999;9999;9999;9999;9999;9999;9999;9999;9999;9999;9999;9999;9999;9999;9999
16/02/2025 18:07:52.818;117;-1801.569;2838.203;21.600;171.000;247701.65;247701.65;192000;0;50.7014;20.3612;20.2982;36.9667;19.8379;239.0265;20.3639;22.7551;1524.9910;59;0.0847;65;1.2726;90;0.000122480;0;9999;9999;9999;9999;9999;9999;9999;9999;9999;9999;9999;9999;9999;9999;9999;9999;9999;9999;9999;9999
16/02/2025 18:08:22.824;117;-1801.569;2838.199;16.300;173.000;247701.67;247701.67;192000;0;50.7412;20.3879;16.2708;36.9775;19.8923;239.5159;20.3927;22.7270;1525.0086;57;0.0605;69;1.6362;91;0.000125542;0;9999;9999;9999;9999;9999;9999;9999;9999;9999;9999;9999;9999;9999;9999;9999;9999;9999;9999;9999;9999
16/02/2025 18:08:52.822;117;-1801.568;2838.197;13.700;172.000;247701.69;247701.69;192000;0;50.7596;20.4083;12.1545;36.9763;19.9390;238.5836;20.4114;22.7553;1524.9941;59;0.0847;72;1.9089;94;0.000134728;0;9999;9999;9999;9999;9999;9999;9999;9999;9999;9999;9999;9999;9999;9999;9999;9999;9999;9999;9999;9999
16/02/2025 18:09:22.807;117;-1801.568;2838.193;8.300;171.000;247701.72;247701.72;192000;0;50.7752;20.4223;7.9829;36.9784;19.9856;238.3433;20.4265;22.7586;1524.9649;58;0.0726;68;1.5453;93;0.000131666;0;9999;9999;9999;9999;9999;9999;9999;9999;9999;9999;9999;9999;9999;9999;9999;9999;9999;9999;9999;9999
16/02/2025 18:09:52.824;117;-1801.567;2838.192;5.600;170.000;247701.73;247701.73;192000;0;50.8106;20.4544;3.6710;36.9808;20.0243;237.1402;20.4686;22.7901;1524.9830;57;0.0605;67;1.4544;95;0.000137790;0;9999;9999;9999;9999;9999;9999;9999;9999;9999;9999;9999;9999;9999;9999;9999;9999;9999;9999;9999;9999
16/02/2025 18:10:22.822;115;-1801.566;2838.189;2.100;112.000;247701.76;247701.77;192000;0;50.8079;20.4451;4.1551;36.9866;20.0709;237.3552;20.4516;22.7868;1524.9722;56;0.0484;69;1.6362;98;0.000146976;0;9999;9999;9999;9999;9999;9999;9999;9999;9999;9999;9999;9999;9999;9999;9999;9999;9999;9999;9999;9999
16/02/2025 18:10:52.807;119;-1801.564;2838.189;-0.600;44.000;247701.79;247701.79;192000;0;51.2392;20.8139;1.3166;37.0176;20.1426;237.3221;20.7677;22.6968;1525.9566;54;0.0242;67;1.4544;93;0.000131666;0;9999;9999;9999;9999;9999;9999;9999;9999;9999;9999;9999;9999;9999;9999;9999;9999;9999;9999;9999;9999
16/02/2025 18:11:12.048;119;-1801.567;2838.222;-0.300;334.000;247701.82;-1;192000;0;51.1688;20.7548;1.6057;37.0117;20.1891;236.3672;20.6811;22.7578;1525.7957;55;0.0363;68;1.5453;94;0.000134728;0;9999;9999;9999;9999;9999;9999;9999;9999;9999;9999;9999;9999;9999;9999;9999;9999;9999;9999;9999;9999
