PLD_REALTIMECLOCK;NAV_RESOURCE;NAV_LONGITUDE;NAV_LATITUDE;NAV_DEPTH;NAV_HEADING;SD_CARD_USAGE;SSD_USAGE;ACQUISITION_FREQ;RECORDING;LEGATO_CONDUCTIVITY;LEGATO_TEMPERATURE;LEGATO_PRESSURE;LEGATO_SALINITY;LEGATO_CONDTEMP;LEGATO_CODA_DO;LEGATO_CODA_TEMPERATURE;LEGATO_CODA_CORR_PHASE;LEGATO_SOUND_VELOCITY;FLBBCD_CHL_COUNT;FLBBCD_CHL_SCALED;FLBBCD_CDOM_COUNT;FLBBCD_CDOM_SCALED;FLBBCD_BB_700_COUNT;FLBBCD_BB_700_SCALED;User_Field1;User_Field2;User_Field3;User_Field4;User_Field5;User_Field6;User_Field7;User_Field8;User_Field9;User_Field10;BS_HEADING;BS_ZB;BS_ZT;BS_PU;BS_PD;BS_BU;BS_BD;BS_SR;BS_ALTIMETER.ENABLE;BS_ALTIMETER.VALUE;BS_CURRENT.CORRECTION.ENABLE
12/02/2025 22:50:29.080;119;-1756.658;2834.888;-0.000;258.000;102617.47;-1;192000;0;51.2801;20.8667;1.5174;37.0048;20.2510;230.0729;20.8689;22.9439;1526.0877;56;0.0484;68;1.5453;99;0.000150038;0;9999;9999;9999;9999;9999;9999;9999;9999;9999;9999;9999;9999;9999;9999;9999;9999;9999;9999;9999;9999
12/02/2025 22:50:59.116;116;-1756.654;2834.882;0.000;286.000;102617.49;-1;192000;0;51.2740;20.8660;1.4675;37.0005;20.2993;230.4750;20.8700;22.9283;1526.0802;57;0.0605;69;1.6362;92;0.000128604;0;9999;9999;9999;9999;9999;9999;9999;9999;9999;9999;9999;9999;9999;9999;9999;9999;9999;9999;9999;9999
12/02/2025 22:51:29.111;116;-1756.654;2834.880;0.000;286.000;102617.51;-1;192000;0;51.2706;20.8547;1.4797;37.0075;20.3380;230.9618;20.8712;22.9086;1526.0578;56;0.0484;69;1.6362;96;0.000140852;0;9999;9999;9999;9999;9999;9999;9999;9999;9999;9999;9999;9999;9999;9999;9999;9999;9999;9999;9999;9999
12/02/2025 22:51:59.099;116;-1756.654;2834.879;0.100;302.000;102617.53;-1;192000;0;51.2856;20.8688;1.4940;37.0074;20.3786;230.7691;20.8820;22.9130;1526.0958;54;0.0242;70;1.7271;94;0.000134728;0;9999;9999;9999;9999;9999;9999;9999;9999;9999;9999;9999;9999;9999;9999;9999;9999;9999;9999;9999;9999
12/02/2025 22:52:29.116;116;-1756.654;2834.879;0.100;302.000;102617.55;-1;192000;0;51.2796;20.8691;1.4762;37.0023;20.4152;231.2285;20.8827;22.8954;1526.0906;55;0.0363;70;1.7271;98;0.000146976;0;9999;9999;9999;9999;9999;9999;9999;9999;9999;9999;9999;9999;9999;9999;9999;9999;9999;9999;9999;9999
12/02/2025 22:52:59.099;116;-1756.652;2834.870;0.200;334.000;102617.58;-1;192000;0;51.2816;20.8695;1.4480;37.0035;20.4403;231.0104;20.8839;22.9034;1526.0926;56;0.0484;69;1.6362;100;0.000153100;0;9999;9999;9999;9999;9999;9999;9999;9999;9999;9999;9999;9999;9999;9999;9999;9999;9999;9999;9999;9999
12/02/2025 22:53:29.100;116;-1756.651;2834.871;0.200;345.000;102617.6;-1;192000;0;51.2846;20.8670;1.4737;37.0082;20.4731;231.2541;20.8798;22.8949;1526.0915;57;0.0605;68;1.5453;91;0.000125542;0;9999;9999;9999;9999;9999;9999;9999;9999;9999;9999;9999;9999;9999;9999;9999;9999;9999;9999;9999;9999
12/02/2025 22:53:59.097;116;-1756.651;2834.871;0.200;345.000;102617.62;-1;192000;0;51.2825;20.8690;1.4733;37.0047;20.5040;230.5619;20.8778;22.9224;1526.0930;56;0.0484;70;1.7271;98;0.000146976;0;9999;9999;9999;9999;9999;9999;9999;9999;9999;9999;9999;9999;9999;9999;9999;9999;9999;9999;9999;9999
12/02/2025 22:54:29.120;116;-1756.650;2834.866;0.100;14.000;102617.63;-1;192000;0;51.2846;20.8684;1.4941;37.0069;20.5271;230.8125;20.8788;22.9123;1526.0942;54;0.0242;69;1.6362;92;0.000128604;0;9999;9999;9999;9999;9999;9999;9999;9999;9999;9999;9999;9999;9999;9999;9999;9999;9999;9999;9999;9999
12/02/2025 22:54:59.115;110;-1756.649;2834.865;0.000;13.000;102617.67;-1;192000;1;51.2834;20.8662;1.4788;37.0079;20.5521;231.1954;20.8806;22.8970;1526.0891;56;0.0484;70;1.7271;88;0.000116356;0;9999;9999;9999;9999;9999;9999;9999;9999;9999;9999;9999;9999;9999;9999;9999;9999;9999;9999;9999;9999
12/02/2025 22:55:29.112;110;-1756.649;2834.867;0.900;30.000;102686.82;-1;192000;1;51.2915;20.8695;2.5530;37.0112;20.5714;231.3874;20.8790;22.8902;1526.1196;56;0.0484;69;1.6362;95;0.000137790;0;9999;9999;9999;9999;9999;9999;9999;9999;9999;9999;9999;9999;9999;9999;9999;9999;9999;9999;9999;9999
12/02/2025 22:55:59.115;110;-1756.649;2834.868;2.700;22.000;102755.98;-1;192000;1;51.0238;20.6315;6.8136;36.9992;20.5945;232.5356;20.6377;22.9164;1525.5359;54;0.0242;69;1.6362;91;0.000125542;0;9999;9999;9999;9999;9999;9999;9999;9999;9999;9999;9999;9999;9999;9999;9999;9999;9999;9999;9999;9999
12/02/2025 22:56:29.098;100;-1756.646;2834.876;11.000;29.000;102825.14;-1;192000;1;50.9043;20.5121;12.7877;37.0037;20.5656;232.1247;20.5155;22.9685;1525.3172;55;0.0363;69;1.6362;111;0.000186782;0;9999;9999;9999;9999;9999;9999;9999;9999;9999;9999;9999;9999;9999;9999;9999;9999;9999;9999;9999;9999
12/02/2025 22:56:59.102;100;-1756.645;2834.880;15.600;22.000;102894.28;-1;192000;1;50.8450;20.4621;20.0250;36.9962;20.5309;232.7082;20.4633;22.9635;1525.2938;55;0.0363;68;1.5453;89;0.000119418;0;9999;9999;9999;9999;9999;9999;9999;9999;9999;9999;9999;9999;9999;9999;9999;9999;9999;9999;9999;9999
12/02/2025 22:57:29.115;100;-1756.646;2834.890;25.400;354.000;102963.43;-1;192000;1;50.6802;20.3327;27.5916;36.9716;20.4982;233.7452;20.3349;22.9640;1525.0404;55;0.0363;69;1.6362;96;0.000140852;0;9999;9999;9999;9999;9999;9999;9999;9999;9999;9999;9999;9999;9999;9999;9999;9999;9999;9999;9999;9999
12/02/2025 22:57:59.095;100;-1756.648;2834.894;30.000;340.000;103032.58;-1;192000;1;50.6360;20.2946;34.6029;36.9661;20.4615;233.1279;20.2961;23.0011;1525.0472;55;0.0363;69;1.6362;95;0.000137790;0;9999;9999;9999;9999;9999;9999;9999;9999;9999;9999;9999;9999;9999;9999;9999;9999;9999;9999;9999;9999
12/02/2025 22:58:29.115;100;-1756.654;2834.901;38.900;313.000;103101.73;-1;192000;1;50.6155;20.2753;41.4306;36.9637;20.4287;233.8188;20.2768;22.9823;1525.1057;54;0.0242;70;1.7271;91;0.000125542;0;9999;9999;9999;9999;9999;9999;9999;9999;9999;9999;9999;9999;9999;9999;9999;9999;9999;9999;9999;9999
12/02/2025 22:58:59.107;100;-1756.658;2834.904;43.200;300.000;103170.88;-1;192000;1;50.6091;20.2699;48.1320;36.9606;20.4017;235.7868;20.2704;22.9115;1525.1992;56;0.0484;69;1.6362;86;0.000110232;0;9999;9999;9999;9999;9999;9999;9999;9999;9999;9999;9999;9999;9999;9999;9999;9999;9999;9999;9999;9999
12/02/2025 22:59:29.115;100;-1756.667;2834.907;51.700;285.000;103240.03;-1;192000;1;50.6133;20.2667;54.6972;36.9644;20.3844;236.1398;20.2681;22.9005;1525.3041;57;0.0605;70;1.7271;108;0.000177596;0;9999;9999;9999;9999;9999;9999;9999;9999;9999;9999;9999;9999;9999;9999;9999;9999;9999;9999;9999;9999
12/02/2025 22:59:59.115;100;-1756.672;2834.909;56.000;282.000;103309.19;-1;192000;1;50.5982;20.2522;61.3252;36.9622;20.3650;235.8512;20.2534;22.9176;1525.3726;61;0.1089;71;1.8180;91;0.000125542;0;9999;9999;9999;9999;9999;9999;9999;9999;9999;9999;9999;9999;9999;9999;9999;9999;9999;9999;9999;9999
12/02/2025 23:00:29.115;100;-1756.681;2834.911;64.600;282.000;103309.21;-1;192000;1;50.5871;20.2423;68.0614;36.9593;20.3418;235.4645;20.2434;22.9372;1525.4545;61;0.1089;69;1.6362;87;0.000113294;0;9999;9999;9999;9999;9999;9999;9999;9999;9999;9999;9999;9999;9999;9999;9999;9999;9999;9999;9999;9999
12/02/2025 23:00:59.103;100;-1756.686;2834.913;69.100;284.000;103447.47;-1;192000;1;50.5278;20.1882;74.9056;36.9554;20.3341;233.6899;20.1897;23.0222;1525.4163;71;0.2299;70;1.7271;97;0.000143914;0;9999;9999;9999;9999;9999;9999;9999;9999;9999;9999;9999;9999;9999;9999;9999;9999;9999;9999;9999;9999
12/02/2025 23:01:29.115;100;-1756.695;2834.916;78.000;285.000;103516.63;-1;192000;1;50.3607;20.0613;81.7374;36.9265;20.3090;233.3607;20.0627;23.0748;1525.1497;75;0.2783;69;1.6362;96;0.000140852;0;9999;9999;9999;9999;9999;9999;9999;9999;9999;9999;9999;9999;9999;9999;9999;9999;9999;9999;9999;9999
12/02/2025 23:01:59.108;100;-1756.700;2834.917;82.400;284.000;103560.74;-1;192000;1;50.3645;20.0526;88.4559;36.9348;20.2703;234.1865;20.0538;23.0474;1525.2470;73;0.2541;71;1.8180;100;0.000153100;0;9999;9999;9999;9999;9999;9999;9999;9999;9999;9999;9999;9999;9999;9999;9999;9999;9999;9999;9999;9999
12/02/2025 23:02:29.115;100;-1756.709;2834.920;91.200;280.000;103654.92;-1;192000;1;50.3387;20.0328;95.1760;36.9284;20.2413;232.7612;20.0337;23.1099;1525.2974;84;0.3872;71;1.8180;100;0.000153100;0;9999;9999;9999;9999;9999;9999;9999;9999;9999;9999;9999;9999;9999;9999;9999;9999;9999;9999;9999;9999
12/02/2025 23:02:59.111;100;-1756.714;2834.921;95.400;281.000;103724.08;-1;192000;1;50.1877;19.9308;101.7563;36.8908;20.2123;233.2678;19.9308;23.1242;1525.0840;75;0.2783;71;1.8180;99;0.000150038;0;9999;9999;9999;9999;9999;9999;9999;9999;9999;9999;9999;9999;9999;9999;9999;9999;9999;9999;9999;9999
12/02/2025 23:03:29.115;100;-1756.723;2834.923;103.900;279.000;103793.23;-1;192000;1;49.9170;19.7223;108.2174;36.8474;20.1581;230.6423;19.7236;23.2900;1524.5662;69;0.2057;71;1.8180;100;0.000153100;0;9999;9999;9999;9999;9999;9999;9999;9999;9999;9999;9999;9999;9999;9999;9999;9999;9999;9999;9999;9999
12/02/2025 23:03:59.113;100;-1756.727;2834.924;108.100;275.000;103862.39;-1;192000;1;49.6521;19.5182;114.7859;36.8045;20.0845;228.1180;19.5202;23.4526;1524.0595;62;0.1210;72;1.9089;98;0.000146976;0;9999;9999;9999;9999;9999;9999;9999;9999;9999;9999;9999;9999;9999;9999;9999;9999;9999;9999;9999;9999
12/02/2025 23:04:29.115;100;-1756.736;2834.926;116.600;278.000;103931.54;-1;192000;1;49.3384;19.2752;121.3001;36.7544;19.9914;225.0910;19.2780;23.6491;1523.4313;61;0.1089;73;1.9998;92;0.000128604;0;9999;9999;9999;9999;9999;9999;9999;9999;9999;9999;9999;9999;9999;9999;9999;9999;9999;9999;9999;9999
12/02/2025 23:04:59.115;100;-1756.740;2834.927;121.000;280.000;104000.68;-1;192000;1;49.2258;19.1820;127.9075;36.7399;19.8904;224.8855;19.1840;23.6881;1523.2628;62;0.1210;73;1.9998;105;0.000168410;0;9999;9999;9999;9999;9999;9999;9999;9999;9999;9999;9999;9999;9999;9999;9999;9999;9999;9999;9999;9999
12/02/2025 23:05:29.115;100;-1756.749;2834.929;129.400;277.000;104069.84;-1;192000;1;48.6430;18.7479;134.6019;36.6308;19.7893;221.3363;18.7455;23.9716;1522.0212;60;0.0968;73;1.9998;94;0.000134728;0;9999;9999;9999;9999;9999;9999;9999;9999;9999;9999;9999;9999;9999;9999;9999;9999;9999;9999;9999;9999
12/02/2025 23:05:59.105;100;-1756.754;2834.930;134.000;279.000;104138.99;-1;192000;1;48.1019;18.3086;141.4772;36.5589;19.6334;217.2171;18.3091;24.2814;1520.7945;56;0.0484;75;2.1816;87;0.000113294;0;9999;9999;9999;9999;9999;9999;9999;9999;9999;9999;9999;9999;9999;9999;9999;9999;9999;9999;9999;9999
12/02/2025 23:06:29.115;100;-1756.763;2834.932;142.700;277.000;104139.01;-1;192000;1;47.6530;17.9422;148.3350;36.4987;19.4322;214.5912;17.9414;24.5115;1519.7780;55;0.0363;75;2.1816;89;0.000119418;0;9999;9999;9999;9999;9999;9999;9999;9999;9999;9999;9999;9999;9999;9999;9999;9999;9999;9999;9999;9999
12/02/2025 23:06:59.103;100;-1756.767;2834.932;146.800;273.000;104277.29;-1;192000;1;47.3784;17.7168;154.6748;36.4613;19.2227;212.2916;17.7168;24.6844;1519.1822;54;0.0242;75;2.1816;85;0.000107170;0;9999;9999;9999;9999;9999;9999;9999;9999;9999;9999;9999;9999;9999;9999;9999;9999;9999;9999;9999;9999
12/02/2025 23:07:29.115;100;-1756.776;2834.933;155.100;268.000;104346.44;-1;192000;1;46.5054;17.0304;161.2924;36.3163;19.0046;211.8803;17.0238;24.9310;1517.0957;51;-0.0121;75;2.1816;76;0.000079612;0;9999;9999;9999;9999;9999;9999;9999;9999;9999;9999;9999;9999;9999;9999;9999;9999;9999;9999;9999;9999
12/02/2025 23:07:59.111;100;-1756.781;2834.934;159.400;266.000;104381.89;-1;192000;1;46.2140;16.7565;167.9327;36.3050;18.7326;209.4400;16.7555;25.1265;1516.3722;50;-0.0242;78;2.4543;80;0.000091860;0;9999;9999;9999;9999;9999;9999;9999;9999;9999;9999;9999;9999;9999;9999;9999;9999;9999;9999;9999;9999
12/02/2025 23:08:29.115;100;-1756.790;2834.935;167.800;276.000;104484.73;-1;192000;1;46.0928;16.6406;174.5260;36.3005;18.4773;209.3225;16.6405;25.1708;1516.1273;50;-0.0242;77;2.3634;80;0.000091860;0;9999;9999;9999;9999;9999;9999;9999;9999;9999;9999;9999;9999;9999;9999;9999;9999;9999;9999;9999;9999
12/02/2025 23:08:59.112;100;-1756.794;2834.936;172.100;280.000;104553.88;-1;192000;1;45.6938;16.3100;181.2221;36.2444;18.2530;210.2053;16.3103;25.2434;1515.1720;52;0.0000;78;2.4543;104;0.000165348;0;9999;9999;9999;9999;9999;9999;9999;9999;9999;9999;9999;9999;9999;9999;9999;9999;9999;9999;9999;9999
12/02/2025 23:09:29.115;100;-1756.804;2834.938;180.900;277.000;104623.03;-1;192000;1;45.4976;16.1462;188.1229;36.2159;18.0259;209.6019;16.1436;25.3280;1514.7540;50;-0.0242;78;2.4543;82;0.000097984;0;9999;9999;9999;9999;9999;9999;9999;9999;9999;9999;9999;9999;9999;9999;9999;9999;9999;9999;9999;9999
12/02/2025 23:09:59.105;100;-1756.808;2834.939;185.000;275.000;104692.17;-1;192000;1;45.1161;15.8265;194.6973;36.1633;17.8080;209.7200;15.8264;25.4311;1513.8207;52;0.0000;77;2.3634;77;0.000082674;0;9999;9999;9999;9999;9999;9999;9999;9999;9999;9999;9999;9999;9999;9999;9999;9999;9999;9999;9999;9999
12/02/2025 23:10:29.115;100;-1756.817;2834.941;193.600;275.000;104761.33;-1;192000;1;44.9353;15.6727;201.3453;36.1386;17.5754;210.3919;15.6716;25.4554;1513.4272;51;-0.0121;77;2.3634;102;0.000159224;0;9999;9999;9999;9999;9999;9999;9999;9999;9999;9999;9999;9999;9999;9999;9999;9999;9999;9999;9999;9999
12/02/2025 23:10:59.114;100;-1756.821;2834.941;197.800;272.000;104830.47;104830.47;192000;1;44.7344;15.5003;207.9985;36.1124;17.3661;209.7980;15.4992;25.5419;1512.9721;51;-0.0121;78;2.4543;82;0.000097984;0;9999;9999;9999;9999;9999;9999;9999;9999;9999;9999;9999;9999;9999;9999;9999;9999;9999;9999;9999;9999
12/02/2025 23:11:29.115;100;-1756.831;2834.942;206.500;268.000;104899.62;-1;192000;1;44.6862;15.4593;214.8118;36.1036;17.1642;209.8391;15.4568;25.5567;1512.9473;50;-0.0242;78;2.4543;77;0.000082674;0;9999;9999;9999;9999;9999;9999;9999;9999;9999;9999;9999;9999;9999;9999;9999;9999;9999;9999;9999;9999
12/02/2025 23:11:59.110;100;-1756.835;2834.942;210.800;266.000;104968.78;-1;192000;1;44.5973;15.3845;221.5679;36.0889;16.9942;210.3768;15.3810;25.5607;1512.8090;51;-0.0121;79;2.5452;81;0.000094922;0;9999;9999;9999;9999;9999;9999;9999;9999;9999;9999;9999;9999;9999;9999;9999;9999;9999;9999;9999;9999
12/02/2025 23:12:29.115;100;-1756.844;2834.942;219.400;264.000;104968.8;104968.8;192000;1;44.4006;15.2163;228.1230;36.0620;16.8339;210.2923;15.2140;25.6231;1512.3605;49;-0.0363;80;2.6361;81;0.000094922;0;9999;9999;9999;9999;9999;9999;9999;9999;9999;9999;9999;9999;9999;9999;9999;9999;9999;9999;9999;9999
12/02/2025 23:12:59.106;100;-1756.849;2834.943;223.700;269.000;105079.15;-1;192000;1;44.1725;15.0349;234.9342;36.0182;16.6629;210.3939;15.0305;25.6841;1511.8525;51;-0.0121;79;2.5452;77;0.000082674;0;9999;9999;9999;9999;9999;9999;9999;9999;9999;9999;9999;9999;9999;9999;9999;9999;9999;9999;9999;9999
12/02/2025 23:13:29.115;100;-1756.858;2834.944;233.000;276.000;105176.22;-1;192000;1;44.0602;14.9216;242.1452;36.0169;16.4936;209.5383;14.9197;25.7615;1511.6131;51;-0.0121;77;2.3634;76;0.000079612;0;9999;9999;9999;9999;9999;9999;9999;9999;9999;9999;9999;9999;9999;9999;9999;9999;9999;9999;9999;9999
12/02/2025 23:13:59.109;100;-1756.863;2834.946;237.700;281.000;105176.24;105176.24;192000;1;43.9341;14.8167;249.4104;35.9952;16.3320;209.0175;14.8137;25.8237;1511.3764;52;0.0000;79;2.5452;79;0.000088798;0;9999;9999;9999;9999;9999;9999;9999;9999;9999;9999;9999;9999;9999;9999;9999;9999;9999;9999;9999;9999
12/02/2025 23:14:29.094;100;-1756.872;2834.949;247.300;288.000;105314.53;-1;192000;1;43.7939;14.7151;256.8612;35.9571;16.1864;208.6936;14.7092;25.8777;1511.1330;50;-0.0242;78;2.4543;78;0.000085736;0;9999;9999;9999;9999;9999;9999;9999;9999;9999;9999;9999;9999;9999;9999;9999;9999;9999;9999;9999;9999
12/02/2025 23:14:59.098;100;-1756.877;2834.951;252.200;287.000;105383.68;-1;192000;1;43.5682;14.4982;264.2664;35.9465;16.0281;208.0551;14.4968;25.9808;1510.5524;50;-0.0242;79;2.5452;79;0.000088798;0;9999;9999;9999;9999;9999;9999;9999;9999;9999;9999;9999;9999;9999;9999;9999;9999;9999;9999;9999;9999
12/02/2025 23:15:29.111;100;-1756.886;2834.953;261.300;281.000;105437.83;105452.83;192000;1;43.4349;14.3806;271.1969;35.9294;15.8735;207.9782;14.3773;26.0277;1510.2710;50;-0.0242;80;2.6361;80;0.000091860;0;9999;9999;9999;9999;9999;9999;9999;9999;9999;9999;9999;9999;9999;9999;9999;9999;9999;9999;9999;9999
12/02/2025 23:15:59.102;100;-1756.891;2834.954;265.700;278.000;105521.98;-1;192000;1;43.3656;14.3182;277.9476;35.9202;15.7288;207.5905;14.3153;26.0688;1510.1719;50;-0.0242;80;2.6361;79;0.000088798;0;9999;9999;9999;9999;9999;9999;9999;9999;9999;9999;9999;9999;9999;9999;9999;9999;9999;9999;9999;9999
12/02/2025 23:16:29.115;100;-1756.900;2834.955;274.600;271.000;105591.13;-1;192000;1;43.2914;14.2513;284.9338;35.9106;15.5943;207.6629;14.2485;26.0908;1510.0614;49;-0.0363;79;2.5452;78;0.000085736;0;9999;9999;9999;9999;9999;9999;9999;9999;9999;9999;9999;9999;9999;9999;9999;9999;9999;9999;9999;9999
12/02/2025 23:16:59.111;100;-1756.905;2834.956;279.200;268.000;105660.28;105660.28;192000;1;43.1311;14.1067;291.9342;35.8929;15.4697;206.8760;14.1047;26.1785;1509.6908;50;-0.0242;79;2.5452;78;0.000085736;0;9999;9999;9999;9999;9999;9999;9999;9999;9999;9999;9999;9999;9999;9999;9999;9999;9999;9999;9999;9999
12/02/2025 23:17:29.098;100;-1756.914;2834.957;288.000;271.000;105729.44;-1;192000;1;42.8618;13.8767;298.6188;35.8528;15.3345;205.6822;13.8755;26.3157;1509.0097;50;-0.0242;79;2.5452;85;0.000107170;0;9999;9999;9999;9999;9999;9999;9999;9999;9999;9999;9999;9999;9999;9999;9999;9999;9999;9999;9999;9999
12/02/2025 23:17:59.114;100;-1756.919;2834.957;292.300;272.000;105798.58;-1;192000;1;42.8292;13.8402;305.3007;35.8536;15.1886;205.0176;13.8383;26.3611;1509.0027;49;-0.0363;80;2.6361;79;0.000088798;0;9999;9999;9999;9999;9999;9999;9999;9999;9999;9999;9999;9999;9999;9999;9999;9999;9999;9999;9999;9999
12/02/2025 23:18:29.095;100;-1756.928;2834.959;301.300;272.000;105867.74;105867.74;192000;1;42.6783;13.7091;312.2536;35.8314;15.0590;205.0120;13.7065;26.4099;1508.6648;50;-0.0242;80;2.6361;84;0.000104108;0;9999;9999;9999;9999;9999;9999;9999;9999;9999;9999;9999;9999;9999;9999;9999;9999;9999;9999;9999;9999
12/02/2025 23:18:59.116;100;-1756.933;2834.959;306.100;271.000;105867.75;-1;192000;1;42.6469;13.6782;319.6454;35.8276;14.9313;204.6744;13.6758;26.4385;1508.6819;51;-0.0121;79;2.5452;76;0.000079612;0;9999;9999;9999;9999;9999;9999;9999;9999;9999;9999;9999;9999;9999;9999;9999;9999;9999;9999;9999;9999
12/02/2025 23:19:29.115;100;-1756.942;2834.961;315.800;275.000;106006.03;-1;192000;1;42.6281;13.6606;327.1109;35.8232;14.8242;203.7470;13.6575;26.4905;1508.7428;50;-0.0242;79;2.5452;79;0.000088798;0;9999;9999;9999;9999;9999;9999;9999;9999;9999;9999;9999;9999;9999;9999;9999;9999;9999;9999;9999;9999
12/02/2025 23:19:59.087;100;-1756.947;2834.962;320.700;279.000;106075.18;-1;192000;1;42.4972;13.5434;334.6559;35.8064;14.7212;204.4985;13.5403;26.4990;1508.4645;51;-0.0121;79;2.5452;76;0.000079612;0;9999;9999;9999;9999;9999;9999;9999;9999;9999;9999;9999;9999;9999;9999;9999;9999;9999;9999;9999;9999
12/02/2025 23:20:29.094;100;-1756.957;2834.963;330.600;274.000;106117.62;-1;192000;1;42.3014;13.3693;342.2978;35.7812;14.6054;204.4774;13.3679;26.5633;1507.9896;50;-0.0242;79;2.5452;76;0.000079612;0;9999;9999;9999;9999;9999;9999;9999;9999;9999;9999;9999;9999;9999;9999;9999;9999;9999;9999;9999;9999
12/02/2025 23:20:59.111;100;-1756.962;2834.964;335.300;271.000;106213.48;-1;192000;1;42.2005;13.2889;349.4608;35.7579;14.4851;202.7785;13.2832;26.6756;1507.8157;50;-0.0242;79;2.5452;78;0.000085736;0;9999;9999;9999;9999;9999;9999;9999;9999;9999;9999;9999;9999;9999;9999;9999;9999;9999;9999;9999;9999
12/02/2025 23:21:29.114;100;-1756.971;2834.965;344.400;271.000;106282.63;-1;192000;1;42.1524;13.2281;356.4017;35.7664;14.3688;203.8230;13.2269;26.6476;1507.7400;50;-0.0242;80;2.6361;77;0.000082674;0;9999;9999;9999;9999;9999;9999;9999;9999;9999;9999;9999;9999;9999;9999;9999;9999;9999;9999;9999;9999
12/02/2025 23:21:59.113;100;-1756.976;2834.966;348.800;272.000;106351.77;-1;192000;1;42.1334;13.2088;363.0794;35.7637;14.2671;202.8992;13.2067;26.7001;1507.7835;49;-0.0363;79;2.5452;78;0.000085736;0;9999;9999;9999;9999;9999;9999;9999;9999;9999;9999;9999;9999;9999;9999;9999;9999;9999;9999;9999;9999
12/02/2025 23:22:29.115;100;-1756.985;2834.967;357.200;273.000;106420.93;-1;192000;1;42.1308;13.2033;369.5380;35.7636;14.1822;202.0575;13.2006;26.7438;1507.8721;52;0.0000;79;2.5452;80;0.000091860;0;9999;9999;9999;9999;9999;9999;9999;9999;9999;9999;9999;9999;9999;9999;9999;9999;9999;9999;9999;9999
12/02/2025 23:22:59.110;100;-1756.989;2834.968;361.600;276.000;106490.07;-1;192000;1;41.9863;13.0678;376.3350;35.7506;14.0950;198.7369;13.0660;26.9519;1507.5205;51;-0.0121;81;2.7270;79;0.000088798;0;9999;9999;9999;9999;9999;9999;9999;9999;9999;9999;9999;9999;9999;9999;9999;9999;9999;9999;9999;9999
12/02/2025 23:23:29.116;100;-1756.998;2834.970;371.000;281.000;106559.22;-1;192000;1;41.8183;12.9212;383.5464;35.7252;14.0013;200.5431;12.9192;26.9202;1507.1225;50;-0.0242;80;2.6361;78;0.000085736;0;9999;9999;9999;9999;9999;9999;9999;9999;9999;9999;9999;9999;9999;9999;9999;9999;9999;9999;9999;9999
12/02/2025 23:23:59.105;100;-1757.003;2834.971;375.700;278.000;106628.38;-1;192000;1;41.7490;12.8524;390.8438;35.7207;13.8990;198.7159;12.8512;27.0342;1507.0087;50;-0.0242;81;2.7270;80;0.000091860;0;9999;9999;9999;9999;9999;9999;9999;9999;9999;9999;9999;9999;9999;9999;9999;9999;9999;9999;9999;9999
12/02/2025 23:24:29.115;100;-1757.012;2834.973;385.000;278.000;106697.53;-1;192000;1;41.6824;12.7879;397.8472;35.7147;13.7985;197.8118;12.7863;27.1030;1506.9021;50;-0.0242;82;2.8179;79;0.000088798;0;9999;9999;9999;9999;9999;9999;9999;9999;9999;9999;9999;9999;9999;9999;9999;9999;9999;9999;9999;9999
12/02/2025 23:24:59.115;100;-1757.017;2834.974;389.400;279.000;106697.55;-1;192000;1;41.6436;12.7511;404.5105;35.7094;13.7151;197.9848;12.7494;27.1100;1506.8830;50;-0.0242;81;2.7270;80;0.000091860;0;9999;9999;9999;9999;9999;9999;9999;9999;9999;9999;9999;9999;9999;9999;9999;9999;9999;9999;9999;9999
12/02/2025 23:25:29.116;100;-1757.025;2834.977;398.000;281.000;106806.08;-1;192000;1;41.6061;12.7124;411.0790;35.7070;13.6337;196.8958;12.7106;27.1787;1506.8593;50;-0.0242;81;2.7270;78;0.000085736;0;9999;9999;9999;9999;9999;9999;9999;9999;9999;9999;9999;9999;9999;9999;9999;9999;9999;9999;9999;9999
12/02/2025 23:25:59.115;100;-1757.030;2834.978;402.200;280.000;106904.98;-1;192000;1;41.4995;12.6059;417.7125;35.7025;13.5585;193.9988;12.6070;27.3601;1506.6067;50;-0.0242;81;2.7270;82;0.000097984;0;9999;9999;9999;9999;9999;9999;9999;9999;9999;9999;9999;9999;9999;9999;9999;9999;9999;9999;9999;9999
12/02/2025 23:26:29.091;100;-1757.039;2834.979;411.200;269.000;106905.0;-1;192000;1;41.3276;12.4577;424.6913;35.6740;13.4575;193.4426;12.4555;27.4452;1506.1897;50;-0.0242;80;2.6361;79;0.000088798;0;9999;9999;9999;9999;9999;9999;9999;9999;9999;9999;9999;9999;9999;9999;9999;9999;9999;9999;9999;9999
12/02/2025 23:26:59.111;100;-1757.043;2834.979;415.400;266.000;107043.27;-1;192000;1;41.2525;12.3810;431.0468;35.6714;13.3671;192.9237;12.3800;27.4999;1506.0330;52;0.0000;81;2.7270;79;0.000088798;0;9999;9999;9999;9999;9999;9999;9999;9999;9999;9999;9999;9999;9999;9999;9999;9999;9999;9999;9999;9999
12/02/2025 23:27:29.113;100;-1757.052;2834.979;423.500;261.000;107112.42;-1;192000;1;41.1292;12.2721;437.2195;35.6526;13.2721;191.9011;12.2681;27.5941;1505.7444;50;-0.0242;82;2.8179;81;0.000094922;0;9999;9999;9999;9999;9999;9999;9999;9999;9999;9999;9999;9999;9999;9999;9999;9999;9999;9999;9999;9999
12/02/2025 23:27:59.098;100;-1757.056;2834.979;427.500;258.000;107160.93;-1;192000;1;41.0387;12.1811;443.3560;35.6486;13.1749;191.7194;12.1803;27.6365;1505.5326;51;-0.0121;82;2.8179;79;0.000088798;0;9999;9999;9999;9999;9999;9999;9999;9999;9999;9999;9999;9999;9999;9999;9999;9999;9999;9999;9999;9999
12/02/2025 23:28:29.115;100;-1757.064;2834.979;435.600;262.000;107250.73;-1;192000;1;40.9606;12.1102;449.6493;35.6374;13.0775;188.9204;12.1072;27.8078;1505.3824;51;-0.0121;83;2.9088;82;0.000097984;0;9999;9999;9999;9999;9999;9999;9999;9999;9999;9999;9999;9999;9999;9999;9999;9999;9999;9999;9999;9999
12/02/2025 23:28:59.114;100;-1757.069;2834.979;439.800;263.000;107319.87;-1;192000;1;40.8439;11.9923;455.9282;35.6331;12.9842;187.0316;11.9917;27.9488;1505.0796;50;-0.0242;81;2.7270;79;0.000088798;0;9999;9999;9999;9999;9999;9999;9999;9999;9999;9999;9999;9999;9999;9999;9999;9999;9999;9999;9999;9999
12/02/2025 23:29:29.098;100;-1757.077;2834.979;447.800;267.000;107389.03;107389.03;192000;1;40.8420;11.9883;462.0507;35.6325;12.8952;186.9104;11.9870;27.9588;1505.1665;50;-0.0242;81;2.7270;78;0.000085736;0;9999;9999;9999;9999;9999;9999;9999;9999;9999;9999;9999;9999;9999;9999;9999;9999;9999;9999;9999;9999
12/02/2025 23:29:59.106;100;-1757.081;2834.980;451.800;268.000;107458.17;-1;192000;1;40.7403;11.8896;468.3725;35.6245;12.8081;187.0111;11.8886;27.9912;1504.9244;52;0.0000;83;2.9088;81;0.000094922;0;9999;9999;9999;9999;9999;9999;9999;9999;9999;9999;9999;9999;9999;9999;9999;9999;9999;9999;9999;9999
12/02/2025 23:30:29.116;100;-1757.090;2834.980;460.600;265.000;107527.33;-1;192000;1;40.6847;11.8350;475.0223;35.6192;12.7210;187.1561;11.8337;28.0057;1504.8411;53;0.0121;82;2.8179;79;0.000088798;0;9999;9999;9999;9999;9999;9999;9999;9999;9999;9999;9999;9999;9999;9999;9999;9999;9999;9999;9999;9999
12/02/2025 23:30:59.116;100;-1757.095;2834.980;464.800;263.000;107596.47;-1;192000;1;40.6676;11.8180;481.5321;35.6159;12.6446;187.1637;11.8157;28.0140;1504.8866;49;-0.0363;82;2.8179;76;0.000079612;0;9999;9999;9999;9999;9999;9999;9999;9999;9999;9999;9999;9999;9999;9999;9999;9999;9999;9999;9999;9999
12/02/2025 23:31:29.116;100;-1757.103;2834.981;473.000;266.000;107620.95;-1;192000;1;40.6676;11.8153;487.8049;35.6158;12.5768;187.5871;11.8133;27.9948;1504.9809;50;-0.0242;82;2.8179;79;0.000088798;0;9999;9999;9999;9999;9999;9999;9999;9999;9999;9999;9999;9999;9999;9999;9999;9999;9999;9999;9999;9999
12/02/2025 23:31:59.110;100;-1757.107;2834.981;477.200;266.000;107734.77;-1;192000;1;40.6316;11.7784;494.2067;35.6130;12.5199;187.0119;11.7767;28.0399;1504.9570;50;-0.0242;83;2.9088;80;0.000091860;0;9999;9999;9999;9999;9999;9999;9999;9999;9999;9999;9999;9999;9999;9999;9999;9999;9999;9999;9999;9999
12/02/2025 23:32:29.115;100;-1757.116;2834.981;485.400;265.000;107734.79;-1;192000;1;40.6007;11.7477;500.4932;35.6092;12.4542;186.4566;11.7463;28.0820;1504.9510;50;-0.0242;81;2.7270;76;0.000079612;0;9999;9999;9999;9999;9999;9999;9999;9999;9999;9999;9999;9999;9999;9999;9999;9999;9999;9999;9999;9999
12/02/2025 23:32:59.108;100;-1757.121;2834.981;489.400;265.000;107873.07;-1;192000;1;40.4657;11.6122;506.6769;35.6035;12.4016;184.9252;11.6121;28.2130;1504.5805;50;-0.0242;82;2.8179;78;0.000085736;0;9999;9999;9999;9999;9999;9999;9999;9999;9999;9999;9999;9999;9999;9999;9999;9999;9999;9999;9999;9999
12/02/2025 23:33:29.116;100;-1757.129;2834.982;497.700;271.000;107942.23;-1;192000;1;40.4213;11.5697;512.9876;35.5977;12.3247;185.1627;11.5692;28.2182;1504.5315;50;-0.0242;82;2.8179;75;0.000076550;0;9999;9999;9999;9999;9999;9999;9999;9999;9999;9999;9999;9999;9999;9999;9999;9999;9999;9999;9999;9999
12/02/2025 23:33:59.115;118;-1757.133;2834.982;501.000;344.000;107959.95;107966.64;192000;1;40.4349;11.5772;514.4442;35.6033;12.2609;184.6842;11.5779;28.2404;1504.5881;50;-0.0242;82;2.8179;78;0.000085736;0;9999;9999;9999;9999;9999;9999;9999;9999;9999;9999;9999;9999;9999;9999;9999;9999;9999;9999;9999;9999
12/02/2025 23:34:29.109;118;-1757.135;2834.984;498.800;285.000;108080.54;-1;192000;1;40.4452;11.5933;510.2857;35.5998;12.2059;184.3506;11.5914;28.2522;1504.5706;50;-0.0242;83;2.9088;77;0.000082674;0;9999;9999;9999;9999;9999;9999;9999;9999;9999;9999;9999;9999;9999;9999;9999;9999;9999;9999;9999;9999
12/02/2025 23:34:59.116;117;-1757.141;2834.986;492.600;267.000;108149.68;-1;192000;1;40.5491;11.6895;505.5824;35.6119;12.1640;184.3769;11.6880;28.2138;1504.8385;51;-0.0121;82;2.8179;79;0.000088798;0;9999;9999;9999;9999;9999;9999;9999;9999;9999;9999;9999;9999;9999;9999;9999;9999;9999;9999;9999;9999
12/02/2025 23:35:29.115;117;-1757.144;2834.986;489.500;257.000;108218.83;108218.83;192000;1;40.6323;11.7749;500.6006;35.6141;12.1530;186.6868;11.7726;28.0602;1505.0520;50;-0.0242;82;2.8179;77;0.000082674;0;9999;9999;9999;9999;9999;9999;9999;9999;9999;9999;9999;9999;9999;9999;9999;9999;9999;9999;9999;9999
12/02/2025 23:35:59.116;117;-1757.151;2834.985;482.900;249.000;108287.98;-1;192000;1;40.6545;11.8007;495.5949;35.6134;12.1442;186.8318;11.7977;28.0422;1505.0568;49;-0.0363;81;2.7270;83;0.000101046;0;9999;9999;9999;9999;9999;9999;9999;9999;9999;9999;9999;9999;9999;9999;9999;9999;9999;9999;9999;9999
12/02/2025 23:36:29.115;117;-1757.154;2834.984;479.600;244.000;108357.13;-1;192000;1;40.6708;11.8152;490.6855;35.6177;12.1332;186.9458;11.8141;28.0286;1505.0305;51;-0.0121;83;2.9088;77;0.000082674;0;9999;9999;9999;9999;9999;9999;9999;9999;9999;9999;9999;9999;9999;9999;9999;9999;9999;9999;9999;9999
12/02/2025 23:36:59.102;117;-1757.159;2834.983;473.100;242.000;108426.29;108426.29;192000;1;40.6741;11.8207;485.6834;35.6180;12.1244;185.8260;11.8197;28.0835;1504.9670;50;-0.0242;82;2.8179;78;0.000085736;0;9999;9999;9999;9999;9999;9999;9999;9999;9999;9999;9999;9999;9999;9999;9999;9999;9999;9999;9999;9999
12/02/2025 23:37:29.115;117;-1757.162;2834.982;469.900;242.000;108495.43;-1;192000;1;40.6962;11.8420;480.6428;35.6214;12.1111;186.8856;11.8413;28.0186;1504.9607;52;0.0000;82;2.8179;77;0.000082674;0;9999;9999;9999;9999;9999;9999;9999;9999;9999;9999;9999;9999;9999;9999;9999;9999;9999;9999;9999;9999
12/02/2025 23:37:59.098;117;-1757.168;2834.981;463.600;244.000;108564.59;-1;192000;1;40.7172;11.8639;476.0356;35.6230;12.1067;186.3247;11.8631;28.0386;1504.9614;50;-0.0242;83;2.9088;79;0.000088798;0;9999;9999;9999;9999;9999;9999;9999;9999;9999;9999;9999;9999;9999;9999;9999;9999;9999;9999;9999;9999
12/02/2025 23:38:29.103;117;-1757.170;2834.980;460.700;246.000;108633.73;-1;192000;1;40.8306;11.9700;471.6663;35.6345;12.1111;186.7229;11.9693;27.9776;1505.2655;49;-0.0363;81;2.7270;80;0.000091860;0;9999;9999;9999;9999;9999;9999;9999;9999;9999;9999;9999;9999;9999;9999;9999;9999;9999;9999;9999;9999
12/02/2025 23:38:59.110;117;-1757.176;2834.979;454.900;239.000;108656.93;-1;192000;1;40.8490;11.9908;467.1541;35.6347;12.1221;186.4838;11.9903;27.9812;1505.2621;51;-0.0121;82;2.8179;79;0.000088798;0;9999;9999;9999;9999;9999;9999;9999;9999;9999;9999;9999;9999;9999;9999;9999;9999;9999;9999;9999;9999
12/02/2025 23:39:29.100;117;-1757.178;2834.978;451.800;236.000;108772.04;-1;192000;1;40.8768;12.0182;462.3235;35.6378;12.1332;188.1728;12.0180;27.8819;1505.2793;52;0.0000;81;2.7270;79;0.000088798;0;9999;9999;9999;9999;9999;9999;9999;9999;9999;9999;9999;9999;9999;9999;9999;9999;9999;9999;9999;9999
12/02/2025 23:39:59.115;117;-1757.184;2834.976;445.200;238.000;108841.19;-1;192000;1;41.0267;12.1576;457.1255;35.6534;12.1574;190.1443;12.1570;27.7287;1505.6863;50;-0.0242;82;2.8179;78;0.000085736;0;9999;9999;9999;9999;9999;9999;9999;9999;9999;9999;9999;9999;9999;9999;9999;9999;9999;9999;9999;9999
12/02/2025 23:40:29.107;117;-1757.186;2834.975;441.700;235.000;108910.33;-1;192000;1;41.0971;12.2305;451.8003;35.6547;12.1861;193.2294;12.2294;27.5453;1505.8471;50;-0.0242;81;2.7270;81;0.000094922;0;9999;9999;9999;9999;9999;9999;9999;9999;9999;9999;9999;9999;9999;9999;9999;9999;9999;9999;9999;9999
12/02/2025 23:40:59.112;117;-1757.192;2834.973;434.500;238.000;108979.49;-1;192000;1;41.1345;12.2581;446.1500;35.6672;12.2147;192.1358;12.2594;27.5871;1505.8621;50;-0.0242;80;2.6361;80;0.000091860;0;9999;9999;9999;9999;9999;9999;9999;9999;9999;9999;9999;9999;9999;9999;9999;9999;9999;9999;9999;9999
12/02/2025 23:41:29.115;117;-1757.195;2834.972;430.800;239.000;109048.64;-1;192000;1;41.2068;12.3350;440.4096;35.6667;12.2455;191.7487;12.3335;27.5786;1506.0268;50;-0.0242;82;2.8179;81;0.000094922;0;9999;9999;9999;9999;9999;9999;9999;9999;9999;9999;9999;9999;9999;9999;9999;9999;9999;9999;9999;9999
12/02/2025 23:41:59.097;117;-1757.202;2834.970;423.300;242.000;109117.8;-1;192000;1;41.2783;12.4036;434.7078;35.6734;12.2764;194.0175;12.4025;27.4384;1506.1722;50;-0.0242;81;2.7270;78;0.000085736;0;9999;9999;9999;9999;9999;9999;9999;9999;9999;9999;9999;9999;9999;9999;9999;9999;9999;9999;9999;9999
12/02/2025 23:42:29.107;117;-1757.205;2834.969;419.700;244.000;109186.94;-1;192000;1;41.3741;12.4913;429.1807;35.6851;12.3159;193.2991;12.4898;27.4409;1506.3904;51;-0.0121;82;2.8179;80;0.000091860;0;9999;9999;9999;9999;9999;9999;9999;9999;9999;9999;9999;9999;9999;9999;9999;9999;9999;9999;9999;9999
12/02/2025 23:42:59.116;117;-1757.212;2834.967;412.600;246.000;109256.09;-1;192000;1;41.4611;12.5621;423.8575;35.7043;12.3555;193.2999;12.5636;27.4120;1506.5634;51;-0.0121;81;2.7270;82;0.000097984;0;9999;9999;9999;9999;9999;9999;9999;9999;9999;9999;9999;9999;9999;9999;9999;9999;9999;9999;9999;9999
12/02/2025 23:43:29.115;117;-1757.215;2834.967;409.200;250.000;109325.24;-1;192000;1;41.5584;12.6631;418.7438;35.7047;12.4059;194.1782;12.6619;27.3320;1506.8182;50;-0.0242;81;2.7270;83;0.000101046;0;9999;9999;9999;9999;9999;9999;9999;9999;9999;9999;9999;9999;9999;9999;9999;9999;9999;9999;9999;9999
12/02/2025 23:43:59.106;117;-1757.222;2834.966;402.600;245.000;109394.39;-1;192000;1;41.5900;12.6987;413.7244;35.7035;12.4564;196.1994;12.6981;27.2182;1506.8530;51;-0.0121;82;2.8179;79;0.000088798;0;9999;9999;9999;9999;9999;9999;9999;9999;9999;9999;9999;9999;9999;9999;9999;9999;9999;9999;9999;9999
12/02/2025 23:44:29.115;117;-1757.224;2834.965;399.400;242.000;109463.54;-1;192000;1;41.6160;12.7215;408.5855;35.7092;12.4980;197.4766;12.7223;27.1454;1506.8511;51;-0.0121;80;2.6361;76;0.000079612;0;9999;9999;9999;9999;9999;9999;9999;9999;9999;9999;9999;9999;9999;9999;9999;9999;9999;9999;9999;9999
12/02/2025 23:44:59.116;117;-1757.230;2834.963;392.500;238.000;109463.56;-1;192000;1;41.6205;12.7279;403.1907;35.7097;12.5331;196.5089;12.7286;27.1887;1506.7839;50;-0.0242;79;2.5452;78;0.000085736;0;9999;9999;9999;9999;9999;9999;9999;9999;9999;9999;9999;9999;9999;9999;9999;9999;9999;9999;9999;9999
12/02/2025 23:45:29.105;117;-1757.233;2834.962;389.000;237.000;109601.84;-1;192000;1;41.6453;12.7478;397.6638;35.7171;12.5637;196.2038;12.7504;27.1938;1506.7679;49;-0.0363;80;2.6361;78;0.000085736;0;9999;9999;9999;9999;9999;9999;9999;9999;9999;9999;9999;9999;9999;9999;9999;9999;9999;9999;9999;9999
12/02/2025 23:45:59.108;117;-1757.239;2834.960;381.700;234.000;109670.99;-1;192000;1;41.7357;12.8310;392.0439;35.7276;12.6030;196.6249;12.8320;27.1423;1506.9653;51;-0.0121;81;2.7270;79;0.000088798;0;9999;9999;9999;9999;9999;9999;9999;9999;9999;9999;9999;9999;9999;9999;9999;9999;9999;9999;9999;9999
12/02/2025 23:46:29.112;117;-1757.242;2834.958;378.100;237.000;109697.59;-1;192000;1;41.7427;12.8490;386.8199;35.7196;12.6402;198.6981;12.8495;27.0344;1506.9294;51;-0.0121;81;2.7270;78;0.000085736;0;9999;9999;9999;9999;9999;9999;9999;9999;9999;9999;9999;9999;9999;9999;9999;9999;9999;9999;9999;9999
12/02/2025 23:46:59.116;117;-1757.247;2834.957;371.400;241.000;109809.29;-1;192000;1;41.7483;12.8518;381.7126;35.7245;12.6708;198.0319;12.8528;27.0636;1506.8601;50;-0.0242;80;2.6361;80;0.000091860;0;9999;9999;9999;9999;9999;9999;9999;9999;9999;9999;9999;9999;9999;9999;9999;9999;9999;9999;9999;9999
12/02/2025 23:47:29.107;117;-1757.251;2834.956;368.100;244.000;109878.44;-1;192000;1;41.7786;12.8837;376.8831;35.7254;12.7013;198.5541;12.8840;27.0259;1506.8876;49;-0.0363;81;2.7270;81;0.000094922;0;9999;9999;9999;9999;9999;9999;9999;9999;9999;9999;9999;9999;9999;9999;9999;9999;9999;9999;9999;9999
12/02/2025 23:47:59.101;117;-1757.256;2834.955;361.900;246.000;109947.59;109947.59;192000;1;41.9132;13.0022;372.2058;35.7444;12.7319;198.4492;12.9997;26.9881;1507.2271;50;-0.0242;81;2.7270;76;0.000079612;0;9999;9999;9999;9999;9999;9999;9999;9999;9999;9999;9999;9999;9999;9999;9999;9999;9999;9999;9999;9999
12/02/2025 23:48:29.115;117;-1757.259;2834.955;359.000;245.000;110016.74;-1;192000;1;42.0103;13.0909;367.6964;35.7554;12.7798;199.1929;13.0902;26.9186;1507.4599;50;-0.0242;80;2.6361;78;0.000085736;0;9999;9999;9999;9999;9999;9999;9999;9999;9999;9999;9999;9999;9999;9999;9999;9999;9999;9999;9999;9999
12/02/2025 23:48:59.116;117;-1757.264;2834.953;353.000;242.000;110085.89;-1;192000;1;42.0347;13.1175;363.1047;35.7555;12.8234;199.1036;13.1159;26.9126;1507.4722;50;-0.0242;80;2.6361;82;0.000097984;0;9999;9999;9999;9999;9999;9999;9999;9999;9999;9999;9999;9999;9999;9999;9999;9999;9999;9999;9999;9999
12/02/2025 23:49:29.114;117;-1757.267;2834.953;350.100;240.000;110155.04;110155.04;192000;1;42.0459;13.1310;358.4448;35.7555;12.8582;201.0150;13.1320;26.8141;1507.4398;50;-0.0242;80;2.6361;75;0.000076550;0;9999;9999;9999;9999;9999;9999;9999;9999;9999;9999;9999;9999;9999;9999;9999;9999;9999;9999;9999;9999
12/02/2025 23:49:59.115;117;-1757.272;2834.951;343.800;234.000;110224.19;-1;192000;1;42.0751;13.1567;353.5353;35.7612;12.8995;201.0205;13.1580;26.8030;1507.4504;52;0.0000;80;2.6361;77;0.000082674;0;9999;9999;9999;9999;9999;9999;9999;9999;9999;9999;9999;9999;9999;9999;9999;9999;9999;9999;9999;9999
12/02/2025 23:50:29.115;117;-1757.274;2834.950;340.600;235.000;110293.33;-1;192000;1;42.0862;13.1707;348.6288;35.7607;12.9299;200.8701;13.1721;26.8038;1507.4149;50;-0.0242;80;2.6361;79;0.000088798;0;9999;9999;9999;9999;9999;9999;9999;9999;9999;9999;9999;9999;9999;9999;9999;9999;9999;9999;9999;9999
12/02/2025 23:50:59.115;117;-1757.280;2834.948;334.400;238.000;110293.38;110293.38;192000;1;42.1092;13.1898;344.0120;35.7666;12.9668;201.5695;13.1921;26.7620;1507.4087;51;-0.0121;80;2.6361;81;0.000094922;0;9999;9999;9999;9999;9999;9999;9999;9999;9999;9999;9999;9999;9999;9999;9999;9999;9999;9999;9999;9999
12/02/2025 23:51:29.115;117;-1757.282;2834.947;331.600;238.000;110389.49;-1;192000;1;42.1703;13.2478;339.5331;35.7721;12.9929;202.3514;13.2493;26.7035;1507.5327;51;-0.0121;81;2.7270;78;0.000085736;0;9999;9999;9999;9999;9999;9999;9999;9999;9999;9999;9999;9999;9999;9999;9999;9999;9999;9999;9999;9999
12/02/2025 23:51:59.090;117;-1757.287;2834.946;325.700;239.000;110500.81;-1;192000;1;42.2044;13.2820;335.1754;35.7742;13.0276;202.8676;13.2829;26.6661;1507.5759;50;-0.0242;81;2.7270;78;0.000085736;0;9999;9999;9999;9999;9999;9999;9999;9999;9999;9999;9999;9999;9999;9999;9999;9999;9999;9999;9999;9999
12/02/2025 23:52:29.098;117;-1757.290;2834.945;323.000;241.000;110500.83;110500.83;192000;1;42.2437;13.3130;331.0001;35.7841;13.0623;202.1994;13.3149;26.6846;1507.6207;50;-0.0242;80;2.6361;77;0.000082674;0;9999;9999;9999;9999;9999;9999;9999;9999;9999;9999;9999;9999;9999;9999;9999;9999;9999;9999;9999;9999
12/02/2025 23:52:59.109;117;-1757.295;2834.944;317.400;241.000;110639.1;-1;192000;1;42.3126;13.3774;326.6961;35.7908;13.1013;203.3658;13.3786;26.6061;1507.7695;52;0.0000;81;2.7270;78;0.000085736;0;9999;9999;9999;9999;9999;9999;9999;9999;9999;9999;9999;9999;9999;9999;9999;9999;9999;9999;9999;9999
12/02/2025 23:53:29.111;117;-1757.298;2834.943;314.600;240.000;110708.25;-1;192000;1;42.3333;13.3988;322.3190;35.7922;13.1381;202.7022;13.3999;26.6285;1507.7691;50;-0.0242;80;2.6361;78;0.000085736;0;9999;9999;9999;9999;9999;9999;9999;9999;9999;9999;9999;9999;9999;9999;9999;9999;9999;9999;9999;9999
12/02/2025 23:53:59.112;117;-1757.303;2834.942;308.900;243.000;110749.82;110777.4;192000;1;42.4022;13.4611;317.9144;35.8008;13.1749;203.1309;13.4621;26.5851;1507.9110;50;-0.0242;80;2.6361;81;0.000094922;0;9999;9999;9999;9999;9999;9999;9999;9999;9999;9999;9999;9999;9999;9999;9999;9999;9999;9999;9999;9999
12/02/2025 23:54:29.115;117;-1757.305;2834.941;306.000;243.000;110846.55;-1;192000;1;42.4412;13.4960;313.6415;35.8067;13.2095;203.7671;13.4982;26.5412;1507.9618;50;-0.0242;80;2.6361;77;0.000082674;0;9999;9999;9999;9999;9999;9999;9999;9999;9999;9999;9999;9999;9999;9999;9999;9999;9999;9999;9999;9999
12/02/2025 23:54:59.109;117;-1757.310;2834.940;300.500;243.000;110915.7;-1;192000;1;42.5135;13.5601;309.4029;35.8167;13.2462;203.0732;13.5617;26.5499;1508.1135;51;-0.0121;80;2.6361;78;0.000085736;0;9999;9999;9999;9999;9999;9999;9999;9999;9999;9999;9999;9999;9999;9999;9999;9999;9999;9999;9999;9999
12/02/2025 23:55:29.115;117;-1757.313;2834.940;297.800;245.000;110984.84;-1;192000;1;42.5845;13.6268;305.2630;35.8230;13.2916;203.2094;13.6254;26.5201;1508.2705;51;-0.0121;81;2.7270;78;0.000085736;0;9999;9999;9999;9999;9999;9999;9999;9999;9999;9999;9999;9999;9999;9999;9999;9999;9999;9999;9999;9999
12/02/2025 23:55:59.103;117;-1757.318;2834.939;292.400;238.000;111054.0;-1;192000;1;42.6053;13.6463;301.1594;35.8261;13.3347;203.7458;13.6474;26.4860;1508.2700;50;-0.0242;80;2.6361;76;0.000079612;0;9999;9999;9999;9999;9999;9999;9999;9999;9999;9999;9999;9999;9999;9999;9999;9999;9999;9999;9999;9999
12/02/2025 23:56:29.109;117;-1757.320;2834.938;289.700;238.000;111123.15;-1;192000;1;42.7692;13.7875;296.9066;35.8499;13.3692;204.2871;13.7883;26.4097;1508.6880;51;-0.0121;79;2.5452;79;0.000088798;0;9999;9999;9999;9999;9999;9999;9999;9999;9999;9999;9999;9999;9999;9999;9999;9999;9999;9999;9999;9999
12/02/2025 23:56:59.115;117;-1757.325;2834.937;284.000;239.000;111192.3;-1;192000;1;42.9160;13.9168;292.5023;35.8688;13.4317;204.9032;13.9166;26.3349;1509.0574;50;-0.0242;80;2.6361;83;0.000101046;0;9999;9999;9999;9999;9999;9999;9999;9999;9999;9999;9999;9999;9999;9999;9999;9999;9999;9999;9999;9999
12/02/2025 23:57:29.115;117;-1757.328;2834.936;281.200;242.000;111192.32;-1;192000;1;43.1086;14.0846;288.2228;35.8941;13.5005;205.4418;14.0851;26.2498;1509.5594;50;-0.0242;79;2.5452;77;0.000082674;0;9999;9999;9999;9999;9999;9999;9999;9999;9999;9999;9999;9999;9999;9999;9999;9999;9999;9999;9999;9999
12/02/2025 23:57:59.116;117;-1757.332;2834.935;275.700;239.000;111330.6;-1;192000;1;43.3245;14.2782;283.8824;35.9168;13.5972;207.7491;14.2766;26.0766;1510.1377;50;-0.0242;79;2.5452;76;0.000079612;0;9999;9999;9999;9999;9999;9999;9999;9999;9999;9999;9999;9999;9999;9999;9999;9999;9999;9999;9999;9999
12/02/2025 23:58:29.116;117;-1757.335;2834.934;272.900;241.000;111399.75;-1;192000;1;43.3422;14.2941;279.6747;35.9202;13.6851;206.6246;14.2946;26.1202;1510.1231;52;0.0000;79;2.5452;79;0.000088798;0;9999;9999;9999;9999;9999;9999;9999;9999;9999;9999;9999;9999;9999;9999;9999;9999;9999;9999;9999;9999
12/02/2025 23:58:59.116;117;-1757.340;2834.933;267.400;244.000;111453.52;-1;192000;1;43.4225;14.3627;275.5418;35.9328;13.7601;207.1245;14.3631;26.0723;1510.2896;50;-0.0242;78;2.4543;81;0.000094922;0;9999;9999;9999;9999;9999;9999;9999;9999;9999;9999;9999;9999;9999;9999;9999;9999;9999;9999;9999;9999
12/02/2025 23:59:29.117;117;-1757.342;2834.932;264.700;237.000;111538.05;-1;192000;1;43.5736;14.4915;271.3555;35.9549;13.8413;207.2963;14.4929;26.0181;1510.6583;49;-0.0363;78;2.4543;79;0.000088798;0;9999;9999;9999;9999;9999;9999;9999;9999;9999;9999;9999;9999;9999;9999;9999;9999;9999;9999;9999;9999
12/02/2025 23:59:59.114;117;-1757.347;2834.931;259.000;233.000;111607.21;-1;192000;1;43.6448;14.5529;266.8930;35.9657;13.9224;207.4310;14.5549;25.9892;1510.7930;50;-0.0242;79;2.5452;79;0.000088798;0;9999;9999;9999;9999;9999;9999;9999;9999;9999;9999;9999;9999;9999;9999;9999;9999;9999;9999;9999;9999
13/02/2025 00:00:29.110;117;-1757.349;2834.930;256.200;233.000;111676.35;-1;192000;1;43.7449;14.6413;262.4659;35.9780;14.0013;207.8394;14.6435;25.9387;1511.0157;50;-0.0242;80;2.6361;79;0.000088798;0;9999;9999;9999;9999;9999;9999;9999;9999;9999;9999;9999;9999;9999;9999;9999;9999;9999;9999;9999;9999
13/02/2025 00:00:59.115;117;-1757.354;2834.928;250.700;238.000;111745.5;-1;192000;1;43.8200;14.7090;258.2968;35.9861;14.0759;208.0920;14.7094;25.9035;1511.1713;50;-0.0242;79;2.5452;79;0.000088798;0;9999;9999;9999;9999;9999;9999;9999;9999;9999;9999;9999;9999;9999;9999;9999;9999;9999;9999;9999;9999
13/02/2025 00:01:29.113;117;-1757.356;2834.928;248.000;239.000;111814.65;-1;192000;1;43.8656;14.7493;254.2355;35.9925;14.1439;208.8799;14.7499;25.8528;1511.2395;51;-0.0121;79;2.5452;75;0.000076550;0;9999;9999;9999;9999;9999;9999;9999;9999;9999;9999;9999;9999;9999;9999;9999;9999;9999;9999;9999;9999
13/02/2025 00:01:59.107;117;-1757.361;2834.927;242.800;240.000;111883.81;-1;192000;1;43.9421;14.8147;250.2335;36.0040;14.2140;209.1956;14.8153;25.8148;1511.3939;50;-0.0242;78;2.4543;80;0.000091860;0;9999;9999;9999;9999;9999;9999;9999;9999;9999;9999;9999;9999;9999;9999;9999;9999;9999;9999;9999;9999
13/02/2025 00:02:29.102;117;-1757.363;2834.926;240.200;242.000;111952.95;-1;192000;1;43.9890;14.8558;246.1401;36.0107;14.2777;208.7185;14.8567;25.8208;1511.4641;51;-0.0121;80;2.6361;79;0.000088798;0;9999;9999;9999;9999;9999;9999;9999;9999;9999;9999;9999;9999;9999;9999;9999;9999;9999;9999;9999;9999
13/02/2025 00:02:59.115;117;-1757.368;2834.925;234.900;242.000;112022.11;-1;192000;1;44.0450;14.9106;242.1123;36.0132;14.3455;208.5036;14.9080;25.8121;1511.5735;50;-0.0242;79;2.5452;79;0.000088798;0;9999;9999;9999;9999;9999;9999;9999;9999;9999;9999;9999;9999;9999;9999;9999;9999;9999;9999;9999;9999
13/02/2025 00:03:29.105;117;-1757.370;2834.925;232.300;239.000;112022.13;-1;192000;1;44.3028;15.1276;238.2892;36.0505;14.4132;208.4469;15.1254;25.7389;1512.2373;50;-0.0242;78;2.4543;78;0.000085736;0;9999;9999;9999;9999;9999;9999;9999;9999;9999;9999;9999;9999;9999;9999;9999;9999;9999;9999;9999;9999
13/02/2025 00:03:59.108;117;-1757.375;2834.924;227.300;241.000;112160.4;-1;192000;1;44.4091;15.2182;234.3507;36.0655;14.5062;208.8033;15.2162;25.6906;1512.4737;50;-0.0242;79;2.5452;78;0.000085736;0;9999;9999;9999;9999;9999;9999;9999;9999;9999;9999;9999;9999;9999;9999;9999;9999;9999;9999;9999;9999
13/02/2025 00:04:29.115;117;-1757.377;2834.923;224.700;242.000;112229.56;-1;192000;1;44.4450;15.2486;230.1382;36.0719;14.5864;209.4208;15.2495;25.6502;1512.5066;50;-0.0242;79;2.5452;77;0.000082674;0;9999;9999;9999;9999;9999;9999;9999;9999;9999;9999;9999;9999;9999;9999;9999;9999;9999;9999;9999;9999
13/02/2025 00:04:59.111;117;-1757.382;2834.922;219.000;244.000;112272.85;-1;192000;1;44.4383;15.2452;225.7310;36.0708;14.6539;208.8399;15.2480;25.6755;1512.4216;50;-0.0242;79;2.5452;78;0.000085736;0;9999;9999;9999;9999;9999;9999;9999;9999;9999;9999;9999;9999;9999;9999;9999;9999;9999;9999;9999;9999
13/02/2025 00:05:29.113;117;-1757.385;2834.921;216.000;241.000;112367.87;-1;192000;1;44.5700;15.3445;221.1020;36.1010;14.7191;209.1056;15.3512;25.6262;1512.6905;51;-0.0121;78;2.4543;79;0.000088798;0;9999;9999;9999;9999;9999;9999;9999;9999;9999;9999;9999;9999;9999;9999;9999;9999;9999;9999;9999;9999
13/02/2025 00:05:59.116;117;-1757.390;2834.920;210.000;240.000;112437.02;-1;192000;1;44.6710;15.4418;216.4975;36.1052;14.7885;210.0836;15.4423;25.5510;1512.9226;51;-0.0121;79;2.5452;81;0.000094922;0;9999;9999;9999;9999;9999;9999;9999;9999;9999;9999;9999;9999;9999;9999;9999;9999;9999;9999;9999;9999
13/02/2025 00:06:29.115;117;-1757.393;2834.919;207.100;243.000;112506.16;-1;192000;1;44.7642;15.5216;211.9866;36.1182;14.8599;209.6873;15.5218;25.5403;1513.1112;51;-0.0121;78;2.4543;78;0.000085736;0;9999;9999;9999;9999;9999;9999;9999;9999;9999;9999;9999;9999;9999;9999;9999;9999;9999;9999;9999;9999
13/02/2025 00:06:59.111;117;-1757.399;2834.918;201.300;246.000;112575.32;-1;192000;1;44.8310;15.5698;207.6004;36.1361;14.9397;209.1909;15.5737;25.5430;1513.2090;51;-0.0121;78;2.4543;78;0.000085736;0;9999;9999;9999;9999;9999;9999;9999;9999;9999;9999;9999;9999;9999;9999;9999;9999;9999;9999;9999;9999
13/02/2025 00:07:29.115;117;-1757.401;2834.918;198.500;247.000;112644.46;-1;192000;1;44.9456;15.6786;203.3851;36.1415;15.0151;210.1796;15.6795;25.4626;1513.4826;52;0.0000;78;2.4543;78;0.000085736;0;9999;9999;9999;9999;9999;9999;9999;9999;9999;9999;9999;9999;9999;9999;9999;9999;9999;9999;9999;9999
13/02/2025 00:07:59.115;117;-1757.406;2834.917;193.200;242.000;112713.16;-1;192000;1;45.0305;15.7493;199.2202;36.1550;15.0883;210.2157;15.7505;25.4357;1513.6478;50;-0.0242;78;2.4543;77;0.000082674;0;9999;9999;9999;9999;9999;9999;9999;9999;9999;9999;9999;9999;9999;9999;9999;9999;9999;9999;9999;9999
13/02/2025 00:08:29.115;117;-1757.409;2834.917;190.500;240.000;112782.31;-1;192000;1;45.1681;15.8624;195.1089;36.1770;15.1614;210.0929;15.8650;25.4012;1513.9540;50;-0.0242;78;2.4543;86;0.000110232;0;9999;9999;9999;9999;9999;9999;9999;9999;9999;9999;9999;9999;9999;9999;9999;9999;9999;9999;9999;9999
13/02/2025 00:08:59.115;117;-1757.414;2834.916;185.100;244.000;112851.45;-1;192000;1;45.2040;15.8980;191.0363;36.1783;15.2449;210.3924;15.8999;25.3752;1513.9976;51;-0.0121;78;2.4543;78;0.000085736;0;9999;9999;9999;9999;9999;9999;9999;9999;9999;9999;9999;9999;9999;9999;9999;9999;9999;9999;9999;9999
13/02/2025 00:09:29.113;117;-1757.416;2834.915;182.600;245.000;112920.61;-1;192000;1;45.2554;15.9431;187.0592;36.1849;15.3116;210.4041;15.9441;25.3587;1514.0780;52;0.0000;78;2.4543;79;0.000088798;0;9999;9999;9999;9999;9999;9999;9999;9999;9999;9999;9999;9999;9999;9999;9999;9999;9999;9999;9999;9999
13/02/2025 00:09:59.099;117;-1757.421;2834.914;177.400;243.000;112973.12;-1;192000;1;45.3473;16.0164;183.0985;36.2019;15.3782;209.4535;16.0192;25.3743;1514.2570;51;-0.0121;77;2.3634;79;0.000088798;0;9999;9999;9999;9999;9999;9999;9999;9999;9999;9999;9999;9999;9999;9999;9999;9999;9999;9999;9999;9999
13/02/2025 00:10:29.115;117;-1757.423;2834.914;174.900;244.000;113058.91;-1;192000;1;45.4750;16.1247;179.1743;36.2188;15.4510;210.2545;16.1267;25.3016;1514.5432;50;-0.0242;77;2.3634;78;0.000085736;0;9999;9999;9999;9999;9999;9999;9999;9999;9999;9999;9999;9999;9999;9999;9999;9999;9999;9999;9999;9999
13/02/2025 00:10:59.116;117;-1757.428;2834.913;169.800;242.000;113058.93;-1;192000;1;45.5716;16.2073;175.3114;36.2313;15.5299;209.3484;16.2084;25.3134;1514.7459;50;-0.0242;78;2.4543;83;0.000101046;0;9999;9999;9999;9999;9999;9999;9999;9999;9999;9999;9999;9999;9999;9999;9999;9999;9999;9999;9999;9999
13/02/2025 00:11:29.114;117;-1757.430;2834.913;167.400;242.000;113197.21;-1;192000;1;45.8800;16.4624;171.5354;36.2750;15.6087;209.3904;16.4598;25.2266;1515.5095;49;-0.0363;77;2.3634;79;0.000088798;0;9999;9999;9999;9999;9999;9999;9999;9999;9999;9999;9999;9999;9999;9999;9999;9999;9999;9999;9999;9999
13/02/2025 00:11:59.114;117;-1757.435;2834.912;162.600;244.000;113266.36;-1;192000;1;46.0207;16.5842;167.9632;36.2905;15.7164;210.2957;16.5837;25.1447;1515.8366;50;-0.0242;78;2.4543;80;0.000091860;0;9999;9999;9999;9999;9999;9999;9999;9999;9999;9999;9999;9999;9999;9999;9999;9999;9999;9999;9999;9999
13/02/2025 00:12:29.105;117;-1757.437;2834.911;160.400;240.000;113323.58;-1;192000;1;46.1934;16.7301;164.4079;36.3121;15.8219;209.9106;16.7293;25.1126;1516.2424;50;-0.0242;76;2.2725;82;0.000097984;0;9999;9999;9999;9999;9999;9999;9999;9999;9999;9999;9999;9999;9999;9999;9999;9999;9999;9999;9999;9999
13/02/2025 00:12:59.091;117;-1757.441;2834.911;155.600;242.000;113404.66;-1;192000;1;46.3738;16.8798;160.6579;36.3370;15.9312;208.7605;16.8802;25.1127;1516.6584;50;-0.0242;77;2.3634;78;0.000085736;0;9999;9999;9999;9999;9999;9999;9999;9999;9999;9999;9999;9999;9999;9999;9999;9999;9999;9999;9999;9999
13/02/2025 00:13:29.106;117;-1757.444;2834.910;153.100;246.000;113473.81;-1;192000;1;46.5430;17.0222;156.8356;36.3584;16.0528;210.6721;17.0230;24.9803;1517.0455;50;-0.0242;77;2.3634;83;0.000101046;0;9999;9999;9999;9999;9999;9999;9999;9999;9999;9999;9999;9999;9999;9999;9999;9999;9999;9999;9999;9999
13/02/2025 00:13:59.116;117;-1757.449;2834.909;148.000;244.000;113542.96;113542.96;192000;1;46.6371;17.1009;152.8194;36.3714;16.1658;210.8943;17.1020;24.9436;1517.2284;53;0.0121;76;2.2725;84;0.000104108;0;9999;9999;9999;9999;9999;9999;9999;9999;9999;9999;9999;9999;9999;9999;9999;9999;9999;9999;9999;9999
13/02/2025 00:14:29.115;117;-1757.451;2834.909;145.500;245.000;113612.11;-1;192000;1;46.7274;17.1739;148.7956;36.3861;16.2766;209.9125;17.1761;24.9611;1517.3957;52;0.0000;77;2.3634;81;0.000094922;0;9999;9999;9999;9999;9999;9999;9999;9999;9999;9999;9999;9999;9999;9999;9999;9999;9999;9999;9999;9999
13/02/2025 00:14:59.111;117;-1757.456;2834.909;140.200;251.000;113681.26;-1;192000;1;46.9346;17.3445;144.6473;36.4147;16.3832;210.1460;17.3453;24.8945;1517.8657;53;0.0121;78;2.4543;80;0.000091860;0;9999;9999;9999;9999;9999;9999;9999;9999;9999;9999;9999;9999;9999;9999;9999;9999;9999;9999;9999;9999
13/02/2025 00:15:29.107;117;-1757.459;2834.909;137.400;254.000;113750.41;113750.41;192000;1;47.2329;17.5974;140.4206;36.4481;16.5038;211.6796;17.5961;24.7453;1518.5797;52;0.0000;77;2.3634;81;0.000094922;0;9999;9999;9999;9999;9999;9999;9999;9999;9999;9999;9999;9999;9999;9999;9999;9999;9999;9999;9999;9999
13/02/2025 00:15:59.115;117;-1757.465;2834.908;131.900;245.000;113819.55;-1;192000;1;47.5838;17.8891;136.0314;36.4914;16.6507;212.6253;17.8872;24.6097;1519.4104;54;0.0242;76;2.2725;83;0.000101046;0;9999;9999;9999;9999;9999;9999;9999;9999;9999;9999;9999;9999;9999;9999;9999;9999;9999;9999;9999;9999
13/02/2025 00:16:29.115;117;-1757.467;2834.907;129.000;244.000;113888.71;-1;192000;1;47.7032;17.9816;131.4246;36.5131;16.8013;213.3758;17.9834;24.5448;1519.6280;55;0.0363;76;2.2725;85;0.000107170;0;9999;9999;9999;9999;9999;9999;9999;9999;9999;9999;9999;9999;9999;9999;9999;9999;9999;9999;9999;9999
13/02/2025 00:16:59.098;117;-1757.472;2834.906;123.000;243.000;113888.73;113888.73;192000;1;47.8616;18.1125;126.7296;36.5340;16.9394;214.2522;18.1129;24.4646;1519.9539;56;0.0484;76;2.2725;84;0.000104108;0;9999;9999;9999;9999;9999;9999;9999;9999;9999;9999;9999;9999;9999;9999;9999;9999;9999;9999;9999;9999
13/02/2025 00:17:29.103;117;-1757.475;2834.906;120.000;249.000;114027.0;-1;192000;1;48.1190;18.3156;122.0479;36.5747;17.0854;214.9204;18.3171;24.3695;1520.5095;57;0.0605;75;2.1816;92;0.000128604;0;9999;9999;9999;9999;9999;9999;9999;9999;9999;9999;9999;9999;9999;9999;9999;9999;9999;9999;9999;9999
13/02/2025 00:17:59.105;117;-1757.481;2834.905;114.100;248.000;114096.16;-1;192000;1;48.3558;18.5069;117.6189;36.6078;17.2370;216.7955;18.5078;24.2287;1521.0235;58;0.0726;74;2.0907;88;0.000116356;0;9999;9999;9999;9999;9999;9999;9999;9999;9999;9999;9999;9999;9999;9999;9999;9999;9999;9999;9999;9999
13/02/2025 00:18:29.106;117;-1757.484;2834.905;111.400;247.000;114109.39;114131.94;192000;1;48.5243;18.6351;113.3684;36.6385;17.3843;218.0087;18.6384;24.1351;1521.3547;56;0.0484;74;2.0907;91;0.000125542;0;9999;9999;9999;9999;9999;9999;9999;9999;9999;9999;9999;9999;9999;9999;9999;9999;9999;9999;9999;9999
13/02/2025 00:18:59.109;117;-1757.489;2834.904;106.000;247.000;114234.47;-1;192000;1;48.6881;18.7707;109.1097;36.6584;17.5311;217.7279;18.7710;24.1043;1521.6932;56;0.0484;73;1.9998;129;0.000241898;0;9999;9999;9999;9999;9999;9999;9999;9999;9999;9999;9999;9999;9999;9999;9999;9999;9999;9999;9999;9999
13/02/2025 00:19:29.115;117;-1757.491;2834.904;103.400;246.000;114303.61;-1;192000;1;48.9622;18.9844;104.9940;36.7018;17.6818;221.2301;18.9835;23.8918;1522.2805;59;0.0847;74;2.0907;95;0.000137790;0;9999;9999;9999;9999;9999;9999;9999;9999;9999;9999;9999;9999;9999;9999;9999;9999;9999;9999;9999;9999
13/02/2025 00:19:59.112;117;-1757.496;2834.903;98.000;242.000;114372.76;114372.76;192000;1;49.1040;19.0986;100.7561;36.7217;17.8300;221.8341;19.0994;23.8300;1522.5552;62;0.1210;74;2.0907;92;0.000128604;0;9999;9999;9999;9999;9999;9999;9999;9999;9999;9999;9999;9999;9999;9999;9999;9999;9999;9999;9999;9999
13/02/2025 00:20:29.115;117;-1757.499;2834.902;95.200;240.000;114441.91;-1;192000;1;49.1927;19.1556;96.3859;36.7474;17.9660;222.9158;19.1611;23.7648;1522.6722;62;0.1210;72;1.9089;97;0.000143914;0;9999;9999;9999;9999;9999;9999;9999;9999;9999;9999;9999;9999;9999;9999;9999;9999;9999;9999;9999;9999
13/02/2025 00:20:59.103;117;-1757.503;2834.901;89.600;236.000;114511.07;-1;192000;1;49.7347;19.5575;92.0325;36.8472;18.1037;226.6549;19.5654;23.4883;1523.8381;65;0.1573;73;1.9998;94;0.000134728;0;9999;9999;9999;9999;9999;9999;9999;9999;9999;9999;9999;9999;9999;9999;9999;9999;9999;9999;9999;9999
13/02/2025 00:21:29.115;117;-1757.506;2834.900;86.800;236.000;114580.21;-1;192000;1;50.1737;19.9077;87.6734;36.9048;18.2987;230.3012;19.9071;23.2409;1524.8013;73;0.2541;71;1.8180;98;0.000146976;0;9999;9999;9999;9999;9999;9999;9999;9999;9999;9999;9999;9999;9999;9999;9999;9999;9999;9999;9999;9999
13/02/2025 00:21:59.090;117;-1757.510;2834.899;81.400;242.000;114649.36;-1;192000;1;50.4143;20.0929;83.4934;36.9424;18.4892;233.5055;20.0904;23.0610;1525.2836;76;0.2904;70;1.7271;104;0.000165348;0;9999;9999;9999;9999;9999;9999;9999;9999;9999;9999;9999;9999;9999;9999;9999;9999;9999;9999;9999;9999
13/02/2025 00:22:29.109;117;-1757.513;2834.899;78.800;243.000;114718.51;-1;192000;1;50.4598;20.1266;79.3127;36.9518;18.6733;233.0309;20.1288;23.0664;1525.3169;73;0.2541;70;1.7271;96;0.000140852;0;9999;9999;9999;9999;9999;9999;9999;9999;9999;9999;9999;9999;9999;9999;9999;9999;9999;9999;9999;9999
13/02/2025 00:22:59.116;117;-1757.517;2834.898;73.400;244.000;114787.66;-1;192000;1;50.4765;20.1384;75.0245;36.9568;18.8254;235.0263;20.1420;22.9850;1525.2834;75;0.2783;71;1.8180;102;0.000159224;0;9999;9999;9999;9999;9999;9999;9999;9999;9999;9999;9999;9999;9999;9999;9999;9999;9999;9999;9999;9999
13/02/2025 00:23:29.103;117;-1757.520;2834.897;70.500;243.000;114826.19;-1;192000;1;50.5104;20.1656;70.6364;36.9625;18.9515;233.0371;20.1687;23.0516;1525.2911;74;0.2662;71;1.8180;101;0.000156162;0;9999;9999;9999;9999;9999;9999;9999;9999;9999;9999;9999;9999;9999;9999;9999;9999;9999;9999;9999;9999
13/02/2025 00:23:59.116;117;-1757.525;2834.896;64.800;243.000;114925.95;-1;192000;1;50.5245;20.1744;66.1408;36.9680;19.0715;232.8302;20.1786;23.0551;1525.2465;71;0.2299;70;1.7271;112;0.000189844;0;9999;9999;9999;9999;9999;9999;9999;9999;9999;9999;9999;9999;9999;9999;9999;9999;9999;9999;9999;9999
13/02/2025 00:24:29.115;117;-1757.528;2834.896;62.000;241.000;114995.1;-1;192000;1;50.5329;20.1822;61.5482;36.9698;19.1677;234.4862;20.1864;22.9882;1525.1933;72;0.2420;71;1.8180;108;0.000177596;0;9999;9999;9999;9999;9999;9999;9999;9999;9999;9999;9999;9999;9999;9999;9999;9999;9999;9999;9999;9999
13/02/2025 00:24:59.098;117;-1757.533;2834.894;56.000;243.000;115064.25;-1;192000;1;50.5378;20.1879;56.8653;36.9706;19.2599;233.1032;20.1920;23.0379;1525.1317;67;0.1815;69;1.6362;100;0.000153100;0;9999;9999;9999;9999;9999;9999;9999;9999;9999;9999;9999;9999;9999;9999;9999;9999;9999;9999;9999;9999
13/02/2025 00:25:29.115;117;-1757.536;2834.894;52.900;247.000;115133.41;-1;192000;1;50.5374;20.1903;52.2350;36.9699;19.3422;234.3672;20.1946;22.9877;1525.0603;67;0.1815;71;1.8180;97;0.000143914;0;9999;9999;9999;9999;9999;9999;9999;9999;9999;9999;9999;9999;9999;9999;9999;9999;9999;9999;9999;9999
13/02/2025 00:25:59.109;117;-1757.541;2834.893;47.000;247.000;115202.56;-1;192000;1;50.5346;20.1908;47.6476;36.9688;19.4088;232.8996;20.1949;23.0424;1524.9840;63;0.1331;71;1.8180;96;0.000140852;0;9999;9999;9999;9999;9999;9999;9999;9999;9999;9999;9999;9999;9999;9999;9999;9999;9999;9999;9999;9999
13/02/2025 00:26:29.115;117;-1757.544;2834.893;44.000;247.000;115271.71;-1;192000;1;50.5574;20.2201;42.9257;36.9637;19.4752;234.1918;20.2243;22.9835;1524.9797;63;0.1331;69;1.6362;98;0.000146976;0;9999;9999;9999;9999;9999;9999;9999;9999;9999;9999;9999;9999;9999;9999;9999;9999;9999;9999;9999;9999
13/02/2025 00:26:59.116;117;-1757.550;2834.892;37.800;249.000;115340.86;-1;192000;1;50.5785;20.2360;38.1714;36.9689;19.5378;234.0012;20.2415;22.9842;1524.9498;59;0.0847;70;1.7271;93;0.000131666;0;9999;9999;9999;9999;9999;9999;9999;9999;9999;9999;9999;9999;9999;9999;9999;9999;9999;9999;9999;9999
13/02/2025 00:27:29.113;117;-1757.553;2834.891;34.700;250.000;115410.01;-1;192000;1;50.6396;20.2844;33.5058;36.9783;19.5963;234.0322;20.2888;22.9676;1525.0147;55;0.0363;69;1.6362;94;0.000134728;0;9999;9999;9999;9999;9999;9999;9999;9999;9999;9999;9999;9999;9999;9999;9999;9999;9999;9999;9999;9999
13/02/2025 00:27:59.115;117;-1757.558;2834.891;28.800;248.000;115479.16;-1;192000;1;50.6756;20.3161;28.9576;36.9819;19.6568;233.2917;20.3188;22.9858;1525.0294;55;0.0363;69;1.6362;95;0.000137790;0;9999;9999;9999;9999;9999;9999;9999;9999;9999;9999;9999;9999;9999;9999;9999;9999;9999;9999;9999;9999
13/02/2025 00:28:29.113;117;-1757.561;2834.890;25.800;249.000;115548.31;-1;192000;1;50.6902;20.3328;24.4131;36.9810;19.7114;233.7013;20.3357;22.9641;1524.9981;56;0.0484;69;1.6362;93;0.000131666;0;9999;9999;9999;9999;9999;9999;9999;9999;9999;9999;9999;9999;9999;9999;9999;9999;9999;9999;9999;9999
13/02/2025 00:28:59.098;117;-1757.567;2834.890;20.000;250.000;115617.47;-1;192000;1;50.7272;20.3618;19.9092;36.9876;19.7601;233.0660;20.3643;22.9785;1525.0095;57;0.0605;68;1.5453;94;0.000134728;0;9999;9999;9999;9999;9999;9999;9999;9999;9999;9999;9999;9999;9999;9999;9999;9999;9999;9999;9999;9999
13/02/2025 00:29:29.115;117;-1757.570;2834.889;17.000;247.000;115624.05;-1;192000;1;50.8021;20.4174;15.3854;37.0019;19.8126;231.5054;20.4180;23.0210;1525.1013;55;0.0363;69;1.6362;94;0.000134728;0;9999;9999;9999;9999;9999;9999;9999;9999;9999;9999;9999;9999;9999;9999;9999;9999;9999;9999;9999;9999
13/02/2025 00:29:59.098;117;-1757.575;2834.888;11.100;242.000;115755.76;-1;192000;1;50.9226;20.5246;10.8287;37.0084;19.8690;231.5584;20.5242;22.9870;1525.3237;56;0.0484;69;1.6362;96;0.000140852;0;9999;9999;9999;9999;9999;9999;9999;9999;9999;9999;9999;9999;9999;9999;9999;9999;9999;9999;9999;9999
13/02/2025 00:30:29.115;117;-1757.578;2834.887;8.100;239.000;115824.91;-1;192000;1;51.0786;20.6495;6.0244;37.0285;19.9448;230.9337;20.6506;22.9726;1525.6041;54;0.0242;68;1.5453;96;0.000140852;0;9999;9999;9999;9999;9999;9999;9999;9999;9999;9999;9999;9999;9999;9999;9999;9999;9999;9999;9999;9999
13/02/2025 00:30:59.116;115;-1757.583;2834.885;1.800;220.000;115894.06;-1;192000;1;51.1096;20.6835;2.4847;37.0254;20.0166;231.2063;20.6828;22.9521;1525.6334;54;0.0242;68;1.5453;98;0.000146976;0;9999;9999;9999;9999;9999;9999;9999;9999;9999;9999;9999;9999;9999;9999;9999;9999;9999;9999;9999;9999
13/02/2025 00:31:29.105;115;-1757.586;2834.885;-0.200;242.000;115963.22;-1;192000;1;51.1528;20.7168;1.0862;37.0320;20.0729;230.1786;20.7116;22.9830;1525.7073;56;0.0484;69;1.6362;97;0.000143914;0;9999;9999;9999;9999;9999;9999;9999;9999;9999;9999;9999;9999;9999;9999;9999;9999;9999;9999;9999;9999
13/02/2025 00:31:59.112;119;-1757.423;2834.648;-0.000;240.000;116006.92;-1;192000;0;51.1508;20.7182;1.4476;37.0290;20.1232;231.4888;20.7212;22.9299;1525.7137;55;0.0363;70;1.7271;94;0.000134728;0;9999;9999;9999;9999;9999;9999;9999;9999;9999;9999;9999;9999;9999;9999;9999;9999;9999;9999;9999;9999
13/02/2025 00:32:06.060;119;-1757.423;2834.647;-0.000;246.000;116006.93;116006.95;192000;0;51.1471;20.7218;1.5722;37.0228;20.1329;231.6210;20.7171;22.9264;1525.7186;55;0.0363;69;1.6362;108;0.000177596;0;9999;9999;9999;9999;9999;9999;9999;9999;9999;9999;9999;9999;9999;9999;9999;9999;9999;9999;9999;9999
