Timestamp;NavState;SecurityLevel;Heading;Declination;Pitch;Roll;Depth;Temperature;Pa;Lat;Lon;DeadReckoning;DesiredH;BallastCmd;BallastPos;LinCmd;LinPos;AngCmd;AngPos;Voltage;Altitude;
26/02/2025 17:26:46;119;0;122.22;-4;-64.94;-12.25;-0.2;16.60;75556;2836.719;-1800.796;0;135;500;503.2;100.0;100.6;0;0.0;26.0;-1.0;
26/02/2025 17:26:56;116;0;130.16;-4;-57.93;-20.03;-0.3;16.70;75565;2836.704;-1800.800;0;135;500;503.2;100.0;100.4;0;0.0;26.0;-1.0;
26/02/2025 17:27:21;116;0;206.09;-4;-65.38;-16.12;-0.3;16.80;75577;2836.707;-1800.797;0;135;500;504.8;100.0;100.4;0;0.0;26.0;-1.0;
26/02/2025 17:27:31;116;0;258.09;-4;-48.70;-7.95;-0.2;16.80;75605;2836.707;-1800.797;0;135;500;504.8;100.0;100.6;0;0.0;26.0;-1.0;
26/02/2025 17:27:39;116;0;280.86;-4;-49.84;-10.25;-0.2;16.90;75598;2836.710;-1800.796;0;135;500;506.5;100.0;100.4;0;0.0;26.0;-1.0;
26/02/2025 17:27:59;116;0;315.94;-4;-48.91;-3.48;-0.2;16.90;75610;2836.712;-1800.796;0;135;500;504.8;100.0;100.6;0;0.0;26.0;-1.0;
26/02/2025 17:28:19;116;0;299.47;-4;-56.73;-10.87;-0.2;17.00;75630;2836.716;-1800.795;0;133;500;504.8;100.0;100.6;0;-0.5;26.0;-1.0;
26/02/2025 17:28:32;116;0;313.83;-4;-56.96;-15.52;-0.1;17.10;75631;2836.719;-1800.794;0;133;500;504.8;100.0;100.4;0;0.0;25.9;-1.0;
26/02/2025 17:29:35;116;0;309.15;-4;-53.04;-13.38;0.0;17.30;75665;2836.731;-1800.794;0;133;500;504.8;100.0;100.6;0;0.0;26.0;-1.0;
26/02/2025 17:30:53;116;0;304.54;-4;-58.73;-14.69;-0.1;17.70;75714;2836.744;-1800.793;0;133;500;504.8;100.0;100.6;0;0.0;26.0;-1.0;
26/02/2025 17:32:01;116;0;301.90;-4;-49.77;-8.41;-0.2;18.00;75743;2836.756;-1800.792;0;133;500;504.8;100.0;100.6;0;0.0;26.0;-1.0;
26/02/2025 17:32:12;116;0;309.77;-4;-48.52;-11.19;-0.1;18.10;75749;2836.758;-1800.792;0;133;500;504.8;100.0;100.6;0;0.0;26.0;-1.0;
26/02/2025 17:32:32;110;0;305.64;-4;-51.17;-13.08;0.1;18.20;75757;2836.758;-1800.792;0;133;-90;383.9;100.0;100.4;-6;-5.9;26.0;-1.0;
26/02/2025 17:32:42;110;0;314.90;-4;-53.40;-19.82;0.2;18.20;76119;2836.758;-1800.792;1;133;-90;235.5;100.0;100.4;-6;-5.9;25.9;-1.0;
26/02/2025 17:32:52;110;0;310.61;-4;-56.11;-14.83;0.6;18.30;76363;2836.758;-1800.793;1;133;-90;77.4;100.0;100.6;-6;-5.9;25.9;-1.0;
26/02/2025 17:33:02;110;0;288.01;-4;-64.34;-16.16;0.8;18.30;76680;2836.758;-1800.793;1;133;-90;-79.0;100.0;100.4;-6;-5.9;26.0;-1.0;
26/02/2025 17:33:12;110;0;270.57;-4;-69.23;-16.16;1.0;18.40;77022;2836.759;-1800.793;1;133;-90;-90.3;41.4;52.6;-6;-5.9;25.9;-1.0;
26/02/2025 17:33:22;110;0;282.17;-4;-53.05;-12.54;2.3;18.40;76990;2836.759;-1800.794;1;133;-90;-88.7;41.4;41.4;-6;-5.9;25.9;-1.0;
26/02/2025 17:33:42;100;0;292.62;-4;-19.73;-15.20;4.8;18.50;76976;2836.760;-1800.797;1;133;-90;-83.9;41.4;40.9;-6;-5.9;26.0;-1.0;
26/02/2025 17:34:02;100;0;300.38;-4;-17.08;-14.93;6.9;18.50;76964;2836.762;-1800.801;1;133;-90;-83.9;42.3;42.6;70;69.9;26.0;-1.0;
26/02/2025 17:34:22;100;0;299.05;-4;-21.64;23.62;9.2;18.50;76969;2836.764;-1800.804;1;133;-90;-83.9;42.3;42.6;70;70.4;26.0;-1.0;
26/02/2025 17:34:42;100;0;288.12;-4;-22.76;23.45;11.7;18.60;76967;2836.765;-1800.807;1;133;-90;-83.9;41.5;41.5;70;69.9;26.0;-1.0;
26/02/2025 17:35:02;100;0;276.02;-4;-20.86;23.69;14.4;18.50;76963;2836.765;-1800.811;1;133;-90;-82.3;41.5;41.4;70;69.9;26.0;0.0;
26/02/2025 17:35:22;100;0;264.47;-4;-20.73;23.91;16.9;18.60;76967;2836.765;-1800.814;1;133;-90;-83.9;41.5;41.4;70;69.9;26.0;0.0;
26/02/2025 17:35:42;100;0;254.91;-4;-20.25;23.60;19.2;18.60;76976;2836.765;-1800.818;1;133;-90;-82.3;41.5;41.4;70;69.9;26.0;0.0;
26/02/2025 17:36:02;100;0;242.60;-4;-20.49;23.70;21.7;18.60;76983;2836.763;-1800.821;1;133;-90;-82.3;41.5;41.4;70;69.9;26.0;0.0;
26/02/2025 17:36:22;100;0;232.44;-4;-20.55;23.60;24.2;18.60;76978;2836.762;-1800.824;1;133;-90;-82.3;41.5;41.4;70;69.9;26.0;0.0;
26/02/2025 17:36:42;100;0;222.26;-4;-20.70;23.65;26.8;18.60;76974;2836.760;-1800.827;1;133;-90;-82.3;41.5;41.4;70;69.9;26.0;0.0;
26/02/2025 17:37:02;100;0;211.81;-4;-20.80;23.91;29.3;18.60;76988;2836.757;-1800.829;1;133;-90;-83.9;41.5;41.4;70;70.4;26.0;0.0;
26/02/2025 17:37:22;100;0;203.42;-4;-20.92;23.81;31.8;18.60;76988;2836.755;-1800.831;1;133;-90;-83.9;41.5;41.4;70;70.4;26.0;0.0;
26/02/2025 17:37:42;100;0;193.34;-4;-21.02;23.61;34.4;18.70;76989;2836.752;-1800.832;1;133;-90;-82.3;41.5;41.4;70;70.4;26.0;0.0;
26/02/2025 17:38:02;100;0;183.50;-4;-20.68;23.74;37.3;18.70;77000;2836.748;-1800.832;1;133;-90;-85.5;41.5;41.4;70;69.9;26.0;0.0;
26/02/2025 17:38:22;100;0;173.88;-4;-20.77;23.77;39.8;18.70;76994;2836.746;-1800.832;1;133;-90;-83.9;41.5;41.4;63;63.2;26.0;0.0;
26/02/2025 17:38:42;100;0;163.72;-4;-20.08;19.68;42.4;18.70;77005;2836.743;-1800.831;1;133;-90;-83.9;41.5;41.4;49;49.2;26.0;0.0;
26/02/2025 17:39:02;100;0;154.98;-4;-19.40;12.56;45.1;18.70;77017;2836.740;-1800.830;1;133;-90;-82.3;41.5;41.2;34;33.8;26.0;0.0;
26/02/2025 17:39:22;100;0;149.14;-4;-19.01;5.01;47.6;18.70;77012;2836.737;-1800.828;1;133;-90;-82.3;41.5;41.4;25;24.4;26.0;0.0;
26/02/2025 17:39:42;100;0;146.59;-4;-18.37;0.22;50.0;18.70;77009;2836.735;-1800.826;1;133;-90;-83.9;41.9;42.1;22;21.7;26.0;0.0;
26/02/2025 17:40:02;100;0;144.64;-4;-19.36;-0.75;52.5;18.70;77023;2836.732;-1800.824;1;133;-90;-82.3;41.9;42.3;20;19.9;26.0;0.0;
26/02/2025 17:40:22;100;0;144.06;-4;-19.46;-2.15;55.0;18.80;77021;2836.730;-1800.822;1;133;-90;-83.9;41.9;42.3;20;19.4;26.0;0.0;
26/02/2025 17:40:42;100;0;142.74;-4;-19.38;-2.07;57.5;18.80;77025;2836.727;-1800.820;1;133;-90;-83.9;41.9;42.3;18;18.1;26.0;0.0;
26/02/2025 17:41:02;100;0;141.81;-4;-19.23;-2.91;60.0;18.80;77025;2836.725;-1800.818;1;133;-90;-83.9;41.9;42.3;18;17.6;26.0;0.0;
26/02/2025 17:41:22;100;0;140.38;-4;-19.34;-2.93;62.6;18.80;77037;2836.722;-1800.815;1;133;-90;-82.3;41.9;42.3;18;17.6;26.0;0.0;
26/02/2025 17:41:42;100;0;139.42;-4;-19.12;-2.96;65.0;18.80;77037;2836.720;-1800.813;1;133;-90;-82.3;41.9;42.4;18;17.6;26.0;0.0;
26/02/2025 17:42:02;100;0;135.87;-4;-18.92;-3.00;67.4;18.80;77032;2836.718;-1800.811;1;133;-90;-83.9;42.3;42.4;16;15.8;26.0;0.0;
26/02/2025 17:42:22;100;0;136.80;-4;-19.03;-4.06;69.6;18.80;77026;2836.716;-1800.809;1;133;-90;-83.9;42.3;42.3;16;15.3;26.0;0.0;
26/02/2025 17:42:42;100;0;138.83;-4;-19.05;-4.02;71.9;18.80;77036;2836.714;-1800.807;1;133;-90;-82.3;42.3;42.4;16;15.8;26.0;0.0;
26/02/2025 17:43:02;100;0;141.63;-4;-19.01;-4.00;74.2;18.80;77039;2836.712;-1800.805;1;133;-90;-83.9;42.3;42.3;18;18.1;26.0;0.0;
26/02/2025 17:43:22;100;0;144.56;-4;-19.05;-2.49;76.5;18.80;77036;2836.710;-1800.803;1;133;-90;-83.9;42.3;42.3;20;19.9;26.0;0.0;
26/02/2025 17:43:42;100;0;146.50;-4;-18.74;-1.52;78.8;18.80;77033;2836.708;-1800.801;1;133;-90;-82.3;42.7;42.9;22;22.6;25.9;0.0;
26/02/2025 17:44:02;100;0;150.59;-4;-20.47;-0.33;80.9;18.80;77006;2836.705;-1800.800;1;133;-90;-82.3;42.7;42.9;27;27.1;26.0;0.0;
26/02/2025 17:44:22;100;0;152.15;-4;-20.85;2.17;83.2;18.80;76986;2836.703;-1800.799;1;133;-90;-83.9;42.7;42.9;30;29.8;26.0;0.0;
26/02/2025 17:44:42;100;0;147.39;-4;-21.09;3.45;85.7;18.80;76978;2836.701;-1800.797;1;133;-90;-83.9;42.7;43.0;23;23.0;26.0;0.0;
26/02/2025 17:45:02;100;0;143.39;-4;-20.79;-0.17;88.2;18.80;76973;2836.699;-1800.795;1;133;-90;-83.9;42.7;43.0;19;19.0;26.0;0.0;
26/02/2025 17:45:22;100;0;140.05;-4;-20.71;-2.50;90.7;18.80;76965;2836.696;-1800.793;1;133;-90;-83.9;42.7;43.0;17;17.1;26.0;0.0;
26/02/2025 17:45:42;100;0;138.92;-4;-19.63;-3.29;93.1;18.80;76958;2836.694;-1800.791;1;133;-90;-83.9;42.7;42.9;17;17.1;26.0;0.0;
26/02/2025 17:46:02;100;0;143.47;-4;-20.30;-3.36;95.3;18.80;76955;2836.692;-1800.789;1;133;-90;-82.3;42.7;43.0;19;19.0;26.0;0.0;
26/02/2025 17:46:22;100;0;148.36;-4;-20.29;-1.99;97.8;18.70;76932;2836.690;-1800.788;1;133;-90;-82.3;42.7;43.0;24;23.9;26.0;0.0;
26/02/2025 17:46:42;100;0;147.51;-4;-20.62;0.46;100.1;18.70;76920;2836.688;-1800.786;1;133;-90;-82.3;42.7;43.0;24;24.4;26.0;0.0;
26/02/2025 17:47:02;100;0;145.27;-4;-20.20;0.43;102.5;18.70;76913;2836.685;-1800.784;1;133;-90;-83.9;42.7;43.0;21;21.2;26.0;0.0;
26/02/2025 17:47:22;100;0;146.20;-4;-20.02;-1.27;104.8;18.70;76896;2836.683;-1800.783;1;133;-90;-82.3;42.7;42.9;21;20.8;26.0;0.0;
26/02/2025 17:47:42;100;0;146.22;-4;-19.91;-1.28;107.2;18.70;76894;2836.681;-1800.781;1;133;-90;-82.3;42.7;42.9;21;21.2;26.0;0.0;
26/02/2025 17:48:02;100;0;144.77;-4;-19.82;-1.30;109.5;18.70;76886;2836.679;-1800.779;1;133;-90;-82.3;42.7;42.9;21;20.8;26.0;0.0;
26/02/2025 17:48:22;100;0;142.56;-4;-19.56;-1.35;111.8;18.60;76877;2836.676;-1800.777;1;133;-90;-82.3;42.7;42.9;19;19.0;26.0;0.0;
26/02/2025 17:48:42;100;0;142.57;-4;-19.69;-2.43;114.0;18.60;76864;2836.675;-1800.776;1;133;-90;-83.9;42.7;43.0;19;18.5;26.0;0.0;
26/02/2025 17:49:02;100;0;145.05;-4;-19.93;-2.41;116.2;18.60;76856;2836.672;-1800.774;1;133;-90;-85.5;42.7;42.9;21;21.7;26.0;0.0;
26/02/2025 17:49:22;100;0;143.23;-4;-19.67;-0.81;118.6;18.50;76847;2836.670;-1800.772;1;133;-90;-83.9;42.7;43.0;19;19.0;26.0;0.0;
26/02/2025 17:49:42;100;0;141.80;-4;-20.03;-2.52;120.8;18.50;76833;2836.668;-1800.770;1;133;-90;-83.9;42.7;42.9;19;18.5;26.0;0.0;
26/02/2025 17:50:02;100;0;142.25;-4;-20.27;-2.55;123.1;18.50;76824;2836.666;-1800.768;1;133;-90;-83.9;42.7;42.9;19;18.5;26.0;0.0;
26/02/2025 17:50:22;100;0;142.66;-4;-20.20;-2.51;125.8;18.50;76822;2836.664;-1800.766;1;133;-90;-82.3;42.7;42.9;19;18.5;26.0;0.0;
26/02/2025 17:50:42;100;0;144.48;-4;-20.23;-2.46;128.3;18.50;76815;2836.661;-1800.764;1;133;-90;-82.3;42.7;42.9;19;18.5;26.0;0.0;
26/02/2025 17:51:02;100;0;142.48;-4;-20.18;-2.48;130.8;18.40;76808;2836.659;-1800.762;1;133;-90;-83.9;42.7;42.9;19;18.5;25.9;0.0;
26/02/2025 17:51:22;100;0;141.72;-4;-19.92;-2.46;133.5;18.40;76792;2836.656;-1800.760;1;133;-90;-83.9;42.7;43.0;19;18.5;26.0;0.0;
26/02/2025 17:51:42;100;0;140.07;-4;-20.28;-2.51;135.9;18.40;76802;2836.654;-1800.758;1;133;-90;-83.9;42.7;42.9;19;18.5;26.0;0.0;
26/02/2025 17:52:02;100;0;137.46;-4;-20.20;-2.50;138.4;18.40;76791;2836.652;-1800.756;1;133;-90;-85.5;42.7;42.9;17;17.1;26.0;0.0;
26/02/2025 17:52:22;100;0;133.71;-4;-20.01;-3.27;141.1;18.30;76795;2836.650;-1800.753;1;133;-90;-83.9;42.7;42.9;17;17.1;26.0;0.0;
26/02/2025 17:52:42;100;0;132.30;-4;-20.08;-3.28;143.5;18.30;76784;2836.648;-1800.751;1;133;-90;-82.3;42.7;42.9;17;17.1;26.0;0.0;
26/02/2025 17:53:02;100;0;129.51;-4;-19.91;-3.26;146.0;18.30;76775;2836.646;-1800.748;1;133;-90;-83.9;42.7;42.9;17;17.1;26.0;0.0;
26/02/2025 17:53:23;100;0;126.60;-4;-19.66;-3.32;148.5;18.30;76778;2836.645;-1800.745;1;133;-90;-82.3;42.7;42.9;17;17.1;26.0;0.0;
26/02/2025 17:53:43;100;0;126.06;-4;-19.43;-3.40;150.8;18.20;76770;2836.643;-1800.743;1;133;-90;-83.9;42.7;43.0;15;14.9;26.0;0.0;
26/02/2025 17:54:03;100;0;125.11;-4;-19.85;-4.58;153.1;18.20;76753;2836.642;-1800.740;1;133;-90;-85.5;42.7;43.0;15;14.4;26.0;0.0;
26/02/2025 17:54:23;100;0;125.62;-4;-19.77;-4.57;155.6;18.20;76748;2836.640;-1800.737;1;133;-90;-83.9;42.7;43.0;15;14.4;26.0;0.0;
26/02/2025 17:54:43;100;0;124.11;-4;-19.83;-4.55;158.1;18.10;76739;2836.638;-1800.735;1;133;-90;-83.9;42.7;42.9;15;14.4;26.0;0.0;
26/02/2025 17:55:03;100;0;124.12;-4;-19.63;-4.66;160.5;18.10;76734;2836.637;-1800.732;1;133;-90;-83.9;42.7;43.0;15;14.4;26.0;0.0;
26/02/2025 17:55:23;100;0;124.25;-4;-19.63;-4.58;163.0;18.10;76732;2836.635;-1800.729;1;133;-90;-83.9;42.7;42.9;15;14.4;26.0;0.0;
26/02/2025 17:55:43;100;0;124.43;-4;-19.54;-4.60;165.4;18.00;76723;2836.634;-1800.726;1;133;-90;-83.9;42.7;42.9;15;14.4;26.0;0.0;
26/02/2025 17:56:03;100;0;123.59;-4;-19.51;-4.59;167.8;18.00;76710;2836.632;-1800.724;1;133;-90;-83.9;42.7;43.0;13;13.1;26.0;0.0;
26/02/2025 17:56:23;100;0;122.94;-4;-19.37;-5.38;170.1;18.00;76714;2836.631;-1800.721;1;133;-90;-83.9;42.7;43.0;13;12.6;26.0;0.0;
26/02/2025 17:56:43;100;0;123.12;-4;-19.53;-5.39;172.6;18.00;76714;2836.630;-1800.718;1;133;-90;-82.3;42.7;42.9;13;12.6;26.0;0.0;
26/02/2025 17:57:03;100;0;122.55;-4;-19.50;-5.37;174.9;17.90;76711;2836.628;-1800.715;1;133;-90;-83.9;42.7;42.9;13;12.6;26.0;0.0;
26/02/2025 17:57:23;100;0;121.75;-4;-19.59;-5.33;177.3;17.90;76695;2836.627;-1800.713;1;133;-90;-82.3;42.7;42.9;11;10.8;26.0;0.0;
26/02/2025 17:57:43;100;0;121.66;-4;-19.25;-6.61;179.6;17.90;76694;2836.625;-1800.710;1;133;-90;-83.9;42.7;42.9;11;10.4;26.0;0.0;
26/02/2025 17:58:03;100;0;122.70;-4;-19.16;-6.63;181.9;17.90;76693;2836.624;-1800.707;1;133;-90;-83.9;42.7;42.9;11;10.4;26.0;0.0;
26/02/2025 17:58:23;100;0;122.29;-4;-19.32;-6.60;184.1;17.80;76679;2836.623;-1800.705;1;133;-90;-83.9;42.7;42.9;11;10.4;26.0;0.0;
26/02/2025 17:58:43;100;0;122.85;-4;-19.16;-6.61;186.4;17.80;76673;2836.621;-1800.702;1;133;-90;-82.3;42.7;42.9;11;10.4;26.0;0.0;
26/02/2025 17:59:03;100;0;124.69;-4;-19.22;-6.62;188.5;17.80;76665;2836.620;-1800.699;1;133;-90;-83.9;42.7;42.9;14;14.4;26.0;0.0;
26/02/2025 17:59:23;100;0;125.38;-4;-19.05;-4.38;190.8;17.70;76670;2836.618;-1800.697;1;133;-90;-83.9;42.7;43.0;14;14.4;26.0;0.0;
26/02/2025 17:59:43;100;0;125.57;-4;-19.27;-4.39;192.8;17.70;76657;2836.617;-1800.695;1;133;-90;-83.9;42.7;42.9;14;14.4;26.0;0.0;
26/02/2025 18:00:03;100;0;124.44;-4;-19.23;-4.35;194.8;17.70;76644;2836.616;-1800.692;1;133;-90;-82.3;42.7;43.0;14;14.9;26.0;0.0;
26/02/2025 18:00:23;100;0;124.59;-4;-19.22;-4.37;196.8;17.60;76635;2836.615;-1800.690;1;133;-110;-109.7;42.7;43.0;14;14.9;26.0;0.0;
26/02/2025 18:00:43;100;0;122.41;-4;-18.54;-4.32;198.8;17.60;76698;2836.613;-1800.688;1;133;-110;-111.3;43.1;43.4;12;12.2;26.0;0.0;
26/02/2025 18:01:03;100;0;123.71;-4;-19.59;-5.67;201.0;17.60;76689;2836.612;-1800.685;1;133;-110;-111.3;43.1;43.6;12;12.2;26.0;0.0;
26/02/2025 18:01:23;100;0;125.20;-4;-19.55;-5.74;203.3;17.60;76682;2836.611;-1800.683;1;133;-110;-109.7;43.1;43.4;14;14.0;26.0;0.0;
26/02/2025 18:01:43;100;0;126.41;-4;-19.92;-4.27;205.6;17.50;76669;2836.609;-1800.680;1;133;-110;-111.3;43.1;43.4;14;14.4;26.0;0.0;
26/02/2025 18:02:03;100;0;128.47;-4;-20.00;-4.39;208.2;17.50;76668;2836.607;-1800.677;1;133;-110;-111.3;43.1;43.4;14;14.4;26.0;0.0;
26/02/2025 18:02:23;100;0;129.06;-4;-19.82;-4.31;210.2;17.50;76658;2836.606;-1800.675;1;133;-110;-111.3;43.1;43.4;16;15.8;26.0;0.0;
26/02/2025 18:02:43;100;0;132.20;-4;-20.58;-3.51;212.9;17.40;76656;2836.604;-1800.673;1;133;-110;-111.3;43.1;43.4;16;15.8;26.0;0.0;
26/02/2025 18:03:03;100;0;133.62;-4;-20.15;-3.51;215.4;17.40;76644;2836.602;-1800.670;1;133;-110;-111.3;43.1;43.4;16;15.8;26.0;0.0;
26/02/2025 18:03:23;100;0;133.76;-4;-20.24;-3.52;217.9;17.40;76640;2836.600;-1800.668;1;133;-110;-111.3;43.1;43.4;16;15.8;26.0;0.0;
26/02/2025 18:03:43;100;0;139.39;-4;-19.73;-3.60;220.6;17.30;76628;2836.597;-1800.665;1;133;-110;-111.3;43.1;43.6;16;15.8;26.0;0.0;
26/02/2025 18:04:03;100;0;138.41;-4;-20.09;-3.65;223.0;17.30;76621;2836.595;-1800.663;1;133;-110;-111.3;43.1;43.4;16;15.8;26.0;0.0;
26/02/2025 18:04:23;100;0;135.39;-4;-20.35;-3.66;225.5;17.30;76620;2836.593;-1800.661;1;133;-110;-111.3;43.1;43.6;16;15.8;26.0;0.0;
26/02/2025 18:04:43;100;0;133.93;-4;-20.28;-3.60;228.3;17.20;76604;2836.591;-1800.658;1;133;-110;-112.9;43.1;43.6;16;15.8;26.0;0.0;
26/02/2025 18:05:03;100;0;132.55;-4;-20.35;-3.61;231.0;17.20;76584;2836.589;-1800.656;1;133;-110;-111.3;43.1;43.4;16;15.8;26.0;0.0;
26/02/2025 18:05:23;100;0;130.17;-4;-20.30;-3.59;233.9;17.20;76589;2836.587;-1800.652;1;133;-110;-111.3;43.1;43.4;16;15.8;26.0;0.0;
26/02/2025 18:05:43;100;0;131.59;-4;-20.44;-3.52;236.7;17.20;76581;2836.585;-1800.650;1;133;-110;-111.3;43.1;43.4;16;15.8;26.0;0.0;
26/02/2025 18:06:03;100;0;134.73;-4;-20.56;-3.67;239.6;17.10;76569;2836.582;-1800.647;1;133;-110;-111.3;43.1;43.4;16;15.8;26.0;0.0;
26/02/2025 18:06:23;100;0;136.06;-4;-20.08;-3.80;242.5;17.10;76563;2836.580;-1800.644;1;133;-110;-111.3;43.1;43.4;16;15.8;26.0;0.0;
26/02/2025 18:06:43;100;0;136.39;-4;-20.28;-3.55;245.3;17.10;76566;2836.578;-1800.642;1;133;-110;-111.3;43.1;43.4;16;16.2;26.0;0.0;
26/02/2025 18:07:03;100;0;137.08;-4;-20.51;-3.54;248.1;17.00;76548;2836.575;-1800.639;1;133;-110;-111.3;43.1;43.6;16;15.8;26.0;0.0;
26/02/2025 18:07:23;100;0;136.96;-4;-20.41;-3.61;251.0;17.00;76558;2836.573;-1800.636;1;133;-110;-111.3;43.1;43.6;16;15.8;26.0;0.0;
26/02/2025 18:07:43;100;0;136.90;-4;-20.61;-3.54;253.9;17.00;76545;2836.570;-1800.634;1;133;-110;-111.3;43.1;43.4;16;15.8;26.0;0.0;
26/02/2025 18:08:03;100;0;136.29;-4;-20.48;-3.63;257.0;16.90;76548;2836.568;-1800.631;1;133;-110;-111.3;43.1;43.6;16;15.8;26.0;0.0;
26/02/2025 18:08:23;100;0;135.26;-4;-20.46;-3.55;259.8;16.90;76530;2836.566;-1800.628;1;133;-110;-111.3;43.1;43.4;16;15.8;26.0;0.0;
26/02/2025 18:08:43;100;0;133.71;-4;-20.45;-3.61;262.6;16.90;76545;2836.563;-1800.625;1;133;-110;-111.3;43.1;43.4;16;15.8;26.0;0.0;
26/02/2025 18:09:03;100;0;133.00;-4;-20.66;-3.50;265.7;16.80;76532;2836.561;-1800.622;1;133;-110;-111.3;43.1;43.4;16;16.2;26.0;0.0;
26/02/2025 18:09:23;100;0;132.23;-4;-20.14;-3.59;268.6;16.80;76533;2836.559;-1800.619;1;133;-110;-112.9;43.1;43.4;16;15.8;26.0;0.0;
26/02/2025 18:09:43;100;0;131.31;-4;-20.27;-3.57;271.4;16.80;76529;2836.557;-1800.617;1;133;-110;-111.3;43.1;43.4;16;16.2;26.0;0.0;
26/02/2025 18:10:03;100;0;130.37;-4;-20.27;-3.58;274.3;16.80;76524;2836.554;-1800.614;1;133;-110;-111.3;43.1;43.4;16;15.8;26.0;0.0;
26/02/2025 18:10:23;100;0;129.59;-4;-19.94;-3.61;277.5;16.70;76520;2836.552;-1800.610;1;133;-110;-111.3;43.1;43.4;16;15.8;26.0;0.0;
26/02/2025 18:10:43;100;0;129.60;-4;-19.96;-3.62;280.1;16.70;76510;2836.550;-1800.608;1;133;-110;-112.9;43.1;43.4;16;15.8;26.0;0.0;
26/02/2025 18:11:03;100;0;130.12;-4;-19.91;-3.60;283.1;16.70;76499;2836.548;-1800.604;1;133;-110;-111.3;43.1;43.4;16;15.8;26.0;0.0;
26/02/2025 18:11:23;100;0;128.53;-4;-19.86;-3.64;285.9;16.60;76485;2836.546;-1800.601;1;133;-110;-111.3;43.1;43.6;16;15.8;26.0;0.0;
26/02/2025 18:11:43;100;0;128.01;-4;-19.97;-3.62;288.8;16.60;76483;2836.544;-1800.598;1;133;-110;-111.3;43.1;43.6;16;15.8;26.0;0.0;
26/02/2025 18:12:03;100;0;127.85;-4;-19.82;-3.59;291.8;16.60;76479;2836.542;-1800.595;1;133;-110;-112.9;43.1;43.4;16;15.8;26.0;0.0;
26/02/2025 18:12:23;100;0;126.96;-4;-19.80;-3.63;294.8;16.50;76472;2836.540;-1800.592;1;133;-110;-111.3;43.1;43.4;16;15.8;26.0;0.0;
26/02/2025 18:12:43;100;0;126.48;-4;-20.04;-3.62;297.5;16.50;76465;2836.538;-1800.589;1;133;-110;-111.3;43.1;43.6;14;14.0;26.0;0.0;
26/02/2025 18:13:03;100;0;124.40;-4;-19.80;-4.50;300.7;16.50;76460;2836.536;-1800.585;1;133;-110;-111.3;43.1;43.4;14;14.4;26.0;0.0;
26/02/2025 18:13:23;100;0;123.18;-4;-19.57;-4.46;303.6;16.50;76453;2836.534;-1800.582;1;133;-110;-111.3;43.1;43.4;12;12.2;26.0;0.0;
26/02/2025 18:13:43;100;0;123.37;-4;-19.53;-5.70;306.8;16.40;76450;2836.532;-1800.578;1;133;-110;-111.3;43.1;43.4;12;11.7;26.0;0.0;
26/02/2025 18:14:03;100;0;123.30;-4;-19.86;-5.72;309.8;16.40;76454;2836.530;-1800.575;1;133;-110;-111.3;43.1;43.6;12;11.7;26.0;0.0;
26/02/2025 18:14:23;100;0;124.85;-4;-19.70;-5.71;312.8;16.40;76436;2836.528;-1800.571;1;133;-110;-111.3;43.1;43.6;12;11.7;26.0;0.0;
26/02/2025 18:14:43;100;0;127.31;-4;-19.90;-5.65;315.8;16.30;76429;2836.526;-1800.568;1;133;-110;-111.3;43.1;43.6;15;15.3;26.0;0.0;
26/02/2025 18:15:03;100;0;129.50;-4;-20.31;-3.64;318.9;16.30;76436;2836.524;-1800.565;1;133;-110;-111.3;43.1;43.4;15;15.8;26.0;0.0;
26/02/2025 18:15:23;100;0;129.30;-4;-20.31;-3.69;322.0;16.30;76426;2836.521;-1800.561;1;133;-110;-109.7;43.1;43.4;15;15.8;26.0;0.0;
26/02/2025 18:15:43;100;0;130.73;-4;-20.35;-3.68;325.2;16.30;76418;2836.519;-1800.558;1;133;-110;-112.9;43.1;43.6;15;15.8;26.0;0.0;
26/02/2025 18:16:03;100;0;130.88;-4;-20.24;-3.69;328.5;16.20;76420;2836.516;-1800.555;1;133;-110;-111.3;43.1;43.4;15;15.8;26.0;0.0;
26/02/2025 18:16:23;100;0;129.62;-4;-20.28;-3.63;331.6;16.20;76415;2836.514;-1800.551;1;133;-110;-111.3;43.1;43.6;15;15.8;26.0;0.0;
26/02/2025 18:16:43;100;0;127.84;-4;-20.15;-3.64;334.6;16.20;76413;2836.512;-1800.548;1;133;-110;-111.3;43.1;43.4;15;15.8;26.0;0.0;
26/02/2025 18:17:03;100;0;126.16;-4;-19.93;-3.72;337.7;16.10;76398;2836.510;-1800.545;1;133;-110;-111.3;43.1;43.4;15;15.8;26.0;0.0;
26/02/2025 18:17:23;100;0;122.65;-4;-19.79;-3.73;340.5;16.10;76409;2836.508;-1800.541;1;133;-110;-112.9;43.1;43.4;11;10.8;26.0;0.0;
26/02/2025 18:17:43;100;0;121.69;-4;-19.79;-6.35;343.6;16.10;76396;2836.506;-1800.538;1;133;-110;-111.3;43.1;43.4;11;10.4;26.0;0.0;
26/02/2025 18:18:03;100;0;122.72;-4;-19.75;-6.39;346.4;16.10;76391;2836.505;-1800.534;1;133;-110;-111.3;43.1;43.4;11;10.4;26.0;0.0;
26/02/2025 18:18:23;100;0;123.16;-4;-19.76;-6.40;349.4;16.00;76388;2836.503;-1800.531;1;133;-110;-111.3;43.1;43.4;11;10.4;26.0;0.0;
26/02/2025 18:18:43;100;0;125.97;-4;-19.79;-6.31;352.2;16.00;76388;2836.501;-1800.528;1;133;-110;-112.9;43.1;43.4;14;14.0;26.0;0.0;
26/02/2025 18:19:03;100;0;127.29;-4;-20.10;-4.41;355.3;16.00;76389;2836.499;-1800.524;1;133;-110;-111.3;43.1;43.6;14;14.4;26.0;0.0;
26/02/2025 18:19:23;100;0;128.74;-4;-19.98;-4.36;358.2;16.00;76382;2836.497;-1800.521;1;133;-110;-111.3;43.1;43.4;14;14.4;26.0;0.0;
26/02/2025 18:19:43;100;0;130.46;-4;-19.94;-4.37;361.1;15.90;76376;2836.494;-1800.518;1;133;-110;-111.3;43.1;43.6;14;14.4;26.0;0.0;
26/02/2025 18:20:03;100;0;131.49;-4;-19.96;-4.36;364.0;15.90;76363;2836.492;-1800.515;1;133;-110;-111.3;43.1;43.6;14;14.4;26.0;0.0;
26/02/2025 18:20:23;100;0;127.12;-4;-19.94;-4.39;366.8;15.90;76371;2836.490;-1800.512;1;133;-110;-111.3;43.1;43.6;14;14.4;26.0;0.0;
26/02/2025 18:20:43;100;0;121.85;-4;-20.03;-4.38;369.7;15.90;76360;2836.489;-1800.509;1;133;-110;-111.3;43.1;43.4;10;9.9;26.0;0.0;
26/02/2025 18:21:03;100;0;120.29;-4;-19.43;-6.78;372.7;15.80;76350;2836.487;-1800.505;1;133;-110;-111.3;43.1;43.4;8;8.1;26.0;0.0;
26/02/2025 18:21:23;100;0;122.21;-4;-19.04;-7.74;375.3;15.80;76338;2836.485;-1800.502;1;133;-110;-109.7;43.1;43.4;10;9.9;26.0;0.0;
26/02/2025 18:21:43;100;0;122.38;-4;-19.22;-6.52;378.1;15.80;76325;2836.483;-1800.499;1;133;-110;-114.5;43.1;43.6;10;9.9;26.0;0.0;
26/02/2025 18:22:03;100;0;124.40;-4;-19.24;-6.52;380.8;15.70;76318;2836.482;-1800.496;1;133;-110;-111.3;43.1;43.6;12;12.2;26.0;0.0;
26/02/2025 18:22:23;100;0;126.22;-4;-19.31;-5.32;383.6;15.70;76313;2836.480;-1800.492;1;133;-110;-111.3;43.1;43.6;12;12.6;26.0;0.0;
26/02/2025 18:22:43;100;0;126.65;-4;-19.47;-5.26;386.3;15.70;76309;2836.478;-1800.489;1;133;-110;-111.3;43.1;43.4;14;14.0;26.0;0.0;
26/02/2025 18:23:03;100;0;128.37;-4;-19.38;-4.33;389.0;15.70;76296;2836.476;-1800.486;1;133;-110;-111.3;43.1;43.4;14;14.4;26.0;0.0;
26/02/2025 18:23:23;100;0;129.90;-4;-19.36;-4.35;391.8;15.60;76295;2836.474;-1800.483;1;133;-110;-111.3;43.1;43.6;14;14.4;26.0;0.0;
26/02/2025 18:23:43;100;0;131.00;-4;-19.43;-4.29;394.5;15.60;76283;2836.471;-1800.480;1;133;-110;-111.3;43.1;43.4;14;14.4;26.0;0.0;
26/02/2025 18:24:03;100;0;131.05;-4;-19.71;-4.35;397.2;15.60;76284;2836.469;-1800.478;1;133;-110;-112.9;43.1;43.6;14;14.9;26.0;0.0;
26/02/2025 18:24:23;100;0;129.67;-4;-19.78;-4.13;400.0;15.50;76274;2836.467;-1800.475;1;133;-110;-112.9;43.1;43.4;14;14.4;26.0;0.0;
26/02/2025 18:24:43;100;0;129.80;-4;-19.23;-4.23;402.8;15.50;76267;2836.465;-1800.472;1;133;-110;-111.3;43.1;43.6;14;14.4;26.0;0.0;
26/02/2025 18:25:03;100;0;130.88;-4;-19.84;-4.34;405.5;15.50;76277;2836.463;-1800.469;1;133;-110;-111.3;43.1;43.6;14;14.4;26.0;0.0;
26/02/2025 18:25:23;100;0;131.33;-4;-19.51;-4.21;408.2;15.50;76267;2836.461;-1800.466;1;133;-110;-111.3;43.1;43.4;14;14.4;26.0;0.0;
26/02/2025 18:25:43;100;0;131.27;-4;-19.70;-4.29;411.0;15.40;76265;2836.459;-1800.463;1;133;-110;-111.3;43.1;43.6;14;14.4;26.0;0.0;
26/02/2025 18:26:03;100;0;131.57;-4;-19.50;-4.26;413.6;15.40;76266;2836.457;-1800.460;1;133;-110;-111.3;43.1;43.6;14;14.4;26.0;0.0;
26/02/2025 18:26:23;100;0;133.44;-4;-19.52;-4.38;416.4;15.40;76260;2836.455;-1800.458;1;133;-110;-111.3;43.1;43.4;14;14.4;26.0;0.0;
26/02/2025 18:26:43;100;0;135.39;-4;-19.44;-4.32;418.9;15.40;76257;2836.453;-1800.455;1;133;-110;-111.3;43.1;43.6;14;14.4;26.0;0.0;
26/02/2025 18:27:04;100;0;137.86;-4;-19.63;-4.33;421.7;15.30;76251;2836.450;-1800.453;1;133;-110;-111.3;43.1;43.6;14;14.9;26.0;0.0;
26/02/2025 18:27:24;100;0;139.65;-4;-19.74;-4.29;424.4;15.30;76243;2836.448;-1800.450;1;133;-110;-114.5;43.1;43.6;14;14.4;26.0;0.0;
26/02/2025 18:27:44;100;0;138.92;-4;-19.53;-4.30;427.2;15.30;76241;2836.445;-1800.448;1;133;-110;-111.3;43.1;43.4;14;14.4;26.0;0.0;
26/02/2025 18:28:04;100;0;138.00;-4;-19.51;-4.25;429.7;15.30;76233;2836.443;-1800.446;1;133;-110;-111.3;43.1;43.4;14;14.9;26.0;0.0;
26/02/2025 18:28:24;100;0;137.34;-4;-19.61;-4.32;432.4;15.20;76232;2836.441;-1800.443;1;133;-110;-111.3;43.1;43.4;14;14.4;26.0;0.0;
26/02/2025 18:28:44;100;0;136.89;-4;-19.36;-4.27;434.9;15.20;76220;2836.439;-1800.441;1;133;-110;-111.3;43.1;43.4;14;14.4;26.0;0.0;
26/02/2025 18:29:04;100;0;136.51;-4;-19.30;-4.26;437.6;15.20;76225;2836.436;-1800.438;1;133;-110;-111.3;43.1;43.6;14;14.4;26.0;0.0;
26/02/2025 18:29:24;100;0;136.21;-4;-19.83;-4.33;440.0;15.20;76222;2836.434;-1800.436;1;133;-110;-112.9;43.1;43.4;14;14.4;26.0;0.0;
26/02/2025 18:29:44;100;0;134.65;-4;-19.60;-4.29;442.6;15.10;76215;2836.432;-1800.433;1;133;-110;-111.3;43.1;43.4;14;14.4;26.0;0.0;
26/02/2025 18:30:04;100;0;135.36;-4;-19.47;-4.27;445.1;15.10;76205;2836.430;-1800.431;1;133;-110;-112.9;43.1;43.4;14;14.4;26.0;0.0;
26/02/2025 18:30:24;100;0;136.98;-4;-19.41;-4.29;447.6;15.10;76198;2836.428;-1800.429;1;133;-110;-111.3;43.1;43.6;14;14.4;26.0;0.0;
26/02/2025 18:30:44;100;0;137.59;-4;-19.45;-4.32;450.1;15.10;76199;2836.426;-1800.426;1;133;-110;-109.7;43.1;43.4;14;14.9;26.0;0.0;
26/02/2025 18:31:04;100;0;136.96;-4;-19.28;-4.31;452.4;15.00;76202;2836.424;-1800.424;1;133;-110;-112.9;43.1;43.6;14;14.4;26.0;0.0;
26/02/2025 18:31:24;100;0;135.79;-4;-19.53;-4.29;454.8;15.00;76185;2836.422;-1800.422;1;133;-110;-111.3;43.1;43.6;14;14.4;26.0;0.0;
26/02/2025 18:31:44;100;0;134.64;-4;-19.36;-4.29;457.2;15.00;76191;2836.420;-1800.419;1;133;-110;-112.9;43.1;43.4;14;14.4;26.0;0.0;
26/02/2025 18:32:04;100;0;134.09;-4;-19.33;-4.30;459.5;15.00;76184;2836.418;-1800.417;1;133;-110;-109.7;43.1;43.6;14;14.4;26.0;0.0;
26/02/2025 18:32:24;100;0;132.13;-4;-19.26;-4.32;461.7;14.90;76163;2836.416;-1800.415;1;133;-110;-112.9;43.1;43.4;14;14.4;26.0;0.0;
26/02/2025 18:32:44;100;0;130.97;-4;-19.11;-4.36;464.0;14.90;76164;2836.414;-1800.412;1;133;-110;-111.3;43.1;43.4;14;14.4;26.0;0.0;
26/02/2025 18:33:04;100;0;131.40;-4;-19.14;-4.34;466.1;14.90;76148;2836.413;-1800.410;1;133;-110;-114.5;43.1;43.6;14;14.4;26.0;0.0;
26/02/2025 18:33:24;100;0;131.81;-4;-19.54;-4.26;468.4;14.80;76147;2836.411;-1800.408;1;133;-110;-111.3;43.1;43.6;14;14.9;26.0;0.0;
26/02/2025 18:33:44;100;0;132.54;-4;-19.25;-4.31;470.7;14.80;76141;2836.409;-1800.406;1;133;-110;-111.3;43.1;43.4;14;14.4;26.0;0.0;
26/02/2025 18:34:04;100;0;130.74;-4;-19.04;-4.33;472.8;14.80;76127;2836.408;-1800.403;1;133;-110;-111.3;43.1;43.4;14;14.4;26.0;0.0;
26/02/2025 18:34:24;100;0;126.21;-4;-19.30;-4.33;475.0;14.80;76112;2836.406;-1800.401;1;133;-110;-111.3;43.1;43.4;14;14.4;26.0;0.0;
26/02/2025 18:34:44;100;0;124.23;-4;-19.17;-4.32;477.1;14.70;76111;2836.405;-1800.399;1;133;-110;-112.9;43.1;43.4;12;12.2;26.0;0.0;
26/02/2025 18:35:04;100;0;124.00;-4;-19.22;-5.62;479.2;14.70;76104;2836.403;-1800.396;1;133;-110;-111.3;43.1;43.6;12;12.2;26.0;0.0;
26/02/2025 18:35:24;100;0;123.46;-4;-18.99;-5.66;481.2;14.70;76097;2836.402;-1800.394;1;133;-110;-111.3;43.4;43.4;12;12.2;26.0;0.0;
26/02/2025 18:35:44;100;0;126.48;-4;-19.13;-5.73;483.4;14.70;76095;2836.401;-1800.391;1;133;-110;-112.9;43.4;43.4;12;11.7;26.0;0.0;
26/02/2025 18:36:04;100;0;130.04;-4;-19.14;-5.66;485.5;14.60;76074;2836.399;-1800.389;1;133;-110;-109.7;43.4;43.4;14;14.0;26.0;0.0;
26/02/2025 18:36:24;100;0;132.21;-4;-19.30;-4.42;487.7;14.60;76077;2836.397;-1800.387;1;133;-110;-109.7;43.4;43.4;14;14.4;26.0;0.0;
26/02/2025 18:36:44;100;0;133.29;-4;-19.17;-4.44;489.9;14.60;76074;2836.396;-1800.385;1;133;-110;-111.3;43.4;43.4;14;14.4;26.0;0.0;
26/02/2025 18:37:04;100;0;132.97;-4;-19.15;-4.42;492.2;14.60;76064;2836.394;-1800.382;1;133;-110;-111.3;43.4;43.4;14;14.4;26.0;0.0;
26/02/2025 18:37:24;100;0;133.72;-4;-19.17;-4.42;494.5;14.50;76062;2836.392;-1800.380;1;133;-110;-111.3;43.4;43.4;14;14.4;25.9;0.0;
26/02/2025 18:37:44;100;0;134.87;-4;-19.23;-4.46;496.9;14.50;76056;2836.390;-1800.378;1;133;-110;-111.3;43.4;43.4;14;14.4;26.0;0.0;
26/02/2025 18:38:04;100;0;135.29;-4;-19.35;-4.45;499.2;14.50;76049;2836.388;-1800.375;1;133;-110;-111.3;43.4;43.4;14;14.4;26.0;0.0;
26/02/2025 18:38:24;100;0;137.11;-4;-19.18;-4.41;501.6;14.40;76045;2836.386;-1800.373;1;133;-110;-111.3;43.4;43.4;14;14.4;26.0;0.0;
26/02/2025 18:38:44;100;0;138.60;-4;-19.17;-4.42;504.1;14.40;76038;2836.384;-1800.371;1;133;-110;-111.3;43.4;43.4;14;14.4;26.0;0.0;
26/02/2025 18:39:04;100;0;140.12;-4;-19.22;-4.43;506.6;14.40;76038;2836.381;-1800.368;1;133;-110;-111.3;43.4;43.4;16;15.8;26.0;0.0;
26/02/2025 18:39:24;100;0;140.70;-4;-19.24;-3.50;509.0;14.40;76035;2836.379;-1800.366;1;133;-110;-111.3;43.4;43.4;16;16.2;26.0;0.0;
26/02/2025 18:39:44;100;0;142.23;-4;-19.04;-3.52;511.5;14.30;76024;2836.377;-1800.364;1;133;-110;-112.9;43.4;43.4;16;16.2;26.0;0.0;
26/02/2025 18:40:04;100;0;140.97;-4;-19.07;-3.55;513.9;14.30;76022;2836.374;-1800.362;1;133;-110;-111.3;43.4;43.3;16;16.2;26.0;0.0;
26/02/2025 18:40:24;100;0;139.77;-4;-19.20;-3.51;516.4;14.30;76023;2836.372;-1800.360;1;133;-110;-111.3;43.4;43.4;16;16.2;26.0;0.0;
26/02/2025 18:40:44;100;0;138.62;-4;-19.25;-3.53;518.9;14.30;76009;2836.370;-1800.358;1;133;-110;-111.3;43.4;43.4;16;16.2;26.0;0.0;
26/02/2025 18:41:04;100;0;138.91;-4;-19.31;-3.48;521.4;14.30;76012;2836.368;-1800.355;1;133;-110;-111.3;43.4;43.4;16;16.2;26.0;0.0;
26/02/2025 18:41:24;100;0;139.70;-4;-19.24;-3.48;523.9;14.20;76008;2836.365;-1800.353;1;133;-110;-112.9;43.4;43.4;16;16.2;26.0;0.0;
26/02/2025 18:41:44;100;0;140.19;-4;-19.31;-3.45;526.4;14.20;76001;2836.363;-1800.351;1;133;-110;-111.3;43.4;43.4;16;16.2;26.0;0.0;
26/02/2025 18:42:04;100;0;138.67;-4;-19.23;-3.50;529.0;14.20;75997;2836.361;-1800.348;1;133;-110;-111.3;43.4;43.4;16;16.2;26.0;0.0;
26/02/2025 18:42:24;100;0;139.04;-4;-19.16;-3.53;531.7;14.10;75996;2836.358;-1800.346;1;133;-110;-111.3;43.4;43.4;16;16.2;26.0;0.0;
26/02/2025 18:42:44;100;0;138.47;-4;-19.16;-3.53;534.2;14.10;75992;2836.356;-1800.344;1;133;-110;-112.9;43.4;43.4;16;16.2;26.0;0.0;
26/02/2025 18:43:04;100;0;138.81;-4;-19.06;-3.53;536.9;14.10;75995;2836.353;-1800.341;1;133;-110;-111.3;43.4;43.4;16;16.2;26.0;0.0;
26/02/2025 18:43:24;100;0;139.23;-4;-19.08;-3.50;539.5;14.10;75991;2836.351;-1800.339;1;133;-110;-111.3;43.4;43.4;16;16.2;26.0;0.0;
26/02/2025 18:43:44;100;0;140.53;-4;-19.02;-3.54;542.1;14.10;75992;2836.349;-1800.337;1;133;-110;-111.3;43.4;43.4;16;16.2;26.0;0.0;
26/02/2025 18:44:04;100;0;141.28;-4;-19.11;-3.52;544.7;14.00;75978;2836.346;-1800.334;1;133;-110;-111.3;43.4;43.4;16;16.2;26.0;0.0;
26/02/2025 18:44:24;100;0;142.86;-4;-18.97;-3.55;547.4;14.00;75971;2836.344;-1800.332;1;133;-110;-111.3;43.7;43.7;16;16.2;26.0;0.0;
26/02/2025 18:44:44;100;0;144.86;-4;-19.87;-3.55;550.2;14.00;75980;2836.341;-1800.330;1;133;-110;-111.3;43.7;44.0;19;19.0;26.0;0.0;
26/02/2025 18:45:04;100;0;145.79;-4;-20.03;-1.92;553.0;14.00;75973;2836.338;-1800.328;1;133;-110;-111.3;43.7;44.0;19;19.4;26.0;0.0;
26/02/2025 18:45:24;100;0;147.38;-4;-19.85;-1.96;555.8;14.00;75967;2836.335;-1800.326;1;133;-110;-111.3;43.7;44.0;22;22.1;26.0;0.0;
26/02/2025 18:45:44;100;0;146.57;-4;-20.04;-0.35;558.7;13.90;75956;2836.333;-1800.324;1;133;-110;-111.3;43.7;44.0;22;22.6;26.0;0.0;
26/02/2025 18:46:04;100;0;145.32;-4;-20.50;-0.51;561.6;13.90;75953;2836.330;-1800.322;1;133;-110;-111.3;43.7;43.9;20;19.9;26.0;0.0;
26/02/2025 18:46:24;100;0;144.69;-4;-20.41;-1.97;564.6;13.90;75952;2836.327;-1800.319;1;133;-110;-111.3;43.7;44.0;20;19.4;26.0;0.0;
26/02/2025 18:46:44;100;0;144.92;-4;-20.11;-1.90;567.7;13.80;75950;2836.324;-1800.317;1;133;-110;-111.3;43.7;44.0;20;19.4;26.0;0.0;
26/02/2025 18:47:04;100;0;143.75;-4;-20.09;-1.96;570.6;13.80;75943;2836.321;-1800.315;1;133;-110;-111.3;43.7;44.0;18;18.1;26.0;0.0;
26/02/2025 18:47:24;100;0;143.18;-4;-19.86;-2.70;573.5;13.80;75955;2836.318;-1800.312;1;133;-110;-111.3;43.7;43.9;18;18.1;26.0;0.0;
26/02/2025 18:47:44;100;0;143.12;-4;-20.03;-2.69;576.5;13.80;75939;2836.316;-1800.310;1;133;-110;-111.3;43.7;44.0;18;18.1;26.0;0.0;
26/02/2025 18:48:04;100;0;142.82;-4;-19.87;-2.66;579.4;13.80;75948;2836.313;-1800.307;1;133;-110;-111.3;43.7;44.0;18;18.1;26.0;0.0;
26/02/2025 18:48:24;100;0;143.37;-4;-19.86;-2.77;582.2;13.70;75928;2836.310;-1800.305;1;133;-110;-111.3;43.7;44.0;18;18.1;26.0;0.0;
26/02/2025 18:48:44;100;0;143.67;-4;-19.78;-2.76;585.1;13.70;75934;2836.307;-1800.303;1;133;-110;-111.3;43.7;44.0;18;18.1;26.0;0.0;
26/02/2025 18:49:04;100;0;144.55;-4;-20.09;-2.70;588.0;13.70;75927;2836.305;-1800.301;1;133;-110;-112.9;43.7;44.0;18;18.1;26.0;0.0;
26/02/2025 18:49:24;100;0;145.46;-4;-19.99;-2.71;590.8;13.70;75925;2836.302;-1800.299;1;133;-110;-111.3;43.7;44.0;20;19.9;26.0;0.0;
26/02/2025 18:49:44;100;0;143.84;-4;-20.15;-1.52;593.6;13.70;75931;2836.299;-1800.296;1;133;-110;-111.3;43.7;44.0;20;19.9;26.0;0.0;
26/02/2025 18:50:04;100;0;140.54;-4;-20.14;-1.56;596.5;13.60;75916;2836.297;-1800.294;1;133;-110;-111.3;43.7;44.0;17;17.1;26.0;0.0;
26/02/2025 18:50:24;100;0;137.25;-4;-19.70;-3.10;599.4;13.60;75915;2836.294;-1800.291;1;133;-110;-111.3;43.7;44.0;17;17.1;26.0;0.0;
26/02/2025 18:50:44;100;0;134.07;-4;-19.92;-3.09;602.1;13.60;75912;2836.292;-1800.289;1;133;-110;-111.3;43.7;44.0;17;17.1;26.0;0.0;
26/02/2025 18:51:04;100;0;131.44;-4;-20.23;-3.11;605.0;13.60;75921;2836.290;-1800.286;1;133;-110;-111.3;43.7;43.9;17;17.1;25.9;0.0;
26/02/2025 18:51:24;100;0;130.94;-4;-20.48;-3.04;607.9;13.60;75908;2836.288;-1800.283;1;133;-110;-111.3;43.7;44.0;17;17.1;26.0;0.0;
26/02/2025 18:51:44;100;0;129.17;-4;-20.14;-3.12;610.7;13.50;75904;2836.285;-1800.280;1;133;-110;-111.3;43.7;44.0;15;14.9;26.0;0.0;
26/02/2025 18:52:04;100;0;126.68;-4;-20.18;-4.34;613.7;13.50;75899;2836.283;-1800.276;1;133;-110;-111.3;43.7;44.0;15;14.9;26.0;0.0;
26/02/2025 18:52:24;100;0;124.33;-4;-19.83;-4.35;616.5;13.50;75891;2836.282;-1800.273;1;133;-110;-111.3;43.7;44.0;13;13.1;26.0;0.0;
26/02/2025 18:52:44;100;0;123.58;-4;-19.74;-5.29;619.2;13.50;75890;2836.280;-1800.270;1;133;-110;-111.3;43.7;44.0;13;12.6;26.0;0.0;
26/02/2025 18:53:04;100;0;122.77;-4;-19.76;-5.33;622.0;13.50;75893;2836.278;-1800.267;1;133;-110;-111.3;43.7;44.0;11;10.8;26.0;0.0;
26/02/2025 18:53:24;100;0;122.19;-4;-19.56;-5.84;624.9;13.50;75883;2836.277;-1800.263;1;133;-110;-111.3;43.7;44.0;11;11.7;26.0;0.0;
26/02/2025 18:53:44;100;0;122.74;-4;-19.57;-5.77;627.6;13.40;75888;2836.275;-1800.260;1;133;-110;-109.7;43.7;44.0;11;11.7;25.9;0.0;
26/02/2025 18:54:04;100;0;121.51;-4;-19.55;-5.85;630.3;13.40;75888;2836.273;-1800.257;1;133;-110;-111.3;43.7;44.0;11;11.7;26.0;0.0;
26/02/2025 18:54:24;100;0;119.92;-4;-19.60;-5.83;633.0;13.40;75878;2836.272;-1800.254;1;133;-110;-111.3;43.7;43.9;8;8.1;25.9;0.0;
26/02/2025 18:54:44;100;0;120.04;-4;-19.48;-7.74;635.7;13.40;75877;2836.270;-1800.251;1;133;-110;-111.3;43.7;44.0;8;7.7;26.0;0.0;
26/02/2025 18:55:04;100;0;121.02;-4;-19.16;-7.80;638.4;13.40;75872;2836.269;-1800.247;1;133;-110;-111.3;43.7;44.0;8;7.7;26.0;0.0;
26/02/2025 18:55:24;100;0;120.69;-4;-19.27;-7.76;641.0;13.30;75862;2836.267;-1800.244;1;133;-110;-111.3;43.7;44.0;8;7.7;26.0;0.0;
26/02/2025 18:55:44;100;0;120.09;-4;-19.34;-7.75;643.7;13.30;75868;2836.266;-1800.241;1;133;-110;-111.3;43.7;44.0;8;7.7;26.0;0.0;
26/02/2025 18:56:04;100;0;118.96;-4;-19.59;-7.77;646.5;13.30;75856;2836.264;-1800.237;1;133;-110;-112.9;43.7;44.0;6;5.9;26.0;0.0;
26/02/2025 18:56:24;100;0;119.26;-4;-19.60;-9.00;649.2;13.30;75864;2836.263;-1800.234;1;133;-110;-109.7;43.7;44.0;6;5.4;26.0;0.0;
26/02/2025 18:56:44;100;0;118.95;-4;-19.43;-8.91;652.1;13.30;75856;2836.261;-1800.230;1;133;-110;-111.3;43.7;44.0;6;5.4;26.0;0.0;
26/02/2025 18:57:04;100;0;121.61;-4;-19.16;-8.95;654.8;13.30;75846;2836.259;-1800.227;1;133;-110;-111.3;43.7;43.9;10;9.9;26.0;0.0;
26/02/2025 18:57:24;100;0;125.98;-4;-19.28;-6.39;657.7;13.20;75840;2836.257;-1800.224;1;133;-110;-111.3;43.7;44.0;13;13.5;26.0;0.0;
26/02/2025 18:57:44;100;0;127.47;-4;-19.40;-4.79;660.3;13.20;75832;2836.255;-1800.221;1;133;-110;-111.3;43.7;44.0;13;13.5;26.0;0.0;
26/02/2025 18:58:04;100;0;129.29;-4;-19.43;-4.77;663.1;13.20;75831;2836.253;-1800.218;1;133;-110;-111.3;43.7;44.0;15;14.9;26.0;0.0;
26/02/2025 18:58:24;100;0;130.43;-4;-19.43;-4.16;665.8;13.20;75831;2836.251;-1800.215;1;133;-110;-112.9;43.7;44.0;15;14.9;26.0;0.0;
26/02/2025 18:58:44;100;0;133.08;-4;-18.86;-4.28;668.5;13.10;75833;2836.249;-1800.212;1;133;-110;-111.3;44.0;44.0;15;14.9;26.0;0.0;
26/02/2025 18:59:04;100;0;135.07;-4;-19.41;-4.15;671.3;13.10;75838;2836.247;-1800.209;1;133;-110;-111.3;44.0;44.0;15;14.9;26.0;0.0;
26/02/2025 18:59:24;100;0;137.48;-4;-19.53;-4.13;673.9;13.10;75828;2836.244;-1800.207;1;133;-110;-111.3;44.0;44.0;15;14.9;26.0;0.0;
26/02/2025 18:59:44;100;0;139.86;-4;-19.29;-4.18;676.6;13.10;75818;2836.242;-1800.205;1;133;-110;-111.3;44.0;44.0;15;14.9;26.0;0.0;
26/02/2025 19:00:04;100;0;141.59;-4;-19.27;-4.16;679.4;13.10;75816;2836.239;-1800.202;1;133;-110;-111.3;44.0;44.0;17;17.6;26.0;0.0;
26/02/2025 19:00:24;100;0;140.42;-4;-19.30;-2.89;682.1;13.10;75806;2836.237;-1800.200;1;133;-110;-109.7;44.0;44.0;17;17.6;26.0;0.0;
26/02/2025 19:00:44;100;0;142.58;-4;-19.30;-2.81;684.7;13.00;75804;2836.234;-1800.198;1;133;-110;-109.7;44.0;44.0;17;17.6;26.0;0.0;
26/02/2025 19:01:04;100;0;143.84;-4;-19.13;-2.85;687.4;13.00;75804;2836.231;-1800.195;1;133;-110;-111.3;44.0;44.0;17;17.6;26.0;0.0;
26/02/2025 19:01:24;100;0;141.77;-4;-19.26;-2.85;690.2;13.00;75794;2836.229;-1800.193;1;133;-110;-111.3;44.0;44.0;17;17.6;26.0;0.0;
26/02/2025 19:01:44;100;0;138.73;-4;-19.25;-2.82;692.7;13.00;75785;2836.227;-1800.191;1;133;-110;-111.3;44.0;44.0;17;17.6;26.0;0.0;
26/02/2025 19:02:05;100;0;135.49;-4;-19.54;-2.82;695.3;13.00;75784;2836.224;-1800.188;1;133;-110;-111.3;44.0;44.0;15;14.9;25.9;0.0;
26/02/2025 19:02:25;100;0;132.69;-4;-19.59;-4.35;698.1;13.00;75778;2836.222;-1800.185;1;133;-110;-111.3;44.0;44.0;15;14.9;26.0;0.0;
26/02/2025 19:02:45;100;0;131.74;-4;-19.42;-4.30;700.6;12.90;75774;2836.220;-1800.183;1;133;-110;-112.9;44.0;44.0;15;14.4;26.0;0.0;
26/02/2025 19:03:05;100;0;131.64;-4;-19.43;-4.30;703.2;12.90;75766;2836.218;-1800.180;1;133;-110;-111.3;44.0;44.0;15;14.9;26.0;0.0;
26/02/2025 19:03:25;100;0;132.92;-4;-19.36;-4.29;705.7;12.90;75748;2836.216;-1800.177;1;133;-110;-111.3;44.0;44.0;15;14.4;26.0;0.0;
26/02/2025 19:03:45;100;0;134.39;-4;-19.25;-4.30;708.3;12.90;75747;2836.214;-1800.175;1;133;-110;-109.7;44.0;44.0;15;14.4;26.0;0.0;
26/02/2025 19:04:05;100;0;135.57;-4;-19.27;-4.34;710.8;12.80;75743;2836.212;-1800.172;1;133;-110;-111.3;44.0;44.0;15;14.4;26.0;0.0;
26/02/2025 19:04:25;100;0;133.48;-4;-19.42;-4.32;713.2;12.80;75738;2836.210;-1800.170;1;133;-110;-111.3;44.0;44.0;15;14.4;26.0;0.0;
26/02/2025 19:04:45;100;0;132.12;-4;-19.52;-4.37;715.7;12.80;75726;2836.208;-1800.167;1;133;-110;-109.7;44.0;44.0;15;14.4;26.0;0.0;
26/02/2025 19:05:05;100;0;130.43;-4;-19.37;-4.33;718.2;12.80;75732;2836.206;-1800.165;1;133;-110;-112.9;44.0;44.0;15;14.9;25.9;0.0;
26/02/2025 19:05:25;100;0;128.53;-4;-19.38;-4.32;720.6;12.80;75716;2836.204;-1800.162;1;133;-110;-111.3;44.0;43.9;15;14.4;26.0;0.0;
26/02/2025 19:05:45;100;0;125.53;-4;-19.44;-4.35;722.9;12.70;75715;2836.203;-1800.159;1;133;-110;-111.3;44.0;44.0;13;13.1;26.0;0.0;
26/02/2025 19:06:05;100;0;122.06;-4;-18.82;-5.35;725.5;12.70;75712;2836.201;-1800.156;1;133;-110;-111.3;44.4;44.6;10;9.9;26.0;0.0;
26/02/2025 19:06:25;100;0;125.71;-4;-19.61;-6.78;727.9;12.70;75694;2836.200;-1800.154;1;133;-110;-111.3;44.4;44.6;13;13.1;26.0;0.0;
26/02/2025 19:06:45;100;0;127.87;-4;-20.01;-4.85;730.5;12.70;75677;2836.198;-1800.151;1;133;-110;-111.3;44.4;44.6;13;13.5;26.0;0.0;
26/02/2025 19:07:05;100;0;129.32;-4;-20.02;-4.90;732.8;12.60;75684;2836.196;-1800.149;1;133;-110;-112.9;44.4;44.5;15;14.9;26.0;0.0;
26/02/2025 19:07:25;100;0;130.54;-4;-20.14;-3.99;735.3;12.60;75673;2836.194;-1800.146;1;133;-110;-111.3;44.4;44.6;15;15.3;26.0;0.0;
26/02/2025 19:07:45;100;0;130.50;-4;-20.25;-3.99;737.7;12.60;75677;2836.193;-1800.144;1;133;-110;-111.3;44.4;44.6;15;15.3;26.0;0.0;
26/02/2025 19:08:05;100;0;131.38;-4;-20.33;-3.97;740.1;12.60;75670;2836.191;-1800.141;1;133;-110;-111.3;44.4;44.6;15;15.3;26.0;0.0;
26/02/2025 19:08:25;100;0;132.86;-4;-20.42;-4.00;742.7;12.60;75658;2836.189;-1800.139;1;133;-110;-111.3;44.4;44.5;15;15.3;26.0;0.0;
26/02/2025 19:08:45;100;0;134.27;-4;-20.43;-3.98;745.1;12.50;75660;2836.187;-1800.136;1;133;-110;-111.3;44.4;44.6;15;15.3;26.0;0.0;
26/02/2025 19:09:05;100;0;135.79;-4;-20.40;-3.95;747.6;12.50;75657;2836.185;-1800.134;1;133;-110;-111.3;44.4;44.6;15;15.3;26.0;0.0;
26/02/2025 19:09:25;100;0;138.10;-4;-20.45;-3.97;750.2;12.50;75652;2836.183;-1800.132;1;133;-110;-111.3;44.4;44.6;15;15.3;26.0;0.0;
26/02/2025 19:09:45;100;0;141.26;-4;-20.22;-4.00;752.8;12.50;75649;2836.180;-1800.129;1;133;-110;-112.9;44.4;44.6;15;15.3;26.0;0.0;
26/02/2025 19:10:05;100;0;144.21;-4;-20.38;-4.00;755.3;12.40;75636;2836.178;-1800.127;1;133;-110;-111.3;44.4;44.5;18;18.1;26.0;0.0;
26/02/2025 19:10:25;100;0;145.44;-4;-20.50;-2.44;757.9;12.40;75637;2836.175;-1800.126;1;133;-110;-111.3;44.4;44.6;20;20.3;26.0;0.0;
26/02/2025 19:10:45;100;0;144.32;-4;-20.34;-1.35;760.5;12.40;75629;2836.173;-1800.124;1;133;-110;-111.3;44.4;44.6;20;20.8;26.0;0.0;
26/02/2025 19:11:05;100;0;143.23;-4;-20.48;-1.41;762.7;12.40;75626;2836.171;-1800.122;1;133;-110;-111.3;44.4;44.6;18;18.1;26.0;0.0;
26/02/2025 19:11:25;100;0;143.23;-4;-20.47;-2.99;765.2;12.30;75599;2836.168;-1800.120;1;133;-110;-111.3;44.4;44.6;18;17.6;26.0;0.0;
26/02/2025 19:11:45;100;0;140.18;-4;-20.00;-2.97;767.6;12.30;75608;2836.166;-1800.118;1;133;-110;-111.3;44.4;44.6;16;15.8;25.9;0.0;
26/02/2025 19:12:05;100;0;137.67;-4;-20.51;-3.81;770.1;12.30;75598;2836.164;-1800.116;1;133;-110;-111.3;44.4;44.6;16;15.8;26.0;0.0;
26/02/2025 19:12:25;100;0;136.24;-4;-20.46;-3.87;772.5;12.30;75602;2836.162;-1800.113;1;133;-110;-111.3;44.4;44.5;16;15.3;26.0;0.0;
26/02/2025 19:12:45;100;0;135.60;-4;-20.38;-3.85;774.9;12.30;75595;2836.160;-1800.111;1;133;-110;-112.9;44.4;44.5;16;15.8;26.0;0.0;
26/02/2025 19:13:05;100;0;133.50;-4;-20.53;-3.93;777.3;12.30;75587;2836.159;-1800.109;1;133;-110;-112.9;44.4;44.6;16;15.8;26.0;0.0;
26/02/2025 19:13:25;100;0;133.27;-4;-20.15;-3.95;779.7;12.20;75575;2836.157;-1800.107;1;133;-110;-111.3;44.4;44.5;16;15.8;26.0;0.0;
26/02/2025 19:13:45;100;0;132.59;-4;-20.42;-3.80;782.0;12.20;75569;2836.155;-1800.104;1;133;-110;-111.3;44.4;44.5;16;15.8;26.0;0.0;
26/02/2025 19:14:05;100;0;131.38;-4;-20.20;-3.87;784.3;12.20;75569;2836.153;-1800.102;1;133;-110;-111.3;44.4;44.6;16;15.8;26.0;0.0;
26/02/2025 19:14:25;100;0;128.64;-4;-20.15;-3.85;786.8;12.10;75559;2836.151;-1800.099;1;133;-110;-111.3;44.4;44.6;16;15.3;26.0;0.0;
26/02/2025 19:14:45;100;0;128.06;-4;-20.04;-3.82;789.1;12.10;75568;2836.150;-1800.097;1;133;-110;-111.3;44.4;44.6;16;15.8;26.0;0.0;
26/02/2025 19:15:05;100;0;125.71;-4;-20.02;-3.96;791.7;12.10;75548;2836.148;-1800.094;1;133;-110;-111.3;44.4;44.6;13;13.1;26.0;0.0;
26/02/2025 19:15:25;100;0;124.33;-4;-20.21;-5.39;794.1;12.10;75554;2836.147;-1800.091;1;133;-110;-114.5;44.4;44.5;13;12.6;26.0;0.0;
26/02/2025 19:15:45;100;0;121.99;-4;-19.99;-5.38;796.6;12.00;75547;2836.145;-1800.088;1;133;-110;-111.3;44.4;44.6;10;9.9;26.0;0.0;
26/02/2025 19:16:05;100;0;121.81;-4;-19.84;-6.79;799.2;12.00;75537;2836.144;-1800.085;1;133;-110;-111.3;44.4;44.6;10;9.9;26.0;0.0;
26/02/2025 19:16:25;100;0;123.07;-4;-19.84;-6.79;801.7;12.00;75540;2836.142;-1800.082;1;133;-110;-111.3;44.4;44.6;10;9.9;26.0;0.0;
26/02/2025 19:16:45;100;0;124.51;-4;-19.91;-6.83;804.3;12.00;75536;2836.141;-1800.080;1;133;-110;-111.3;44.4;44.5;12;12.2;26.0;0.0;
26/02/2025 19:17:05;100;0;126.99;-4;-19.93;-5.34;806.8;12.00;75531;2836.139;-1800.077;1;133;-110;-111.3;44.4;44.5;14;14.0;26.0;0.0;
26/02/2025 19:17:25;100;0;129.25;-4;-20.00;-4.54;809.4;11.90;75517;2836.137;-1800.074;1;133;-110;-111.3;44.4;44.6;14;14.4;26.0;0.0;
26/02/2025 19:17:45;100;0;130.45;-4;-20.20;-4.52;811.8;11.90;75529;2836.135;-1800.072;1;133;-110;-111.3;44.4;44.6;14;14.0;26.0;0.0;
26/02/2025 19:18:05;100;0;129.00;-4;-19.95;-4.52;814.2;11.90;75508;2836.133;-1800.069;1;133;-110;-111.3;44.4;44.6;14;14.4;26.0;0.0;
26/02/2025 19:18:25;100;0;131.59;-4;-19.85;-4.41;816.7;11.90;75509;2836.132;-1800.067;1;133;-110;-112.9;44.4;44.6;14;14.4;26.0;0.0;
26/02/2025 19:18:45;100;0;132.69;-4;-19.88;-4.58;819.0;11.90;75505;2836.130;-1800.064;1;133;-110;-111.3;44.4;44.6;14;14.4;26.0;0.0;
26/02/2025 19:19:05;100;0;134.72;-4;-20.10;-4.55;821.4;11.80;75492;2836.128;-1800.062;1;133;-110;-111.3;44.4;44.6;14;14.4;26.0;0.0;
26/02/2025 19:19:25;100;0;136.12;-4;-20.14;-4.57;823.7;11.80;75485;2836.126;-1800.060;1;133;-110;-111.3;44.4;44.6;14;14.4;26.0;0.0;
26/02/2025 19:19:45;100;0;137.87;-4;-20.27;-4.56;826.3;11.80;75486;2836.124;-1800.058;1;133;-110;-111.3;44.4;44.6;14;14.4;26.0;0.0;
26/02/2025 19:20:05;100;0;139.07;-4;-20.28;-4.52;828.9;11.80;75472;2836.122;-1800.055;1;133;-110;-111.3;44.4;44.6;14;14.4;26.0;0.0;
26/02/2025 19:20:25;100;0;140.06;-4;-20.26;-4.51;831.4;11.70;75470;2836.119;-1800.053;1;133;-110;-111.3;44.4;44.5;16;16.2;26.0;0.0;
26/02/2025 19:20:45;100;0;140.76;-4;-20.24;-3.39;834.1;11.70;75465;2836.117;-1800.051;1;133;-110;-111.3;44.4;44.6;16;16.2;26.0;0.0;
26/02/2025 19:21:05;100;0;140.78;-4;-20.33;-3.48;836.7;11.70;75456;2836.114;-1800.049;1;133;-110;-112.9;44.4;44.6;16;16.2;26.0;0.0;
26/02/2025 19:21:25;100;0;141.13;-4;-20.23;-3.43;839.3;11.70;75459;2836.112;-1800.047;1;133;-110;-111.3;44.4;44.5;16;16.2;26.0;0.0;
26/02/2025 19:21:45;100;0;140.64;-4;-20.19;-3.42;841.9;11.70;75449;2836.110;-1800.044;1;133;-110;-111.3;44.4;44.6;16;16.7;26.0;0.0;
26/02/2025 19:22:05;100;0;139.08;-4;-20.25;-3.50;844.5;11.60;75438;2836.107;-1800.042;1;133;-110;-112.9;44.4;44.6;16;16.2;26.0;0.0;
26/02/2025 19:22:25;100;0;140.55;-4;-20.03;-3.48;847.3;11.60;75433;2836.105;-1800.040;1;133;-110;-111.3;44.4;44.6;16;16.2;26.0;0.0;
26/02/2025 19:22:45;100;0;141.55;-4;-20.02;-3.51;849.8;11.60;75431;2836.103;-1800.038;1;133;-110;-111.3;44.4;44.6;16;16.2;26.0;0.0;
26/02/2025 19:23:05;100;0;143.33;-4;-19.55;-3.48;852.4;11.60;75418;2836.100;-1800.035;1;133;-110;-112.9;44.4;44.6;18;18.1;26.0;0.0;
26/02/2025 19:23:25;100;0;140.69;-4;-20.49;-2.34;855.0;11.50;75408;2836.098;-1800.033;1;133;-110;-111.3;44.4;44.6;16;15.8;26.0;0.0;
26/02/2025 19:23:45;100;0;139.40;-4;-20.62;-3.94;857.6;11.50;75399;2836.096;-1800.031;1;133;-110;-114.5;44.4;44.6;16;15.8;26.0;0.0;
26/02/2025 19:24:05;100;0;135.53;-4;-20.79;-4.05;860.2;11.50;75402;2836.094;-1800.029;1;133;-110;-111.3;44.4;44.6;16;15.3;26.0;0.0;
26/02/2025 19:24:25;100;0;134.38;-4;-20.39;-3.62;862.9;11.50;75404;2836.091;-1800.026;1;133;-110;-111.3;44.4;44.6;16;15.8;26.0;0.0;
26/02/2025 19:24:45;100;0;132.04;-4;-19.73;-3.80;865.6;11.40;75402;2836.089;-1800.023;1;133;-110;-111.3;44.4;44.6;16;15.8;26.0;0.0;
26/02/2025 19:25:05;100;0;128.79;-4;-20.04;-3.89;868.3;11.40;75396;2836.087;-1800.021;1;133;-110;-111.3;44.4;44.5;16;15.8;26.0;0.0;
26/02/2025 19:25:25;100;0;126.38;-4;-20.02;-3.89;870.8;11.40;75394;2836.086;-1800.018;1;133;-110;-111.3;44.4;44.6;14;14.0;26.0;0.0;
26/02/2025 19:25:45;100;0;125.21;-4;-19.67;-4.94;873.5;11.40;75390;2836.084;-1800.015;1;133;-110;-111.3;44.4;44.6;14;14.0;26.0;0.0;
26/02/2025 19:26:05;100;0;126.75;-4;-19.81;-4.88;876.1;11.30;75380;2836.082;-1800.012;1;133;-110;-111.3;44.4;44.5;14;13.5;26.0;0.0;
26/02/2025 19:26:25;100;0;127.64;-4;-19.99;-4.96;878.8;11.30;75383;2836.080;-1800.009;1;133;-110;-111.3;44.4;44.6;14;14.0;26.0;0.0;
26/02/2025 19:26:45;100;0;128.07;-4;-19.91;-4.94;881.4;11.30;75374;2836.079;-1800.006;1;133;-110;-109.7;44.4;44.6;14;14.0;26.0;0.0;
26/02/2025 19:27:05;100;0;128.05;-4;-19.94;-4.82;884.2;11.30;75374;2836.077;-1800.003;1;133;-110;-111.3;44.4;44.6;14;13.5;26.0;0.0;
26/02/2025 19:27:25;100;0;128.89;-4;-19.91;-4.83;887.0;11.20;75365;2836.075;-1800.000;1;133;-110;-111.3;44.4;44.5;14;14.0;26.0;0.0;
26/02/2025 19:27:45;100;0;127.86;-4;-19.85;-4.86;889.8;11.20;75366;2836.073;-1759.997;1;133;-110;-111.3;44.4;44.6;14;13.5;26.0;0.0;
26/02/2025 19:28:05;100;0;128.31;-4;-19.83;-4.82;892.4;11.20;75353;2836.071;-1759.995;1;133;-110;-111.3;44.4;44.5;14;14.0;26.0;0.0;
26/02/2025 19:28:25;100;0;129.54;-4;-19.62;-4.85;895.3;11.20;75349;2836.069;-1759.991;1;133;-110;-111.3;44.4;44.6;14;14.0;26.0;0.0;
26/02/2025 19:28:45;100;0;131.93;-4;-19.22;-5.01;897.9;11.20;75345;2836.067;-1759.989;1;133;-110;-112.9;44.4;44.6;14;13.5;26.0;0.0;
26/02/2025 19:29:05;100;0;135.15;-4;-19.71;-4.86;900.5;11.10;75340;2836.064;-1759.986;1;133;-110;-109.7;44.4;44.6;14;13.5;26.0;0.0;
26/02/2025 19:29:25;100;0;135.21;-4;-19.84;-4.85;903.0;11.10;75330;2836.062;-1759.984;1;133;-110;-111.3;44.4;44.5;14;14.0;25.9;0.0;
26/02/2025 19:29:45;100;0;135.62;-4;-19.58;-4.85;905.7;11.10;75328;2836.060;-1759.981;1;133;-110;-111.3;44.4;44.5;14;13.5;26.0;0.0;
26/02/2025 19:30:05;100;0;137.24;-4;-19.64;-4.87;908.3;11.10;75330;2836.058;-1759.979;1;133;-110;-111.3;44.4;44.6;14;13.5;26.0;0.0;
26/02/2025 19:30:25;100;0;138.80;-4;-19.56;-4.84;911.0;11.10;75322;2836.056;-1759.977;1;133;-110;-111.3;44.4;44.6;14;13.5;26.0;0.0;
26/02/2025 19:30:45;100;0;137.99;-4;-19.47;-4.93;913.7;11.00;75312;2836.053;-1759.974;1;133;-110;-111.3;44.4;44.6;14;14.0;26.0;0.0;
26/02/2025 19:31:05;100;0;138.99;-4;-19.48;-4.80;916.1;11.00;75313;2836.051;-1759.972;1;133;-110;-111.3;44.4;44.6;16;15.8;26.0;0.0;
26/02/2025 19:31:25;100;0;137.56;-4;-19.48;-3.59;918.7;11.00;75306;2836.049;-1759.969;1;133;-110;-111.3;44.4;44.6;16;16.2;26.0;0.0;
26/02/2025 19:31:45;100;0;136.01;-4;-19.47;-3.55;921.1;11.00;75296;2836.047;-1759.967;1;133;-110;-111.3;44.4;44.6;16;16.2;25.9;0.0;
26/02/2025 19:32:05;100;0;135.35;-4;-19.58;-3.54;923.4;10.90;75294;2836.045;-1759.965;1;133;-110;-111.3;44.4;44.6;16;16.2;26.0;0.0;
26/02/2025 19:32:25;100;0;134.73;-4;-19.54;-3.54;925.9;11.00;75294;2836.043;-1759.962;1;133;-110;-111.3;44.4;44.6;16;16.2;26.0;0.0;
26/02/2025 19:32:45;100;0;134.95;-4;-19.57;-3.53;928.3;10.90;75283;2836.041;-1759.960;1;133;-110;-109.7;44.4;44.6;16;16.2;26.0;0.0;
26/02/2025 19:33:05;100;0;135.05;-4;-19.65;-3.51;930.9;10.90;75289;2836.039;-1759.958;1;133;-110;-111.3;44.4;44.6;16;16.2;26.0;0.0;
26/02/2025 19:33:25;100;0;136.06;-4;-19.69;-3.49;933.4;10.90;75282;2836.037;-1759.955;1;133;-110;-111.3;44.4;44.6;16;16.2;25.9;0.0;
26/02/2025 19:33:45;100;0;136.08;-4;-19.29;-3.51;935.8;10.90;75276;2836.035;-1759.953;1;133;-110;-111.3;44.4;44.5;16;16.2;26.0;0.0;
26/02/2025 19:34:05;100;0;135.13;-4;-19.50;-3.62;938.3;10.80;75275;2836.033;-1759.951;1;133;-110;-111.3;44.4;44.6;16;16.2;26.0;0.0;
26/02/2025 19:34:25;100;0;134.76;-4;-19.62;-3.47;940.7;10.80;75273;2836.031;-1759.948;1;133;-110;-112.9;44.4;44.6;16;16.2;25.9;0.0;
26/02/2025 19:34:45;100;0;134.32;-4;-19.43;-3.55;943.4;10.80;75258;2836.028;-1759.946;1;133;-110;-111.3;44.4;44.6;16;16.2;26.0;0.0;
26/02/2025 19:35:05;100;0;133.23;-4;-19.72;-3.51;945.8;10.80;75254;2836.026;-1759.943;1;133;-110;-109.7;44.4;44.6;16;16.2;26.0;0.0;
26/02/2025 19:35:25;100;0;131.50;-4;-19.74;-3.52;948.3;10.80;75263;2836.025;-1759.941;1;133;-110;-111.3;44.4;44.5;16;16.2;26.0;0.0;
26/02/2025 19:35:45;100;0;133.61;-4;-19.77;-3.54;950.8;10.70;75245;2836.023;-1759.938;1;133;-110;-111.3;44.4;44.6;16;16.2;26.0;0.0;
26/02/2025 19:36:05;100;0;136.62;-4;-19.07;-3.65;953.4;10.70;75238;2836.020;-1759.936;1;133;-110;-111.3;44.4;44.5;16;16.2;26.0;0.0;
26/02/2025 19:36:25;100;0;140.45;-4;-19.21;-3.22;956.0;10.70;75240;2836.018;-1759.934;1;133;-110;-111.3;44.4;44.6;16;16.2;26.0;0.0;
26/02/2025 19:36:46;100;0;138.58;-4;-18.29;-3.54;958.3;10.70;75243;2836.016;-1759.931;1;133;-110;-111.3;44.9;44.9;16;16.2;26.0;0.0;
26/02/2025 19:37:06;100;0;138.89;-4;-21.17;-3.64;960.7;10.60;75225;2836.014;-1759.929;1;133;-110;-111.3;44.9;45.1;16;16.2;26.0;0.0;
26/02/2025 19:37:26;100;0;140.32;-4;-20.51;-3.55;963.4;10.60;75229;2836.011;-1759.927;1;133;-110;-109.7;44.9;45.1;16;16.2;26.0;0.0;
26/02/2025 19:37:46;100;0;138.19;-4;-20.25;-3.45;966.0;10.60;75219;2836.009;-1759.925;1;133;-110;-114.5;44.9;45.2;16;16.2;26.0;0.0;
26/02/2025 19:38:06;100;0;138.38;-4;-18.69;-3.53;968.4;10.60;75214;2836.007;-1759.923;1;133;-110;-111.3;45.3;45.5;16;16.2;26.0;0.0;
26/02/2025 19:38:26;100;0;135.82;-4;-20.22;-3.44;970.6;10.60;75213;2836.005;-1759.921;1;133;-110;-111.3;45.3;45.7;16;16.2;26.0;0.0;
26/02/2025 19:38:46;100;0;137.28;-4;-22.25;-3.48;972.7;10.50;75212;2836.004;-1759.919;1;133;-110;-111.3;44.6;44.6;16;16.7;25.9;0.0;
26/02/2025 19:39:06;100;0;136.29;-4;-21.10;-3.77;975.0;10.50;75199;2836.002;-1759.917;1;133;-110;-111.3;44.6;44.5;16;16.2;26.0;0.0;
26/02/2025 19:39:26;100;0;130.56;-4;-20.27;-3.20;977.4;10.50;75205;2836.000;-1759.914;1;133;-110;-111.3;44.6;44.5;16;16.2;26.0;0.0;
26/02/2025 19:39:46;100;0;131.98;-4;-18.07;-3.52;979.8;10.50;75205;2835.998;-1759.912;1;133;-110;-111.3;45.2;45.2;16;16.2;26.0;0.0;
26/02/2025 19:40:06;100;0;135.03;-4;-21.75;-3.53;981.8;10.50;75196;2835.997;-1759.910;1;133;-110;-111.3;45.2;45.5;16;16.2;26.0;0.0;
26/02/2025 19:40:26;100;0;136.45;-4;-20.92;-3.62;984.2;10.40;75200;2835.995;-1759.908;1;133;-110;-111.3;45.2;45.4;16;16.2;25.9;0.0;
26/02/2025 19:40:46;100;0;130.44;-4;-21.25;-3.56;986.6;10.40;75200;2835.993;-1759.906;1;133;-110;-111.3;45.2;45.5;16;16.2;26.0;0.0;
26/02/2025 19:41:06;100;0;128.30;-4;-21.43;-3.64;988.6;10.40;75193;2835.992;-1759.904;1;133;-110;-111.3;45.2;45.5;16;16.2;26.0;0.0;
26/02/2025 19:41:26;100;0;128.62;-4;-21.08;-3.37;990.9;10.40;75186;2835.990;-1759.901;1;133;-110;-111.3;45.2;45.5;16;16.2;25.9;0.0;
26/02/2025 19:41:46;100;0;128.04;-4;-21.47;-3.36;993.1;10.40;75187;2835.989;-1759.899;1;133;-110;-111.3;45.2;45.5;16;16.2;26.0;0.0;
26/02/2025 19:42:06;100;0;128.07;-4;-20.87;-3.40;995.0;10.30;75186;2835.988;-1759.897;1;133;-130;-132.3;45.2;45.4;14;14.0;26.0;0.0;
26/02/2025 19:42:26;100;0;127.62;-4;-20.43;-5.05;996.9;10.30;75228;2835.986;-1759.895;1;133;-150;-151.6;45.2;45.5;14;13.5;26.0;0.0;
26/02/2025 19:42:45;118;0;129.15;-4;-20.61;-4.75;998.9;10.30;75262;2835.985;-1759.893;1;133;450;-150.0;21.6;21.6;7;7.2;26.0;0.0;
26/02/2025 19:42:55;118;0;110.35;-4;-6.15;-8.77;999.7;10.30;75262;2835.985;-1759.892;1;133;450;-24.2;21.6;21.5;7;7.2;24.6;-1.0;
26/02/2025 19:43:05;118;0;96.10;-4;18.01;-8.72;999.4;10.30;74985;2835.985;-1759.892;1;133;450;100.0;21.6;21.6;7;7.2;24.6;-1.0;
26/02/2025 19:43:15;118;0;90.27;-4;27.19;-8.73;998.5;10.30;74727;2835.985;-1759.891;1;133;450;224.2;21.6;21.8;7;6.8;24.6;-1.0;
26/02/2025 19:43:25;118;0;89.32;-4;28.95;-8.67;997.3;10.30;74477;2835.985;-1759.890;1;133;450;346.8;21.6;21.8;7;6.8;24.5;-1.0;
26/02/2025 19:43:35;118;0;90.24;-4;26.56;-8.39;996.0;10.30;74232;2835.985;-1759.888;1;133;450;451.6;21.6;21.8;7;7.2;24.5;-1.0;
26/02/2025 19:43:45;118;0;125.38;-4;24.19;-7.74;994.2;10.30;74019;2835.984;-1759.886;1;133;450;451.6;21.6;21.6;7;7.2;25.9;-1.0;
26/02/2025 19:43:55;118;0;123.61;-4;22.40;-7.56;992.7;10.40;74023;2835.983;-1759.885;1;133;450;451.6;21.6;21.8;7;7.2;25.9;-1.0;
26/02/2025 19:44:15;117;0;117.39;-4;20.12;-7.86;989.6;10.40;74035;2835.982;-1759.881;1;133;450;451.6;21.6;21.8;7;7.2;25.9;-1.0;
26/02/2025 19:44:35;117;0;107.03;-4;19.79;-7.85;986.6;10.40;74030;2835.981;-1759.877;1;133;450;451.6;21.6;21.8;57;56.9;25.9;-1.0;
26/02/2025 19:44:55;117;0;114.57;-4;22.17;18.14;983.4;10.50;74028;2835.979;-1759.873;1;133;450;451.6;22.3;22.5;44;44.2;25.9;-1.0;
26/02/2025 19:45:15;117;0;122.15;-4;22.15;11.38;979.6;10.50;74034;2835.977;-1759.869;1;133;450;451.6;22.9;23.0;33;32.9;25.9;-1.0;
26/02/2025 19:45:35;117;0;124.93;-4;20.83;5.48;975.9;10.50;74027;2835.975;-1759.865;1;133;450;451.6;22.9;23.0;31;31.1;25.9;-1.0;
26/02/2025 19:45:55;117;0;126.98;-4;20.19;4.35;972.5;10.50;74028;2835.973;-1759.861;1;133;450;451.6;22.9;23.1;31;30.7;25.9;-1.0;
26/02/2025 19:46:15;117;0;127.81;-4;20.18;4.41;969.3;10.50;74025;2835.970;-1759.858;1;133;450;453.2;22.9;23.1;29;28.4;26.0;-1.0;
26/02/2025 19:46:35;117;0;126.46;-4;19.72;3.09;966.1;10.40;74016;2835.968;-1759.854;1;133;450;451.6;22.9;23.0;29;28.4;26.0;-1.0;
26/02/2025 19:46:55;117;0;126.36;-4;19.94;3.18;962.9;10.40;74022;2835.966;-1759.851;1;133;450;450.0;22.9;23.1;29;28.4;26.0;-1.0;
26/02/2025 19:47:15;117;0;127.09;-4;20.54;2.94;959.5;10.40;74006;2835.963;-1759.847;1;133;450;450.0;22.9;23.1;29;28.4;26.0;-1.0;
26/02/2025 19:47:35;117;0;125.77;-4;19.62;3.25;956.0;10.40;74008;2835.961;-1759.843;1;133;450;451.6;22.9;23.1;31;31.1;25.9;-1.0;
26/02/2025 19:47:55;117;0;127.91;-4;19.54;4.99;952.6;10.40;74003;2835.959;-1759.839;1;133;450;451.6;22.9;23.1;31;31.6;26.0;-1.0;
26/02/2025 19:48:15;117;0;129.31;-4;20.40;4.89;949.2;10.40;74001;2835.956;-1759.836;1;133;450;453.2;22.9;23.1;29;28.9;26.0;-1.0;
26/02/2025 19:48:35;117;0;130.90;-4;19.84;3.32;945.6;10.40;74003;2835.953;-1759.832;1;133;450;453.2;22.9;23.1;29;28.4;26.0;-1.0;
26/02/2025 19:48:55;117;0;131.53;-4;19.29;3.37;942.3;10.30;73991;2835.951;-1759.829;1;133;450;453.2;22.9;23.1;29;28.4;26.0;-1.0;
26/02/2025 19:49:15;117;0;131.76;-4;19.16;3.24;939.2;10.30;73998;2835.948;-1759.825;1;133;450;453.2;22.9;23.1;29;28.4;25.9;-1.0;
26/02/2025 19:49:35;117;0;131.93;-4;19.88;3.31;936.0;10.30;73998;2835.946;-1759.822;1;133;450;451.6;22.9;23.0;29;28.4;26.0;-1.0;
26/02/2025 19:49:55;117;0;132.42;-4;19.41;3.37;932.7;10.30;73996;2835.943;-1759.818;1;133;450;451.6;22.9;23.1;29;28.4;26.0;-1.0;
26/02/2025 19:50:15;117;0;133.61;-4;19.73;3.19;929.9;10.30;73981;2835.941;-1759.816;1;133;450;451.6;22.9;23.1;29;28.4;26.0;-1.0;
26/02/2025 19:50:35;117;0;134.33;-4;19.66;3.28;926.5;10.30;73991;2835.938;-1759.812;1;133;450;451.6;22.9;23.1;29;28.4;26.0;-1.0;
26/02/2025 19:50:55;117;0;135.96;-4;19.48;3.26;923.4;10.20;73988;2835.935;-1759.809;1;133;450;450.0;22.9;23.1;29;28.4;26.0;-1.0;
26/02/2025 19:51:15;117;0;134.23;-4;19.72;3.36;920.2;10.20;73996;2835.933;-1759.806;1;133;450;451.6;22.9;23.1;29;28.4;26.0;-1.0;
26/02/2025 19:51:35;117;0;133.74;-4;19.53;3.32;916.9;10.20;74002;2835.930;-1759.803;1;133;450;451.6;22.9;23.0;29;28.4;26.0;-1.0;
26/02/2025 19:51:55;117;0;134.32;-4;19.27;3.18;913.6;10.20;73992;2835.927;-1759.799;1;133;450;451.6;22.9;23.1;29;28.4;26.0;-1.0;
26/02/2025 19:52:15;117;0;134.69;-4;19.45;3.26;910.3;10.20;73989;2835.924;-1759.796;1;133;450;451.6;22.9;23.0;29;28.4;26.0;-1.0;
26/02/2025 19:52:35;117;0;134.15;-4;19.68;3.15;907.0;10.20;73994;2835.922;-1759.793;1;133;450;453.2;22.9;23.1;29;28.4;26.0;-1.0;
26/02/2025 19:52:55;117;0;134.10;-4;19.41;3.31;903.7;10.20;73991;2835.919;-1759.790;1;133;450;453.2;22.9;23.0;29;28.4;26.0;-1.0;
26/02/2025 19:53:15;117;0;134.01;-4;19.39;3.34;900.4;10.20;73991;2835.916;-1759.786;1;133;450;451.6;22.9;23.1;29;28.9;26.0;-1.0;
26/02/2025 19:53:35;117;0;133.70;-4;19.56;3.30;896.9;10.20;73989;2835.913;-1759.783;1;133;450;451.6;22.9;23.0;29;28.4;25.9;-1.0;
26/02/2025 19:53:55;117;0;133.55;-4;19.57;3.44;893.6;10.20;73996;2835.910;-1759.779;1;133;450;451.6;22.9;23.1;29;28.9;26.0;-1.0;
26/02/2025 19:54:15;117;0;134.45;-4;19.79;3.31;890.2;10.20;73994;2835.907;-1759.776;1;133;450;450.0;22.9;23.1;29;28.4;26.0;-1.0;
26/02/2025 19:54:35;117;0;134.98;-4;19.69;3.25;886.8;10.20;73989;2835.905;-1759.773;1;133;450;453.2;22.9;23.1;29;28.4;26.0;-1.0;
26/02/2025 19:54:55;117;0;135.29;-4;19.57;3.52;883.3;10.10;73989;2835.902;-1759.769;1;133;450;453.2;22.9;23.0;29;28.9;25.9;-1.0;
26/02/2025 19:55:15;117;0;135.23;-4;19.39;3.34;879.9;10.10;73989;2835.899;-1759.766;1;133;450;451.6;22.9;23.1;29;28.4;25.9;-1.0;
26/02/2025 19:55:35;117;0;136.15;-4;19.88;3.17;876.3;10.10;74007;2835.896;-1759.763;1;133;450;453.2;22.9;23.1;29;28.4;26.0;-1.0;
26/02/2025 19:55:55;117;0;136.88;-4;19.95;3.67;872.8;10.10;73992;2835.893;-1759.759;1;133;450;451.6;22.9;23.0;29;28.4;25.9;-1.0;
26/02/2025 19:56:15;117;0;137.37;-4;19.75;3.27;869.1;10.10;73983;2835.889;-1759.756;1;133;450;453.2;22.9;23.1;29;28.9;26.0;-1.0;
26/02/2025 19:56:35;117;0;137.39;-4;19.67;3.46;865.4;10.10;73989;2835.886;-1759.752;1;133;450;453.2;22.9;23.1;29;28.9;25.9;-1.0;
26/02/2025 19:56:55;117;0;138.83;-4;19.62;3.22;861.8;10.10;73987;2835.883;-1759.749;1;133;450;453.2;22.9;23.0;29;28.4;26.0;-1.0;
26/02/2025 19:57:15;117;0;140.05;-4;19.52;3.08;858.0;10.10;73985;2835.879;-1759.746;1;133;450;451.6;22.9;23.1;29;28.4;26.0;-1.0;
26/02/2025 19:57:35;117;0;140.36;-4;19.75;3.21;854.4;10.10;73983;2835.876;-1759.743;1;133;450;451.6;22.9;23.0;29;28.9;25.9;-1.0;
26/02/2025 19:57:55;117;0;140.50;-4;19.55;3.42;850.6;10.10;73985;2835.873;-1759.739;1;133;450;450.0;22.9;23.1;29;28.9;26.0;-1.0;
26/02/2025 19:58:15;117;0;141.50;-4;19.47;3.26;846.9;10.10;73983;2835.869;-1759.736;1;133;450;453.2;22.9;23.1;27;27.1;26.0;-1.0;
26/02/2025 19:58:35;117;0;141.93;-4;19.43;2.43;843.2;10.10;73975;2835.865;-1759.733;1;133;450;453.2;22.9;23.0;27;27.1;26.0;-1.0;
26/02/2025 19:58:55;117;0;141.55;-4;19.10;2.55;839.5;10.10;73977;2835.862;-1759.729;1;133;450;451.6;22.9;23.1;27;27.1;26.0;-1.0;
26/02/2025 19:59:15;117;0;141.28;-4;19.10;2.33;835.8;10.10;73977;2835.858;-1759.726;1;133;450;451.6;22.9;23.1;27;27.1;26.0;-1.0;
26/02/2025 19:59:35;117;0;139.25;-4;19.03;2.45;832.1;10.10;73975;2835.855;-1759.723;1;133;450;453.2;22.9;23.1;27;27.1;26.0;-1.0;
26/02/2025 19:59:55;117;0;138.44;-4;19.03;2.40;828.5;10.10;73984;2835.851;-1759.719;1;133;450;451.6;22.9;23.1;27;27.1;25.9;-1.0;
26/02/2025 20:00:15;117;0;137.29;-4;19.12;2.33;824.9;10.10;73987;2835.848;-1759.716;1;133;450;451.6;22.9;23.1;27;27.1;26.0;-1.0;
26/02/2025 20:00:35;117;0;135.93;-4;18.99;2.40;821.3;10.10;73984;2835.845;-1759.712;1;133;450;451.6;22.6;22.4;27;27.1;26.0;-1.0;
26/02/2025 20:00:55;117;0;134.05;-4;20.49;2.34;817.6;10.10;73984;2835.842;-1759.708;1;133;450;453.2;22.6;21.8;27;27.1;26.0;-1.0;
26/02/2025 20:01:15;117;0;133.37;-4;21.07;2.36;813.7;10.10;73987;2835.839;-1759.705;1;133;450;453.2;22.6;21.8;27;27.1;26.0;-1.0;
26/02/2025 20:01:35;117;0;131.46;-4;21.28;2.50;809.6;10.10;73990;2835.836;-1759.701;1;133;450;453.2;22.6;22.5;29;28.9;26.0;-1.0;
26/02/2025 20:01:55;117;0;132.42;-4;20.20;3.62;805.5;10.10;74000;2835.832;-1759.696;1;133;450;453.2;22.6;22.7;29;28.9;25.9;-1.0;
26/02/2025 20:02:15;117;0;132.81;-4;20.06;3.57;801.8;10.10;74003;2835.829;-1759.693;1;133;450;453.2;22.6;22.7;29;28.9;25.9;-1.0;
26/02/2025 20:02:35;117;0;133.21;-4;20.21;3.54;797.9;10.10;73995;2835.826;-1759.689;1;133;450;450.0;22.6;22.7;29;28.9;26.0;-1.0;
26/02/2025 20:02:55;117;0;133.72;-4;20.44;3.69;794.0;10.10;74003;2835.823;-1759.685;1;133;450;453.2;22.6;22.8;29;28.9;26.0;-1.0;
26/02/2025 20:03:15;117;0;134.01;-4;20.25;3.59;789.9;10.10;74006;2835.819;-1759.681;1;133;450;451.6;22.6;22.7;29;28.9;26.0;-1.0;
26/02/2025 20:03:35;117;0;135.32;-4;20.24;3.60;786.0;10.10;74014;2835.816;-1759.677;1;133;450;453.2;22.6;22.7;29;28.9;26.0;-1.0;
26/02/2025 20:03:55;117;0;137.17;-4;20.26;3.49;781.8;10.10;74019;2835.812;-1759.673;1;133;450;453.2;22.6;22.7;29;28.9;26.0;-1.0;
26/02/2025 20:04:15;117;0;138.51;-4;20.18;3.56;778.0;10.10;74014;2835.809;-1759.669;1;133;450;451.6;22.6;22.7;29;28.9;26.0;-1.0;
26/02/2025 20:04:35;117;0;139.59;-4;20.22;3.65;774.0;10.10;74021;2835.805;-1759.666;1;133;450;451.6;22.6;22.8;29;28.9;25.9;-1.0;
26/02/2025 20:04:55;117;0;140.63;-4;20.00;3.41;770.0;10.10;74027;2835.802;-1759.662;1;133;450;453.2;22.6;22.7;27;27.1;25.9;-1.0;
26/02/2025 20:05:15;117;0;141.92;-4;19.90;2.46;766.1;10.10;74039;2835.798;-1759.659;1;133;450;450.0;22.6;22.7;27;27.1;25.9;-1.0;
26/02/2025 20:05:35;117;0;140.16;-4;19.85;2.52;762.3;10.10;74039;2835.794;-1759.656;1;133;450;453.2;22.6;22.8;27;27.1;26.0;-1.0;
26/02/2025 20:05:55;117;0;138.58;-4;19.82;2.40;758.6;10.10;74045;2835.791;-1759.652;1;133;450;453.2;22.6;22.7;27;27.1;25.9;-1.0;
26/02/2025 20:06:15;117;0;136.32;-4;19.70;2.50;754.9;10.10;74055;2835.788;-1759.649;1;133;450;453.2;22.6;22.7;27;27.1;25.9;-1.0;
26/02/2025 20:06:35;117;0;135.58;-4;19.72;2.53;751.1;10.20;74055;2835.785;-1759.645;1;133;450;453.2;22.6;22.8;27;27.1;25.9;-1.0;
26/02/2025 20:06:55;117;0;134.81;-4;19.69;2.48;747.4;10.20;74061;2835.781;-1759.641;1;133;450;453.2;22.6;22.7;27;27.1;25.9;-1.0;
26/02/2025 20:07:15;117;0;133.72;-4;19.74;2.49;743.7;10.20;74061;2835.778;-1759.638;1;133;450;453.2;22.6;22.7;27;27.1;26.0;-1.0;
26/02/2025 20:07:35;117;0;132.36;-4;19.63;2.54;739.9;10.20;74066;2835.775;-1759.634;1;133;450;453.2;22.6;22.7;27;27.1;26.0;-1.0;
26/02/2025 20:07:55;117;0;130.53;-4;19.63;2.51;736.3;10.20;74068;2835.773;-1759.630;1;133;450;453.2;22.6;22.7;27;27.1;25.9;-1.0;
26/02/2025 20:08:15;117;0;131.32;-4;19.82;2.41;732.6;10.20;74079;2835.770;-1759.626;1;133;450;453.2;22.6;22.7;27;27.1;25.9;-1.0;
26/02/2025 20:08:35;117;0;131.55;-4;19.93;2.55;728.9;10.20;74083;2835.767;-1759.622;1;133;450;451.6;22.6;22.7;27;27.1;26.0;-1.0;
26/02/2025 20:08:55;117;0;131.89;-4;19.82;2.41;725.2;10.20;74088;2835.764;-1759.619;1;133;450;453.2;22.6;22.7;27;27.1;26.0;-1.0;
26/02/2025 20:09:15;117;0;131.88;-4;19.88;2.37;721.7;10.30;74101;2835.761;-1759.615;1;133;450;453.2;22.6;22.7;27;27.1;25.9;-1.0;
26/02/2025 20:09:35;117;0;131.98;-4;19.80;2.30;717.8;10.30;74092;2835.758;-1759.611;1;133;450;453.2;22.6;22.7;27;27.1;25.9;-1.0;
26/02/2025 20:09:55;117;0;132.09;-4;19.96;2.47;714.1;10.30;74092;2835.755;-1759.607;1;133;450;453.2;22.6;22.8;27;27.1;26.0;-1.0;
26/02/2025 20:10:15;117;0;132.47;-4;19.71;2.53;710.6;10.30;74089;2835.752;-1759.603;1;133;450;453.2;22.6;22.7;27;27.1;25.9;-1.0;
26/02/2025 20:10:35;117;0;134.47;-4;20.15;2.42;706.7;10.30;74101;2835.749;-1759.600;1;133;450;453.2;22.6;22.7;27;27.1;25.9;-1.0;
26/02/2025 20:10:55;117;0;134.52;-4;19.92;2.52;702.8;10.30;74105;2835.746;-1759.596;1;133;450;453.2;22.6;22.7;27;27.1;25.9;-1.0;
26/02/2025 20:11:16;117;0;135.29;-4;19.94;2.56;699.1;10.30;74100;2835.743;-1759.592;1;133;450;453.2;22.6;22.8;27;27.1;25.9;-1.0;
26/02/2025 20:11:36;117;0;136.71;-4;19.97;2.52;695.3;10.30;74108;2835.739;-1759.589;1;133;450;453.2;22.6;22.7;27;27.1;25.9;-1.0;
26/02/2025 20:11:56;117;0;137.10;-4;20.10;2.52;691.4;10.40;74112;2835.736;-1759.585;1;133;450;454.8;22.6;22.7;27;27.1;25.9;-1.0;
26/02/2025 20:12:16;117;0;135.22;-4;19.72;2.49;687.4;10.40;74114;2835.733;-1759.581;1;133;450;451.6;22.6;22.7;27;27.1;26.0;-1.0;
26/02/2025 20:12:36;117;0;134.20;-4;19.41;2.61;683.6;10.40;74114;2835.729;-1759.577;1;133;450;453.2;22.6;22.7;27;27.1;25.9;-1.0;
26/02/2025 20:12:56;117;0;133.69;-4;19.52;2.52;679.7;10.40;74119;2835.726;-1759.573;1;133;450;451.6;22.6;22.7;27;27.1;25.9;-1.0;
26/02/2025 20:13:16;117;0;133.66;-4;19.64;2.49;675.9;10.40;74126;2835.723;-1759.569;1;133;450;453.2;22.6;22.7;27;27.1;25.9;-1.0;
26/02/2025 20:13:36;117;0;131.98;-4;19.61;2.39;672.1;10.40;74125;2835.720;-1759.565;1;133;450;453.2;22.6;22.7;27;27.1;26.0;-1.0;
26/02/2025 20:13:56;117;0;131.60;-4;19.64;2.50;668.3;10.40;74142;2835.717;-1759.561;1;133;450;453.2;22.6;22.7;27;27.1;26.0;-1.0;
26/02/2025 20:14:16;117;0;130.01;-4;19.57;2.45;664.4;10.50;74148;2835.714;-1759.557;1;133;450;451.6;22.6;22.7;29;28.9;26.0;-1.0;
26/02/2025 20:14:36;117;0;129.12;-4;19.63;3.66;660.7;10.50;74140;2835.711;-1759.553;1;133;450;454.8;22.6;22.8;29;29.3;25.9;-1.0;
26/02/2025 20:14:56;117;0;128.26;-4;19.52;3.74;656.9;10.50;74155;2835.708;-1759.549;1;133;450;453.2;22.6;22.7;29;28.9;26.0;-1.0;
26/02/2025 20:15:16;117;0;128.27;-4;19.58;3.70;653.2;10.50;74144;2835.706;-1759.545;1;133;450;453.2;22.6;22.7;29;28.9;26.0;-1.0;
26/02/2025 20:15:36;117;0;128.65;-4;19.50;3.70;649.3;10.50;74144;2835.703;-1759.541;1;133;450;453.2;22.6;22.7;29;29.3;26.0;-1.0;
26/02/2025 20:15:56;117;0;128.89;-4;19.54;3.63;645.6;10.50;74139;2835.700;-1759.537;1;133;450;453.2;22.6;22.7;29;29.3;26.0;-1.0;
26/02/2025 20:16:16;117;0;129.99;-4;19.51;3.63;641.9;10.50;74149;2835.697;-1759.533;1;133;450;451.6;22.6;22.7;29;29.3;25.9;-1.0;
26/02/2025 20:16:36;117;0;131.11;-4;19.54;3.66;638.1;10.60;74149;2835.694;-1759.529;1;133;450;453.2;22.6;22.7;29;29.3;25.9;-1.0;
26/02/2025 20:16:56;117;0;130.75;-4;19.60;3.72;634.6;10.60;74154;2835.691;-1759.525;1;133;450;453.2;22.6;22.7;29;28.9;26.0;-1.0;
26/02/2025 20:17:16;117;0;130.38;-4;19.56;3.67;630.9;10.60;74153;2835.689;-1759.521;1;133;450;453.2;22.6;22.8;29;29.3;26.0;-1.0;
26/02/2025 20:17:36;117;0;129.66;-4;19.41;3.61;627.1;10.60;74158;2835.686;-1759.517;1;133;450;454.8;22.6;22.8;29;29.3;26.0;-1.0;
26/02/2025 20:17:56;117;0;129.10;-4;19.57;3.64;623.4;10.60;74169;2835.683;-1759.513;1;133;450;453.2;22.6;22.8;29;29.3;25.9;-1.0;
26/02/2025 20:18:16;117;0;129.46;-4;19.73;3.71;619.5;10.60;74171;2835.680;-1759.509;1;133;450;453.2;22.6;22.7;29;29.3;25.9;-1.0;
26/02/2025 20:18:36;117;0;130.43;-4;19.64;3.63;615.7;10.60;74176;2835.677;-1759.505;1;133;450;453.2;22.6;22.7;29;28.9;26.0;-1.0;
26/02/2025 20:18:56;117;0;133.47;-4;19.36;3.76;611.7;10.70;74174;2835.674;-1759.501;1;133;450;453.2;22.6;22.7;29;29.3;25.9;-1.0;
26/02/2025 20:19:16;117;0;135.96;-4;19.58;3.77;607.8;10.70;74190;2835.670;-1759.497;1;133;450;453.2;22.6;22.7;29;29.3;25.9;-1.0;
26/02/2025 20:19:36;117;0;138.10;-4;19.25;3.52;603.8;10.70;74191;2835.667;-1759.493;1;133;450;453.2;22.6;22.7;29;28.9;26.0;-1.0;
26/02/2025 20:19:56;117;0;139.17;-4;19.57;3.56;600.0;10.70;74203;2835.663;-1759.490;1;133;450;453.2;22.6;22.7;29;29.3;25.9;-1.0;
26/02/2025 20:20:16;117;0;140.61;-4;19.66;3.68;596.1;10.70;74197;2835.659;-1759.486;1;133;450;453.2;22.6;22.7;29;28.9;26.0;-1.0;
26/02/2025 20:20:36;117;0;142.30;-4;19.54;3.60;592.3;10.80;74206;2835.656;-1759.483;1;133;450;454.8;22.6;22.7;27;27.1;25.9;-1.0;
26/02/2025 20:20:56;117;0;143.04;-4;19.35;2.32;588.5;10.80;74216;2835.652;-1759.480;1;133;450;453.2;22.6;22.8;27;26.2;26.0;-1.0;
26/02/2025 20:21:16;117;0;143.98;-4;19.15;2.06;584.6;10.80;74207;2835.648;-1759.477;1;133;450;453.2;22.6;22.8;25;24.8;25.9;-1.0;
26/02/2025 20:21:36;117;0;143.72;-4;19.12;1.12;580.8;10.80;74201;2835.644;-1759.473;1;133;450;453.2;22.6;22.7;25;24.8;25.9;-1.0;
26/02/2025 20:21:56;117;0;143.36;-4;19.06;1.19;577.2;10.80;74201;2835.641;-1759.470;1;133;450;453.2;22.6;22.7;25;24.8;25.9;-1.0;
26/02/2025 20:22:16;117;0;141.88;-4;18.90;1.18;573.6;10.80;74214;2835.637;-1759.467;1;133;450;453.2;22.3;22.2;27;27.1;26.0;-1.0;
26/02/2025 20:22:36;117;0;141.54;-4;19.73;2.78;570.0;10.90;74217;2835.634;-1759.464;1;133;450;453.2;22.3;21.9;27;27.5;26.0;-1.0;
26/02/2025 20:22:56;117;0;141.56;-4;20.09;2.77;566.4;10.90;74228;2835.630;-1759.461;1;133;450;450.0;22.3;21.9;27;27.5;25.9;-1.0;
26/02/2025 20:23:16;117;0;139.84;-4;20.01;2.95;562.7;10.90;74230;2835.627;-1759.458;1;133;450;453.2;22.3;21.8;27;27.5;25.9;-1.0;
26/02/2025 20:23:36;117;0;138.53;-4;20.21;2.93;559.2;10.90;74232;2835.624;-1759.455;1;133;450;454.8;22.3;21.9;27;27.5;25.9;-1.0;
26/02/2025 20:23:56;117;0;137.11;-4;20.06;2.87;555.6;10.90;74229;2835.621;-1759.451;1;133;450;453.2;22.3;21.9;27;27.5;26.0;-1.0;
26/02/2025 20:24:16;117;0;135.62;-4;19.74;2.82;552.0;10.90;74243;2835.618;-1759.448;1;133;450;453.2;22.3;21.9;27;27.5;26.0;-1.0;
26/02/2025 20:24:36;117;0;135.20;-4;20.44;2.53;548.5;11.00;74244;2835.615;-1759.444;1;133;450;450.0;22.3;21.9;27;27.5;25.9;-1.0;
26/02/2025 20:24:56;117;0;133.48;-4;20.07;2.48;544.9;11.00;74247;2835.612;-1759.441;1;133;450;454.8;22.3;21.9;27;27.5;26.0;-1.0;
26/02/2025 20:25:16;117;0;133.32;-4;21.28;2.54;541.3;11.00;74254;2835.609;-1759.437;1;133;450;453.2;22.3;21.8;27;27.5;25.9;-1.0;
26/02/2025 20:25:36;117;0;133.05;-4;20.30;2.98;537.5;11.00;74253;2835.606;-1759.433;1;133;450;453.2;22.3;21.9;27;27.5;26.0;-1.0;
26/02/2025 20:25:56;117;0;129.37;-4;19.37;2.56;534.1;11.00;74258;2835.603;-1759.430;1;133;450;454.8;22.3;21.8;29;28.9;25.9;-1.0;
26/02/2025 20:26:16;117;0;129.64;-4;20.34;3.62;530.7;11.00;74258;2835.601;-1759.426;1;133;450;453.2;22.3;21.8;29;29.3;25.9;-1.0;
26/02/2025 20:26:36;117;0;129.74;-4;20.61;3.71;527.1;11.10;74264;2835.598;-1759.422;1;133;450;453.2;22.3;21.9;29;29.3;26.0;-1.0;
26/02/2025 20:26:56;117;0;128.96;-4;20.56;3.76;523.3;11.10;74261;2835.595;-1759.418;1;133;450;453.2;22.3;21.8;29;29.3;25.9;-1.0;
26/02/2025 20:27:16;117;0;130.31;-4;20.10;3.62;519.6;11.10;74260;2835.593;-1759.414;1;133;450;454.8;22.3;21.8;29;29.3;26.0;-1.0;
26/02/2025 20:27:36;117;0;130.63;-4;20.19;3.70;516.0;11.10;74271;2835.590;-1759.411;1;133;450;454.8;22.3;21.8;29;29.3;25.9;-1.0;
26/02/2025 20:27:56;117;0;131.73;-4;20.29;3.68;512.4;11.10;74267;2835.587;-1759.407;1;133;450;454.8;22.3;21.9;29;29.3;25.9;-1.0;
26/02/2025 20:28:16;117;0;131.21;-4;20.29;3.71;508.7;11.10;74277;2835.584;-1759.403;1;133;450;453.2;22.3;21.9;29;29.3;25.9;-1.0;
26/02/2025 20:28:36;117;0;132.08;-4;20.35;3.68;505.1;11.10;74266;2835.581;-1759.399;1;133;450;453.2;22.3;21.8;29;29.3;26.0;-1.0;
26/02/2025 20:28:56;117;0;132.43;-4;20.30;3.70;501.5;11.20;74273;2835.578;-1759.396;1;133;450;453.2;22.3;21.9;29;29.3;26.0;-1.0;
26/02/2025 20:29:16;117;0;134.24;-4;20.22;3.64;497.9;11.20;74277;2835.575;-1759.392;1;133;450;453.2;22.3;21.8;29;29.3;25.9;-1.0;
26/02/2025 20:29:36;117;0;134.71;-4;20.38;3.75;494.2;11.20;74284;2835.572;-1759.388;1;133;450;453.2;22.3;21.9;29;29.3;26.0;-1.0;
26/02/2025 20:29:56;117;0;135.33;-4;20.30;3.72;490.7;11.20;74291;2835.569;-1759.385;1;133;450;453.2;22.3;21.8;29;29.3;25.9;-1.0;
26/02/2025 20:30:16;117;0;135.66;-4;20.25;3.72;487.0;11.20;74293;2835.566;-1759.382;1;133;450;453.2;22.3;21.9;29;29.3;26.0;-1.0;
26/02/2025 20:30:36;117;0;136.70;-4;20.19;3.70;483.4;11.30;74303;2835.563;-1759.378;1;133;450;454.8;22.3;21.8;29;29.3;25.9;-1.0;
26/02/2025 20:30:56;117;0;136.26;-4;20.11;3.78;479.8;11.30;74300;2835.560;-1759.375;1;133;450;453.2;22.3;21.8;29;29.3;25.9;-1.0;
26/02/2025 20:31:16;117;0;135.36;-4;19.77;3.76;476.5;11.30;74304;2835.557;-1759.371;1;133;450;453.2;22.3;21.9;29;29.3;26.0;-1.0;
26/02/2025 20:31:36;117;0;136.28;-4;20.32;3.58;473.0;11.30;74313;2835.554;-1759.368;1;133;450;453.2;22.3;21.8;29;29.3;26.0;-1.0;
26/02/2025 20:31:56;117;0;137.80;-4;20.15;3.68;469.5;11.30;74302;2835.551;-1759.365;1;133;450;453.2;22.3;21.9;29;29.3;26.0;-1.0;
26/02/2025 20:32:16;117;0;138.77;-4;20.19;3.59;466.0;11.30;74310;2835.548;-1759.362;1;133;450;454.8;22.3;21.8;29;29.3;25.9;-1.0;
26/02/2025 20:32:36;117;0;139.77;-4;20.25;3.73;462.5;11.40;74309;2835.545;-1759.359;1;133;450;456.5;22.3;21.8;29;29.3;25.9;-1.0;
26/02/2025 20:32:56;117;0;140.31;-4;20.21;3.66;459.0;11.40;74321;2835.541;-1759.356;1;133;450;453.2;22.3;21.9;27;27.1;25.9;-1.0;
26/02/2025 20:33:16;117;0;139.96;-4;19.88;2.26;455.4;11.40;74320;2835.538;-1759.352;1;133;450;454.8;22.3;21.8;27;26.6;25.9;-1.0;
26/02/2025 20:33:36;117;0;137.63;-4;19.79;2.35;452.1;11.40;74320;2835.535;-1759.349;1;133;450;453.2;22.3;21.9;27;26.6;26.0;-1.0;
26/02/2025 20:33:56;117;0;136.35;-4;19.81;2.26;448.8;11.40;74324;2835.532;-1759.346;1;133;450;454.8;22.3;21.8;27;26.6;25.9;-1.0;
26/02/2025 20:34:16;117;0;138.70;-4;20.11;2.18;445.5;11.50;74336;2835.530;-1759.343;1;133;450;453.2;22.3;21.8;27;26.6;25.9;-1.0;
26/02/2025 20:34:36;117;0;139.58;-4;20.23;2.19;442.2;11.50;74344;2835.527;-1759.340;1;133;450;454.8;22.3;21.8;27;26.6;25.9;-1.0;
26/02/2025 20:34:56;117;0;139.71;-4;20.13;2.24;438.8;11.50;74349;2835.523;-1759.337;1;133;450;454.8;22.3;21.8;27;26.6;26.0;-1.0;
26/02/2025 20:35:16;117;0;139.66;-4;20.11;2.28;435.2;11.50;74350;2835.520;-1759.334;1;133;450;454.8;22.3;21.8;27;26.6;25.9;-1.0;
26/02/2025 20:35:36;117;0;139.22;-4;20.05;2.26;431.8;11.50;74352;2835.517;-1759.331;1;133;450;453.2;22.3;21.8;27;26.6;25.9;-1.0;
26/02/2025 20:35:56;117;0;137.77;-4;19.89;2.32;428.4;11.60;74368;2835.514;-1759.328;1;133;450;454.8;22.3;21.9;27;26.6;26.0;-1.0;
26/02/2025 20:36:16;117;0;136.59;-4;19.78;2.28;425.0;11.60;74358;2835.511;-1759.325;1;133;450;453.2;22.3;21.8;27;26.6;26.0;-1.0;
26/02/2025 20:36:36;117;0;136.04;-4;19.73;2.24;421.7;11.60;74363;2835.508;-1759.322;1;133;450;454.8;22.3;21.8;27;26.6;25.9;-1.0;
26/02/2025 20:36:56;117;0;133.85;-4;19.69;2.27;418.3;11.60;74371;2835.506;-1759.318;1;133;450;454.8;22.3;21.9;27;26.6;25.9;-1.0;
26/02/2025 20:37:16;117;0;132.27;-4;19.83;2.26;415.1;11.60;74372;2835.503;-1759.315;1;133;450;454.8;22.3;21.9;27;26.6;25.9;-1.0;
26/02/2025 20:37:36;117;0;130.99;-4;19.91;2.29;412.0;11.60;74372;2835.501;-1759.312;1;133;450;454.8;22.3;21.9;27;26.6;26.0;-1.0;
26/02/2025 20:37:56;117;0;131.38;-4;19.80;2.24;408.6;11.70;74378;2835.498;-1759.308;1;133;450;454.8;22.3;21.8;27;26.6;25.9;-1.0;
26/02/2025 20:38:16;117;0;131.75;-4;19.82;2.27;405.4;11.70;74380;2835.496;-1759.305;1;133;450;454.8;22.3;21.8;27;26.6;26.0;-1.0;
26/02/2025 20:38:36;117;0;130.28;-4;19.79;2.24;402.1;11.70;74400;2835.493;-1759.302;1;133;450;454.8;22.3;21.8;27;26.6;26.0;-1.0;
26/02/2025 20:38:56;117;0;128.83;-4;19.87;2.30;398.9;11.70;74403;2835.491;-1759.298;1;133;450;453.2;22.3;21.8;29;28.9;25.9;-1.0;
26/02/2025 20:39:16;117;0;129.05;-4;19.98;3.71;395.6;11.80;74414;2835.488;-1759.295;1;133;450;454.8;22.3;21.8;29;29.3;26.0;-1.0;
26/02/2025 20:39:36;117;0;128.88;-4;20.09;3.78;392.3;11.80;74415;2835.486;-1759.291;1;133;450;454.8;22.3;21.8;29;29.3;25.9;-1.0;
26/02/2025 20:39:56;117;0;128.06;-4;20.02;3.77;388.9;11.80;74406;2835.483;-1759.287;1;133;450;453.2;22.3;21.8;29;29.3;26.0;-1.0;
26/02/2025 20:40:16;117;0;129.28;-4;20.03;3.67;385.6;11.80;74429;2835.481;-1759.284;1;133;450;456.5;22.3;21.8;29;29.3;25.9;-1.0;
26/02/2025 20:40:36;117;0;130.14;-4;20.00;3.75;382.3;11.80;74425;2835.478;-1759.280;1;133;450;453.2;22.3;21.8;29;29.3;25.9;-1.0;
26/02/2025 20:40:56;117;0;131.26;-4;20.05;3.70;379.0;11.90;74427;2835.476;-1759.277;1;133;450;454.8;22.3;21.8;29;29.3;25.9;-1.0;
26/02/2025 20:41:16;117;0;130.70;-4;19.93;3.79;375.6;11.90;74431;2835.473;-1759.273;1;133;450;454.8;22.3;21.8;29;29.3;25.9;-1.0;
26/02/2025 20:41:36;117;0;130.50;-4;19.94;3.68;372.3;11.90;74440;2835.471;-1759.270;1;133;450;453.2;22.3;21.8;29;29.3;25.9;-1.0;
26/02/2025 20:41:56;117;0;131.12;-4;20.01;3.73;369.1;11.90;74445;2835.468;-1759.267;1;133;450;454.8;22.3;21.8;29;29.3;25.9;-1.0;
26/02/2025 20:42:16;117;0;131.32;-4;19.99;3.79;365.8;11.90;74444;2835.466;-1759.263;1;133;450;453.2;22.3;21.8;29;29.3;25.9;-1.0;
26/02/2025 20:42:36;117;0;130.76;-4;19.69;3.83;362.4;12.00;74455;2835.463;-1759.260;1;133;450;454.8;22.3;21.8;29;29.3;25.9;-1.0;
26/02/2025 20:42:56;117;0;130.66;-4;19.72;3.85;359.3;12.00;74467;2835.461;-1759.256;1;133;450;454.8;22.3;21.8;29;29.3;25.9;-1.0;
26/02/2025 20:43:16;117;0;128.99;-4;19.65;4.00;356.1;12.00;74480;2835.459;-1759.253;1;133;450;454.8;22.3;21.8;29;29.3;25.9;-1.0;
26/02/2025 20:43:36;117;0;128.97;-4;19.62;3.82;353.0;12.00;74479;2835.456;-1759.250;1;133;450;453.2;22.3;21.9;29;29.3;25.9;-1.0;
26/02/2025 20:43:56;117;0;128.45;-4;19.93;3.89;349.7;12.10;74475;2835.454;-1759.246;1;133;450;453.2;22.3;21.8;29;29.3;25.9;-1.0;
26/02/2025 20:44:16;117;0;128.13;-4;19.87;3.81;346.4;12.10;74485;2835.451;-1759.242;1;133;450;454.8;22.3;21.9;29;29.8;25.9;-1.0;
26/02/2025 20:44:36;117;0;130.28;-4;19.70;3.67;343.2;12.10;74499;2835.449;-1759.239;1;133;450;454.8;22.3;21.8;29;29.3;26.0;-1.0;
26/02/2025 20:44:56;117;0;130.82;-4;19.74;3.76;340.0;12.10;74505;2835.447;-1759.236;1;133;450;453.2;22.3;21.9;29;29.3;25.9;-1.0;
26/02/2025 20:45:16;117;0;132.10;-4;19.70;3.73;336.7;12.20;74518;2835.444;-1759.232;1;133;450;451.6;22.3;21.9;29;29.3;26.0;-1.0;
26/02/2025 20:45:36;117;0;131.69;-4;19.83;3.70;333.6;12.20;74525;2835.442;-1759.229;1;133;450;454.8;22.3;21.9;29;29.3;26.0;-1.0;
26/02/2025 20:45:56;117;0;130.92;-4;19.84;3.65;330.4;12.20;74538;2835.439;-1759.226;1;133;450;454.8;22.3;21.8;29;29.3;25.9;-1.0;
26/02/2025 20:46:16;117;0;130.94;-4;19.88;3.77;327.4;12.30;74545;2835.437;-1759.223;1;133;450;454.8;22.3;21.8;29;29.3;25.9;-1.0;
26/02/2025 20:46:36;117;0;131.39;-4;19.96;3.71;324.2;12.30;74541;2835.434;-1759.219;1;133;450;454.8;22.3;21.8;29;29.3;25.9;-1.0;
26/02/2025 20:46:57;117;0;132.02;-4;19.96;3.73;321.1;12.30;74548;2835.432;-1759.216;1;133;450;454.8;22.3;21.8;29;29.3;25.9;-1.0;
26/02/2025 20:47:17;117;0;132.83;-4;19.90;3.70;317.9;12.30;74564;2835.429;-1759.213;1;133;450;454.8;22.3;21.9;29;29.3;25.9;-1.0;
26/02/2025 20:47:37;117;0;133.15;-4;19.88;3.71;314.6;12.40;74571;2835.427;-1759.210;1;133;450;454.8;22.3;21.8;29;29.3;25.9;-1.0;
26/02/2025 20:47:57;117;0;134.68;-4;19.89;3.67;311.5;12.40;74567;2835.424;-1759.207;1;133;450;453.2;22.3;21.8;29;29.3;26.0;-1.0;
26/02/2025 20:48:17;117;0;136.84;-4;20.01;3.64;308.2;12.40;74579;2835.421;-1759.204;1;133;450;454.8;22.3;21.8;29;29.3;26.0;-1.0;
26/02/2025 20:48:37;117;0;138.82;-4;19.81;3.67;305.0;12.40;74592;2835.418;-1759.201;1;133;450;454.8;22.3;21.8;29;29.3;25.9;-1.0;
26/02/2025 20:48:57;117;0;139.73;-4;19.91;3.68;301.7;12.50;74593;2835.416;-1759.198;1;133;450;454.8;22.3;21.8;29;29.3;25.9;-1.0;
26/02/2025 20:49:17;117;0;140.76;-4;19.86;3.79;298.6;12.50;74602;2835.413;-1759.195;1;133;450;454.8;22.3;21.9;27;27.1;25.9;-1.0;
26/02/2025 20:49:37;117;0;140.65;-4;19.79;2.26;295.3;12.50;74612;2835.410;-1759.192;1;133;450;454.8;22.3;21.8;27;26.6;25.9;-1.0;
26/02/2025 20:49:57;117;0;140.51;-4;20.00;2.06;291.8;12.60;74624;2835.406;-1759.189;1;133;450;454.8;22.3;21.9;27;26.6;26.0;-1.0;
26/02/2025 20:50:17;117;0;140.25;-4;19.78;2.29;288.5;12.60;74639;2835.403;-1759.186;1;133;450;453.2;22.3;21.8;27;26.6;26.0;-1.0;
26/02/2025 20:50:37;117;0;139.74;-4;19.62;2.29;285.2;12.60;74649;2835.400;-1759.184;1;133;450;453.2;22.3;21.8;27;26.6;25.9;-1.0;
26/02/2025 20:50:57;117;0;139.34;-4;19.52;2.19;281.8;12.70;74650;2835.397;-1759.180;1;133;450;454.8;22.3;21.8;27;26.6;26.0;-1.0;
26/02/2025 20:51:17;117;0;138.59;-4;19.50;2.22;278.6;12.70;74670;2835.394;-1759.177;1;133;450;454.8;22.3;21.8;27;26.6;25.9;-1.0;
26/02/2025 20:51:37;117;0;137.55;-4;19.52;2.17;275.3;12.70;74671;2835.392;-1759.174;1;133;450;454.8;22.3;21.8;27;26.6;26.0;-1.0;
26/02/2025 20:51:57;117;0;137.13;-4;19.56;2.24;272.1;12.80;74680;2835.389;-1759.172;1;133;450;453.2;22.3;21.8;27;26.6;25.9;-1.0;
26/02/2025 20:52:17;117;0;136.01;-4;19.66;2.14;269.0;12.80;74672;2835.386;-1759.168;1;133;450;453.2;22.3;21.9;27;26.6;25.9;-1.0;
26/02/2025 20:52:37;117;0;134.85;-4;19.59;2.11;265.7;12.80;74694;2835.383;-1759.165;1;133;450;454.8;22.3;21.8;27;26.6;25.9;-1.0;
26/02/2025 20:52:57;117;0;133.90;-4;19.71;2.20;262.5;12.80;74689;2835.381;-1759.162;1;133;450;454.8;22.3;21.8;27;26.6;26.0;-1.0;
26/02/2025 20:53:17;117;0;132.53;-4;19.65;2.20;259.3;12.90;74708;2835.378;-1759.159;1;133;450;454.8;22.3;21.8;27;26.6;26.0;-1.0;
26/02/2025 20:53:37;117;0;132.66;-4;19.54;2.21;256.0;12.90;74722;2835.376;-1759.156;1;133;450;456.5;22.3;21.8;27;26.6;25.9;-1.0;
26/02/2025 20:53:57;117;0;132.90;-4;19.47;2.22;252.8;13.00;74731;2835.373;-1759.152;1;133;450;454.8;22.3;21.8;27;26.6;25.9;-1.0;
26/02/2025 20:54:17;117;0;132.60;-4;19.46;2.18;249.6;13.00;74724;2835.370;-1759.149;1;133;450;454.8;22.3;21.8;27;26.6;25.9;-1.0;
26/02/2025 20:54:37;117;0;132.35;-4;19.39;2.25;246.5;13.00;74738;2835.368;-1759.146;1;133;450;454.8;22.3;21.8;27;26.6;25.9;-1.0;
26/02/2025 20:54:57;117;0;132.29;-4;19.71;2.17;243.5;13.00;74754;2835.365;-1759.143;1;133;450;454.8;22.3;21.9;27;26.6;25.9;-1.0;
26/02/2025 20:55:17;117;0;132.20;-4;19.44;2.20;240.1;13.10;74752;2835.363;-1759.139;1;133;450;454.8;22.3;21.8;27;26.6;25.9;-1.0;
26/02/2025 20:55:37;117;0;131.33;-4;19.47;2.36;237.0;13.10;74750;2835.360;-1759.136;1;133;450;453.2;22.3;21.8;27;26.6;26.0;-1.0;
26/02/2025 20:55:57;117;0;130.36;-4;19.50;2.25;233.9;13.10;74768;2835.358;-1759.132;1;133;450;453.2;22.3;21.9;29;28.9;25.9;-1.0;
26/02/2025 20:56:17;117;0;129.78;-4;19.56;3.82;230.8;13.20;74774;2835.355;-1759.129;1;133;450;454.8;22.3;21.8;29;29.3;25.9;-1.0;
26/02/2025 20:56:37;117;0;130.30;-4;19.53;3.71;227.6;13.20;74771;2835.353;-1759.126;1;133;450;454.8;22.3;21.8;29;29.8;25.9;-1.0;
26/02/2025 20:56:57;117;0;129.85;-4;19.51;3.85;224.4;13.20;74787;2835.351;-1759.122;1;133;450;454.8;22.3;21.8;29;29.8;25.9;-1.0;
26/02/2025 20:57:17;117;0;129.69;-4;19.59;3.81;221.6;13.30;74799;2835.349;-1759.119;1;133;450;454.8;22.3;21.8;29;29.3;25.9;-1.0;
26/02/2025 20:57:37;117;0;128.83;-4;19.65;3.79;218.4;13.30;74800;2835.346;-1759.116;1;133;450;454.8;22.3;21.8;29;29.8;25.9;-1.0;
26/02/2025 20:57:57;117;0;128.35;-4;19.51;3.78;215.4;13.30;74810;2835.344;-1759.113;1;133;450;454.8;22.3;21.8;29;29.3;26.0;-1.0;
26/02/2025 20:58:17;117;0;128.54;-4;19.60;3.82;212.5;13.40;74811;2835.342;-1759.110;1;133;450;454.8;22.3;21.9;29;29.3;26.0;-1.0;
26/02/2025 20:58:37;117;0;128.71;-4;19.61;3.88;209.1;13.40;74839;2835.340;-1759.106;1;133;450;454.8;22.3;21.8;29;29.8;26.0;-1.0;
26/02/2025 20:58:57;117;0;129.53;-4;19.74;3.94;206.1;13.50;74849;2835.337;-1759.103;1;133;450;454.8;22.3;21.8;29;29.8;25.9;-1.0;
26/02/2025 20:59:17;117;0;130.45;-4;19.79;3.82;202.9;13.50;74845;2835.335;-1759.099;1;133;450;454.8;22.3;21.8;29;29.8;25.9;-1.0;
26/02/2025 20:59:37;117;0;130.83;-4;19.54;3.76;199.6;13.50;74868;2835.332;-1759.096;1;133;450;454.8;22.3;21.8;29;29.3;25.9;-1.0;
26/02/2025 20:59:57;117;0;131.02;-4;19.58;3.75;196.5;13.50;74863;2835.330;-1759.093;1;133;450;454.8;22.3;21.8;29;29.3;26.0;-1.0;
26/02/2025 21:00:17;117;0;128.96;-4;19.46;3.88;193.3;13.60;74865;2835.328;-1759.089;1;133;450;454.8;22.3;21.8;29;29.3;25.9;-1.0;
26/02/2025 21:00:37;117;0;127.82;-4;19.32;3.76;190.0;13.60;74880;2835.325;-1759.086;1;133;450;454.8;22.3;21.8;29;29.8;26.0;-1.0;
26/02/2025 21:00:57;117;0;126.40;-4;19.50;3.78;186.8;13.60;74887;2835.323;-1759.082;1;133;450;453.2;22.3;21.8;29;29.8;25.9;-1.0;
26/02/2025 21:01:17;117;0;125.13;-4;19.32;4.00;183.7;13.70;74904;2835.321;-1759.078;1;133;450;453.2;22.3;21.8;31;31.6;25.9;-1.0;
26/02/2025 21:01:37;117;0;125.09;-4;19.45;5.03;180.4;13.70;74904;2835.319;-1759.074;1;133;450;456.5;22.3;21.8;31;32.0;25.9;-1.0;
26/02/2025 21:01:57;117;0;126.10;-4;19.36;4.97;177.3;13.80;74916;2835.316;-1759.071;1;133;450;454.8;22.3;21.9;31;32.0;26.0;-1.0;
26/02/2025 21:02:17;117;0;128.64;-4;19.51;4.97;174.1;13.80;74935;2835.314;-1759.067;1;133;450;454.8;22.3;21.8;29;28.9;25.9;-1.0;
26/02/2025 21:02:37;117;0;129.78;-4;19.40;3.14;170.9;13.90;74947;2835.312;-1759.064;1;133;450;454.8;22.3;21.8;29;28.4;25.9;-1.0;
26/02/2025 21:02:57;117;0;131.18;-4;19.44;3.08;167.6;13.90;74963;2835.309;-1759.060;1;133;450;454.8;22.3;21.8;29;28.4;25.9;-1.0;
26/02/2025 21:03:17;117;0;131.98;-4;19.31;3.13;164.2;13.90;74971;2835.306;-1759.057;1;133;450;453.2;22.3;21.8;29;28.4;25.9;-1.0;
26/02/2025 21:03:37;117;0;133.91;-4;19.37;2.97;161.1;13.90;74984;2835.303;-1759.054;1;133;450;454.8;22.3;21.9;29;28.4;25.9;-1.0;
26/02/2025 21:03:57;117;0;134.77;-4;19.22;3.19;157.8;14.00;75004;2835.301;-1759.050;1;133;450;453.2;22.3;21.9;29;28.4;25.9;-1.0;
26/02/2025 21:04:17;117;0;134.91;-4;19.04;3.07;154.5;14.00;75020;2835.298;-1759.047;1;133;450;454.8;22.3;21.8;29;28.4;25.9;-1.0;
26/02/2025 21:04:37;117;0;135.12;-4;19.04;3.10;151.4;14.10;75027;2835.295;-1759.044;1;133;450;454.8;22.3;21.8;29;28.4;26.0;-1.0;
26/02/2025 21:04:57;117;0;135.12;-4;19.17;3.15;148.3;14.10;75041;2835.292;-1759.041;1;133;450;454.8;22.3;21.8;29;28.4;25.9;-1.0;
26/02/2025 21:05:17;117;0;135.74;-4;19.15;3.10;145.1;14.20;75055;2835.290;-1759.037;1;133;450;454.8;22.3;21.9;29;28.4;25.9;-1.0;
26/02/2025 21:05:37;117;0;136.50;-4;19.15;3.13;141.9;14.20;75062;2835.287;-1759.034;1;133;450;454.8;22.3;21.8;29;28.4;25.9;-1.0;
26/02/2025 21:05:57;117;0;137.71;-4;19.27;3.16;138.8;14.30;75078;2835.284;-1759.031;1;133;450;454.8;22.3;21.8;29;28.4;25.9;-1.0;
26/02/2025 21:06:17;117;0;138.84;-4;19.26;3.17;135.7;14.30;75093;2835.281;-1759.029;1;133;450;454.8;22.3;21.8;29;28.4;25.9;-1.0;
26/02/2025 21:06:37;117;0;140.63;-4;19.17;3.10;132.3;14.40;75094;2835.278;-1759.025;1;133;450;454.8;22.3;21.8;29;28.4;25.9;-1.0;
26/02/2025 21:06:57;117;0;141.38;-4;19.07;3.14;129.0;14.40;75119;2835.275;-1759.023;1;133;450;454.8;22.3;21.9;27;27.1;25.9;-1.0;
26/02/2025 21:07:17;117;0;140.52;-4;19.06;2.28;125.8;14.40;75131;2835.272;-1759.020;1;133;450;454.8;22.3;21.9;27;26.6;25.9;-1.0;
26/02/2025 21:07:37;117;0;137.99;-4;18.77;2.35;122.7;14.50;75145;2835.269;-1759.017;1;133;450;454.8;21.9;21.9;27;26.6;25.9;-1.0;
26/02/2025 21:07:57;117;0;135.28;-4;18.78;2.30;119.7;14.50;75149;2835.266;-1759.014;1;133;450;454.8;21.5;21.5;29;29.3;25.9;-1.0;
26/02/2025 21:08:17;117;0;132.97;-4;20.27;3.97;116.5;14.60;75157;2835.264;-1759.010;1;133;450;454.8;21.5;20.9;29;29.8;25.9;-1.0;
26/02/2025 21:08:37;117;0;129.68;-4;20.80;3.98;113.0;14.60;75179;2835.261;-1759.007;1;133;450;454.8;21.5;20.9;29;29.8;25.9;-1.0;
26/02/2025 21:08:57;117;0;128.88;-4;20.98;3.83;109.6;14.70;75194;2835.259;-1759.003;1;133;450;454.8;21.5;20.9;29;29.8;25.9;-1.0;
26/02/2025 21:09:17;117;0;125.55;-4;20.45;4.03;106.2;14.70;75225;2835.256;-1759.000;1;133;450;454.8;21.5;20.9;31;31.1;25.9;-1.0;
26/02/2025 21:09:37;117;0;125.95;-4;20.87;4.91;102.9;14.80;75245;2835.254;-1758.996;1;133;450;454.8;21.5;20.8;31;31.6;26.0;-1.0;
26/02/2025 21:09:57;117;0;126.09;-4;21.12;4.96;99.4;14.80;75258;2835.252;-1758.992;1;133;450;454.8;21.5;20.8;31;31.6;25.9;-1.0;
26/02/2025 21:10:17;117;0;127.09;-4;21.21;4.90;96.1;14.90;75274;2835.250;-1758.989;1;133;450;454.8;21.5;20.8;31;31.6;25.9;-1.0;
26/02/2025 21:10:37;117;0;128.29;-4;21.51;4.98;92.7;15.00;75299;2835.247;-1758.985;1;133;450;454.8;21.5;21.6;29;28.4;25.9;-1.0;
26/02/2025 21:10:57;117;0;128.93;-4;20.64;3.44;89.2;15.00;75320;2835.245;-1758.982;1;133;450;454.8;21.5;21.8;29;28.4;25.9;-1.0;
26/02/2025 21:11:17;117;0;128.59;-4;20.02;3.41;85.9;15.10;75351;2835.243;-1758.978;1;133;450;454.8;21.5;21.6;29;28.9;25.9;-1.0;
26/02/2025 21:11:37;117;0;129.28;-4;20.03;3.39;82.7;15.10;75370;2835.240;-1758.975;1;133;450;454.8;21.5;21.8;29;28.4;25.9;-1.0;
26/02/2025 21:11:57;117;0;130.84;-4;20.08;3.30;79.4;15.20;75397;2835.238;-1758.971;1;133;450;456.5;21.5;21.6;29;28.4;26.0;-1.0;
26/02/2025 21:12:17;117;0;131.00;-4;20.12;3.44;76.1;15.20;75425;2835.235;-1758.968;1;133;450;454.8;21.5;21.8;29;28.9;25.9;-1.0;
26/02/2025 21:12:37;117;0;130.88;-4;19.92;3.42;72.8;15.30;75452;2835.233;-1758.964;1;133;450;454.8;21.5;21.6;29;28.4;25.9;-1.0;
26/02/2025 21:12:57;117;0;130.48;-4;19.96;3.42;69.6;15.40;75479;2835.230;-1758.961;1;133;450;454.8;21.5;21.6;29;28.4;25.9;-1.0;
26/02/2025 21:13:17;117;0;130.84;-4;19.86;3.35;66.3;15.50;75481;2835.228;-1758.958;1;133;450;456.5;21.5;21.8;29;28.9;25.9;-1.0;
26/02/2025 21:13:37;117;0;130.50;-4;19.91;3.38;63.0;15.50;75493;2835.225;-1758.954;1;133;450;454.8;21.5;21.6;29;28.4;25.9;-1.0;
26/02/2025 21:13:57;117;0;129.09;-4;19.93;3.34;59.6;15.60;75489;2835.223;-1758.951;1;133;450;454.8;21.5;21.6;29;28.4;25.9;-1.0;
26/02/2025 21:14:17;117;0;128.30;-4;19.96;3.34;56.5;15.60;75510;2835.220;-1758.947;1;133;450;453.2;21.5;21.6;29;28.9;25.9;-1.0;
26/02/2025 21:14:37;117;0;127.28;-4;19.76;3.12;53.1;15.70;75521;2835.218;-1758.943;1;133;450;454.8;21.5;21.8;29;28.9;25.9;-1.0;
26/02/2025 21:14:57;117;0;126.78;-4;20.01;3.34;49.9;15.80;75535;2835.216;-1758.940;1;133;450;454.8;21.5;21.6;29;28.4;25.9;-1.0;
26/02/2025 21:15:17;117;0;126.20;-4;19.64;3.12;46.5;15.80;75546;2835.213;-1758.936;1;133;450;456.5;21.5;21.8;31;31.1;25.9;-1.0;
26/02/2025 21:15:37;117;0;127.38;-4;19.78;5.29;43.3;15.90;75550;2835.211;-1758.933;1;133;450;454.8;21.5;21.8;31;31.6;25.9;-1.0;
26/02/2025 21:15:57;117;0;129.68;-4;19.73;5.05;40.2;16.00;75569;2835.209;-1758.929;1;133;450;456.5;21.5;21.8;29;28.9;25.9;-1.0;
26/02/2025 21:16:17;117;0;130.36;-4;19.84;3.34;37.1;16.00;75572;2835.206;-1758.926;1;133;450;454.8;21.5;21.8;29;28.4;25.9;-1.0;
26/02/2025 21:16:37;117;0;130.87;-4;19.94;3.40;33.8;16.10;75584;2835.204;-1758.923;1;133;450;453.2;21.5;21.8;29;28.9;25.9;-1.0;
26/02/2025 21:16:57;117;0;130.85;-4;19.89;3.37;30.6;16.10;75589;2835.202;-1758.919;1;133;450;454.8;21.5;21.8;29;28.4;25.9;-1.0;
26/02/2025 21:17:17;117;0;131.97;-4;19.47;3.24;27.4;16.20;75603;2835.199;-1758.916;1;133;450;454.8;21.5;21.6;29;28.9;25.9;-1.0;
26/02/2025 21:17:37;117;0;132.17;-4;19.85;3.37;24.4;16.20;75614;2835.197;-1758.913;1;133;450;456.5;21.5;21.8;29;28.4;25.9;-1.0;
26/02/2025 21:17:57;117;0;131.78;-4;19.77;3.42;21.4;16.30;75617;2835.194;-1758.910;1;133;450;454.8;21.5;21.6;29;28.4;25.9;-1.0;
26/02/2025 21:18:17;117;0;131.77;-4;19.67;3.24;18.2;16.40;75639;2835.192;-1758.907;1;133;450;454.8;21.5;21.8;29;28.4;25.9;-1.0;
26/02/2025 21:18:37;117;0;131.78;-4;19.46;3.37;14.9;16.40;75630;2835.189;-1758.903;1;133;450;454.8;21.5;21.8;29;28.9;25.9;-1.0;
26/02/2025 21:18:57;117;0;132.09;-4;19.49;3.33;12.1;16.50;75642;2835.187;-1758.900;1;133;450;454.8;21.5;21.8;29;28.4;25.9;-1.0;
26/02/2025 21:19:17;117;0;131.00;-4;19.77;3.27;8.9;16.50;75652;2835.184;-1758.897;1;133;450;454.8;21.5;21.6;29;28.4;25.9;-1.0;
26/02/2025 21:19:37;117;0;130.24;-4;19.83;3.23;5.9;16.60;75657;2835.182;-1758.894;1;133;450;454.8;21.5;21.8;29;28.4;25.9;-1.0;
26/02/2025 21:19:55;115;0;133.97;-4;19.19;3.17;3.0;16.60;75668;2835.180;-1758.891;1;133;500;461.3;100.0;62.6;0;-0.5;25.9;-1.0;
26/02/2025 21:20:05;115;0;118.69;-4;5.58;-12.01;1.9;16.60;75646;2835.179;-1758.889;1;133;500;504.8;100.0;100.0;0;-0.5;25.7;-1.0;
26/02/2025 21:20:15;115;0;113.50;-4;-62.16;-10.76;2.4;16.60;75567;2835.179;-1758.889;1;133;500;504.8;100.0;100.6;0;-0.9;26.0;-1.0;
26/02/2025 21:20:35;119;0;90.20;-4;-30.67;-7.51;-0.2;16.70;75596;2835.179;-1758.889;1;133;500;508.1;100.0;100.4;0;-0.5;25.9;-1.0;
26/02/2025 21:20:45;119;0;96.63;-4;-59.39;-19.12;0.2;16.80;75595;2835.692;-1759.126;0;133;500;506.5;100.0;100.6;0;-0.9;25.9;-1.0;
