PLD_REALTIMECLOCK;NAV_RESOURCE;NAV_LONGITUDE;NAV_LATITUDE;NAV_DEPTH;NAV_HEADING;SD_CARD_USAGE;SSD_USAGE;ACQUISITION_FREQ;RECORDING;LEGATO_CONDUCTIVITY;LEGATO_TEMPERATURE;LEGATO_PRESSURE;LEGATO_SALINITY;LEGATO_CONDTEMP;LEGATO_CODA_DO;LEGATO_CODA_TEMPERATURE;LEGATO_CODA_CORR_PHASE;LEGATO_SOUND_VELOCITY;FLBBCD_CHL_COUNT;FLBBCD_CHL_SCALED;FLBBCD_CDOM_COUNT;FLBBCD_CDOM_SCALED;FLBBCD_BB_700_COUNT;FLBBCD_BB_700_SCALED;User_Field1;User_Field2;User_Field3;User_Field4;User_Field5;User_Field6;User_Field7;User_Field8;User_Field9;User_Field10;BS_HEADING;BS_ZB;BS_ZT;BS_PU;BS_PD;BS_BU;BS_BD;BS_SR;BS_ALTIMETER.ENABLE;BS_ALTIMETER.VALUE;BS_CURRENT.CORRECTION.ENABLE
16/02/2025 09:31:54.124;119;-1801.496;2837.345;0.100;356.000;247681.36;247681.36;192000;0;50.9489;20.5388;1.4018;37.0211;20.3187;235.3533;20.5393;22.8347;1525.2191;50;-0.0242;64;1.1817;49;-0.000003062;0;9999;9999;9999;9999;9999;9999;9999;9999;9999;9999;9999;9999;9999;9999;9999;9999;9999;9999;9999;9999
16/02/2025 09:32:24.158;116;-1801.499;2837.344;0.100;21.000;247681.36;247681.37;192000;0;50.9443;20.5331;1.4435;37.0222;20.3341;236.0613;20.5384;22.8081;1525.2056;50;-0.0242;69;1.6362;50;0.000000000;0;9999;9999;9999;9999;9999;9999;9999;9999;9999;9999;9999;9999;9999;9999;9999;9999;9999;9999;9999;9999
16/02/2025 09:32:54.161;116;-1801.507;2837.357;0.200;68.000;247681.4;247681.4;192000;0;50.9439;20.5340;1.4764;37.0212;20.3438;235.8213;20.5388;22.8171;1525.2075;50;-0.0242;70;1.7271;49;-0.000003062;0;9999;9999;9999;9999;9999;9999;9999;9999;9999;9999;9999;9999;9999;9999;9999;9999;9999;9999;9999;9999
16/02/2025 09:33:24.161;116;-1801.509;2837.359;0.100;49.000;247681.43;247681.43;192000;0;50.9448;20.5340;1.4745;37.0219;20.3573;235.5950;20.5412;22.8249;1525.2082;295;2.9403;99;4.3632;203;0.000468486;0;9999;9999;9999;9999;9999;9999;9999;9999;9999;9999;9999;9999;9999;9999;9999;9999;9999;9999;9999;9999
16/02/2025 09:33:54.160;116;-1801.509;2837.362;0.100;72.000;247681.45;247681.45;192000;0;50.9484;20.5401;1.3960;37.0195;20.3689;234.0957;20.5459;22.8804;1525.2208;56;0.0484;65;1.2726;134;0.000257208;0;9999;9999;9999;9999;9999;9999;9999;9999;9999;9999;9999;9999;9999;9999;9999;9999;9999;9999;9999;9999
16/02/2025 09:34:24.141;116;-1801.509;2837.362;0.100;72.000;247681.47;247681.47;192000;0;50.9484;20.5395;1.4253;37.0200;20.3805;234.9813;20.5491;22.8459;1525.2202;51;-0.0121;71;1.8180;107;0.000174534;0;9999;9999;9999;9999;9999;9999;9999;9999;9999;9999;9999;9999;9999;9999;9999;9999;9999;9999;9999;9999
16/02/2025 09:34:54.160;116;-1801.509;2837.362;0.100;72.000;247681.49;247681.49;192000;0;50.9499;20.5400;1.2720;37.0208;20.3920;234.5961;20.5448;22.8617;1525.2199;52;0.0000;70;1.7271;102;0.000159224;0;9999;9999;9999;9999;9999;9999;9999;9999;9999;9999;9999;9999;9999;9999;9999;9999;9999;9999;9999;9999
16/02/2025 09:35:24.160;116;-1801.510;2837.375;0.200;82.000;247681.51;247681.51;192000;0;50.9527;20.5398;1.3867;37.0233;20.4017;234.6881;20.5441;22.8583;1525.2240;46;-0.0726;81;2.7270;96;0.000140852;0;9999;9999;9999;9999;9999;9999;9999;9999;9999;9999;9999;9999;9999;9999;9999;9999;9999;9999;9999;9999
16/02/2025 09:35:54.150;116;-1801.510;2837.375;0.200;82.000;247681.52;247681.52;192000;0;50.9480;20.5383;1.3513;37.0207;20.4133;233.9105;20.5437;22.8880;1525.2165;99;0.5687;69;1.6362;63;0.000039806;0;9999;9999;9999;9999;9999;9999;9999;9999;9999;9999;9999;9999;9999;9999;9999;9999;9999;9999;9999;9999
16/02/2025 09:36:24.162;116;-1801.510;2837.375;0.200;82.000;247681.54;247681.54;192000;0;50.9506;20.5399;1.3777;37.0215;20.4230;234.5095;20.5453;22.8648;1525.2221;50;-0.0242;68;1.5453;49;-0.000003062;0;9999;9999;9999;9999;9999;9999;9999;9999;9999;9999;9999;9999;9999;9999;9999;9999;9999;9999;9999;9999
16/02/2025 09:36:54.144;116;-1801.510;2837.375;0.200;82.000;247681.56;247681.56;192000;0;50.9518;20.5402;1.5114;37.0221;20.4287;236.2924;20.5451;22.7976;1525.2259;50;-0.0242;66;1.3635;49;-0.000003062;0;9999;9999;9999;9999;9999;9999;9999;9999;9999;9999;9999;9999;9999;9999;9999;9999;9999;9999;9999;9999
16/02/2025 09:37:24.162;116;-1801.517;2837.403;0.100;17.000;247681.59;247681.59;192000;0;50.9528;20.5429;1.4881;37.0206;20.4403;236.0504;20.5456;22.8066;1525.2311;50;-0.0242;70;1.7271;49;-0.000003062;0;9999;9999;9999;9999;9999;9999;9999;9999;9999;9999;9999;9999;9999;9999;9999;9999;9999;9999;9999;9999
16/02/2025 09:37:54.148;110;-1801.517;2837.403;0.100;70.000;247681.61;247681.61;192000;0;50.9510;20.5396;1.9685;37.0218;20.4461;236.1505;20.5423;22.8038;1525.2315;50;-0.0242;74;2.0907;50;0.000000000;0;9999;9999;9999;9999;9999;9999;9999;9999;9999;9999;9999;9999;9999;9999;9999;9999;9999;9999;9999;9999
16/02/2025 09:38:24.154;110;-1801.517;2837.404;1.200;27.000;247681.64;247681.64;192000;0;50.9501;20.5377;4.0276;37.0220;20.4557;235.0741;20.5411;22.8454;1525.2609;50;-0.0242;69;1.6362;49;-0.000003062;0;9999;9999;9999;9999;9999;9999;9999;9999;9999;9999;9999;9999;9999;9999;9999;9999;9999;9999;9999;9999
16/02/2025 09:38:54.160;100;-1801.514;2837.405;4.500;58.000;247681.66;247681.66;192000;0;50.9509;20.5361;9.2278;37.0222;20.4615;236.2581;20.5389;22.8028;1525.3436;56;0.0484;77;2.3634;103;0.000162286;0;9999;9999;9999;9999;9999;9999;9999;9999;9999;9999;9999;9999;9999;9999;9999;9999;9999;9999;9999;9999
16/02/2025 09:39:24.159;100;-1801.509;2837.408;12.400;63.000;247681.69;247681.69;192000;0;50.9592;20.5431;15.2439;37.0205;20.4693;235.4608;20.5443;22.8331;1525.4610;56;0.0484;67;1.4544;105;0.000168410;0;9999;9999;9999;9999;9999;9999;9999;9999;9999;9999;9999;9999;9999;9999;9999;9999;9999;9999;9999;9999
16/02/2025 09:39:54.160;100;-1801.505;2837.410;16.300;62.000;247681.71;247681.71;192000;0;50.9577;20.5411;21.0625;37.0189;20.4731;235.8580;20.5423;22.8204;1525.5508;58;0.0726;67;1.4544;104;0.000165348;0;9999;9999;9999;9999;9999;9999;9999;9999;9999;9999;9999;9999;9999;9999;9999;9999;9999;9999;9999;9999
16/02/2025 09:40:24.160;100;-1801.499;2837.413;23.500;57.000;247681.73;247681.73;192000;0;50.9545;20.5384;26.5831;37.0167;20.4808;235.6010;20.5395;22.8326;1525.6331;60;0.0968;68;1.5453;105;0.000168410;0;9999;9999;9999;9999;9999;9999;9999;9999;9999;9999;9999;9999;9999;9999;9999;9999;9999;9999;9999;9999
16/02/2025 09:40:54.162;100;-1801.497;2837.415;27.200;55.000;247681.75;247681.75;192000;0;50.9360;20.5277;32.2423;37.0088;20.4866;236.1008;20.5266;22.8195;1525.6897;59;0.0847;73;1.9998;107;0.000174534;0;9999;9999;9999;9999;9999;9999;9999;9999;9999;9999;9999;9999;9999;9999;9999;9999;9999;9999;9999;9999
16/02/2025 09:41:24.147;100;-1801.491;2837.419;34.600;55.000;247681.78;247681.78;192000;0;50.9428;20.5224;37.9011;37.0168;20.4905;237.5392;20.5232;22.7677;1525.7786;59;0.0847;69;1.6362;121;0.000217402;0;9999;9999;9999;9999;9999;9999;9999;9999;9999;9999;9999;9999;9999;9999;9999;9999;9999;9999;9999;9999
16/02/2025 09:41:54.143;100;-1801.488;2837.421;38.200;48.000;247681.8;247681.8;192000;0;50.8950;20.4894;43.7478;37.0045;20.4924;237.6286;20.4884;22.7766;1525.7729;59;0.0847;68;1.5453;106;0.000171472;0;9999;9999;9999;9999;9999;9999;9999;9999;9999;9999;9999;9999;9999;9999;9999;9999;9999;9999;9999;9999
16/02/2025 09:42:24.133;100;-1801.483;2837.426;45.800;48.000;247681.82;247681.82;192000;0;50.8992;20.4854;49.6691;37.0092;20.4905;237.5645;20.4871;22.7807;1525.8660;58;0.0726;70;1.7271;105;0.000168410;0;9999;9999;9999;9999;9999;9999;9999;9999;9999;9999;9999;9999;9999;9999;9999;9999;9999;9999;9999;9999
16/02/2025 09:42:54.159;100;-1801.480;2837.428;49.600;48.000;247681.84;247681.84;192000;0;50.8653;20.4583;55.3599;37.0030;20.4866;238.0154;20.4595;22.7737;1525.8804;59;0.0847;71;1.8180;157;0.000327634;0;9999;9999;9999;9999;9999;9999;9999;9999;9999;9999;9999;9999;9999;9999;9999;9999;9999;9999;9999;9999
16/02/2025 09:43:24.162;100;-1801.476;2837.433;56.900;42.000;247681.86;247681.86;192000;0;50.8704;20.4606;60.9230;37.0032;20.4808;238.0673;20.4612;22.7728;1525.9796;60;0.0968;69;1.6362;104;0.000165348;0;9999;9999;9999;9999;9999;9999;9999;9999;9999;9999;9999;9999;9999;9999;9999;9999;9999;9999;9999;9999
16/02/2025 09:43:54.157;100;-1801.474;2837.436;60.500;42.000;247681.89;247681.89;192000;0;50.7930;20.3979;66.4303;36.9925;20.4789;238.1452;20.4033;22.7884;1525.8890;61;0.1089;68;1.5453;101;0.000156162;0;9999;9999;9999;9999;9999;9999;9999;9999;9999;9999;9999;9999;9999;9999;9999;9999;9999;9999;9999;9999
16/02/2025 09:44:24.152;100;-1801.469;2837.441;67.700;41.000;247681.93;247681.93;192000;0;50.5393;20.2054;72.0199;36.9508;20.4500;237.5785;20.2078;22.8693;1525.4101;68;0.1936;71;1.8180;103;0.000162286;0;9999;9999;9999;9999;9999;9999;9999;9999;9999;9999;9999;9999;9999;9999;9999;9999;9999;9999;9999;9999
16/02/2025 09:44:54.159;100;-1801.467;2837.443;71.200;39.000;247681.94;247681.94;192000;0;50.5253;20.1921;77.5504;36.9489;20.4133;238.6017;20.1937;22.8368;1525.4638;67;0.1815;70;1.7271;105;0.000168410;0;9999;9999;9999;9999;9999;9999;9999;9999;9999;9999;9999;9999;9999;9999;9999;9999;9999;9999;9999;9999
16/02/2025 09:45:24.162;100;-1801.463;2837.448;78.300;36.000;247681.97;247681.98;192000;0;50.5324;20.1908;82.9759;36.9539;20.3824;237.4022;20.1920;22.8834;1525.5562;67;0.1815;71;1.8180;100;0.000153100;0;9999;9999;9999;9999;9999;9999;9999;9999;9999;9999;9999;9999;9999;9999;9999;9999;9999;9999;9999;9999
16/02/2025 09:45:54.160;100;-1801.461;2837.451;81.900;36.000;247681.99;247681.99;192000;0;50.5204;20.1788;88.5973;36.9524;20.3612;237.8914;20.1803;22.8701;1525.6154;67;0.1815;71;1.8180;98;0.000146976;0;9999;9999;9999;9999;9999;9999;9999;9999;9999;9999;9999;9999;9999;9999;9999;9999;9999;9999;9999;9999
16/02/2025 09:46:24.160;100;-1801.457;2837.456;89.300;39.000;247682.02;247682.02;192000;0;50.5069;20.1724;94.2979;36.9448;20.3457;237.5990;20.1718;22.8856;1525.6844;63;0.1331;71;1.8180;97;0.000143914;0;9999;9999;9999;9999;9999;9999;9999;9999;9999;9999;9999;9999;9999;9999;9999;9999;9999;9999;9999;9999
16/02/2025 09:46:54.161;100;-1801.455;2837.459;92.900;40.000;247682.04;247682.04;192000;0;50.4931;20.1572;99.9719;36.9446;20.3245;235.8942;20.1581;22.9553;1525.7371;62;0.1210;70;1.7271;92;0.000128604;0;9999;9999;9999;9999;9999;9999;9999;9999;9999;9999;9999;9999;9999;9999;9999;9999;9999;9999;9999;9999
16/02/2025 09:47:24.160;100;-1801.451;2837.464;100.200;39.000;247682.06;247682.06;192000;0;50.4380;20.1149;105.5270;36.9343;20.3052;237.8314;20.1160;22.8966;1525.7021;67;0.1815;70;1.7271;96;0.000140852;0;9999;9999;9999;9999;9999;9999;9999;9999;9999;9999;9999;9999;9999;9999;9999;9999;9999;9999;9999;9999
16/02/2025 09:47:54.158;100;-1801.449;2837.466;103.800;38.000;247682.08;247682.08;192000;0;50.4208;20.1016;111.1267;36.9298;20.2839;237.1527;20.1020;22.9279;1525.7539;69;0.2057;71;1.8180;96;0.000140852;0;9999;9999;9999;9999;9999;9999;9999;9999;9999;9999;9999;9999;9999;9999;9999;9999;9999;9999;9999;9999
16/02/2025 09:48:24.154;100;-1801.445;2837.471;111.000;40.000;247682.11;247682.11;192000;0;50.3425;20.0452;116.7448;36.9126;20.2684;237.0897;20.0419;22.9502;1525.6733;68;0.1936;70;1.7271;97;0.000143914;0;9999;9999;9999;9999;9999;9999;9999;9999;9999;9999;9999;9999;9999;9999;9999;9999;9999;9999;9999;9999
16/02/2025 09:48:54.160;100;-1801.443;2837.473;114.700;38.000;247682.13;247682.13;192000;0;50.2945;20.0020;122.2433;36.9089;20.2374;235.4876;20.0031;23.0235;1525.6419;63;0.1331;71;1.8180;94;0.000134728;0;9999;9999;9999;9999;9999;9999;9999;9999;9999;9999;9999;9999;9999;9999;9999;9999;9999;9999;9999;9999
16/02/2025 09:49:24.159;100;-1801.439;2837.478;121.600;44.000;247682.15;-1;192000;0;50.1992;19.9254;127.6138;36.8954;20.2065;236.6655;19.9259;23.0036;1525.5051;63;0.1331;71;1.8180;97;0.000143914;0;9999;9999;9999;9999;9999;9999;9999;9999;9999;9999;9999;9999;9999;9999;9999;9999;9999;9999;9999;9999
16/02/2025 09:49:54.140;100;-1801.436;2837.480;125.200;44.000;247682.17;-1;192000;0;50.1895;19.9183;132.9287;36.8917;20.1716;237.2196;19.9186;22.9865;1525.5699;66;0.1694;72;1.9089;94;0.000134728;0;9999;9999;9999;9999;9999;9999;9999;9999;9999;9999;9999;9999;9999;9999;9999;9999;9999;9999;9999;9999
16/02/2025 09:50:24.160;100;-1801.432;2837.485;131.900;45.000;247682.2;-1;192000;0;49.9976;19.7764;138.0756;36.8555;20.1484;235.1588;19.7713;23.1106;1525.2227;61;0.1089;73;1.9998;91;0.000125542;0;9999;9999;9999;9999;9999;9999;9999;9999;9999;9999;9999;9999;9999;9999;9999;9999;9999;9999;9999;9999
16/02/2025 09:50:54.159;100;-1801.430;2837.487;135.200;49.000;247682.22;-1;192000;0;49.5562;19.4475;143.3510;36.7760;20.0845;229.8252;19.4387;23.4195;1524.3057;59;0.0847;73;1.9998;91;0.000125542;0;9999;9999;9999;9999;9999;9999;9999;9999;9999;9999;9999;9999;9999;9999;9999;9999;9999;9999;9999;9999
16/02/2025 09:51:24.158;100;-1801.425;2837.490;142.200;58.000;247682.25;-1;192000;0;48.2253;18.4068;148.8748;36.5738;19.9273;218.5777;18.4054;24.1963;1521.2173;55;0.0363;76;2.2725;91;0.000125542;0;9999;9999;9999;9999;9999;9999;9999;9999;9999;9999;9999;9999;9999;9999;9999;9999;9999;9999;9999;9999
16/02/2025 09:51:54.149;100;-1801.422;2837.491;145.700;63.000;247682.27;247682.27;192000;0;48.0343;18.2530;153.9081;36.5458;19.6958;216.0542;18.2501;24.3530;1520.8259;55;0.0363;76;2.2725;94;0.000134728;0;9999;9999;9999;9999;9999;9999;9999;9999;9999;9999;9999;9999;9999;9999;9999;9999;9999;9999;9999;9999
16/02/2025 09:52:24.157;100;-1801.416;2837.493;151.900;75.000;247682.3;247682.3;192000;0;47.6509;17.9292;158.7859;36.5044;19.4909;211.4544;17.9308;24.6527;1519.9204;53;0.0121;76;2.2725;93;0.000131666;0;9999;9999;9999;9999;9999;9999;9999;9999;9999;9999;9999;9999;9999;9999;9999;9999;9999;9999;9999;9999
16/02/2025 09:52:54.148;100;-1801.413;2837.495;154.900;68.000;247682.31;247682.32;192000;0;47.5355;17.8332;163.4870;36.4891;19.2952;212.1480;17.8343;24.6549;1519.7009;53;0.0121;75;2.1816;89;0.000119418;0;9999;9999;9999;9999;9999;9999;9999;9999;9999;9999;9999;9999;9999;9999;9999;9999;9999;9999;9999;9999
16/02/2025 09:53:24.147;100;-1801.408;2837.497;160.700;62.000;247682.35;247682.35;192000;0;47.3168;17.6557;168.1204;36.4576;19.1167;215.2265;17.6555;24.5815;1519.2221;54;0.0242;77;2.3634;87;0.000113294;0;9999;9999;9999;9999;9999;9999;9999;9999;9999;9999;9999;9999;9999;9999;9999;9999;9999;9999;9999;9999
16/02/2025 09:53:54.157;100;-1801.405;2837.498;163.700;64.000;247682.37;247682.37;192000;0;47.2056;17.5675;173.0085;36.4385;18.9416;215.6039;17.5655;24.5961;1519.0223;53;0.0121;76;2.2725;96;0.000140852;0;9999;9999;9999;9999;9999;9999;9999;9999;9999;9999;9999;9999;9999;9999;9999;9999;9999;9999;9999;9999
16/02/2025 09:54:24.133;100;-1801.400;2837.501;169.700;58.000;247682.39;247682.39;192000;0;46.9890;17.3883;177.7257;36.4096;18.7780;216.1069;17.3862;24.6339;1518.5390;52;0.0000;78;2.4543;93;0.000131666;0;9999;9999;9999;9999;9999;9999;9999;9999;9999;9999;9999;9999;9999;9999;9999;9999;9999;9999;9999;9999
16/02/2025 09:54:54.159;100;-1801.398;2837.503;172.900;63.000;247682.41;247682.41;192000;0;46.9200;17.3354;182.7040;36.3953;18.6199;215.9468;17.3308;24.6604;1518.4487;50;-0.0242;78;2.4543;81;0.000094922;0;9999;9999;9999;9999;9999;9999;9999;9999;9999;9999;9999;9999;9999;9999;9999;9999;9999;9999;9999;9999
16/02/2025 09:55:24.160;100;-1801.392;2837.505;179.100;64.000;247682.44;247682.44;192000;0;46.7151;17.1489;187.6479;36.3826;18.4793;214.1382;17.1473;24.7979;1517.9626;52;0.0000;77;2.3634;85;0.000107170;0;9999;9999;9999;9999;9999;9999;9999;9999;9999;9999;9999;9999;9999;9999;9999;9999;9999;9999;9999;9999
16/02/2025 09:55:54.156;100;-1801.390;2837.507;182.300;56.000;247682.46;247682.46;192000;0;46.5881;17.0443;192.4306;36.3639;18.3365;212.2835;17.0397;24.9149;1517.7088;51;-0.0121;78;2.4543;83;0.000101046;0;9999;9999;9999;9999;9999;9999;9999;9999;9999;9999;9999;9999;9999;9999;9999;9999;9999;9999;9999;9999
16/02/2025 09:56:24.143;100;-1801.385;2837.510;188.400;56.000;247682.48;247682.48;192000;0;46.3259;16.8296;197.2952;36.3258;18.1873;212.7811;16.8235;24.9657;1517.1032;51;-0.0121;78;2.4543;82;0.000097984;0;9999;9999;9999;9999;9999;9999;9999;9999;9999;9999;9999;9999;9999;9999;9999;9999;9999;9999;9999;9999
16/02/2025 09:56:54.163;100;-1801.382;2837.512;191.600;57.000;247682.51;247682.51;192000;0;46.1235;16.6650;202.1742;36.2944;18.0339;212.8247;16.6570;25.0203;1516.6528;51;-0.0121;79;2.5452;85;0.000107170;0;9999;9999;9999;9999;9999;9999;9999;9999;9999;9999;9999;9999;9999;9999;9999;9999;9999;9999;9999;9999
16/02/2025 09:57:24.144;100;-1801.378;2837.516;197.700;50.000;247682.53;247682.53;192000;0;46.0601;16.6027;206.8710;36.2930;17.8960;213.6024;16.6011;25.0058;1516.5411;50;-0.0242;77;2.3634;81;0.000094922;0;9999;9999;9999;9999;9999;9999;9999;9999;9999;9999;9999;9999;9999;9999;9999;9999;9999;9999;9999;9999
16/02/2025 09:57:54.158;118;-1801.374;2837.517;200.600;48.000;247682.57;247682.57;192000;0;46.0424;16.5872;208.6196;36.2908;17.7659;213.4244;16.5869;25.0187;1516.5208;50;-0.0242;77;2.3634;86;0.000110232;0;9999;9999;9999;9999;9999;9999;9999;9999;9999;9999;9999;9999;9999;9999;9999;9999;9999;9999;9999;9999
16/02/2025 09:58:24.156;117;-1801.374;2837.518;200.100;44.000;247682.6;247682.6;192000;0;46.0424;16.5837;207.8965;36.2943;17.6677;213.1622;16.5810;25.0316;1516.5023;52;0.0000;76;2.2725;87;0.000113294;0;9999;9999;9999;9999;9999;9999;9999;9999;9999;9999;9999;9999;9999;9999;9999;9999;9999;9999;9999;9999
16/02/2025 09:58:54.144;117;-1801.374;2837.518;199.400;39.000;247682.62;247682.62;192000;0;46.0515;16.5930;206.1332;36.2946;17.5874;213.1299;16.5926;25.0287;1516.5014;50;-0.0242;78;2.4543;84;0.000104108;0;9999;9999;9999;9999;9999;9999;9999;9999;9999;9999;9999;9999;9999;9999;9999;9999;9999;9999;9999;9999
16/02/2025 09:59:24.160;117;-1801.372;2837.520;196.700;41.000;247682.64;247682.64;192000;0;46.0903;16.6260;203.1645;36.3001;17.5070;213.5487;16.6241;24.9993;1516.5581;50;-0.0242;78;2.4543;83;0.000101046;0;9999;9999;9999;9999;9999;9999;9999;9999;9999;9999;9999;9999;9999;9999;9999;9999;9999;9999;9999;9999
16/02/2025 09:59:54.132;117;-1801.371;2837.522;194.400;42.000;247682.67;247682.67;192000;0;46.1274;16.6532;199.6607;36.3097;17.4386;213.0167;16.6531;25.0115;1516.5931;50;-0.0242;78;2.4543;81;0.000094922;0;9999;9999;9999;9999;9999;9999;9999;9999;9999;9999;9999;9999;9999;9999;9999;9999;9999;9999;9999;9999
16/02/2025 10:00:24.161;117;-1801.367;2837.525;189.700;49.000;247682.68;247682.69;192000;0;46.2534;16.7582;195.9553;36.3272;17.3862;211.9431;16.7592;25.0222;1516.8680;50;-0.0242;76;2.2725;90;0.000122480;0;9999;9999;9999;9999;9999;9999;9999;9999;9999;9999;9999;9999;9999;9999;9999;9999;9999;9999;9999;9999
16/02/2025 10:00:54.156;117;-1801.366;2837.526;187.300;48.000;247682.71;247682.71;192000;0;46.4140;16.8956;192.3907;36.3456;17.3580;212.5852;16.8928;24.9495;1517.2424;52;0.0000;77;2.3634;86;0.000110232;0;9999;9999;9999;9999;9999;9999;9999;9999;9999;9999;9999;9999;9999;9999;9999;9999;9999;9999;9999;9999
16/02/2025 10:01:24.145;117;-1801.363;2837.529;182.600;42.000;247682.74;247682.74;192000;0;46.6735;17.1069;188.9011;36.3836;17.3540;211.8857;17.1038;24.9097;1517.8595;50;-0.0242;78;2.4543;84;0.000104108;0;9999;9999;9999;9999;9999;9999;9999;9999;9999;9999;9999;9999;9999;9999;9999;9999;9999;9999;9999;9999
16/02/2025 10:01:54.160;117;-1801.361;2837.531;180.400;45.000;247682.76;247682.76;192000;0;46.7166;17.1498;185.2567;36.3840;17.3681;213.1276;17.1479;24.8406;1517.9272;50;-0.0242;78;2.4543;83;0.000101046;0;9999;9999;9999;9999;9999;9999;9999;9999;9999;9999;9999;9999;9999;9999;9999;9999;9999;9999;9999;9999
16/02/2025 10:02:24.161;117;-1801.358;2837.534;175.400;52.000;247682.79;247682.79;192000;0;46.8852;17.2940;181.4285;36.4027;17.3822;214.9316;17.2913;24.7154;1518.3133;51;-0.0121;77;2.3634;84;0.000104108;0;9999;9999;9999;9999;9999;9999;9999;9999;9999;9999;9999;9999;9999;9999;9999;9999;9999;9999;9999;9999
16/02/2025 10:02:54.161;117;-1801.356;2837.535;173.100;52.000;247682.81;247682.81;192000;0;46.9304;17.3387;177.8323;36.4032;17.4104;214.3505;17.3352;24.7254;1518.3866;51;-0.0121;77;2.3634;85;0.000107170;0;9999;9999;9999;9999;9999;9999;9999;9999;9999;9999;9999;9999;9999;9999;9999;9999;9999;9999;9999;9999
16/02/2025 10:03:24.157;117;-1801.353;2837.538;168.500;46.000;247682.83;247682.83;192000;0;46.9862;17.3847;174.2218;36.4119;17.4366;215.0792;17.3841;24.6772;1518.4727;54;0.0242;78;2.4543;86;0.000110232;0;9999;9999;9999;9999;9999;9999;9999;9999;9999;9999;9999;9999;9999;9999;9999;9999;9999;9999;9999;9999
16/02/2025 10:03:54.162;117;-1801.351;2837.539;166.200;46.000;247682.85;247682.85;192000;0;47.1676;17.5324;170.5228;36.4380;17.4648;214.7235;17.5317;24.6436;1518.8771;53;0.0121;76;2.2725;84;0.000104108;0;9999;9999;9999;9999;9999;9999;9999;9999;9999;9999;9999;9999;9999;9999;9999;9999;9999;9999;9999;9999
16/02/2025 10:04:24.161;117;-1801.348;2837.542;161.200;53.000;247682.88;247682.88;192000;0;47.3354;17.6671;166.6593;36.4640;17.5111;212.5463;17.6655;24.6928;1519.2386;53;0.0121;77;2.3634;94;0.000134728;0;9999;9999;9999;9999;9999;9999;9999;9999;9999;9999;9999;9999;9999;9999;9999;9999;9999;9999;9999;9999
16/02/2025 10:04:54.148;117;-1801.346;2837.543;158.800;54.000;247682.9;247682.9;192000;0;47.5343;17.8274;163.0654;36.4935;17.5694;210.7316;17.8267;24.7186;1519.6820;52;0.0000;76;2.2725;85;0.000107170;0;9999;9999;9999;9999;9999;9999;9999;9999;9999;9999;9999;9999;9999;9999;9999;9999;9999;9999;9999;9999
16/02/2025 10:05:24.161;117;-1801.343;2837.545;154.100;64.000;247682.93;247682.93;192000;0;47.6226;17.9015;159.2248;36.5047;17.6356;210.2845;17.9003;24.7134;1519.8472;54;0.0242;78;2.4543;88;0.000116356;0;9999;9999;9999;9999;9999;9999;9999;9999;9999;9999;9999;9999;9999;9999;9999;9999;9999;9999;9999;9999
16/02/2025 10:05:54.149;117;-1801.340;2837.546;151.600;72.000;247682.95;247682.95;192000;0;47.6423;17.9201;155.3855;36.5065;17.6918;209.8301;17.9193;24.7261;1519.8397;54;0.0242;77;2.3634;90;0.000122480;0;9999;9999;9999;9999;9999;9999;9999;9999;9999;9999;9999;9999;9999;9999;9999;9999;9999;9999;9999;9999
16/02/2025 10:06:24.160;117;-1801.336;2837.547;146.800;81.000;247682.97;247682.97;192000;0;47.8330;18.0690;151.5857;36.5386;17.7419;211.4352;18.0719;24.6057;1520.2462;54;0.0242;77;2.3634;91;0.000125542;0;9999;9999;9999;9999;9999;9999;9999;9999;9999;9999;9999;9999;9999;9999;9999;9999;9999;9999;9999;9999
16/02/2025 10:06:54.141;117;-1801.333;2837.548;144.300;78.000;247682.99;247682.99;192000;0;48.1069;18.3061;147.8002;36.5629;17.8160;215.3193;18.3027;24.3653;1520.8970;58;0.0726;76;2.2725;109;0.000180658;0;9999;9999;9999;9999;9999;9999;9999;9999;9999;9999;9999;9999;9999;9999;9999;9999;9999;9999;9999;9999
16/02/2025 10:07:24.162;117;-1801.329;2837.548;139.500;80.000;247683.02;247683.02;192000;0;48.1491;18.3408;144.0710;36.5695;17.9020;216.0290;18.3416;24.3217;1520.9425;56;0.0484;75;2.1816;92;0.000128604;0;9999;9999;9999;9999;9999;9999;9999;9999;9999;9999;9999;9999;9999;9999;9999;9999;9999;9999;9999;9999
16/02/2025 10:07:54.161;117;-1801.326;2837.549;137.200;82.000;247683.04;247683.04;192000;0;48.2779;18.4410;140.3723;36.5914;17.9740;217.7275;18.4432;24.2168;1521.1942;55;0.0363;75;2.1816;92;0.000128604;0;9999;9999;9999;9999;9999;9999;9999;9999;9999;9999;9999;9999;9999;9999;9999;9999;9999;9999;9999;9999
16/02/2025 10:08:24.157;117;-1801.322;2837.549;132.500;87.000;247683.06;247683.06;192000;0;48.9864;19.0028;136.7759;36.6938;18.0538;222.6855;18.9905;23.8401;1522.8525;57;0.0605;75;2.1816;92;0.000128604;0;9999;9999;9999;9999;9999;9999;9999;9999;9999;9999;9999;9999;9999;9999;9999;9999;9999;9999;9999;9999
16/02/2025 10:08:54.160;117;-1801.319;2837.549;130.200;87.000;247683.08;247683.08;192000;0;49.5842;19.4599;133.3759;36.7922;18.2232;228.9087;19.4504;23.4482;1524.1925;58;0.0726;74;2.0907;94;0.000134728;0;9999;9999;9999;9999;9999;9999;9999;9999;9999;9999;9999;9999;9999;9999;9999;9999;9999;9999;9999;9999
16/02/2025 10:09:24.159;117;-1801.315;2837.550;126.000;80.000;247683.11;247683.11;192000;0;49.9933;19.7699;130.0765;36.8607;18.4198;232.9670;19.7640;23.1940;1525.0772;59;0.0847;73;1.9998;105;0.000168410;0;9999;9999;9999;9999;9999;9999;9999;9999;9999;9999;9999;9999;9999;9999;9999;9999;9999;9999;9999;9999
16/02/2025 10:09:54.161;117;-1801.313;2837.551;123.900;82.000;247683.13;-1;192000;0;50.1320;19.8748;126.6597;36.8846;18.6140;235.6461;19.8728;23.0578;1525.3374;64;0.1452;73;1.9998;95;0.000137790;0;9999;9999;9999;9999;9999;9999;9999;9999;9999;9999;9999;9999;9999;9999;9999;9999;9999;9999;9999;9999
16/02/2025 10:10:24.159;117;-1801.309;2837.551;119.600;91.000;247683.15;247683.15;192000;0;50.1599;19.8979;123.2688;36.8887;18.7681;235.2893;19.8969;23.0632;1525.3493;64;0.1452;72;1.9089;93;0.000131666;0;9999;9999;9999;9999;9999;9999;9999;9999;9999;9999;9999;9999;9999;9999;9999;9999;9999;9999;9999;9999
16/02/2025 10:10:54.154;117;-1801.307;2837.551;117.600;94.000;247683.17;-1;192000;0;50.1833;19.9176;119.9918;36.8919;18.9062;235.3889;19.9186;23.0520;1525.3527;64;0.1452;72;1.9089;94;0.000134728;0;9999;9999;9999;9999;9999;9999;9999;9999;9999;9999;9999;9999;9999;9999;9999;9999;9999;9999;9999;9999
16/02/2025 10:11:24.155;117;-1801.303;2837.550;113.500;103.000;247683.21;-1;192000;0;50.1859;19.9208;116.5326;36.8925;19.0184;236.1739;19.9229;23.0200;1525.3045;65;0.1573;71;1.8180;96;0.000140852;0;9999;9999;9999;9999;9999;9999;9999;9999;9999;9999;9999;9999;9999;9999;9999;9999;9999;9999;9999;9999
16/02/2025 10:11:54.160;117;-1801.301;2837.550;111.400;107.000;247683.23;-1;192000;0;50.1899;19.9240;113.2277;36.8943;19.1206;236.1121;19.9263;23.0203;1525.2603;64;0.1452;72;1.9089;94;0.000134728;0;9999;9999;9999;9999;9999;9999;9999;9999;9999;9999;9999;9999;9999;9999;9999;9999;9999;9999;9999;9999
16/02/2025 10:12:24.159;117;-1801.297;2837.548;107.100;117.000;247683.25;247683.25;192000;0;50.3231;20.0279;110.0115;36.9143;19.2070;235.2830;20.0290;23.0200;1525.5154;75;0.2783;71;1.8180;97;0.000143914;0;9999;9999;9999;9999;9999;9999;9999;9999;9999;9999;9999;9999;9999;9999;9999;9999;9999;9999;9999;9999
16/02/2025 10:12:54.164;117;-1801.295;2837.547;105.100;125.000;247683.28;247683.28;192000;0;50.4521;20.1270;106.8563;36.9349;19.3089;237.1081;20.1259;22.9213;1525.7581;69;0.2057;71;1.8180;101;0.000156162;0;9999;9999;9999;9999;9999;9999;9999;9999;9999;9999;9999;9999;9999;9999;9999;9999;9999;9999;9999;9999
16/02/2025 10:13:24.143;117;-1801.292;2837.545;101.000;133.000;247683.3;247683.3;192000;0;50.4645;20.1354;103.4778;36.9390;19.3990;236.4711;20.1357;22.9412;1525.7295;68;0.1936;71;1.8180;97;0.000143914;0;9999;9999;9999;9999;9999;9999;9999;9999;9999;9999;9999;9999;9999;9999;9999;9999;9999;9999;9999;9999
16/02/2025 10:13:54.162;117;-1801.290;2837.543;98.800;136.000;247683.33;247683.33;192000;0;50.5055;20.1627;99.9308;36.9501;19.4752;235.9407;20.1663;22.9508;1525.7576;64;0.1452;72;1.9089;96;0.000140852;0;9999;9999;9999;9999;9999;9999;9999;9999;9999;9999;9999;9999;9999;9999;9999;9999;9999;9999;9999;9999
16/02/2025 10:14:24.146;117;-1801.287;2837.540;94.200;146.000;247683.35;247683.35;192000;0;50.5111;20.1704;96.2780;36.9493;19.5514;237.5243;20.1730;22.8883;1525.7169;67;0.1815;72;1.9089;98;0.000146976;0;9999;9999;9999;9999;9999;9999;9999;9999;9999;9999;9999;9999;9999;9999;9999;9999;9999;9999;9999;9999
16/02/2025 10:14:54.137;117;-1801.286;2837.538;91.800;151.000;247683.37;247683.37;192000;0;50.5208;20.1768;92.5537;36.9531;19.6080;237.3057;20.1800;22.8933;1525.6766;68;0.1936;71;1.8180;101;0.000156162;0;9999;9999;9999;9999;9999;9999;9999;9999;9999;9999;9999;9999;9999;9999;9999;9999;9999;9999;9999;9999
16/02/2025 10:15:24.158;117;-1801.284;2837.535;87.100;161.000;247683.39;247683.39;192000;0;50.5432;20.1968;88.8808;36.9553;19.6626;237.2752;20.1992;22.8877;1525.6726;71;0.2299;70;1.7271;102;0.000159224;0;9999;9999;9999;9999;9999;9999;9999;9999;9999;9999;9999;9999;9999;9999;9999;9999;9999;9999;9999;9999
16/02/2025 10:15:54.144;117;-1801.283;2837.533;84.700;164.000;247683.41;247683.41;192000;0;50.5237;20.1869;85.2103;36.9493;19.7133;237.2143;20.1900;22.8919;1525.5776;69;0.2057;72;1.9089;102;0.000159224;0;9999;9999;9999;9999;9999;9999;9999;9999;9999;9999;9999;9999;9999;9999;9999;9999;9999;9999;9999;9999
16/02/2025 10:16:24.160;117;-1801.282;2837.528;80.100;173.000;247683.43;247683.43;192000;0;50.5764;20.2304;81.6131;36.9559;19.7581;237.5951;20.2326;22.8641;1525.6441;64;0.1452;70;1.7271;106;0.000171472;0;9999;9999;9999;9999;9999;9999;9999;9999;9999;9999;9999;9999;9999;9999;9999;9999;9999;9999;9999;9999
16/02/2025 10:16:54.159;117;-1801.282;2837.526;77.700;179.000;247683.45;247683.45;192000;0;50.6788;20.3115;77.9955;36.9703;19.8029;237.4865;20.3136;22.8432;1525.8215;64;0.1452;69;1.6362;110;0.000183720;0;9999;9999;9999;9999;9999;9999;9999;9999;9999;9999;9999;9999;9999;9999;9999;9999;9999;9999;9999;9999
16/02/2025 10:17:24.161;117;-1801.282;2837.522;73.100;185.000;247683.48;247683.48;192000;0;50.7679;20.3783;74.3577;36.9861;19.8632;237.6896;20.3808;22.8145;1525.9606;62;0.1210;71;1.8180;102;0.000159224;0;9999;9999;9999;9999;9999;9999;9999;9999;9999;9999;9999;9999;9999;9999;9999;9999;9999;9999;9999;9999
16/02/2025 10:17:54.150;117;-1801.283;2837.520;70.700;189.000;247683.5;247683.5;192000;0;50.8222;20.4216;70.6043;36.9941;19.9176;237.9042;20.4243;22.7926;1526.0248;61;0.1089;71;1.8180;101;0.000156162;0;9999;9999;9999;9999;9999;9999;9999;9999;9999;9999;9999;9999;9999;9999;9999;9999;9999;9999;9999;9999
16/02/2025 10:18:24.131;117;-1801.283;2837.516;65.800;195.000;247683.53;247683.53;192000;0;50.8504;20.4429;66.7068;37.0001;19.9700;238.6480;20.4461;22.7572;1526.0245;59;0.0847;70;1.7271;101;0.000156162;0;9999;9999;9999;9999;9999;9999;9999;9999;9999;9999;9999;9999;9999;9999;9999;9999;9999;9999;9999;9999
16/02/2025 10:18:54.132;117;-1801.284;2837.513;63.200;200.000;247683.55;247683.55;192000;0;50.8574;20.4502;62.8173;37.0009;20.0108;238.3326;20.4526;22.7660;1525.9804;58;0.0726;70;1.7271;100;0.000153100;0;9999;9999;9999;9999;9999;9999;9999;9999;9999;9999;9999;9999;9999;9999;9999;9999;9999;9999;9999;9999
16/02/2025 10:19:24.159;117;-1801.286;2837.509;58.300;207.000;247683.58;247683.58;192000;0;50.8773;20.4671;58.9523;37.0038;20.0535;238.5489;20.4690;22.7520;1525.9651;57;0.0605;69;1.6362;102;0.000159224;0;9999;9999;9999;9999;9999;9999;9999;9999;9999;9999;9999;9999;9999;9999;9999;9999;9999;9999;9999;9999
16/02/2025 10:19:54.162;117;-1801.287;2837.507;55.800;212.000;247683.59;247683.59;192000;0;50.8928;20.4772;55.0243;37.0091;20.0942;238.3776;20.4797;22.7540;1525.9329;56;0.0484;69;1.6362;104;0.000165348;0;9999;9999;9999;9999;9999;9999;9999;9999;9999;9999;9999;9999;9999;9999;9999;9999;9999;9999;9999;9999
16/02/2025 10:20:24.161;117;-1801.290;2837.503;50.600;220.000;247683.62;247683.62;192000;0;50.9073;20.4918;51.0075;37.0097;20.1271;239.5180;20.4944;22.7063;1525.9062;60;0.0968;69;1.6362;106;0.000171472;0;9999;9999;9999;9999;9999;9999;9999;9999;9999;9999;9999;9999;9999;9999;9999;9999;9999;9999;9999;9999
16/02/2025 10:20:54.160;117;-1801.292;2837.502;48.000;224.000;247683.65;247683.65;192000;0;50.9268;20.5079;47.0966;37.0130;20.1601;237.6855;20.5109;22.7685;1525.8884;58;0.0726;70;1.7271;104;0.000165348;0;9999;9999;9999;9999;9999;9999;9999;9999;9999;9999;9999;9999;9999;9999;9999;9999;9999;9999;9999;9999
16/02/2025 10:21:24.135;117;-1801.296;2837.499;43.100;231.000;247683.67;247683.67;192000;0;50.9236;20.5079;43.2609;37.0119;20.1949;236.4266;20.5105;22.8148;1525.8232;59;0.0847;69;1.6362;103;0.000162286;0;9999;9999;9999;9999;9999;9999;9999;9999;9999;9999;9999;9999;9999;9999;9999;9999;9999;9999;9999;9999
16/02/2025 10:21:54.159;117;-1801.298;2837.497;40.500;236.000;247683.7;-1;192000;0;50.9384;20.5158;39.3216;37.0185;20.2181;236.1410;20.5218;22.8208;1525.7863;59;0.0847;70;1.7271;106;0.000171472;0;9999;9999;9999;9999;9999;9999;9999;9999;9999;9999;9999;9999;9999;9999;9999;9999;9999;9999;9999;9999
16/02/2025 10:22:24.134;117;-1801.302;2837.495;35.500;247.000;247683.72;247683.72;192000;0;50.9510;20.5319;35.3516;37.0161;20.2433;237.7853;20.5340;22.7547;1525.7611;60;0.0968;69;1.6362;105;0.000168410;0;9999;9999;9999;9999;9999;9999;9999;9999;9999;9999;9999;9999;9999;9999;9999;9999;9999;9999;9999;9999
16/02/2025 10:22:54.162;117;-1801.305;2837.494;32.900;250.000;247683.74;-1;192000;0;50.9624;20.5408;31.3385;37.0192;20.2723;238.4869;20.5433;22.7246;1525.7217;57;0.0605;68;1.5453;107;0.000174534;0;9999;9999;9999;9999;9999;9999;9999;9999;9999;9999;9999;9999;9999;9999;9999;9999;9999;9999;9999;9999
16/02/2025 10:23:24.143;117;-1801.310;2837.493;27.700;262.000;247683.76;-1;192000;0;50.9568;20.5407;27.4780;37.0161;20.2935;237.0065;20.5433;22.7790;1525.6536;56;0.0484;68;1.5453;107;0.000174534;0;9999;9999;9999;9999;9999;9999;9999;9999;9999;9999;9999;9999;9999;9999;9999;9999;9999;9999;9999;9999
16/02/2025 10:23:54.160;117;-1801.313;2837.492;25.200;267.000;247683.78;-1;192000;0;50.9643;20.5462;23.5112;37.0190;20.3109;237.3990;20.5491;22.7613;1525.6056;57;0.0605;74;2.0907;102;0.000159224;0;9999;9999;9999;9999;9999;9999;9999;9999;9999;9999;9999;9999;9999;9999;9999;9999;9999;9999;9999;9999
16/02/2025 10:24:24.161;117;-1801.318;2837.492;20.100;278.000;247683.8;-1;192000;0;50.9617;20.5473;19.5824;37.0172;20.3341;235.6825;20.5502;22.8245;1525.5411;55;0.0363;71;1.8180;106;0.000171472;0;9999;9999;9999;9999;9999;9999;9999;9999;9999;9999;9999;9999;9999;9999;9999;9999;9999;9999;9999;9999
16/02/2025 10:24:54.160;117;-1801.321;2837.493;17.600;283.000;247683.83;-1;192000;0;50.9616;20.5472;15.7004;37.0187;20.3496;235.6850;20.5502;22.8232;1525.4777;53;0.0121;68;1.5453;113;0.000192906;0;9999;9999;9999;9999;9999;9999;9999;9999;9999;9999;9999;9999;9999;9999;9999;9999;9999;9999;9999;9999
16/02/2025 10:25:24.138;117;-1801.326;2837.494;12.600;292.000;247683.85;247683.85;192000;0;50.9569;20.5475;11.8342;37.0161;20.3650;236.3239;20.5500;22.7982;1525.4111;53;0.0121;74;2.0907;113;0.000192906;0;9999;9999;9999;9999;9999;9999;9999;9999;9999;9999;9999;9999;9999;9999;9999;9999;9999;9999;9999;9999
16/02/2025 10:25:54.160;117;-1801.328;2837.495;10.100;297.000;247683.87;247683.87;192000;0;50.9595;20.5502;7.9139;37.0173;20.3786;235.4972;20.5544;22.8269;1525.3544;52;0.0000;66;1.3635;108;0.000177596;0;9999;9999;9999;9999;9999;9999;9999;9999;9999;9999;9999;9999;9999;9999;9999;9999;9999;9999;9999;9999
16/02/2025 10:26:24.148;117;-1801.332;2837.497;5.000;312.000;247683.9;247683.9;192000;0;50.9579;20.5524;4.0004;37.0156;20.3920;234.9903;20.5575;22.8442;1525.2932;53;0.0121;75;2.1816;108;0.000177596;0;9999;9999;9999;9999;9999;9999;9999;9999;9999;9999;9999;9999;9999;9999;9999;9999;9999;9999;9999;9999
16/02/2025 10:26:54.159;115;-1801.335;2837.499;2.500;304.000;247683.93;247683.93;192000;0;50.9556;20.5469;4.5500;37.0183;20.4056;234.9908;20.5470;22.8472;1525.2905;55;0.0363;70;1.7271;108;0.000177596;0;9999;9999;9999;9999;9999;9999;9999;9999;9999;9999;9999;9999;9999;9999;9999;9999;9999;9999;9999;9999
16/02/2025 10:27:24.144;115;-1801.337;2837.499;-0.100;269.000;247683.95;247683.95;192000;0;50.9605;20.5506;1.7201;37.0201;20.4210;235.3798;20.5532;22.8298;1525.2553;56;0.0484;70;1.7271;104;0.000165348;0;9999;9999;9999;9999;9999;9999;9999;9999;9999;9999;9999;9999;9999;9999;9999;9999;9999;9999;9999;9999
16/02/2025 10:27:51.046;119;-1801.652;2837.814;-0.200;299.000;247683.97;247683.97;192000;0;50.9583;20.5543;1.5047;37.0151;20.4287;234.8617;20.5555;22.8490;1525.2561;55;0.0363;70;1.7271;103;0.000162286;0;9999;9999;9999;9999;9999;9999;9999;9999;9999;9999;9999;9999;9999;9999;9999;9999;9999;9999;9999;9999
