PLD_REALTIMECLOCK;NAV_RESOURCE;NAV_LONGITUDE;NAV_LATITUDE;NAV_DEPTH;NAV_HEADING;SD_CARD_USAGE;SSD_USAGE;ACQUISITION_FREQ;RECORDING;LEGATO_CONDUCTIVITY;LEGATO_TEMPERATURE;LEGATO_PRESSURE;LEGATO_SALINITY;LEGATO_CONDTEMP;LEGATO_CODA_DO;LEGATO_CODA_TEMPERATURE;LEGATO_CODA_CORR_PHASE;LEGATO_SOUND_VELOCITY;FLBBCD_CHL_COUNT;FLBBCD_CHL_SCALED;FLBBCD_CDOM_COUNT;FLBBCD_CDOM_SCALED;FLBBCD_BB_700_COUNT;FLBBCD_BB_700_SCALED;User_Field1;User_Field2;User_Field3;User_Field4;User_Field5;User_Field6;User_Field7;User_Field8;User_Field9;User_Field10;BS_HEADING;BS_ZB;BS_ZT;BS_PU;BS_PD;BS_BU;BS_BD;BS_SR;BS_ALTIMETER.ENABLE;BS_ALTIMETER.VALUE;BS_CURRENT.CORRECTION.ENABLE
05/03/2025 09:22:18.377;119;-1758.088;2837.866;-0.200;50.000;249134.85;-1;192000;0;50.1745;19.9646;1.3170;36.8879;19.9448;242.6216;19.9672;22.7347;1523.5000;50;-0.0242;69;1.6362;49;-0.000003062;0;9999;9999;9999;9999;9999;9999;9999;9999;9999;9999;9999;9999;9999;9999;9999;9999;9999;9999;9999;9999
05/03/2025 09:22:48.405;116;-1758.090;2837.870;-0.100;35.000;249134.87;-1;192000;0;50.1624;19.9584;1.3487;36.8832;19.9487;241.9580;19.9678;22.7591;1523.4782;49;-0.0363;93;3.8178;42;-0.000024496;0;9999;9999;9999;9999;9999;9999;9999;9999;9999;9999;9999;9999;9999;9999;9999;9999;9999;9999;9999;9999
05/03/2025 09:23:18.414;116;-1758.094;2837.876;0.100;65.000;249134.91;-1;192000;0;50.1739;19.9589;1.4631;36.8923;19.9506;242.1912;19.9604;22.7523;1523.4917;50;-0.0242;23;-2.5452;49;-0.000003062;0;9999;9999;9999;9999;9999;9999;9999;9999;9999;9999;9999;9999;9999;9999;9999;9999;9999;9999;9999;9999
05/03/2025 09:23:48.415;116;-1758.096;2837.878;0.100;53.000;249134.94;-1;192000;0;50.1718;19.9632;1.3969;36.8869;19.9506;242.0317;19.9648;22.7572;1523.4964;65;0.1573;74;2.0907;49;-0.000003062;0;9999;9999;9999;9999;9999;9999;9999;9999;9999;9999;9999;9999;9999;9999;9999;9999;9999;9999;9999;9999
05/03/2025 09:24:18.413;116;-1758.098;2837.883;-0.100;70.000;249134.98;-1;192000;0;50.1684;19.9559;1.3341;36.8904;19.9584;242.0963;19.9629;22.7551;1523.4792;51;-0.0121;67;1.4544;151;0.000309262;0;9999;9999;9999;9999;9999;9999;9999;9999;9999;9999;9999;9999;9999;9999;9999;9999;9999;9999;9999;9999
05/03/2025 09:24:48.410;116;-1758.098;2837.883;-0.100;70.000;249135.03;-1;192000;0;50.1721;19.9604;1.3823;36.8895;19.9584;242.2024;19.9633;22.7512;1523.4914;50;-0.0242;51;0.0000;49;-0.000003062;0;9999;9999;9999;9999;9999;9999;9999;9999;9999;9999;9999;9999;9999;9999;9999;9999;9999;9999;9999;9999
05/03/2025 09:25:18.413;116;-1758.102;2837.889;0.000;52.000;249135.05;-1;192000;0;50.1681;19.9613;1.4103;36.8854;19.9642;241.2332;19.9672;22.7859;1523.4897;29;-0.2783;86;3.1815;92;0.000128604;0;9999;9999;9999;9999;9999;9999;9999;9999;9999;9999;9999;9999;9999;9999;9999;9999;9999;9999;9999;9999
05/03/2025 09:25:48.389;110;-1758.104;2837.890;0.500;74.000;249135.1;-1;192000;0;50.1714;19.9589;2.2697;36.8899;19.9642;241.1931;19.9601;22.7895;1523.5025;48;-0.0484;70;1.7271;75;0.000076550;0;9999;9999;9999;9999;9999;9999;9999;9999;9999;9999;9999;9999;9999;9999;9999;9999;9999;9999;9999;9999
05/03/2025 09:26:18.410;110;-1758.105;2837.891;1.100;61.000;249135.14;-1;192000;0;50.1753;19.9609;4.3028;36.8907;19.9681;241.9727;19.9621;22.7608;1523.5428;41;-0.1331;73;1.9998;116;0.000202092;0;9999;9999;9999;9999;9999;9999;9999;9999;9999;9999;9999;9999;9999;9999;9999;9999;9999;9999;9999;9999
05/03/2025 09:26:48.412;100;-1758.103;2837.895;6.900;76.000;249135.17;-1;192000;0;50.1786;19.9646;8.5885;36.8885;19.9681;242.3770;19.9665;22.7460;1523.6219;73;0.2541;50;-0.0909;138;0.000269456;0;9999;9999;9999;9999;9999;9999;9999;9999;9999;9999;9999;9999;9999;9999;9999;9999;9999;9999;9999;9999
05/03/2025 09:27:18.414;100;-1758.102;2837.897;10.100;84.000;249135.21;-1;192000;0;50.1807;19.9627;14.0208;36.8898;19.9720;241.8407;19.9646;22.7677;1523.7087;76;0.2904;67;1.4544;138;0.000269456;0;9999;9999;9999;9999;9999;9999;9999;9999;9999;9999;9999;9999;9999;9999;9999;9999;9999;9999;9999;9999
05/03/2025 09:27:48.409;100;-1758.098;2837.899;17.500;103.000;249135.25;-1;192000;0;50.1850;19.9646;19.6820;36.8897;19.9758;242.5254;19.9662;22.7437;1523.8082;76;0.2904;75;2.1816;136;0.000263332;0;9999;9999;9999;9999;9999;9999;9999;9999;9999;9999;9999;9999;9999;9999;9999;9999;9999;9999;9999;9999
05/03/2025 09:28:18.414;100;-1758.096;2837.899;21.200;113.000;249135.28;-1;192000;0;50.1734;19.9533;25.2706;36.8878;19.9758;243.3605;19.9547;22.7182;1523.8680;77;0.3025;71;1.8180;138;0.000269456;0;9999;9999;9999;9999;9999;9999;9999;9999;9999;9999;9999;9999;9999;9999;9999;9999;9999;9999;9999;9999
05/03/2025 09:28:48.414;100;-1758.093;2837.899;28.200;116.000;249135.32;-1;192000;0;50.1938;19.9681;30.7138;36.8896;19.9758;242.9763;19.9696;22.7294;1524.0016;77;0.3025;69;1.6362;137;0.000266394;0;9999;9999;9999;9999;9999;9999;9999;9999;9999;9999;9999;9999;9999;9999;9999;9999;9999;9999;9999;9999
05/03/2025 09:29:18.414;100;-1758.091;2837.898;32.100;122.000;249135.36;-1;192000;0;50.1582;19.9408;36.5448;36.8820;19.9778;244.0120;19.9402;22.7021;1524.0150;77;0.3025;68;1.5453;148;0.000300076;0;9999;9999;9999;9999;9999;9999;9999;9999;9999;9999;9999;9999;9999;9999;9999;9999;9999;9999;9999;9999
05/03/2025 09:29:48.412;100;-1758.089;2837.897;39.600;131.000;249135.4;-1;192000;0;50.1360;19.9225;42.4613;36.8775;19.9739;242.4808;19.9210;22.7655;1524.0581;76;0.2904;71;1.8180;143;0.000284766;0;9999;9999;9999;9999;9999;9999;9999;9999;9999;9999;9999;9999;9999;9999;9999;9999;9999;9999;9999;9999
05/03/2025 09:30:18.408;100;-1758.087;2837.896;43.600;133.000;249135.43;-1;192000;0;50.0998;19.8901;48.6928;36.8737;19.9681;243.5149;19.8904;22.7385;1524.0683;76;0.2904;71;1.8180;140;0.000275580;0;9999;9999;9999;9999;9999;9999;9999;9999;9999;9999;9999;9999;9999;9999;9999;9999;9999;9999;9999;9999
05/03/2025 09:30:48.408;100;-1758.084;2837.894;52.000;133.000;249135.48;-1;192000;0;50.0817;19.8742;55.1376;36.8703;19.9622;244.0285;19.8761;22.7258;1524.1280;75;0.2783;69;1.6362;137;0.000266394;0;9999;9999;9999;9999;9999;9999;9999;9999;9999;9999;9999;9999;9999;9999;9999;9999;9999;9999;9999;9999
05/03/2025 09:31:18.414;100;-1758.082;2837.893;56.100;131.000;249135.51;-1;192000;0;50.0883;19.8770;61.6342;36.8708;19.9526;244.2400;19.8775;22.7195;1524.2445;76;0.2904;70;1.7271;130;0.000244960;0;9999;9999;9999;9999;9999;9999;9999;9999;9999;9999;9999;9999;9999;9999;9999;9999;9999;9999;9999;9999
05/03/2025 09:31:48.412;100;-1758.080;2837.891;64.200;135.000;249135.55;-1;192000;0;50.0773;19.8674;67.9786;36.8678;19.9428;244.2848;19.8664;22.7231;1524.3204;74;0.2662;71;1.8180;133;0.000254146;0;9999;9999;9999;9999;9999;9999;9999;9999;9999;9999;9999;9999;9999;9999;9999;9999;9999;9999;9999;9999
05/03/2025 09:32:18.397;100;-1758.078;2837.889;68.600;137.000;249135.58;-1;192000;0;50.0729;19.8591;74.3311;36.8691;19.9409;241.7429;19.8603;22.8196;1524.4047;74;0.2662;71;1.8180;136;0.000263332;0;9999;9999;9999;9999;9999;9999;9999;9999;9999;9999;9999;9999;9999;9999;9999;9999;9999;9999;9999;9999
05/03/2025 09:32:48.413;100;-1758.076;2837.887;76.000;132.000;249135.62;-1;192000;0;49.9442;19.7716;79.9717;36.8373;19.9312;241.9307;19.7644;22.8438;1524.2210;76;0.2904;71;1.8180;139;0.000272518;0;9999;9999;9999;9999;9999;9999;9999;9999;9999;9999;9999;9999;9999;9999;9999;9999;9999;9999;9999;9999
05/03/2025 09:33:18.402;100;-1758.074;2837.887;80.000;125.000;249135.66;-1;192000;0;49.8588;19.7000;86.4607;36.8269;19.9040;240.9069;19.6954;22.9039;1524.1188;73;0.2541;72;1.9089;130;0.000244960;0;9999;9999;9999;9999;9999;9999;9999;9999;9999;9999;9999;9999;9999;9999;9999;9999;9999;9999;9999;9999
05/03/2025 09:33:48.407;100;-1758.070;2837.885;88.900;119.000;249135.69;-1;192000;0;49.8578;19.6872;93.2629;36.8348;19.8748;241.0006;19.6893;22.9036;1524.2055;77;0.3025;71;1.8180;130;0.000244960;0;9999;9999;9999;9999;9999;9999;9999;9999;9999;9999;9999;9999;9999;9999;9999;9999;9999;9999;9999;9999
05/03/2025 09:34:18.387;100;-1758.067;2837.885;93.200;117.000;249135.73;-1;192000;0;49.8453;19.6764;100.0297;36.8314;19.8573;240.4300;19.6766;22.9306;1524.2844;76;0.2904;73;1.9998;130;0.000244960;0;9999;9999;9999;9999;9999;9999;9999;9999;9999;9999;9999;9999;9999;9999;9999;9999;9999;9999;9999;9999
05/03/2025 09:34:48.410;100;-1758.062;2837.884;101.800;115.000;249135.77;-1;192000;0;49.8372;19.6709;106.6407;36.8270;19.8437;241.7685;19.6692;22.8854;1524.3743;74;0.2662;71;1.8180;126;0.000232712;0;9999;9999;9999;9999;9999;9999;9999;9999;9999;9999;9999;9999;9999;9999;9999;9999;9999;9999;9999;9999
05/03/2025 09:35:18.388;100;-1758.060;2837.884;106.000;117.000;249135.8;-1;192000;0;49.8475;19.6733;113.1002;36.8310;19.8262;240.6640;19.6736;22.9265;1524.4931;78;0.3146;71;1.8180;130;0.000244960;0;9999;9999;9999;9999;9999;9999;9999;9999;9999;9999;9999;9999;9999;9999;9999;9999;9999;9999;9999;9999
05/03/2025 09:35:48.406;100;-1758.056;2837.883;114.500;122.000;249135.84;-1;192000;0;49.6993;19.5590;119.5419;36.8060;19.8107;240.1534;19.5553;22.9831;1524.2542;78;0.3146;71;1.8180;124;0.000226588;0;9999;9999;9999;9999;9999;9999;9999;9999;9999;9999;9999;9999;9999;9999;9999;9999;9999;9999;9999;9999
05/03/2025 09:36:18.413;100;-1758.054;2837.883;118.400;124.000;249135.88;-1;192000;0;49.6361;19.5577;125.8810;36.7522;19.7912;240.4579;19.5269;22.9851;1524.2957;74;0.2662;72;1.9089;127;0.000235774;0;9999;9999;9999;9999;9999;9999;9999;9999;9999;9999;9999;9999;9999;9999;9999;9999;9999;9999;9999;9999
05/03/2025 09:36:48.397;100;-1758.051;2837.881;126.100;130.000;249135.92;-1;192000;0;49.6541;19.5229;131.6547;36.7956;19.7620;238.8822;19.5130;23.0469;1524.3436;75;0.2783;71;1.8180;130;0.000244960;0;9999;9999;9999;9999;9999;9999;9999;9999;9999;9999;9999;9999;9999;9999;9999;9999;9999;9999;9999;9999
05/03/2025 09:37:18.399;100;-1758.049;2837.880;130.400;129.000;249135.94;249135.94;192000;0;49.6177;19.4827;138.5029;36.7982;19.7308;238.4731;19.4878;23.0712;1524.3483;73;0.2541;71;1.8180;128;0.000238836;0;9999;9999;9999;9999;9999;9999;9999;9999;9999;9999;9999;9999;9999;9999;9999;9999;9999;9999;9999;9999
05/03/2025 09:37:48.413;100;-1758.046;2837.877;139.000;138.000;249135.99;-1;192000;0;49.5827;19.4534;145.0172;36.7924;19.7094;238.6180;19.4562;23.0772;1524.3684;73;0.2541;72;1.9089;159;0.000333758;0;9999;9999;9999;9999;9999;9999;9999;9999;9999;9999;9999;9999;9999;9999;9999;9999;9999;9999;9999;9999
05/03/2025 09:38:18.390;100;-1758.044;2837.876;143.400;131.000;249136.03;-1;192000;0;49.5638;19.4388;151.5300;36.7869;19.6782;238.0664;19.4414;23.1044;1524.4298;73;0.2541;72;1.9089;120;0.000214340;0;9999;9999;9999;9999;9999;9999;9999;9999;9999;9999;9999;9999;9999;9999;9999;9999;9999;9999;9999;9999
05/03/2025 09:38:48.410;118;-1758.040;2837.874;150.500;123.000;249136.07;-1;192000;0;49.5030;19.3905;156.0300;36.7771;19.6529;238.7702;19.3925;23.0941;1524.3585;74;0.2662;73;1.9998;128;0.000238836;0;9999;9999;9999;9999;9999;9999;9999;9999;9999;9999;9999;9999;9999;9999;9999;9999;9999;9999;9999;9999
05/03/2025 09:39:18.410;118;-1758.041;2837.874;150.600;140.000;249136.11;-1;192000;0;49.5556;19.4359;153.7462;36.7819;19.6236;239.3699;19.4357;23.0582;1524.4530;74;0.2662;71;1.8180;129;0.000241898;0;9999;9999;9999;9999;9999;9999;9999;9999;9999;9999;9999;9999;9999;9999;9999;9999;9999;9999;9999;9999
05/03/2025 09:39:48.406;117;-1758.042;2837.875;147.200;134.000;249136.15;-1;192000;0;49.5623;19.4390;151.1089;36.7857;19.6158;238.0538;19.4391;23.1055;1524.4220;74;0.2662;71;1.8180;126;0.000232712;0;9999;9999;9999;9999;9999;9999;9999;9999;9999;9999;9999;9999;9999;9999;9999;9999;9999;9999;9999;9999
05/03/2025 09:40:18.414;117;-1758.042;2837.875;145.400;130.000;249136.2;-1;192000;0;49.5724;19.4480;148.1958;36.7874;19.6080;237.1956;19.4489;23.1340;1524.4006;73;0.2541;73;1.9998;124;0.000226588;0;9999;9999;9999;9999;9999;9999;9999;9999;9999;9999;9999;9999;9999;9999;9999;9999;9999;9999;9999;9999
05/03/2025 09:40:48.411;117;-1758.042;2837.876;142.000;117.000;249136.23;-1;192000;0;49.5692;19.4456;145.5901;36.7877;19.5963;236.7055;19.4460;23.1526;1524.3508;77;0.3025;72;1.9089;125;0.000229650;0;9999;9999;9999;9999;9999;9999;9999;9999;9999;9999;9999;9999;9999;9999;9999;9999;9999;9999;9999;9999
05/03/2025 09:41:18.402;117;-1758.042;2837.877;140.100;124.000;249136.27;-1;192000;0;49.5785;19.4552;142.4520;36.7882;19.5846;237.6465;19.4551;23.1136;1524.3260;74;0.2662;73;1.9998;122;0.000220464;0;9999;9999;9999;9999;9999;9999;9999;9999;9999;9999;9999;9999;9999;9999;9999;9999;9999;9999;9999;9999
05/03/2025 09:41:48.414;117;-1758.042;2837.877;135.900;121.000;249136.31;-1;192000;0;49.6605;19.5088;139.0731;36.8106;19.5748;238.1252;19.5136;23.0762;1524.4446;76;0.2904;72;1.9089;127;0.000235774;0;9999;9999;9999;9999;9999;9999;9999;9999;9999;9999;9999;9999;9999;9999;9999;9999;9999;9999;9999;9999
05/03/2025 09:42:18.400;117;-1758.041;2837.878;133.700;105.000;249136.33;-1;192000;0;49.7491;19.5731;136.0889;36.8288;19.5924;240.0884;19.5901;22.9786;1524.5947;75;0.2783;72;1.9089;123;0.000223526;0;9999;9999;9999;9999;9999;9999;9999;9999;9999;9999;9999;9999;9999;9999;9999;9999;9999;9999;9999;9999
05/03/2025 09:42:48.410;117;-1758.041;2837.879;129.800;113.000;249136.37;-1;192000;0;49.8543;19.6720;133.2335;36.8303;19.6139;239.4863;19.6733;22.9761;1524.8240;76;0.2904;72;1.9089;132;0.000251084;0;9999;9999;9999;9999;9999;9999;9999;9999;9999;9999;9999;9999;9999;9999;9999;9999;9999;9999;9999;9999
05/03/2025 09:43:18.410;117;-1758.041;2837.880;128.100;115.000;249136.41;-1;192000;0;49.8687;19.6861;130.8204;36.8307;19.6353;240.0126;19.6850;22.9525;1524.8235;76;0.2904;72;1.9089;129;0.000241898;0;9999;9999;9999;9999;9999;9999;9999;9999;9999;9999;9999;9999;9999;9999;9999;9999;9999;9999;9999;9999
05/03/2025 09:43:48.414;117;-1758.041;2837.881;124.700;111.000;249136.45;-1;192000;0;49.8475;19.6710;127.6922;36.8276;19.6470;240.5514;19.6709;22.9358;1524.7259;77;0.3025;71;1.8180;128;0.000238836;0;9999;9999;9999;9999;9999;9999;9999;9999;9999;9999;9999;9999;9999;9999;9999;9999;9999;9999;9999;9999
05/03/2025 09:44:18.414;117;-1758.041;2837.882;122.500;116.000;249136.48;-1;192000;0;49.8537;19.6752;124.4617;36.8302;19.6587;240.7658;19.6766;22.9251;1524.6867;77;0.3025;72;1.9089;132;0.000251084;0;9999;9999;9999;9999;9999;9999;9999;9999;9999;9999;9999;9999;9999;9999;9999;9999;9999;9999;9999;9999
05/03/2025 09:44:48.413;117;-1758.040;2837.882;118.200;119.000;249136.53;249136.53;192000;0;49.8484;19.6710;120.9852;36.8309;19.6646;240.6880;19.6722;22.9283;1524.6179;75;0.2783;71;1.8180;128;0.000238836;0;9999;9999;9999;9999;9999;9999;9999;9999;9999;9999;9999;9999;9999;9999;9999;9999;9999;9999;9999;9999
05/03/2025 09:45:18.413;117;-1758.039;2837.883;115.800;114.000;249136.57;-1;192000;0;49.8487;19.6739;117.2093;36.8299;19.6724;240.2864;19.6750;22.9413;1524.5619;77;0.3025;72;1.9089;135;0.000260270;0;9999;9999;9999;9999;9999;9999;9999;9999;9999;9999;9999;9999;9999;9999;9999;9999;9999;9999;9999;9999
05/03/2025 09:45:48.408;117;-1758.038;2837.883;110.800;117.000;249136.6;-1;192000;0;49.8649;19.6852;113.4082;36.8349;19.6782;239.3545;19.6877;22.9710;1524.5356;76;0.2904;71;1.8180;129;0.000241898;0;9999;9999;9999;9999;9999;9999;9999;9999;9999;9999;9999;9999;9999;9999;9999;9999;9999;9999;9999;9999
05/03/2025 09:46:18.396;117;-1758.037;2837.883;108.400;120.000;249136.64;-1;192000;0;49.8733;19.6930;109.7569;36.8363;19.6821;240.1253;19.6932;22.9396;1524.4980;78;0.3146;71;1.8180;125;0.000229650;0;9999;9999;9999;9999;9999;9999;9999;9999;9999;9999;9999;9999;9999;9999;9999;9999;9999;9999;9999;9999
05/03/2025 09:46:48.406;117;-1758.036;2837.884;103.800;118.000;249136.68;-1;192000;0;49.8733;19.6957;106.1613;36.8353;19.6938;241.6642;19.6973;22.8805;1524.4445;76;0.2904;73;1.9998;128;0.000238836;0;9999;9999;9999;9999;9999;9999;9999;9999;9999;9999;9999;9999;9999;9999;9999;9999;9999;9999;9999;9999
05/03/2025 09:47:18.412;117;-1758.036;2837.884;101.500;122.000;249136.72;-1;192000;0;49.8598;19.6883;102.6215;36.8320;19.6958;241.2093;19.6902;22.8985;1524.3613;77;0.3025;72;1.9089;134;0.000257208;0;9999;9999;9999;9999;9999;9999;9999;9999;9999;9999;9999;9999;9999;9999;9999;9999;9999;9999;9999;9999
05/03/2025 09:47:48.414;117;-1758.035;2837.885;96.600;122.000;249136.75;-1;192000;0;49.8612;19.6871;98.7223;36.8356;19.7036;241.4863;19.6871;22.8879;1524.2971;76;0.2904;70;1.7271;128;0.000238836;0;9999;9999;9999;9999;9999;9999;9999;9999;9999;9999;9999;9999;9999;9999;9999;9999;9999;9999;9999;9999
05/03/2025 09:48:18.414;117;-1758.034;2837.885;93.900;124.000;249136.8;-1;192000;0;49.8538;19.6835;94.3372;36.8343;19.7036;241.5473;19.6843;22.8852;1524.2125;78;0.3146;71;1.8180;144;0.000287828;0;9999;9999;9999;9999;9999;9999;9999;9999;9999;9999;9999;9999;9999;9999;9999;9999;9999;9999;9999;9999
05/03/2025 09:48:48.403;117;-1758.033;2837.884;88.400;135.000;249136.83;-1;192000;0;49.8485;19.6757;90.2494;36.8384;19.7016;240.7841;19.6797;22.9134;1524.1274;76;0.2904;72;1.9089;128;0.000238836;0;9999;9999;9999;9999;9999;9999;9999;9999;9999;9999;9999;9999;9999;9999;9999;9999;9999;9999;9999;9999
05/03/2025 09:49:18.408;117;-1758.033;2837.884;86.000;140.000;249136.87;-1;192000;0;49.9040;19.7262;86.5465;36.8413;19.7094;240.4208;19.7275;22.9118;1524.2091;75;0.2783;71;1.8180;128;0.000238836;0;9999;9999;9999;9999;9999;9999;9999;9999;9999;9999;9999;9999;9999;9999;9999;9999;9999;9999;9999;9999
05/03/2025 09:49:48.403;117;-1758.033;2837.883;81.300;139.000;249136.91;-1;192000;0;49.9244;19.7571;82.9273;36.8325;19.7172;241.0482;19.7432;22.8837;1524.2246;74;0.2662;72;1.9089;132;0.000251084;0;9999;9999;9999;9999;9999;9999;9999;9999;9999;9999;9999;9999;9999;9999;9999;9999;9999;9999;9999;9999
05/03/2025 09:50:18.414;117;-1758.032;2837.883;78.700;133.000;249136.94;-1;192000;0;49.9678;19.7794;79.3537;36.8502;19.7308;241.9919;19.7815;22.8356;1524.2467;75;0.2783;73;1.9998;132;0.000251084;0;9999;9999;9999;9999;9999;9999;9999;9999;9999;9999;9999;9999;9999;9999;9999;9999;9999;9999;9999;9999
05/03/2025 09:50:48.415;117;-1758.032;2837.883;74.100;128.000;249137.0;-1;192000;0;49.9716;19.7829;75.5174;36.8517;19.7425;242.3173;19.7849;22.8215;1524.1942;75;0.2783;70;1.7271;136;0.000263332;0;9999;9999;9999;9999;9999;9999;9999;9999;9999;9999;9999;9999;9999;9999;9999;9999;9999;9999;9999;9999
05/03/2025 09:51:18.410;117;-1758.031;2837.883;71.500;125.000;249137.02;-1;192000;0;49.9685;19.7785;71.7802;36.8544;19.7542;241.5210;19.7809;22.8507;1524.1228;75;0.2783;73;1.9998;133;0.000254146;0;9999;9999;9999;9999;9999;9999;9999;9999;9999;9999;9999;9999;9999;9999;9999;9999;9999;9999;9999;9999
05/03/2025 09:51:48.414;117;-1758.031;2837.883;67.100;123.000;249137.06;249137.06;192000;0;50.0380;19.8295;68.2717;36.8685;19.7659;243.3759;19.8425;22.7629;1524.2213;75;0.2783;70;1.7271;135;0.000260270;0;9999;9999;9999;9999;9999;9999;9999;9999;9999;9999;9999;9999;9999;9999;9999;9999;9999;9999;9999;9999
05/03/2025 09:52:18.413;117;-1758.030;2837.883;64.600;120.000;249137.1;-1;192000;0;50.1165;19.8961;64.4607;36.8763;19.7834;243.2010;19.8970;22.7523;1524.3505;73;0.2541;71;1.8180;139;0.000272518;0;9999;9999;9999;9999;9999;9999;9999;9999;9999;9999;9999;9999;9999;9999;9999;9999;9999;9999;9999;9999
05/03/2025 09:52:48.394;117;-1758.029;2837.884;59.600;122.000;249137.12;-1;192000;0;50.1526;19.9255;60.3722;36.8820;19.8048;242.8565;19.9268;22.7549;1524.3699;73;0.2541;70;1.7271;142;0.000281704;0;9999;9999;9999;9999;9999;9999;9999;9999;9999;9999;9999;9999;9999;9999;9999;9999;9999;9999;9999;9999
05/03/2025 09:53:18.399;117;-1758.028;2837.884;56.800;118.000;249137.16;-1;192000;0;50.1800;19.9472;56.2539;36.8871;19.8223;243.4241;19.9480;22.7266;1524.3668;73;0.2541;70;1.7271;139;0.000272518;0;9999;9999;9999;9999;9999;9999;9999;9999;9999;9999;9999;9999;9999;9999;9999;9999;9999;9999;9999;9999
05/03/2025 09:53:48.406;117;-1758.026;2837.885;51.600;109.000;249137.21;-1;192000;0;50.1825;19.9524;52.4709;36.8859;19.8457;243.1638;19.9543;22.7333;1524.3168;74;0.2662;73;1.9998;136;0.000263332;0;9999;9999;9999;9999;9999;9999;9999;9999;9999;9999;9999;9999;9999;9999;9999;9999;9999;9999;9999;9999
05/03/2025 09:54:18.413;117;-1758.026;2837.885;49.500;116.000;249137.25;-1;192000;0;50.1821;19.9542;48.6184;36.8855;19.8593;243.1565;19.9556;22.7321;1524.2571;75;0.2783;72;1.9089;144;0.000287828;0;9999;9999;9999;9999;9999;9999;9999;9999;9999;9999;9999;9999;9999;9999;9999;9999;9999;9999;9999;9999
05/03/2025 09:54:48.411;117;-1758.025;2837.886;44.400;113.000;249137.28;-1;192000;0;50.1851;19.9562;44.5730;36.8877;19.8729;242.9133;19.9573;22.7393;1524.1976;74;0.2662;72;1.9089;146;0.000293952;0;9999;9999;9999;9999;9999;9999;9999;9999;9999;9999;9999;9999;9999;9999;9999;9999;9999;9999;9999;9999
05/03/2025 09:55:18.413;117;-1758.024;2837.886;41.500;115.000;249137.32;-1;192000;0;50.1786;19.9517;40.2676;36.8879;19.8865;243.6589;19.9539;22.7117;1524.1137;76;0.2904;67;1.4544;142;0.000281704;0;9999;9999;9999;9999;9999;9999;9999;9999;9999;9999;9999;9999;9999;9999;9999;9999;9999;9999;9999;9999
05/03/2025 09:55:48.413;117;-1758.021;2837.886;35.500;118.000;249137.36;-1;192000;0;50.1708;19.9486;35.5915;36.8860;19.8962;243.5249;19.9506;22.7164;1524.0251;75;0.2783;71;1.8180;141;0.000278642;0;9999;9999;9999;9999;9999;9999;9999;9999;9999;9999;9999;9999;9999;9999;9999;9999;9999;9999;9999;9999
05/03/2025 09:56:18.413;117;-1758.020;2837.886;32.700;119.000;249137.4;-1;192000;0;50.1751;19.9524;31.6898;36.8876;19.9040;243.9153;19.9538;22.7000;1523.9723;76;0.2904;73;1.9998;138;0.000269456;0;9999;9999;9999;9999;9999;9999;9999;9999;9999;9999;9999;9999;9999;9999;9999;9999;9999;9999;9999;9999
05/03/2025 09:56:48.410;117;-1758.019;2837.887;28.000;118.000;249137.43;-1;192000;0;50.2049;19.9719;27.8110;36.8965;19.9137;243.3693;19.9807;22.7105;1523.9714;78;0.3146;66;1.3635;138;0.000269456;0;9999;9999;9999;9999;9999;9999;9999;9999;9999;9999;9999;9999;9999;9999;9999;9999;9999;9999;9999;9999
05/03/2025 09:57:18.385;117;-1758.019;2837.887;25.400;116.000;249137.48;-1;192000;0;50.2375;20.0033;23.7887;36.8974;19.9234;244.4772;20.0072;22.6614;1523.9918;75;0.2783;69;1.6362;133;0.000254146;0;9999;9999;9999;9999;9999;9999;9999;9999;9999;9999;9999;9999;9999;9999;9999;9999;9999;9999;9999;9999
05/03/2025 09:57:48.413;117;-1758.017;2837.888;20.200;112.000;249137.52;-1;192000;0;50.2140;19.9904;19.8005;36.8909;19.9390;242.0818;19.9915;22.7527;1523.8825;74;0.2662;72;1.9089;136;0.000263332;0;9999;9999;9999;9999;9999;9999;9999;9999;9999;9999;9999;9999;9999;9999;9999;9999;9999;9999;9999;9999
05/03/2025 09:58:18.411;117;-1758.017;2837.888;17.700;121.000;249137.55;-1;192000;0;50.2029;19.9829;16.0320;36.8898;19.9448;243.0135;19.9836;22.7198;1523.7978;75;0.2783;69;1.6362;141;0.000278642;0;9999;9999;9999;9999;9999;9999;9999;9999;9999;9999;9999;9999;9999;9999;9999;9999;9999;9999;9999;9999
05/03/2025 09:58:48.385;117;-1758.015;2837.889;12.800;120.000;249137.59;249137.59;192000;0;50.2250;19.9958;12.2642;36.8981;19.9526;242.3283;19.9993;22.7389;1523.7798;69;0.2057;77;2.3634;135;0.000260270;0;9999;9999;9999;9999;9999;9999;9999;9999;9999;9999;9999;9999;9999;9999;9999;9999;9999;9999;9999;9999
05/03/2025 09:59:18.413;117;-1758.015;2837.889;10.200;115.000;249137.63;-1;192000;0;50.2893;20.0457;8.0724;36.9089;19.9622;242.3971;20.0483;22.7205;1523.8593;66;0.1694;73;1.9998;129;0.000241898;0;9999;9999;9999;9999;9999;9999;9999;9999;9999;9999;9999;9999;9999;9999;9999;9999;9999;9999;9999;9999
05/03/2025 09:59:48.412;117;-1758.013;2837.889;4.600;115.000;249137.66;-1;192000;0;50.2925;20.0523;3.6954;36.9074;19.9778;240.2632;20.0535;22.7965;1523.8028;65;0.1573;64;1.1817;131;0.000248022;0;9999;9999;9999;9999;9999;9999;9999;9999;9999;9999;9999;9999;9999;9999;9999;9999;9999;9999;9999;9999
05/03/2025 10:00:18.399;115;-1758.012;2837.890;2.100;114.000;249137.71;-1;192000;0;50.2878;20.0436;4.0622;36.9110;19.9894;242.0610;20.0463;22.7322;1523.7890;68;0.1936;71;1.8180;151;0.000309262;0;9999;9999;9999;9999;9999;9999;9999;9999;9999;9999;9999;9999;9999;9999;9999;9999;9999;9999;9999;9999
05/03/2025 10:00:48.414;115;-1758.011;2837.891;0.000;96.000;249137.75;-1;192000;0;50.2875;20.0450;1.6839;36.9104;19.9953;242.1812;20.0513;22.7256;1523.7525;67;0.1815;68;1.5453;127;0.000235774;0;9999;9999;9999;9999;9999;9999;9999;9999;9999;9999;9999;9999;9999;9999;9999;9999;9999;9999;9999;9999
05/03/2025 10:01:18.410;119;-1758.015;2837.920;0.000;89.000;249137.79;-1;192000;0;50.2913;20.0469;1.3887;36.9120;20.0030;243.0148;20.0514;22.6949;1523.7546;52;0.0000;71;1.8180;80;0.000091860;0;9999;9999;9999;9999;9999;9999;9999;9999;9999;9999;9999;9999;9999;9999;9999;9999;9999;9999;9999;9999
05/03/2025 10:01:24.055;119;-1758.018;2837.924;0.000;67.000;249137.79;249137.79;192000;0;50.2910;20.0466;1.3841;36.9120;20.0050;241.5780;20.0457;22.7493;1523.7537;46;-0.0726;68;1.5453;57;0.000021434;0;9999;9999;9999;9999;9999;9999;9999;9999;9999;9999;9999;9999;9999;9999;9999;9999;9999;9999;9999;9999
