PLD_REALTIMECLOCK;NAV_RESOURCE;NAV_LONGITUDE;NAV_LATITUDE;NAV_DEPTH;NAV_HEADING;SD_CARD_USAGE;SSD_USAGE;ACQUISITION_FREQ;RECORDING;LEGATO_CONDUCTIVITY;LEGATO_TEMPERATURE;LEGATO_PRESSURE;LEGATO_SALINITY;LEGATO_CONDTEMP;LEGATO_CODA_DO;LEGATO_CODA_TEMPERATURE;LEGATO_CODA_CORR_PHASE;LEGATO_SOUND_VELOCITY;FLBBCD_CHL_COUNT;FLBBCD_CHL_SCALED;FLBBCD_CDOM_COUNT;FLBBCD_CDOM_SCALED;FLBBCD_BB_700_COUNT;FLBBCD_BB_700_SCALED;User_Field1;User_Field2;User_Field3;User_Field4;User_Field5;User_Field6;User_Field7;User_Field8;User_Field9;User_Field10;BS_HEADING;BS_ZB;BS_ZT;BS_PU;BS_PD;BS_BU;BS_BD;BS_SR;BS_ALTIMETER.ENABLE;BS_ALTIMETER.VALUE;BS_CURRENT.CORRECTION.ENABLE
20/02/2025 05:25:59.091;119;-1758.645;2837.559;0.000;75.000;248010.08;248010.08;192000;0;50.3772;20.1106;1.5711;36.9268;19.9234;241.1019;20.1149;22.7462;1523.9491;60;0.0968;69;1.6362;102;0.000159224;0;9999;9999;9999;9999;9999;9999;9999;9999;9999;9999;9999;9999;9999;9999;9999;9999;9999;9999;9999;9999
20/02/2025 05:26:29.116;116;-1758.649;2837.562;-0.100;63.000;248010.09;248010.09;192000;0;50.3769;20.1072;1.4582;36.9296;19.9351;240.8180;20.1086;22.7584;1523.9410;58;0.0726;69;1.6362;103;0.000162286;0;9999;9999;9999;9999;9999;9999;9999;9999;9999;9999;9999;9999;9999;9999;9999;9999;9999;9999;9999;9999
20/02/2025 05:26:59.126;116;-1758.651;2837.564;-0.100;87.000;248010.13;248010.13;192000;0;50.3680;20.1002;1.4835;36.9284;19.9448;239.9281;20.0956;22.7952;1523.9209;56;0.0484;71;1.8180;106;0.000171472;0;9999;9999;9999;9999;9999;9999;9999;9999;9999;9999;9999;9999;9999;9999;9999;9999;9999;9999;9999;9999
20/02/2025 05:27:29.118;116;-1758.654;2837.568;-0.100;82.000;248010.18;248010.18;192000;0;50.3626;20.0968;1.4503;36.9269;19.9603;239.7612;20.0971;22.8009;1523.9093;61;0.1089;69;1.6362;106;0.000171472;0;9999;9999;9999;9999;9999;9999;9999;9999;9999;9999;9999;9999;9999;9999;9999;9999;9999;9999;9999;9999
20/02/2025 05:27:59.121;116;-1758.658;2837.570;-0.100;83.000;248010.2;248010.2;192000;0;50.3645;20.0966;1.6209;36.9287;19.9661;240.1582;20.1005;22.7851;1523.9136;59;0.0847;69;1.6362;102;0.000159224;0;9999;9999;9999;9999;9999;9999;9999;9999;9999;9999;9999;9999;9999;9999;9999;9999;9999;9999;9999;9999
20/02/2025 05:28:29.121;110;-1758.659;2837.571;0.600;83.000;248010.25;248010.25;192000;0;50.3680;20.0986;2.3240;36.9295;19.9739;239.5076;20.1078;22.8072;1523.9318;58;0.0726;71;1.8180;104;0.000165348;0;9999;9999;9999;9999;9999;9999;9999;9999;9999;9999;9999;9999;9999;9999;9999;9999;9999;9999;9999;9999
20/02/2025 05:28:59.128;110;-1758.660;2837.573;1.500;57.000;248010.3;248010.3;192000;0;50.3953;20.1244;4.9615;36.9283;19.9875;240.9890;20.1286;22.7473;1524.0451;59;0.0847;70;1.7271;104;0.000165348;0;9999;9999;9999;9999;9999;9999;9999;9999;9999;9999;9999;9999;9999;9999;9999;9999;9999;9999;9999;9999
20/02/2025 05:29:29.100;100;-1758.656;2837.577;8.800;82.000;248010.33;-1;192000;0;50.4049;20.1304;10.1498;36.9290;20.0011;241.2339;20.1326;22.7386;1524.1489;57;0.0605;70;1.7271;103;0.000162286;0;9999;9999;9999;9999;9999;9999;9999;9999;9999;9999;9999;9999;9999;9999;9999;9999;9999;9999;9999;9999
20/02/2025 05:29:59.128;100;-1758.654;2837.578;12.700;90.000;248010.37;-1;192000;0;50.4176;20.1415;16.5194;36.9275;20.0147;240.5664;20.1430;22.7622;1524.2838;59;0.0847;70;1.7271;101;0.000156162;0;9999;9999;9999;9999;9999;9999;9999;9999;9999;9999;9999;9999;9999;9999;9999;9999;9999;9999;9999;9999
20/02/2025 05:30:29.125;100;-1758.649;2837.578;20.200;119.000;248010.4;-1;192000;0;50.3088;20.0622;21.9073;36.9053;20.0205;241.1649;20.0612;22.7663;1524.1312;60;0.0968;69;1.6362;109;0.000180658;0;9999;9999;9999;9999;9999;9999;9999;9999;9999;9999;9999;9999;9999;9999;9999;9999;9999;9999;9999;9999
20/02/2025 05:30:59.125;100;-1758.647;2837.577;24.200;130.000;248010.44;-1;192000;0;50.2837;20.0349;28.2030;36.9063;20.0205;242.5762;20.0374;22.7230;1524.1622;59;0.0847;70;1.7271;104;0.000165348;0;9999;9999;9999;9999;9999;9999;9999;9999;9999;9999;9999;9999;9999;9999;9999;9999;9999;9999;9999;9999
20/02/2025 05:31:29.113;100;-1758.644;2837.575;32.900;141.000;248010.48;-1;192000;0;50.2607;20.0153;34.8852;36.9019;20.0147;241.8550;20.0181;22.7571;1524.2148;64;0.1452;70;1.7271;111;0.000186782;0;9999;9999;9999;9999;9999;9999;9999;9999;9999;9999;9999;9999;9999;9999;9999;9999;9999;9999;9999;9999
20/02/2025 05:31:59.118;100;-1758.643;2837.573;37.200;138.000;248010.52;-1;192000;0;50.0667;19.8716;41.3944;36.8653;19.9991;241.3588;19.8654;22.8232;1523.8862;73;0.2541;71;1.8180;110;0.000183720;0;9999;9999;9999;9999;9999;9999;9999;9999;9999;9999;9999;9999;9999;9999;9999;9999;9999;9999;9999;9999
20/02/2025 05:32:29.126;100;-1758.639;2837.571;45.200;134.000;248010.56;248010.56;192000;0;49.8914;19.7356;47.6022;36.8373;19.9642;240.4431;19.7247;22.9010;1523.5819;100;0.5808;73;1.9998;120;0.000214340;0;9999;9999;9999;9999;9999;9999;9999;9999;9999;9999;9999;9999;9999;9999;9999;9999;9999;9999;9999;9999
20/02/2025 05:32:59.105;100;-1758.638;2837.569;49.200;138.000;248010.59;248010.59;192000;0;49.7934;19.6518;53.7335;36.8273;19.9273;237.6420;19.6381;23.0331;1523.4402;89;0.4477;72;1.9089;113;0.000192906;0;9999;9999;9999;9999;9999;9999;9999;9999;9999;9999;9999;9999;9999;9999;9999;9999;9999;9999;9999;9999
20/02/2025 05:33:29.103;100;-1758.636;2837.568;53.200;139.000;248010.64;248010.64;192000;0;49.7840;19.6257;60.2359;36.8401;19.8845;236.2512;19.6259;23.0901;1523.4904;87;0.4235;72;1.9089;122;0.000220464;0;9999;9999;9999;9999;9999;9999;9999;9999;9999;9999;9999;9999;9999;9999;9999;9999;9999;9999;9999;9999
20/02/2025 05:33:59.113;100;-1758.633;2837.565;61.600;139.000;248010.67;248010.67;192000;0;49.7499;19.5972;66.7045;36.8344;19.8515;234.5244;19.5979;23.1660;1523.5124;84;0.3872;72;1.9089;111;0.000186782;0;9999;9999;9999;9999;9999;9999;9999;9999;9999;9999;9999;9999;9999;9999;9999;9999;9999;9999;9999;9999
20/02/2025 05:34:29.125;100;-1758.630;2837.561;70.000;141.000;248010.71;248010.71;192000;0;49.7238;19.5720;73.2045;36.8324;19.8165;234.5780;19.5725;23.1734;1523.5483;80;0.3388;72;1.9089;105;0.000168410;0;9999;9999;9999;9999;9999;9999;9999;9999;9999;9999;9999;9999;9999;9999;9999;9999;9999;9999;9999;9999
20/02/2025 05:34:59.117;100;-1758.628;2837.560;74.200;139.000;248010.75;248010.75;192000;0;49.7042;19.5547;79.6370;36.8290;19.7854;233.2035;19.5554;23.2330;1523.6034;78;0.3146;73;1.9998;103;0.000162286;0;9999;9999;9999;9999;9999;9999;9999;9999;9999;9999;9999;9999;9999;9999;9999;9999;9999;9999;9999;9999
20/02/2025 05:35:29.125;100;-1758.626;2837.556;82.300;143.000;248010.78;248010.78;192000;0;49.6776;19.5325;85.9248;36.8240;19.7620;233.0794;19.5332;23.2464;1523.6407;75;0.2783;74;2.0907;104;0.000165348;0;9999;9999;9999;9999;9999;9999;9999;9999;9999;9999;9999;9999;9999;9999;9999;9999;9999;9999;9999;9999
20/02/2025 05:35:59.124;100;-1758.624;2837.555;86.400;143.000;248010.83;-1;192000;0;49.6345;19.5014;92.3963;36.8130;19.7328;231.7729;19.4986;23.3094;1523.6493;75;0.2783;73;1.9998;104;0.000165348;0;9999;9999;9999;9999;9999;9999;9999;9999;9999;9999;9999;9999;9999;9999;9999;9999;9999;9999;9999;9999
20/02/2025 05:36:29.124;100;-1758.622;2837.551;95.000;143.000;248010.86;-1;192000;0;49.4510;19.3572;99.0342;36.7845;19.6958;229.6881;19.3583;23.4353;1523.3245;72;0.2420;73;1.9998;115;0.000199030;0;9999;9999;9999;9999;9999;9999;9999;9999;9999;9999;9999;9999;9999;9999;9999;9999;9999;9999;9999;9999
20/02/2025 05:36:59.126;100;-1758.620;2837.549;99.500;148.000;248010.9;-1;192000;0;49.3315;19.2618;105.9562;36.7663;19.6431;228.7318;19.2644;23.5035;1523.1516;68;0.1936;73;1.9998;103;0.000162286;0;9999;9999;9999;9999;9999;9999;9999;9999;9999;9999;9999;9999;9999;9999;9999;9999;9999;9999;9999;9999
20/02/2025 05:37:29.125;100;-1758.618;2837.545;108.600;144.000;248010.93;-1;192000;0;49.2760;19.2200;113.0608;36.7540;19.5963;226.9380;19.2122;23.5928;1523.1385;63;0.1331;74;2.0907;97;0.000143914;0;9999;9999;9999;9999;9999;9999;9999;9999;9999;9999;9999;9999;9999;9999;9999;9999;9999;9999;9999;9999
20/02/2025 05:37:59.123;100;-1758.616;2837.544;113.000;140.000;248010.96;-1;192000;0;49.0227;19.0214;119.7773;36.7144;19.5378;225.7006;19.0236;23.7023;1522.6455;63;0.1331;74;2.0907;96;0.000140852;0;9999;9999;9999;9999;9999;9999;9999;9999;9999;9999;9999;9999;9999;9999;9999;9999;9999;9999;9999;9999
20/02/2025 05:38:29.125;100;-1758.612;2837.541;122.000;129.000;248010.99;-1;192000;0;48.6279;18.7198;126.8714;36.6459;19.4518;220.7740;18.7181;23.9999;1521.8295;59;0.0847;76;2.2725;99;0.000150038;0;9999;9999;9999;9999;9999;9999;9999;9999;9999;9999;9999;9999;9999;9999;9999;9999;9999;9999;9999;9999
20/02/2025 05:38:59.128;100;-1758.610;2837.539;126.500;138.000;248011.04;-1;192000;0;48.5311;18.6420;133.8759;36.6303;19.3501;220.2259;18.6330;24.0513;1521.7063;57;0.0605;75;2.1816;96;0.000140852;0;9999;9999;9999;9999;9999;9999;9999;9999;9999;9999;9999;9999;9999;9999;9999;9999;9999;9999;9999;9999
20/02/2025 05:39:29.125;100;-1758.607;2837.536;135.200;144.000;248011.08;248011.08;192000;0;48.2728;18.4420;140.6058;36.5861;19.2560;219.4360;18.4522;24.1431;1521.1950;55;0.0363;75;2.1816;95;0.000137790;0;9999;9999;9999;9999;9999;9999;9999;9999;9999;9999;9999;9999;9999;9999;9999;9999;9999;9999;9999;9999
20/02/2025 05:39:59.123;100;-1758.606;2837.535;139.200;140.000;248011.1;248011.1;192000;0;48.2935;18.4150;147.0709;36.6253;19.1560;218.0949;18.4440;24.2009;1521.2693;56;0.0484;76;2.2725;94;0.000134728;0;9999;9999;9999;9999;9999;9999;9999;9999;9999;9999;9999;9999;9999;9999;9999;9999;9999;9999;9999;9999
20/02/2025 05:40:29.125;100;-1758.603;2837.532;148.100;140.000;248011.15;248011.15;192000;0;48.1473;18.3432;153.9993;36.5620;19.0754;218.0069;18.3288;24.2460;1521.1060;56;0.0484;76;2.2725;94;0.000134728;0;9999;9999;9999;9999;9999;9999;9999;9999;9999;9999;9999;9999;9999;9999;9999;9999;9999;9999;9999;9999
20/02/2025 05:40:59.113;100;-1758.601;2837.529;152.800;149.000;248011.19;248011.19;192000;0;48.0928;18.2865;161.1565;36.5632;18.9830;217.5821;18.2871;24.2783;1521.0629;54;0.0242;76;2.2725;94;0.000134728;0;9999;9999;9999;9999;9999;9999;9999;9999;9999;9999;9999;9999;9999;9999;9999;9999;9999;9999;9999;9999
20/02/2025 05:41:29.113;100;-1758.599;2837.525;161.900;151.000;248011.21;248011.21;192000;0;48.1322;18.3153;168.2382;36.5685;18.9200;217.4074;18.3144;24.2791;1521.2698;56;0.0484;75;2.1816;95;0.000137790;0;9999;9999;9999;9999;9999;9999;9999;9999;9999;9999;9999;9999;9999;9999;9999;9999;9999;9999;9999;9999
20/02/2025 05:41:59.115;100;-1758.599;2837.523;166.200;152.000;248011.26;248011.26;192000;0;47.9953;18.2088;174.8881;36.5439;18.8549;218.6670;18.2028;24.2640;1521.0448;56;0.0484;75;2.1816;104;0.000165348;0;9999;9999;9999;9999;9999;9999;9999;9999;9999;9999;9999;9999;9999;9999;9999;9999;9999;9999;9999;9999
20/02/2025 05:42:29.126;100;-1758.596;2837.519;174.600;139.000;248011.29;248011.29;192000;0;47.4410;17.7536;181.4465;36.4720;18.7464;217.4896;17.7512;24.4588;1519.7471;53;0.0121;75;2.1816;93;0.000131666;0;9999;9999;9999;9999;9999;9999;9999;9999;9999;9999;9999;9999;9999;9999;9999;9999;9999;9999;9999;9999
20/02/2025 05:42:59.117;100;-1758.595;2837.518;178.800;145.000;248011.34;248011.34;192000;0;46.8286;17.2724;187.7516;36.3703;18.6199;218.5398;17.2434;24.5815;1518.3172;50;-0.0242;77;2.3634;104;0.000165348;0;9999;9999;9999;9999;9999;9999;9999;9999;9999;9999;9999;9999;9999;9999;9999;9999;9999;9999;9999;9999
20/02/2025 05:43:29.125;100;-1758.593;2837.514;186.500;146.000;248011.38;-1;192000;0;46.5907;17.0470;193.7624;36.3632;18.4238;216.0015;17.0441;24.7537;1517.7382;50;-0.0242;76;2.2725;90;0.000122480;0;9999;9999;9999;9999;9999;9999;9999;9999;9999;9999;9999;9999;9999;9999;9999;9999;9999;9999;9999;9999
20/02/2025 05:43:59.114;100;-1758.592;2837.513;190.300;141.000;248011.41;-1;192000;0;46.4269;16.9194;199.5792;36.3326;18.2470;214.9480;16.9021;24.8475;1517.4181;51;-0.0121;78;2.4543;84;0.000104108;0;9999;9999;9999;9999;9999;9999;9999;9999;9999;9999;9999;9999;9999;9999;9999;9999;9999;9999;9999;9999
20/02/2025 05:44:29.125;100;-1758.590;2837.510;197.800;142.000;248011.45;-1;192000;0;46.2187;16.7410;205.5484;36.3084;18.0857;214.0659;16.7316;24.9429;1516.9539;52;0.0000;77;2.3634;86;0.000110232;0;9999;9999;9999;9999;9999;9999;9999;9999;9999;9999;9999;9999;9999;9999;9999;9999;9999;9999;9999;9999
20/02/2025 05:44:59.122;118;-1758.588;2837.509;200.500;122.000;248011.49;-1;192000;0;46.1832;16.7002;207.1729;36.3133;17.9340;213.6975;16.7039;24.9676;1516.8636;50;-0.0242;77;2.3634;87;0.000113294;0;9999;9999;9999;9999;9999;9999;9999;9999;9999;9999;9999;9999;9999;9999;9999;9999;9999;9999;9999;9999
20/02/2025 05:45:29.121;118;-1758.588;2837.509;199.000;139.000;248011.53;-1;192000;0;46.2631;16.7711;204.0086;36.3208;17.8160;214.5155;16.7728;24.9089;1517.0331;52;0.0000;77;2.3634;84;0.000104108;0;9999;9999;9999;9999;9999;9999;9999;9999;9999;9999;9999;9999;9999;9999;9999;9999;9999;9999;9999;9999
20/02/2025 05:45:59.127;117;-1758.587;2837.509;194.300;132.000;248011.57;-1;192000;0;46.4108;16.8949;200.6000;36.3402;17.7279;214.4876;16.8970;24.8684;1517.3704;51;-0.0121;78;2.4543;84;0.000104108;0;9999;9999;9999;9999;9999;9999;9999;9999;9999;9999;9999;9999;9999;9999;9999;9999;9999;9999;9999;9999
20/02/2025 05:46:29.128;117;-1758.587;2837.509;192.000;131.000;248011.61;248011.61;192000;0;46.5224;16.9904;196.7670;36.3532;17.6677;215.2127;16.9925;24.8051;1517.6075;51;-0.0121;76;2.2725;86;0.000110232;0;9999;9999;9999;9999;9999;9999;9999;9999;9999;9999;9999;9999;9999;9999;9999;9999;9999;9999;9999;9999
20/02/2025 05:46:59.113;117;-1758.586;2837.508;186.400;134.000;248011.64;248011.64;192000;0;46.6730;17.1188;192.4761;36.3710;17.6336;215.7858;17.1171;24.7389;1517.9399;50;-0.0242;76;2.2725;98;0.000146976;0;9999;9999;9999;9999;9999;9999;9999;9999;9999;9999;9999;9999;9999;9999;9999;9999;9999;9999;9999;9999
20/02/2025 05:47:29.114;117;-1758.585;2837.507;183.600;133.000;248011.68;248011.68;192000;0;47.3340;17.6108;187.9957;36.5051;17.6196;217.0927;17.6662;24.5013;1519.4747;52;0.0000;76;2.2725;110;0.000183720;0;9999;9999;9999;9999;9999;9999;9999;9999;9999;9999;9999;9999;9999;9999;9999;9999;9999;9999;9999;9999
20/02/2025 05:47:59.129;117;-1758.584;2837.506;177.700;132.000;248011.73;248011.73;192000;0;47.4222;17.7366;183.6022;36.4702;17.6858;218.5522;17.7323;24.4208;1519.7310;53;0.0121;76;2.2725;101;0.000156162;0;9999;9999;9999;9999;9999;9999;9999;9999;9999;9999;9999;9999;9999;9999;9999;9999;9999;9999;9999;9999
20/02/2025 05:48:29.129;117;-1758.583;2837.506;175.000;130.000;248011.76;248011.76;192000;0;47.7119;17.9633;179.3226;36.5184;17.7399;218.3096;17.9713;24.3528;1520.3770;52;0.0000;75;2.1816;115;0.000199030;0;9999;9999;9999;9999;9999;9999;9999;9999;9999;9999;9999;9999;9999;9999;9999;9999;9999;9999;9999;9999
20/02/2025 05:48:59.115;117;-1758.582;2837.505;169.500;138.000;248011.79;248011.79;192000;0;47.9947;18.2078;175.1880;36.5441;17.8360;218.2810;18.1996;24.2812;1521.0471;55;0.0363;75;2.1816;96;0.000140852;0;9999;9999;9999;9999;9999;9999;9999;9999;9999;9999;9999;9999;9999;9999;9999;9999;9999;9999;9999;9999
20/02/2025 05:49:29.118;117;-1758.581;2837.505;166.900;138.000;248011.83;248011.83;192000;0;48.0318;18.2355;171.0222;36.5528;17.9200;218.3802;18.2329;24.2651;1521.0678;54;0.0242;75;2.1816;94;0.000134728;0;9999;9999;9999;9999;9999;9999;9999;9999;9999;9999;9999;9999;9999;9999;9999;9999;9999;9999;9999;9999
20/02/2025 05:49:59.126;117;-1758.580;2837.504;161.500;139.000;248011.87;248011.87;192000;0;48.0536;18.2529;166.8712;36.5575;17.9800;217.6377;18.2526;24.2886;1521.0544;56;0.0484;76;2.2725;91;0.000125542;0;9999;9999;9999;9999;9999;9999;9999;9999;9999;9999;9999;9999;9999;9999;9999;9999;9999;9999;9999;9999
20/02/2025 05:50:29.124;117;-1758.580;2837.503;159.000;139.000;248011.9;-1;192000;0;48.0553;18.2575;162.8681;36.5564;18.0299;217.9846;18.2557;24.2721;1520.9999;55;0.0363;76;2.2725;95;0.000137790;0;9999;9999;9999;9999;9999;9999;9999;9999;9999;9999;9999;9999;9999;9999;9999;9999;9999;9999;9999;9999
20/02/2025 05:50:59.122;117;-1758.579;2837.502;153.900;138.000;248011.95;-1;192000;0;48.0523;18.2535;158.8349;36.5589;18.0678;218.0647;18.2544;24.2677;1520.9241;57;0.0605;76;2.2725;91;0.000125542;0;9999;9999;9999;9999;9999;9999;9999;9999;9999;9999;9999;9999;9999;9999;9999;9999;9999;9999;9999;9999
20/02/2025 05:51:29.129;117;-1758.579;2837.502;151.100;136.000;248011.98;-1;192000;0;48.2364;18.3990;154.9049;36.5879;18.1077;217.1384;18.4019;24.2586;1521.3112;56;0.0484;76;2.2725;95;0.000137790;0;9999;9999;9999;9999;9999;9999;9999;9999;9999;9999;9999;9999;9999;9999;9999;9999;9999;9999;9999;9999
20/02/2025 05:51:59.124;117;-1758.578;2837.501;146.200;133.000;248012.02;-1;192000;0;48.3116;18.4563;150.7037;36.6025;18.1594;217.1825;18.4641;24.2356;1521.4226;59;0.0847;74;2.0907;95;0.000137790;0;9999;9999;9999;9999;9999;9999;9999;9999;9999;9999;9999;9999;9999;9999;9999;9999;9999;9999;9999;9999
20/02/2025 05:52:29.122;117;-1758.577;2837.501;143.400;130.000;248012.06;-1;192000;0;48.3717;18.5076;146.5759;36.6096;18.2171;217.8284;18.5069;24.1940;1521.5093;54;0.0242;76;2.2725;110;0.000183720;0;9999;9999;9999;9999;9999;9999;9999;9999;9999;9999;9999;9999;9999;9999;9999;9999;9999;9999;9999;9999
20/02/2025 05:52:59.107;117;-1758.576;2837.500;138.400;132.000;248012.1;248012.1;192000;0;48.3759;18.5117;142.7465;36.6110;18.2609;217.1615;18.5145;24.2184;1521.4589;57;0.0605;76;2.2725;97;0.000143914;0;9999;9999;9999;9999;9999;9999;9999;9999;9999;9999;9999;9999;9999;9999;9999;9999;9999;9999;9999;9999
20/02/2025 05:53:29.114;117;-1758.575;2837.500;135.900;130.000;248012.14;248012.14;192000;0;48.4184;18.5466;139.0108;36.6175;18.3047;217.3598;18.5476;24.1985;1521.5042;58;0.0726;76;2.2725;98;0.000146976;0;9999;9999;9999;9999;9999;9999;9999;9999;9999;9999;9999;9999;9999;9999;9999;9999;9999;9999;9999;9999
20/02/2025 05:53:59.129;117;-1758.574;2837.500;131.200;128.000;248012.18;248012.18;192000;0;48.4545;18.5775;135.3070;36.6221;18.3444;218.0891;18.5777;24.1575;1521.5363;56;0.0484;76;2.2725;96;0.000140852;0;9999;9999;9999;9999;9999;9999;9999;9999;9999;9999;9999;9999;9999;9999;9999;9999;9999;9999;9999;9999
20/02/2025 05:54:29.124;117;-1758.574;2837.500;128.800;130.000;248012.21;248012.21;192000;0;48.5647;18.6615;131.4984;36.6424;18.3861;218.7282;18.6643;24.1023;1521.7362;59;0.0847;77;2.3634;95;0.000137790;0;9999;9999;9999;9999;9999;9999;9999;9999;9999;9999;9999;9999;9999;9999;9999;9999;9999;9999;9999;9999
20/02/2025 05:54:59.129;117;-1758.573;2837.499;123.800;135.000;248012.26;248012.26;192000;0;48.8049;18.8541;127.6091;36.6761;18.4337;222.1605;18.8505;23.9017;1522.2583;58;0.0726;75;2.1816;100;0.000153100;0;9999;9999;9999;9999;9999;9999;9999;9999;9999;9999;9999;9999;9999;9999;9999;9999;9999;9999;9999;9999
20/02/2025 05:55:29.120;117;-1758.572;2837.499;121.200;138.000;248012.28;248012.28;192000;0;48.8738;18.9064;123.7721;36.6893;18.5071;223.0205;18.9127;23.8460;1522.3579;61;0.1089;75;2.1816;95;0.000137790;0;9999;9999;9999;9999;9999;9999;9999;9999;9999;9999;9999;9999;9999;9999;9999;9999;9999;9999;9999;9999
20/02/2025 05:55:59.121;117;-1758.572;2837.498;116.300;147.000;248012.32;248012.32;192000;0;49.1452;19.0895;119.9215;36.7571;18.5724;225.1105;19.1213;23.6941;1522.8885;66;0.1694;72;1.9089;101;0.000156162;0;9999;9999;9999;9999;9999;9999;9999;9999;9999;9999;9999;9999;9999;9999;9999;9999;9999;9999;9999;9999
20/02/2025 05:56:29.130;117;-1758.572;2837.497;113.900;151.000;248012.35;248012.35;192000;0;49.2252;19.1786;116.1486;36.7468;18.6575;226.5532;19.1798;23.6189;1523.0653;67;0.1815;74;2.0907;104;0.000165348;0;9999;9999;9999;9999;9999;9999;9999;9999;9999;9999;9999;9999;9999;9999;9999;9999;9999;9999;9999;9999
20/02/2025 05:56:59.127;117;-1758.572;2837.495;109.200;150.000;248012.4;-1;192000;0;49.2394;19.1905;112.5189;36.7495;18.7247;226.4594;19.1899;23.6184;1523.0414;67;0.1815;73;1.9998;103;0.000162286;0;9999;9999;9999;9999;9999;9999;9999;9999;9999;9999;9999;9999;9999;9999;9999;9999;9999;9999;9999;9999
20/02/2025 05:57:29.121;117;-1758.572;2837.495;106.900;146.000;248012.44;-1;192000;0;49.3308;19.2465;108.8120;36.7781;18.7839;228.0353;19.2731;23.5282;1523.1695;70;0.2178;74;2.0907;100;0.000153100;0;9999;9999;9999;9999;9999;9999;9999;9999;9999;9999;9999;9999;9999;9999;9999;9999;9999;9999;9999;9999
20/02/2025 05:57:59.106;117;-1758.572;2837.494;102.100;146.000;248012.47;-1;192000;0;49.3986;19.3207;105.0540;36.7707;18.8510;229.4331;19.3173;23.4599;1523.3069;69;0.2057;74;2.0907;100;0.000153100;0;9999;9999;9999;9999;9999;9999;9999;9999;9999;9999;9999;9999;9999;9999;9999;9999;9999;9999;9999;9999
20/02/2025 05:58:29.129;117;-1758.572;2837.493;99.700;148.000;248012.52;-1;192000;0;49.5099;19.4011;101.3128;36.7942;18.9140;229.4441;19.4014;23.4322;1523.4963;70;0.2178;73;1.9998;102;0.000159224;0;9999;9999;9999;9999;9999;9999;9999;9999;9999;9999;9999;9999;9999;9999;9999;9999;9999;9999;9999;9999
20/02/2025 05:58:59.121;117;-1758.572;2837.492;94.900;151.000;248012.55;-1;192000;0;49.6405;19.4999;97.5553;36.8174;18.9791;231.3393;19.4995;23.3272;1523.7360;73;0.2541;73;1.9998;102;0.000159224;0;9999;9999;9999;9999;9999;9999;9999;9999;9999;9999;9999;9999;9999;9999;9999;9999;9999;9999;9999;9999
20/02/2025 05:59:29.128;117;-1758.572;2837.491;92.500;149.000;248012.58;248012.58;192000;0;49.6611;19.5171;93.8022;36.8208;19.0420;232.1898;19.5178;23.2876;1523.7253;73;0.2541;73;1.9998;101;0.000156162;0;9999;9999;9999;9999;9999;9999;9999;9999;9999;9999;9999;9999;9999;9999;9999;9999;9999;9999;9999;9999
20/02/2025 05:59:59.127;117;-1758.572;2837.490;87.600;148.000;248012.62;248012.62;192000;0;49.6603;19.5172;89.9733;36.8216;19.0990;232.4854;19.5163;23.2755;1523.6627;73;0.2541;72;1.9089;100;0.000153100;0;9999;9999;9999;9999;9999;9999;9999;9999;9999;9999;9999;9999;9999;9999;9999;9999;9999;9999;9999;9999
20/02/2025 06:00:29.119;117;-1758.571;2837.489;85.100;146.000;248012.66;248012.66;192000;0;49.6804;19.5336;86.1770;36.8252;19.1442;231.8746;19.5353;23.2922;1523.6493;74;0.2662;73;1.9998;103;0.000162286;0;9999;9999;9999;9999;9999;9999;9999;9999;9999;9999;9999;9999;9999;9999;9999;9999;9999;9999;9999;9999
20/02/2025 06:00:59.127;117;-1758.571;2837.488;80.300;143.000;248012.7;248012.7;192000;0;49.6876;19.5414;82.3740;36.8259;19.1834;232.8594;19.5436;23.2506;1523.6085;75;0.2783;72;1.9089;107;0.000174534;0;9999;9999;9999;9999;9999;9999;9999;9999;9999;9999;9999;9999;9999;9999;9999;9999;9999;9999;9999;9999
20/02/2025 06:01:29.119;117;-1758.571;2837.487;77.900;141.000;248012.73;248012.73;192000;0;49.7335;19.5811;78.7387;36.8303;19.2286;234.8492;19.5827;23.1617;1523.6635;89;0.4477;73;1.9998;114;0.000195968;0;9999;9999;9999;9999;9999;9999;9999;9999;9999;9999;9999;9999;9999;9999;9999;9999;9999;9999;9999;9999
20/02/2025 06:01:59.129;117;-1758.571;2837.487;73.200;143.000;248012.78;248012.78;192000;0;49.7768;19.6199;75.0430;36.8336;19.2678;236.9573;19.6203;23.0696;1523.7136;99;0.5687;73;1.9998;124;0.000226588;0;9999;9999;9999;9999;9999;9999;9999;9999;9999;9999;9999;9999;9999;9999;9999;9999;9999;9999;9999;9999
20/02/2025 06:02:29.129;117;-1758.571;2837.486;70.900;143.000;248012.8;248012.8;192000;0;49.8743;19.7016;71.4952;36.8441;19.3089;239.9157;19.7034;22.9331;1523.8933;99;0.5687;73;1.9998;121;0.000217402;0;9999;9999;9999;9999;9999;9999;9999;9999;9999;9999;9999;9999;9999;9999;9999;9999;9999;9999;9999;9999
20/02/2025 06:02:59.119;117;-1758.570;2837.485;66.100;137.000;248012.84;248012.84;192000;0;49.8688;19.6993;67.7062;36.8429;19.3540;238.8203;19.7007;22.9737;1523.8224;99;0.5687;73;1.9998;122;0.000220464;0;9999;9999;9999;9999;9999;9999;9999;9999;9999;9999;9999;9999;9999;9999;9999;9999;9999;9999;9999;9999
20/02/2025 06:03:29.117;117;-1758.570;2837.485;63.600;137.000;248012.89;-1;192000;0;49.8878;19.7163;63.7461;36.8453;19.3872;240.2699;19.7196;22.9129;1523.8063;98;0.5566;72;1.9089;125;0.000229650;0;9999;9999;9999;9999;9999;9999;9999;9999;9999;9999;9999;9999;9999;9999;9999;9999;9999;9999;9999;9999
20/02/2025 06:03:59.124;117;-1758.569;2837.484;58.400;141.000;248012.92;-1;192000;0;49.9157;19.7398;59.6735;36.8492;19.4224;240.1636;19.7421;22.9090;1523.8080;94;0.5082;72;1.9089;120;0.000214340;0;9999;9999;9999;9999;9999;9999;9999;9999;9999;9999;9999;9999;9999;9999;9999;9999;9999;9999;9999;9999
20/02/2025 06:04:29.123;117;-1758.568;2837.484;55.700;140.000;248012.95;-1;192000;0;49.9335;19.7551;55.5190;36.8521;19.4577;240.2185;19.7576;22.9011;1523.7844;92;0.4840;71;1.8180;121;0.000217402;0;9999;9999;9999;9999;9999;9999;9999;9999;9999;9999;9999;9999;9999;9999;9999;9999;9999;9999;9999;9999
20/02/2025 06:04:59.127;117;-1758.567;2837.483;50.400;137.000;248012.99;-1;192000;0;49.9468;19.7659;51.4058;36.8551;19.4870;241.3560;19.7710;22.8538;1523.7492;91;0.4719;72;1.9089;121;0.000217402;0;9999;9999;9999;9999;9999;9999;9999;9999;9999;9999;9999;9999;9999;9999;9999;9999;9999;9999;9999;9999
20/02/2025 06:05:29.104;117;-1758.567;2837.482;47.700;139.000;248013.03;-1;192000;0;50.1364;19.9168;47.4025;36.8810;19.5260;244.0003;19.9170;22.7123;1524.1287;67;0.1815;69;1.6362;110;0.000183720;0;9999;9999;9999;9999;9999;9999;9999;9999;9999;9999;9999;9999;9999;9999;9999;9999;9999;9999;9999;9999
20/02/2025 06:05:59.114;117;-1758.566;2837.481;42.900;140.000;248013.06;248013.06;192000;0;50.1642;19.9384;43.7301;36.8864;19.5748;242.4646;19.9408;22.7603;1524.1331;65;0.1573;71;1.8180;104;0.000165348;0;9999;9999;9999;9999;9999;9999;9999;9999;9999;9999;9999;9999;9999;9999;9999;9999;9999;9999;9999;9999
20/02/2025 06:06:29.126;117;-1758.566;2837.481;40.500;140.000;248013.1;248013.1;192000;0;50.1837;19.9549;40.0142;36.8894;19.6158;243.3361;19.9599;22.7216;1524.1200;64;0.1452;72;1.9089;105;0.000168410;0;9999;9999;9999;9999;9999;9999;9999;9999;9999;9999;9999;9999;9999;9999;9999;9999;9999;9999;9999;9999
20/02/2025 06:06:59.126;117;-1758.566;2837.480;35.700;137.000;248013.14;248013.14;192000;0;50.2138;19.9781;36.2777;36.8953;19.6510;243.6473;19.9804;22.7030;1524.1282;59;0.0847;70;1.7271;102;0.000159224;0;9999;9999;9999;9999;9999;9999;9999;9999;9999;9999;9999;9999;9999;9999;9999;9999;9999;9999;9999;9999
20/02/2025 06:07:29.126;117;-1758.565;2837.480;33.200;135.000;248013.16;248013.16;192000;0;50.2115;19.9778;32.3232;36.8952;19.6860;243.1102;19.9803;22.7216;1524.0614;60;0.0968;69;1.6362;104;0.000165348;0;9999;9999;9999;9999;9999;9999;9999;9999;9999;9999;9999;9999;9999;9999;9999;9999;9999;9999;9999;9999
20/02/2025 06:07:59.128;117;-1758.564;2837.479;28.100;134.000;248013.21;248013.21;192000;0;50.2238;19.9889;28.4077;36.8970;19.7172;243.5389;19.9936;22.7008;1524.0287;60;0.0968;70;1.7271;102;0.000159224;0;9999;9999;9999;9999;9999;9999;9999;9999;9999;9999;9999;9999;9999;9999;9999;9999;9999;9999;9999;9999
20/02/2025 06:08:29.127;117;-1758.563;2837.479;25.600;133.000;248013.25;248013.25;192000;0;50.2752;20.0292;24.4970;36.9056;19.7445;241.9134;20.0363;22.7465;1524.0840;57;0.0605;70;1.7271;102;0.000159224;0;9999;9999;9999;9999;9999;9999;9999;9999;9999;9999;9999;9999;9999;9999;9999;9999;9999;9999;9999;9999
20/02/2025 06:08:59.116;117;-1758.562;2837.478;20.400;132.000;248013.29;248013.29;192000;0;50.3064;20.0552;20.4127;36.9100;19.7737;241.2870;20.0571;22.7623;1524.0923;57;0.0605;69;1.6362;105;0.000168410;0;9999;9999;9999;9999;9999;9999;9999;9999;9999;9999;9999;9999;9999;9999;9999;9999;9999;9999;9999;9999
20/02/2025 06:09:29.125;117;-1758.562;2837.478;17.800;134.000;248013.32;-1;192000;0;50.3032;20.0535;16.3329;36.9104;19.8067;242.4527;20.0552;22.7188;1524.0201;58;0.0726;69;1.6362;103;0.000162286;0;9999;9999;9999;9999;9999;9999;9999;9999;9999;9999;9999;9999;9999;9999;9999;9999;9999;9999;9999;9999
20/02/2025 06:09:59.123;117;-1758.561;2837.477;12.600;133.000;248013.37;-1;192000;0;50.2962;20.0522;12.2760;36.9073;19.8282;242.7152;20.0549;22.7082;1523.9454;57;0.0605;70;1.7271;104;0.000165348;0;9999;9999;9999;9999;9999;9999;9999;9999;9999;9999;9999;9999;9999;9999;9999;9999;9999;9999;9999;9999
20/02/2025 06:10:29.121;117;-1758.560;2837.477;9.800;133.000;248013.4;-1;192000;0;50.2935;20.0499;8.0868;36.9087;19.8496;241.4942;20.0519;22.7527;1523.8708;59;0.0847;69;1.6362;100;0.000153100;0;9999;9999;9999;9999;9999;9999;9999;9999;9999;9999;9999;9999;9999;9999;9999;9999;9999;9999;9999;9999
20/02/2025 06:10:59.126;117;-1758.559;2837.476;4.800;134.000;248013.43;-1;192000;0;50.2917;20.0498;4.2653;36.9087;19.8671;240.8695;20.0513;22.7748;1523.8068;58;0.0726;71;1.8180;103;0.000162286;0;9999;9999;9999;9999;9999;9999;9999;9999;9999;9999;9999;9999;9999;9999;9999;9999;9999;9999;9999;9999
20/02/2025 06:11:29.115;115;-1758.558;2837.476;2.300;129.000;248013.48;-1;192000;0;50.2909;20.0491;4.4316;36.9086;19.8826;240.7034;20.0510;22.7811;1523.8076;58;0.0726;72;1.9089;99;0.000150038;0;9999;9999;9999;9999;9999;9999;9999;9999;9999;9999;9999;9999;9999;9999;9999;9999;9999;9999;9999;9999
20/02/2025 06:11:59.118;115;-1758.557;2837.477;-0.300;84.000;248013.52;248013.52;192000;0;50.2839;20.0461;1.6177;36.9065;19.8962;240.6875;20.0465;22.7823;1523.7501;58;0.0726;69;1.6362;103;0.000162286;0;9999;9999;9999;9999;9999;9999;9999;9999;9999;9999;9999;9999;9999;9999;9999;9999;9999;9999;9999;9999
20/02/2025 06:12:27.047;119;-1758.507;2837.441;0.100;126.000;248013.55;248013.55;192000;0;50.2835;20.0423;1.5455;36.9095;19.9020;240.7074;20.0403;22.7832;1523.7418;58;0.0726;69;1.6362;99;0.000150038;0;9999;9999;9999;9999;9999;9999;9999;9999;9999;9999;9999;9999;9999;9999;9999;9999;9999;9999;9999;9999
