Timestamp;NavState;SecurityLevel;Heading;Declination;Pitch;Roll;Depth;Temperature;Pa;Lat;Lon;DeadReckoning;DesiredH;BallastCmd;BallastPos;LinCmd;LinPos;AngCmd;AngPos;Voltage;Altitude;
04/03/2025 14:30:51;119;0;323.60;-4;-38.36;-11.11;0.1;16.60;75571;2837.240;-1800.955;0;317;500;506.5;100.0;100.4;0;-0.5;24.9;-1.0;
04/03/2025 14:31:01;116;0;327.23;-4;-53.52;-0.89;0.0;16.60;75569;2837.242;-1800.960;0;317;500;506.5;100.0;100.6;0;-0.5;24.9;-1.0;
04/03/2025 14:31:33;116;0;320.76;-4;-47.95;-3.17;0.1;16.70;75599;2837.244;-1800.964;0;317;500;506.5;100.0;100.4;0;-0.5;24.9;-1.0;
04/03/2025 14:31:59;116;0;327.13;-4;-47.94;-17.31;-0.0;16.80;75597;2837.244;-1800.965;0;316;500;506.5;100.0;100.4;0;0.0;24.9;-1.0;
04/03/2025 14:32:17;116;0;334.43;-4;-51.97;-1.17;-0.1;16.90;75604;2837.246;-1800.968;0;316;500;506.5;100.0;100.6;0;0.0;24.9;-1.0;
04/03/2025 14:33:20;116;0;329.63;-4;-35.36;-5.16;-0.0;17.10;75629;2837.247;-1800.973;0;316;500;506.5;100.0;100.6;0;-0.5;24.7;-1.0;
04/03/2025 14:34:22;116;0;335.02;-4;-52.66;-12.52;0.1;17.30;75655;2837.250;-1800.981;0;316;500;506.5;100.0;100.6;0;-0.5;24.9;-1.0;
04/03/2025 14:35:39;116;0;336.44;-4;-37.08;-15.75;-0.2;17.70;75671;2837.252;-1800.993;0;316;500;506.5;100.0;100.4;0;-0.5;24.9;-1.0;
04/03/2025 14:37:02;116;0;321.20;-4;-50.48;-11.42;-0.2;18.10;75712;2837.254;-1801.007;0;316;500;506.5;100.0;100.4;0;-0.5;24.9;-1.0;
04/03/2025 14:37:18;116;0;332.06;-4;-49.54;-14.44;-0.1;18.20;75714;2837.253;-1801.008;0;316;500;506.5;100.0;100.7;0;0.0;24.9;-1.0;
04/03/2025 14:37:38;116;0;328.00;-4;-39.00;-15.38;-0.2;18.20;75718;2837.255;-1801.010;0;316;500;506.5;100.0;100.6;0;-0.5;24.9;-1.0;
04/03/2025 14:37:49;116;0;318.63;-4;-49.36;-2.44;-0.1;18.30;75727;2837.256;-1801.012;0;316;500;506.5;100.0;100.6;0;-0.5;24.9;-1.0;
04/03/2025 14:38:00;116;0;333.89;-4;-48.75;-25.46;-0.1;18.30;75728;2837.256;-1801.014;0;316;500;506.5;100.0;100.4;0;0.0;24.9;-1.0;
04/03/2025 14:38:20;110;0;340.57;-4;-47.09;-7.91;0.1;18.40;75737;2837.256;-1801.014;0;316;-110;385.5;100.0;100.4;-7;-7.2;24.9;-1.0;
04/03/2025 14:38:30;110;0;324.76;-4;-50.46;-12.37;0.2;18.40;76092;2837.256;-1801.014;1;316;-110;243.5;100.0;100.4;-7;-7.7;24.9;-1.0;
04/03/2025 14:38:40;110;0;354.35;-4;-56.24;-16.64;0.5;18.40;76315;2837.257;-1801.014;1;316;-110;90.3;100.0;100.6;-7;-7.7;24.9;-1.0;
04/03/2025 14:38:50;110;0;306.87;-4;-69.10;-7.11;1.0;18.50;76632;2837.257;-1801.015;1;316;-110;-69.4;100.0;100.6;-7;-7.7;24.9;-1.0;
04/03/2025 14:39:00;110;0;292.41;-4;-58.23;-24.23;1.2;18.50;76961;2837.258;-1801.015;1;316;-110;-108.1;41.4;54.9;-7;-7.7;24.9;-1.0;
04/03/2025 14:39:10;110;0;280.82;-4;-55.06;-7.63;2.3;18.50;77027;2837.258;-1801.016;1;316;-110;-109.7;41.4;41.4;-7;-7.7;24.9;-1.0;
04/03/2025 14:39:30;100;0;306.49;-4;-17.38;-15.04;5.5;18.60;77010;2837.262;-1801.021;1;316;-110;-104.8;41.4;40.9;-7;-7.7;24.9;-1.0;
04/03/2025 14:39:50;100;0;319.65;-4;-15.21;-15.15;8.2;18.60;77032;2837.265;-1801.025;1;316;-110;-103.2;42.8;43.2;15;14.9;24.9;-1.0;
04/03/2025 14:40:10;100;0;326.70;-4;-22.33;-3.85;10.4;18.60;77020;2837.268;-1801.027;1;316;-110;-103.2;42.1;42.1;19;19.4;24.9;-1.0;
04/03/2025 14:40:30;100;0;331.47;-4;-21.56;-2.32;12.7;18.70;77038;2837.272;-1801.029;1;316;-110;-103.2;42.1;42.0;26;26.2;24.9;0.0;
04/03/2025 14:40:50;100;0;328.58;-4;-18.49;1.94;15.6;18.70;77032;2837.276;-1801.032;1;316;-110;-104.8;42.6;42.9;22;22.1;24.9;0.0;
04/03/2025 14:41:10;100;0;323.28;-4;-19.65;-0.62;18.3;18.70;77046;2837.279;-1801.035;1;316;-110;-103.2;42.6;42.9;17;17.1;24.9;0.0;
04/03/2025 14:41:30;100;0;321.83;-4;-20.91;-2.91;21.2;18.70;77045;2837.283;-1801.039;1;316;-110;-103.2;42.6;42.9;17;16.7;24.9;0.0;
04/03/2025 14:41:50;100;0;322.17;-4;-20.89;-3.27;24.3;18.70;77059;2837.286;-1801.042;1;316;-110;-101.6;42.6;42.9;17;16.7;24.9;0.0;
04/03/2025 14:42:11;100;0;324.22;-4;-19.69;-3.20;27.3;18.70;77061;2837.290;-1801.045;1;316;-110;-101.6;42.6;42.9;17;16.7;24.9;0.0;
04/03/2025 14:42:31;100;0;324.85;-4;-20.25;-3.23;30.1;18.70;77050;2837.294;-1801.048;1;316;-110;-103.2;42.6;42.9;17;16.7;24.9;0.0;
04/03/2025 14:42:51;100;0;324.83;-4;-20.06;-3.36;32.8;18.70;77044;2837.297;-1801.051;1;316;-110;-101.6;42.6;43.0;17;16.7;24.9;0.0;
04/03/2025 14:43:11;100;0;326.87;-4;-20.75;-3.35;35.4;18.80;77057;2837.301;-1801.054;1;316;-110;-103.2;42.6;43.0;20;20.3;24.9;0.0;
04/03/2025 14:43:31;100;0;326.01;-4;-20.85;-1.34;38.0;18.80;77055;2837.304;-1801.057;1;316;-110;-103.2;42.6;42.9;20;20.3;24.9;0.0;
04/03/2025 14:43:51;100;0;324.04;-4;-20.94;-1.42;40.6;18.80;77059;2837.308;-1801.060;1;316;-110;-103.2;42.6;42.9;17;17.1;24.9;0.0;
04/03/2025 14:44:11;100;0;324.86;-4;-20.78;-3.15;43.1;18.80;77070;2837.311;-1801.062;1;316;-110;-101.6;42.6;42.9;17;16.7;24.9;0.0;
04/03/2025 14:44:31;100;0;326.57;-4;-20.19;-3.10;45.6;18.80;77077;2837.314;-1801.065;1;316;-110;-103.2;42.6;42.9;20;19.9;24.9;0.0;
04/03/2025 14:44:51;100;0;324.60;-4;-21.07;-1.42;47.8;18.80;77071;2837.317;-1801.068;1;316;-110;-101.6;42.6;42.9;18;18.1;24.9;0.0;
04/03/2025 14:45:11;100;0;323.33;-4;-20.55;-2.77;50.1;18.80;77075;2837.320;-1801.070;1;316;-110;-103.2;42.6;42.9;18;17.6;24.9;0.0;
04/03/2025 14:45:31;100;0;321.50;-4;-21.21;-2.60;52.6;18.80;77075;2837.323;-1801.073;1;316;-110;-103.2;42.6;43.0;16;15.3;24.9;0.0;
04/03/2025 14:45:51;100;0;320.54;-4;-20.97;-3.93;55.2;18.80;77090;2837.327;-1801.076;1;316;-110;-103.2;42.6;42.9;16;15.3;24.9;0.0;
04/03/2025 14:46:11;100;0;315.68;-4;-21.03;-3.99;57.5;18.80;77085;2837.329;-1801.079;1;316;-110;-103.2;42.6;43.0;16;15.3;24.9;0.0;
04/03/2025 14:46:31;100;0;309.96;-4;-20.64;-3.99;59.8;18.80;77083;2837.332;-1801.082;1;316;-110;-103.2;42.6;42.9;16;15.3;24.9;0.0;
04/03/2025 14:46:51;100;0;306.49;-4;-20.70;-3.94;62.1;18.80;77093;2837.334;-1801.086;1;316;-110;-103.2;42.6;42.9;13;13.1;24.9;0.0;
04/03/2025 14:47:11;100;0;303.55;-4;-20.18;-5.23;64.4;18.80;77093;2837.337;-1801.089;1;316;-110;-106.5;42.6;42.9;11;10.8;24.9;0.0;
04/03/2025 14:47:31;100;0;299.56;-4;-20.67;-6.26;66.7;18.80;77088;2837.339;-1801.092;1;316;-110;-103.2;42.6;42.9;6;5.9;24.9;0.0;
04/03/2025 14:47:51;100;0;297.98;-4;-19.78;-8.86;68.9;18.80;77083;2837.341;-1801.096;1;316;-110;-103.2;42.6;42.9;3;3.2;24.9;0.0;
04/03/2025 14:48:11;100;0;300.90;-4;-19.68;-10.15;71.0;18.80;77082;2837.343;-1801.099;1;316;-110;-103.2;42.6;42.9;7;7.2;24.9;0.0;
04/03/2025 14:48:31;100;0;302.18;-4;-19.98;-7.82;73.0;18.80;77073;2837.345;-1801.102;1;316;-110;-103.2;42.6;42.9;9;9.0;24.9;0.0;
04/03/2025 14:48:51;100;0;305.58;-4;-20.67;-6.84;75.2;18.80;77076;2837.347;-1801.106;1;316;-110;-101.6;42.6;43.0;12;12.2;24.9;0.0;
04/03/2025 14:49:11;100;0;314.88;-4;-19.71;-4.95;77.4;18.80;77065;2837.350;-1801.109;1;316;-110;-101.6;42.6;42.9;15;14.9;24.9;0.0;
04/03/2025 14:49:31;100;0;321.56;-4;-21.33;-3.74;79.6;18.80;77042;2837.353;-1801.111;1;316;-110;-101.6;42.6;43.0;15;15.3;24.9;0.0;
04/03/2025 14:49:51;100;0;322.82;-4;-21.07;-3.83;81.9;18.80;77011;2837.356;-1801.114;1;316;-110;-103.2;42.6;42.9;15;15.3;24.9;0.0;
04/03/2025 14:50:11;100;0;326.99;-4;-20.53;-3.72;84.0;18.80;77001;2837.359;-1801.116;1;316;-110;-101.6;42.6;42.9;20;19.9;24.9;0.0;
04/03/2025 14:50:31;100;0;326.75;-4;-20.99;-1.38;86.4;18.70;76991;2837.362;-1801.119;1;316;-110;-103.2;42.6;43.0;20;19.9;24.9;0.0;
04/03/2025 14:50:51;100;0;329.23;-4;-21.06;-1.45;88.6;18.70;76972;2837.365;-1801.121;1;316;-110;-104.8;42.6;42.9;23;23.0;24.9;0.0;
04/03/2025 14:51:11;100;0;321.27;-4;-20.46;-0.06;90.8;18.70;76959;2837.368;-1801.124;1;316;-110;-103.2;42.6;43.0;16;15.8;24.9;0.0;
04/03/2025 14:51:31;100;0;312.08;-4;-20.07;-3.96;92.9;18.70;76940;2837.370;-1801.127;1;316;-110;-103.2;42.6;43.0;16;15.3;24.9;0.0;
04/03/2025 14:51:51;100;0;314.66;-4;-20.34;-3.82;94.9;18.70;76935;2837.373;-1801.130;1;316;-110;-104.8;42.6;42.9;16;15.3;24.9;0.0;
04/03/2025 14:52:11;100;0;317.68;-4;-19.68;-3.94;97.1;18.60;76908;2837.376;-1801.132;1;316;-110;-103.2;42.6;42.9;16;15.3;24.9;0.0;
04/03/2025 14:52:31;100;0;322.14;-4;-19.72;-3.96;99.2;18.60;76906;2837.379;-1801.135;1;316;-110;-103.2;42.6;42.9;16;15.3;24.9;0.0;
04/03/2025 14:52:51;100;0;325.25;-4;-19.92;-3.92;101.4;18.60;76889;2837.382;-1801.137;1;316;-110;-103.2;42.6;42.9;18;18.5;24.9;0.0;
04/03/2025 14:53:11;100;0;327.55;-4;-20.23;-2.25;103.6;18.50;76872;2837.385;-1801.140;1;316;-110;-103.2;42.6;42.9;21;21.2;24.9;0.0;
04/03/2025 14:53:31;100;0;327.86;-4;-20.78;-0.89;106.1;18.50;76866;2837.388;-1801.142;1;316;-110;-101.6;42.6;42.9;21;21.2;24.9;0.0;
04/03/2025 14:53:51;100;0;329.16;-4;-20.32;-0.83;108.7;18.50;76848;2837.392;-1801.145;1;316;-110;-103.2;42.6;42.9;23;23.5;24.9;0.0;
04/03/2025 14:54:11;100;0;328.60;-4;-20.37;0.22;111.2;18.50;76840;2837.395;-1801.148;1;316;-110;-101.6;42.6;42.9;23;23.5;24.9;0.0;
04/03/2025 14:54:31;100;0;326.45;-4;-20.51;0.21;113.8;18.40;76822;2837.399;-1801.150;1;316;-110;-103.2;42.6;43.0;20;19.9;24.9;0.0;
04/03/2025 14:54:51;100;0;323.66;-4;-20.39;-1.94;116.4;18.40;76811;2837.402;-1801.153;1;316;-110;-103.2;42.6;42.9;17;17.1;24.9;0.0;
04/03/2025 14:55:11;100;0;320.12;-4;-19.88;-3.29;119.0;18.40;76814;2837.405;-1801.156;1;316;-110;-103.2;42.6;42.9;17;17.1;24.9;0.0;
04/03/2025 14:55:31;100;0;318.34;-4;-20.48;-3.37;121.5;18.30;76806;2837.408;-1801.160;1;316;-110;-103.2;42.6;43.0;17;17.1;24.9;0.0;
04/03/2025 14:55:51;100;0;316.69;-4;-20.01;-3.25;124.3;18.30;76793;2837.412;-1801.163;1;316;-110;-101.6;42.6;43.0;15;14.9;24.9;0.0;
04/03/2025 14:56:11;100;0;316.48;-4;-20.07;-4.40;126.9;18.30;76795;2837.415;-1801.166;1;316;-110;-103.2;42.6;42.9;15;14.4;24.9;0.0;
04/03/2025 14:56:31;100;0;314.54;-4;-20.08;-4.36;129.7;18.20;76789;2837.418;-1801.170;1;316;-110;-103.2;42.6;43.0;15;14.4;24.9;0.0;
04/03/2025 14:56:51;100;0;311.33;-4;-20.18;-4.44;132.5;18.20;76782;2837.421;-1801.174;1;316;-110;-103.2;42.6;43.0;15;14.4;24.9;0.0;
04/03/2025 14:57:11;100;0;309.93;-4;-19.59;-4.46;135.1;18.20;76759;2837.424;-1801.177;1;316;-110;-103.2;42.6;43.0;15;14.4;24.9;0.0;
04/03/2025 14:57:31;100;0;307.90;-4;-19.80;-4.42;137.7;18.10;76762;2837.427;-1801.181;1;316;-110;-103.2;42.6;43.0;15;14.4;24.9;0.0;
04/03/2025 14:57:51;100;0;305.72;-4;-20.06;-4.37;140.4;18.10;76749;2837.430;-1801.185;1;316;-110;-103.2;42.6;42.9;13;13.1;24.9;0.0;
04/03/2025 14:58:11;100;0;303.30;-4;-20.01;-5.12;143.2;18.10;76738;2837.432;-1801.189;1;316;-110;-103.2;42.6;42.9;11;10.8;24.9;0.0;
04/03/2025 14:58:31;100;0;303.91;-4;-19.55;-6.29;145.9;18.00;76733;2837.435;-1801.193;1;316;-110;-101.6;42.6;42.9;11;10.8;24.9;0.0;
04/03/2025 14:58:51;100;0;305.80;-4;-19.48;-6.27;148.3;18.00;76733;2837.438;-1801.197;1;316;-110;-103.2;42.6;43.0;13;13.1;24.9;0.0;
04/03/2025 14:59:11;100;0;306.32;-4;-19.42;-4.91;150.9;18.00;76719;2837.440;-1801.201;1;316;-110;-103.2;42.6;43.0;13;13.5;24.9;0.0;
04/03/2025 14:59:31;100;0;307.82;-4;-19.55;-4.97;153.5;17.90;76720;2837.443;-1801.204;1;316;-110;-103.2;42.6;43.0;13;13.5;24.9;0.0;
04/03/2025 14:59:51;100;0;310.02;-4;-19.34;-4.97;156.0;17.90;76702;2837.446;-1801.208;1;316;-110;-101.6;42.6;42.9;15;15.3;24.9;0.0;
04/03/2025 15:00:11;100;0;309.69;-4;-19.45;-3.91;158.5;17.90;76703;2837.449;-1801.211;1;316;-110;-103.2;42.6;42.9;15;15.8;24.9;0.0;
04/03/2025 15:00:31;100;0;307.46;-4;-19.53;-3.82;160.9;17.80;76696;2837.451;-1801.215;1;316;-110;-103.2;42.6;42.9;15;15.3;24.9;0.0;
04/03/2025 15:00:51;100;0;304.68;-4;-19.60;-3.86;163.3;17.80;76690;2837.454;-1801.219;1;316;-110;-103.2;42.6;42.9;12;12.2;24.9;0.0;
04/03/2025 15:01:11;100;0;301.32;-4;-19.63;-5.88;165.9;17.80;76677;2837.456;-1801.223;1;316;-110;-103.2;42.6;42.9;8;8.1;24.9;0.0;
04/03/2025 15:01:31;100;0;302.78;-4;-19.85;-7.88;168.7;17.70;76660;2837.459;-1801.227;1;316;-110;-101.6;42.6;42.9;10;9.9;24.9;0.0;
04/03/2025 15:01:51;100;0;302.52;-4;-20.06;-6.39;171.4;17.70;76648;2837.462;-1801.231;1;316;-110;-103.2;42.6;42.9;10;10.4;24.9;0.0;
04/03/2025 15:02:11;100;0;304.85;-4;-19.49;-6.34;174.1;17.70;76646;2837.464;-1801.235;1;316;-110;-103.2;42.6;42.9;12;12.2;24.9;0.0;
04/03/2025 15:02:31;100;0;305.85;-4;-19.38;-5.23;176.7;17.60;76633;2837.467;-1801.239;1;316;-110;-103.2;42.6;43.0;12;12.6;24.9;0.0;
04/03/2025 15:02:51;100;0;306.57;-4;-19.51;-5.20;179.1;17.60;76619;2837.470;-1801.242;1;316;-110;-103.2;42.6;42.9;12;12.6;24.9;0.0;
04/03/2025 15:03:11;100;0;308.79;-4;-19.61;-5.27;181.8;17.60;76621;2837.473;-1801.246;1;316;-110;-101.6;42.6;42.9;14;14.0;24.9;0.0;
04/03/2025 15:03:31;100;0;310.40;-4;-19.42;-4.36;184.1;17.50;76614;2837.475;-1801.249;1;316;-110;-101.6;42.6;43.0;14;14.4;24.9;0.0;
04/03/2025 15:03:51;100;0;311.21;-4;-19.65;-4.31;186.6;17.50;76609;2837.478;-1801.253;1;316;-110;-103.2;42.6;42.9;14;14.4;24.9;0.0;
04/03/2025 15:04:11;100;0;314.17;-4;-19.64;-4.35;189.1;17.40;76599;2837.481;-1801.256;1;316;-110;-103.2;42.6;42.9;14;14.4;24.9;0.0;
04/03/2025 15:04:31;100;0;316.75;-4;-19.43;-4.31;191.5;17.40;76583;2837.484;-1801.259;1;316;-110;-103.2;42.6;42.9;14;14.4;24.9;0.0;
04/03/2025 15:04:51;100;0;319.59;-4;-19.62;-4.31;193.8;17.40;76587;2837.487;-1801.262;1;316;-110;-103.2;42.6;42.9;14;14.4;24.9;0.0;
04/03/2025 15:05:11;100;0;322.79;-4;-19.51;-4.33;196.3;17.30;76578;2837.490;-1801.265;1;316;-110;-103.2;42.6;42.9;16;15.8;24.9;0.0;
04/03/2025 15:05:31;100;0;324.64;-4;-19.65;-3.50;198.5;17.30;76560;2837.493;-1801.267;1;316;-110;-101.6;42.6;43.0;18;18.1;24.9;0.0;
04/03/2025 15:05:51;100;0;325.73;-4;-19.66;-2.38;201.0;17.20;76562;2837.497;-1801.270;1;316;-110;-101.6;42.6;42.9;18;18.5;24.9;0.0;
04/03/2025 15:06:11;100;0;328.25;-4;-20.00;-2.34;203.4;17.20;76552;2837.500;-1801.273;1;316;-110;-101.6;42.6;42.9;21;21.7;24.9;0.0;
04/03/2025 15:06:31;100;0;327.41;-4;-20.01;-0.47;205.8;17.20;76551;2837.504;-1801.275;1;316;-110;-103.2;42.6;42.9;21;22.1;24.9;0.0;
04/03/2025 15:06:51;100;0;327.15;-4;-20.07;-0.58;208.2;17.10;76539;2837.507;-1801.278;1;316;-110;-103.2;42.6;43.0;21;22.1;24.9;0.0;
04/03/2025 15:07:11;100;0;325.76;-4;-20.06;-0.58;210.6;17.10;76530;2837.510;-1801.281;1;316;-110;-103.2;42.6;42.9;19;19.0;24.9;0.0;
04/03/2025 15:07:31;100;0;325.34;-4;-19.67;-2.39;212.8;17.10;76528;2837.513;-1801.283;1;316;-110;-103.2;42.6;43.0;19;18.5;24.9;0.0;
04/03/2025 15:07:51;100;0;324.76;-4;-19.85;-2.39;215.2;17.00;76518;2837.516;-1801.286;1;316;-110;-103.2;42.6;43.0;19;18.5;24.9;0.0;
04/03/2025 15:08:11;100;0;325.15;-4;-19.93;-2.40;217.4;17.00;76520;2837.519;-1801.288;1;316;-110;-103.2;42.6;42.9;19;18.5;24.9;0.0;
04/03/2025 15:08:31;100;0;324.56;-4;-19.80;-2.37;219.8;17.00;76519;2837.523;-1801.291;1;316;-110;-104.8;42.6;42.9;19;18.5;24.9;0.0;
04/03/2025 15:08:51;100;0;325.50;-4;-19.46;-2.43;222.1;16.90;76509;2837.526;-1801.294;1;316;-110;-103.2;42.6;42.9;19;18.5;24.9;0.0;
04/03/2025 15:09:11;100;0;328.07;-4;-19.33;-2.54;224.2;16.90;76498;2837.529;-1801.296;1;316;-110;-103.2;42.6;42.9;22;22.1;24.9;0.0;
04/03/2025 15:09:31;100;0;329.31;-4;-19.70;-0.38;226.4;16.90;76490;2837.532;-1801.298;1;316;-110;-103.2;42.6;43.0;22;22.6;24.9;0.0;
04/03/2025 15:09:51;100;0;325.36;-4;-19.45;-0.35;228.6;16.80;76485;2837.535;-1801.301;1;316;-110;-103.2;42.6;42.9;19;19.0;24.9;0.0;
04/03/2025 15:10:11;100;0;321.85;-4;-19.44;-2.51;230.7;16.80;76470;2837.538;-1801.304;1;316;-110;-103.2;42.6;42.9;16;15.8;24.9;0.0;
04/03/2025 15:10:31;100;0;318.55;-4;-19.31;-3.97;232.7;16.80;76455;2837.541;-1801.306;1;316;-130;-129.0;42.6;42.9;16;15.3;24.9;0.0;
04/03/2025 15:10:51;100;0;316.89;-4;-18.81;-3.94;235.1;16.70;76522;2837.544;-1801.310;1;316;-130;-132.3;42.9;42.9;16;15.3;24.9;0.0;
04/03/2025 15:11:11;100;0;315.04;-4;-18.60;-3.92;237.3;16.70;76499;2837.547;-1801.313;1;316;-130;-132.3;43.3;43.4;16;15.3;24.9;0.0;
04/03/2025 15:11:31;100;0;314.46;-4;-20.10;-3.82;240.0;16.70;76500;2837.550;-1801.316;1;316;-130;-130.6;43.3;43.7;16;15.3;24.9;0.0;
04/03/2025 15:11:51;100;0;313.92;-4;-20.23;-3.81;242.6;16.60;76491;2837.553;-1801.320;1;316;-130;-130.6;43.3;43.7;16;15.3;24.9;0.0;
04/03/2025 15:12:11;100;0;309.15;-4;-20.66;-3.83;245.3;16.60;76487;2837.556;-1801.323;1;316;-130;-130.6;43.3;43.6;16;15.3;24.9;0.0;
04/03/2025 15:12:31;100;0;306.04;-4;-20.62;-3.81;248.3;16.50;76480;2837.559;-1801.327;1;316;-130;-132.3;43.3;43.6;13;12.6;24.9;0.0;
04/03/2025 15:12:51;100;0;302.25;-4;-20.46;-5.26;251.1;16.50;76481;2837.561;-1801.331;1;316;-130;-132.3;43.3;43.6;9;9.0;24.9;0.0;
04/03/2025 15:13:11;100;0;301.37;-4;-20.22;-7.15;254.0;16.50;76466;2837.564;-1801.336;1;316;-130;-132.3;43.3;43.6;9;8.6;24.9;0.0;
04/03/2025 15:13:31;100;0;302.32;-4;-20.25;-7.13;257.0;16.50;76465;2837.567;-1801.340;1;316;-130;-130.6;43.3;43.6;9;8.6;24.9;0.0;
04/03/2025 15:13:51;100;0;302.96;-4;-20.17;-7.17;260.0;16.40;76466;2837.570;-1801.344;1;316;-130;-130.6;43.3;43.6;9;8.6;24.9;0.0;
04/03/2025 15:14:11;100;0;304.50;-4;-20.07;-7.11;263.1;16.40;76446;2837.573;-1801.349;1;316;-130;-132.3;43.3;43.6;12;12.2;24.9;0.0;
04/03/2025 15:14:31;100;0;305.57;-4;-20.17;-5.16;266.0;16.30;76445;2837.575;-1801.353;1;316;-130;-130.6;43.3;43.6;12;12.6;24.9;0.0;
04/03/2025 15:14:51;100;0;304.11;-4;-20.44;-5.00;269.1;16.30;76440;2837.578;-1801.357;1;316;-130;-132.3;43.3;43.7;12;12.6;24.9;0.0;
04/03/2025 15:15:11;100;0;301.29;-4;-20.32;-5.08;271.9;16.30;76423;2837.581;-1801.362;1;316;-130;-130.6;43.3;43.6;8;8.1;24.9;0.0;
04/03/2025 15:15:31;100;0;301.99;-4;-20.04;-7.57;275.3;16.20;76421;2837.584;-1801.367;1;316;-130;-130.6;43.3;43.6;8;7.7;24.9;0.0;
04/03/2025 15:15:51;100;0;301.80;-4;-20.02;-7.74;278.3;16.20;76428;2837.587;-1801.371;1;316;-130;-132.3;43.3;43.6;8;7.7;24.9;0.0;
04/03/2025 15:16:11;100;0;302.55;-4;-19.87;-7.54;281.4;16.20;76413;2837.590;-1801.375;1;316;-130;-132.3;43.3;43.7;8;7.7;24.9;0.0;
04/03/2025 15:16:31;100;0;303.30;-4;-19.46;-7.72;284.4;16.10;76406;2837.593;-1801.380;1;316;-130;-132.3;43.3;43.7;10;10.4;24.9;0.0;
04/03/2025 15:16:51;100;0;303.78;-4;-19.78;-6.24;287.4;16.10;76397;2837.595;-1801.384;1;316;-130;-130.6;43.3;43.7;10;10.4;24.9;0.0;
04/03/2025 15:17:11;100;0;305.39;-4;-20.15;-6.19;290.3;16.10;76391;2837.598;-1801.388;1;316;-130;-130.6;43.3;43.7;12;12.2;24.9;0.0;
04/03/2025 15:17:31;100;0;306.84;-4;-20.15;-5.04;293.1;16.10;76391;2837.601;-1801.392;1;316;-130;-130.6;43.3;43.6;12;13.1;24.9;0.0;
04/03/2025 15:17:52;100;0;305.05;-4;-19.94;-5.04;296.0;16.00;76385;2837.604;-1801.397;1;316;-130;-130.6;43.3;43.7;12;12.6;24.9;0.0;
04/03/2025 15:18:12;100;0;304.31;-4;-20.44;-5.20;299.0;16.00;76378;2837.607;-1801.401;1;316;-130;-130.6;43.3;43.7;12;12.6;24.9;0.0;
04/03/2025 15:18:32;100;0;306.53;-4;-20.76;-5.07;302.0;16.00;76374;2837.610;-1801.405;1;316;-130;-130.6;43.3;43.6;12;13.1;24.9;0.0;
04/03/2025 15:18:52;100;0;309.49;-4;-20.30;-5.05;305.0;15.90;76368;2837.613;-1801.409;1;316;-130;-132.3;43.3;43.6;14;14.0;24.9;0.0;
04/03/2025 15:19:12;100;0;311.80;-4;-19.95;-4.21;308.0;15.90;76353;2837.616;-1801.413;1;316;-130;-132.3;43.3;43.6;14;14.4;24.9;0.0;
04/03/2025 15:19:32;100;0;311.94;-4;-20.21;-4.17;310.9;15.90;76346;2837.620;-1801.417;1;316;-130;-132.3;43.3;43.6;14;14.4;24.9;0.0;
04/03/2025 15:19:52;100;0;311.78;-4;-20.06;-4.20;313.7;15.80;76350;2837.623;-1801.421;1;316;-130;-132.3;43.3;43.7;14;14.9;24.9;0.0;
04/03/2025 15:20:12;100;0;312.61;-4;-20.37;-4.16;316.5;15.80;76333;2837.626;-1801.424;1;316;-130;-132.3;43.3;43.6;14;14.4;24.9;0.0;
04/03/2025 15:20:32;100;0;314.73;-4;-20.28;-4.02;319.4;15.80;76325;2837.629;-1801.428;1;316;-130;-130.6;43.3;43.7;14;14.4;24.9;0.0;
04/03/2025 15:20:52;100;0;315.57;-4;-20.04;-3.98;322.1;15.70;76324;2837.632;-1801.431;1;316;-130;-130.6;43.3;43.7;14;14.9;24.9;0.0;
04/03/2025 15:21:12;100;0;316.44;-4;-20.21;-4.38;324.9;15.70;76324;2837.636;-1801.435;1;316;-130;-130.6;43.3;43.7;14;14.4;24.9;0.0;
04/03/2025 15:21:32;100;0;320.97;-4;-19.90;-4.21;327.6;15.70;76330;2837.639;-1801.438;1;316;-130;-130.6;43.3;43.7;14;14.4;24.9;0.0;
04/03/2025 15:21:52;100;0;321.16;-4;-20.55;-4.17;330.4;15.60;76314;2837.643;-1801.441;1;316;-130;-130.6;43.3;43.7;14;14.9;24.9;0.0;
04/03/2025 15:22:12;100;0;323.93;-4;-20.35;-4.18;332.8;15.60;76305;2837.646;-1801.444;1;316;-130;-130.6;43.3;43.6;17;17.1;24.9;0.0;
04/03/2025 15:22:32;100;0;326.03;-4;-20.29;-2.81;335.6;15.60;76321;2837.649;-1801.447;1;316;-130;-130.6;43.3;43.6;19;19.0;24.9;0.0;
04/03/2025 15:22:52;100;0;326.32;-4;-20.58;-1.69;338.3;15.60;76299;2837.653;-1801.450;1;316;-130;-129.0;43.3;43.7;19;19.4;24.9;0.0;
04/03/2025 15:23:12;100;0;322.93;-4;-20.45;-1.80;341.0;15.50;76295;2837.656;-1801.453;1;316;-130;-132.3;43.3;43.7;16;15.8;24.9;0.0;
04/03/2025 15:23:32;100;0;322.14;-4;-20.63;-3.53;343.6;15.50;76285;2837.660;-1801.456;1;316;-130;-130.6;43.3;43.7;16;15.8;24.9;0.0;
04/03/2025 15:23:52;100;0;321.33;-4;-20.62;-3.57;346.4;15.50;76284;2837.663;-1801.459;1;316;-130;-132.3;43.3;43.7;16;15.8;24.9;0.0;
04/03/2025 15:24:12;100;0;321.80;-4;-20.02;-3.55;349.3;15.40;76276;2837.667;-1801.462;1;316;-130;-130.6;43.3;43.6;16;15.8;24.9;0.0;
04/03/2025 15:24:32;100;0;320.52;-4;-20.08;-3.63;351.8;15.40;76272;2837.670;-1801.465;1;316;-130;-130.6;43.3;43.6;16;15.8;24.9;0.0;
04/03/2025 15:24:52;100;0;320.92;-4;-20.02;-3.62;354.3;15.40;76262;2837.673;-1801.468;1;316;-130;-130.6;43.3;43.7;16;15.8;24.9;0.0;
04/03/2025 15:25:12;100;0;319.09;-4;-20.43;-3.62;357.0;15.30;76248;2837.676;-1801.472;1;316;-130;-130.6;43.3;43.7;16;15.8;24.9;0.0;
04/03/2025 15:25:32;100;0;318.57;-4;-20.25;-3.61;359.5;15.30;76261;2837.680;-1801.475;1;316;-130;-130.6;43.3;43.6;16;15.8;24.9;0.0;
04/03/2025 15:25:52;100;0;318.60;-4;-20.15;-3.62;362.2;15.30;76251;2837.683;-1801.478;1;316;-130;-132.3;43.3;43.7;16;15.8;24.9;0.0;
04/03/2025 15:26:12;100;0;320.11;-4;-20.05;-3.65;364.7;15.20;76246;2837.686;-1801.481;1;316;-130;-130.6;43.3;43.7;16;15.8;24.9;0.0;
04/03/2025 15:26:32;100;0;318.37;-4;-20.01;-3.68;367.1;15.20;76238;2837.689;-1801.484;1;316;-130;-130.6;43.3;43.7;16;15.8;24.9;0.0;
04/03/2025 15:26:52;100;0;316.89;-4;-19.91;-3.69;369.6;15.20;76237;2837.692;-1801.487;1;316;-130;-130.6;43.3;43.6;16;15.8;24.9;0.0;
04/03/2025 15:27:12;100;0;318.62;-4;-20.09;-3.64;372.1;15.20;76232;2837.695;-1801.490;1;316;-130;-130.6;43.3;43.6;16;15.8;24.9;0.0;
04/03/2025 15:27:32;100;0;318.69;-4;-20.18;-3.59;374.8;15.10;76223;2837.699;-1801.494;1;316;-130;-130.6;43.3;43.6;16;15.8;24.9;0.0;
04/03/2025 15:27:52;100;0;317.33;-4;-19.85;-3.69;377.2;15.10;76221;2837.702;-1801.497;1;316;-130;-132.3;43.3;43.7;16;15.8;24.9;0.0;
04/03/2025 15:28:12;100;0;317.92;-4;-19.65;-3.55;379.8;15.10;76212;2837.705;-1801.500;1;316;-130;-129.0;43.3;43.6;16;15.8;24.9;0.0;
04/03/2025 15:28:32;100;0;319.95;-4;-19.79;-3.73;382.4;15.00;76202;2837.708;-1801.503;1;316;-130;-130.6;43.3;43.6;16;15.8;24.9;0.0;
04/03/2025 15:28:52;100;0;318.74;-4;-19.74;-3.65;384.8;15.00;76195;2837.711;-1801.506;1;316;-130;-130.6;43.3;43.7;16;15.8;24.9;0.0;
04/03/2025 15:29:12;100;0;315.01;-4;-19.71;-3.67;387.2;15.00;76192;2837.714;-1801.509;1;316;-130;-130.6;43.3;43.7;16;15.8;24.9;0.0;
04/03/2025 15:29:32;100;0;312.71;-4;-19.80;-3.70;389.9;15.00;76194;2837.717;-1801.513;1;316;-130;-130.6;43.3;43.7;16;15.8;24.9;0.0;
04/03/2025 15:29:52;100;0;308.53;-4;-19.92;-3.70;392.4;14.90;76168;2837.720;-1801.516;1;316;-130;-130.6;43.3;43.6;14;14.0;24.9;0.0;
04/03/2025 15:30:12;100;0;307.69;-4;-19.75;-4.57;394.9;14.90;76164;2837.723;-1801.520;1;316;-130;-130.6;43.3;43.6;14;14.0;24.9;0.0;
04/03/2025 15:30:32;100;0;309.49;-4;-19.48;-4.70;397.6;14.90;76159;2837.726;-1801.524;1;316;-130;-130.6;43.3;43.7;14;14.0;24.9;0.0;
04/03/2025 15:30:52;100;0;311.58;-4;-19.78;-4.69;400.1;14.90;76155;2837.728;-1801.527;1;316;-130;-132.3;43.3;43.7;14;13.5;24.9;0.0;
04/03/2025 15:31:12;100;0;312.37;-4;-19.60;-4.64;402.8;14.80;76152;2837.731;-1801.531;1;316;-130;-132.3;43.3;43.6;14;13.5;24.9;0.0;
04/03/2025 15:31:32;100;0;314.17;-4;-19.61;-4.59;405.4;14.80;76139;2837.734;-1801.534;1;316;-130;-130.6;43.3;43.6;14;14.0;24.9;0.0;
04/03/2025 15:31:52;100;0;316.32;-4;-19.70;-4.69;408.0;14.80;76135;2837.738;-1801.538;1;316;-130;-132.3;43.3;43.7;14;14.0;24.9;0.0;
04/03/2025 15:32:12;100;0;317.72;-4;-19.50;-4.66;410.5;14.70;76129;2837.741;-1801.541;1;316;-130;-132.3;43.3;43.7;14;14.0;24.9;0.0;
04/03/2025 15:32:32;100;0;318.02;-4;-19.71;-4.61;413.1;14.70;76119;2837.744;-1801.544;1;316;-130;-130.6;43.3;43.6;14;14.0;24.9;0.0;
04/03/2025 15:32:52;100;0;318.42;-4;-19.81;-4.57;415.9;14.70;76120;2837.747;-1801.547;1;316;-130;-132.3;43.3;43.6;14;14.0;24.9;0.0;
04/03/2025 15:33:12;100;0;319.58;-4;-19.92;-4.58;418.4;14.60;76116;2837.751;-1801.551;1;316;-130;-130.6;43.3;43.6;14;13.5;24.9;0.0;
04/03/2025 15:33:32;100;0;321.31;-4;-19.72;-4.57;421.2;14.60;76101;2837.754;-1801.554;1;316;-130;-130.6;43.3;43.7;16;15.8;24.9;0.0;
04/03/2025 15:33:52;100;0;322.73;-4;-19.87;-3.41;423.6;14.60;76101;2837.757;-1801.557;1;316;-130;-132.3;43.3;43.7;16;16.2;24.9;0.0;
04/03/2025 15:34:12;100;0;324.61;-4;-20.39;-3.45;426.1;14.60;76095;2837.761;-1801.559;1;316;-130;-130.6;43.3;43.6;18;18.1;24.9;0.0;
04/03/2025 15:34:32;100;0;326.34;-4;-20.07;-2.12;428.9;14.50;76088;2837.764;-1801.562;1;316;-130;-132.3;43.3;43.7;20;19.9;24.9;0.0;
04/03/2025 15:34:52;100;0;324.69;-4;-20.18;-1.38;431.6;14.50;76081;2837.768;-1801.565;1;316;-130;-130.6;43.3;43.6;18;18.1;24.9;0.0;
04/03/2025 15:35:12;100;0;321.54;-4;-20.11;-2.62;434.3;14.50;76073;2837.771;-1801.568;1;316;-130;-130.6;43.3;43.6;16;15.8;24.9;0.0;
04/03/2025 15:35:32;100;0;319.75;-4;-19.78;-3.63;437.0;14.40;76070;2837.775;-1801.572;1;316;-130;-130.6;43.3;43.7;16;15.3;24.9;0.0;
04/03/2025 15:35:52;100;0;317.95;-4;-19.97;-3.75;439.5;14.40;76071;2837.778;-1801.575;1;316;-130;-130.6;43.3;43.6;16;15.8;24.9;0.0;
04/03/2025 15:36:12;100;0;315.74;-4;-20.50;-3.83;442.0;14.40;76062;2837.781;-1801.578;1;316;-130;-130.6;43.3;43.6;16;15.3;24.9;0.0;
04/03/2025 15:36:32;100;0;314.55;-4;-20.19;-3.88;444.7;14.40;76049;2837.784;-1801.582;1;316;-130;-130.6;43.3;43.7;16;15.8;24.9;0.0;
04/03/2025 15:36:52;100;0;312.25;-4;-19.69;-3.72;447.4;14.30;76050;2837.787;-1801.585;1;316;-130;-130.6;43.3;43.6;16;15.3;24.9;0.0;
04/03/2025 15:37:12;100;0;309.19;-4;-19.89;-3.79;450.0;14.30;76048;2837.790;-1801.589;1;316;-130;-132.3;43.3;43.7;16;15.8;24.9;0.0;
04/03/2025 15:37:32;100;0;306.01;-4;-19.96;-3.78;452.6;14.30;76039;2837.792;-1801.593;1;316;-130;-130.6;43.3;43.6;13;13.1;24.9;0.0;
04/03/2025 15:37:52;100;0;303.22;-4;-19.80;-4.99;455.2;14.30;76035;2837.795;-1801.596;1;316;-130;-130.6;43.3;43.6;10;9.9;24.9;0.0;
04/03/2025 15:38:12;100;0;300.06;-4;-19.26;-6.62;457.7;14.20;76038;2837.797;-1801.601;1;316;-130;-132.3;43.3;43.7;6;5.9;24.9;0.0;
04/03/2025 15:38:32;100;0;297.05;-4;-19.03;-8.69;460.1;14.20;76023;2837.800;-1801.604;1;316;-130;-130.6;43.3;43.6;2;1.8;24.9;0.0;
04/03/2025 15:38:52;100;0;300.12;-4;-19.07;-10.90;462.7;14.20;76021;2837.802;-1801.608;1;316;-130;-130.6;43.3;43.6;6;5.9;24.9;0.0;
04/03/2025 15:39:12;100;0;304.23;-4;-19.24;-8.37;465.1;14.20;76008;2837.805;-1801.612;1;316;-130;-130.6;43.3;43.6;11;10.8;24.9;0.0;
04/03/2025 15:39:32;100;0;306.72;-4;-19.65;-5.90;467.7;14.10;76018;2837.807;-1801.616;1;316;-130;-130.6;43.3;43.6;13;13.5;24.9;0.0;
04/03/2025 15:39:52;100;0;306.53;-4;-19.84;-4.58;470.3;14.10;76006;2837.810;-1801.620;1;316;-130;-130.6;43.3;43.7;13;13.5;24.9;0.0;
04/03/2025 15:40:12;100;0;306.38;-4;-19.91;-4.57;472.9;14.10;75994;2837.813;-1801.623;1;316;-130;-130.6;43.3;43.6;13;13.5;24.9;0.0;
04/03/2025 15:40:32;100;0;307.01;-4;-19.69;-4.59;475.6;14.00;76000;2837.816;-1801.627;1;316;-130;-130.6;43.3;43.6;13;13.5;24.9;0.0;
04/03/2025 15:40:52;100;0;306.30;-4;-19.62;-4.60;478.3;14.00;75997;2837.818;-1801.631;1;316;-130;-130.6;43.3;43.9;13;14.0;24.9;0.0;
04/03/2025 15:41:12;100;0;304.89;-4;-19.65;-4.57;481.0;14.00;75995;2837.821;-1801.635;1;316;-130;-130.6;43.3;43.6;13;13.5;24.9;0.0;
04/03/2025 15:41:32;100;0;306.38;-4;-19.85;-4.55;483.7;14.00;75983;2837.824;-1801.639;1;316;-130;-132.3;43.3;43.6;13;13.5;24.9;0.0;
04/03/2025 15:41:52;100;0;307.29;-4;-19.59;-4.55;486.3;13.90;75980;2837.827;-1801.643;1;316;-130;-130.6;43.3;43.7;13;13.5;24.9;0.0;
04/03/2025 15:42:12;100;0;307.46;-4;-19.45;-4.63;488.9;13.90;75983;2837.829;-1801.646;1;316;-130;-130.6;43.3;43.7;13;13.5;24.9;0.0;
04/03/2025 15:42:32;100;0;307.64;-4;-19.42;-4.58;491.6;13.90;75975;2837.832;-1801.650;1;316;-130;-133.9;43.3;43.6;13;13.5;24.9;0.0;
04/03/2025 15:42:52;100;0;308.70;-4;-19.69;-4.65;494.3;13.90;75974;2837.835;-1801.654;1;316;-130;-132.3;43.3;43.6;13;13.5;24.9;0.0;
04/03/2025 15:43:12;100;0;309.14;-4;-19.22;-4.59;496.9;13.90;75970;2837.838;-1801.658;1;316;-130;-132.3;43.3;43.7;13;13.5;24.9;0.0;
04/03/2025 15:43:32;100;0;309.50;-4;-19.44;-4.62;499.5;13.80;75965;2837.841;-1801.662;1;316;-130;-130.6;43.3;43.7;13;13.5;24.9;0.0;
04/03/2025 15:43:52;100;0;309.48;-4;-19.40;-4.69;502.0;13.80;75960;2837.844;-1801.665;1;316;-130;-130.6;43.3;43.6;13;13.5;24.9;0.0;
04/03/2025 15:44:12;100;0;310.97;-4;-19.35;-4.68;504.5;13.80;75961;2837.847;-1801.669;1;316;-130;-130.6;43.3;43.7;13;13.5;24.9;0.0;
04/03/2025 15:44:32;100;0;311.66;-4;-19.36;-4.59;507.0;13.80;75955;2837.850;-1801.672;1;316;-130;-130.6;43.3;43.6;13;13.5;24.9;0.0;
04/03/2025 15:44:52;100;0;311.64;-4;-18.71;-4.69;509.4;13.70;75959;2837.853;-1801.676;1;316;-130;-130.6;43.7;43.7;13;13.5;24.9;0.0;
04/03/2025 15:45:12;100;0;311.42;-4;-20.01;-4.61;511.7;13.70;75940;2837.855;-1801.679;1;316;-130;-130.6;43.7;44.0;13;13.5;24.9;0.0;
04/03/2025 15:45:32;100;0;311.75;-4;-19.93;-4.66;514.3;13.70;75952;2837.858;-1801.682;1;316;-130;-130.6;43.7;44.0;13;13.5;24.9;0.0;
04/03/2025 15:45:52;100;0;311.47;-4;-19.59;-4.62;516.8;13.70;75951;2837.861;-1801.686;1;316;-130;-129.0;43.7;44.0;13;13.5;24.9;0.0;
04/03/2025 15:46:12;100;0;312.05;-4;-19.72;-4.61;519.1;13.70;75940;2837.864;-1801.689;1;316;-130;-130.6;43.7;44.0;13;13.5;24.9;0.0;
04/03/2025 15:46:32;100;0;313.42;-4;-19.52;-4.93;521.6;13.60;75927;2837.867;-1801.692;1;316;-130;-132.3;43.7;44.0;13;13.5;24.9;0.0;
04/03/2025 15:46:52;100;0;315.43;-4;-20.50;-4.67;524.1;13.60;75932;2837.870;-1801.696;1;316;-130;-133.9;43.7;44.0;13;13.5;24.9;0.0;
04/03/2025 15:47:12;100;0;315.29;-4;-19.94;-4.99;526.7;13.60;75924;2837.873;-1801.699;1;316;-130;-130.6;43.7;44.0;13;14.0;24.9;0.0;
04/03/2025 15:47:32;100;0;312.68;-4;-20.97;-4.31;529.2;13.60;75917;2837.875;-1801.702;1;316;-130;-130.6;43.7;44.0;13;14.0;24.9;0.0;
04/03/2025 15:47:52;100;0;315.16;-4;-19.66;-4.92;531.8;13.60;75915;2837.879;-1801.706;1;316;-130;-130.6;43.7;44.0;13;13.5;24.9;0.0;
04/03/2025 15:48:12;100;0;313.15;-4;-20.73;-4.45;534.5;13.50;75910;2837.882;-1801.709;1;316;-130;-132.3;43.7;44.0;13;13.5;24.9;0.0;
04/03/2025 15:48:32;100;0;316.17;-4;-20.84;-4.60;537.1;13.50;75901;2837.885;-1801.712;1;316;-130;-130.6;43.7;44.2;13;13.5;24.9;0.0;
04/03/2025 15:48:52;100;0;316.74;-4;-19.62;-4.66;539.7;13.50;75904;2837.888;-1801.716;1;316;-130;-130.6;43.7;44.2;13;14.0;24.9;0.0;
04/03/2025 15:49:12;100;0;317.79;-4;-19.76;-4.71;542.2;13.50;75908;2837.891;-1801.719;1;316;-130;-133.9;43.7;44.0;15;14.9;24.9;0.0;
04/03/2025 15:49:32;100;0;318.87;-4;-19.84;-3.78;544.8;13.40;75904;2837.894;-1801.722;1;316;-130;-132.3;43.7;44.0;15;15.3;24.9;0.0;
04/03/2025 15:49:52;100;0;319.53;-4;-19.98;-3.79;547.5;13.40;75904;2837.897;-1801.725;1;316;-130;-130.6;43.7;44.0;15;15.3;24.9;0.0;
04/03/2025 15:50:12;100;0;320.00;-4;-20.10;-3.78;550.1;13.40;75889;2837.901;-1801.728;1;316;-130;-132.3;43.7;44.0;15;15.3;24.9;0.0;
04/03/2025 15:50:32;100;0;321.31;-4;-20.74;-3.72;552.6;13.40;75888;2837.904;-1801.731;1;316;-130;-130.6;43.7;44.0;15;15.3;24.9;0.0;
04/03/2025 15:50:52;100;0;317.55;-4;-18.99;-4.02;555.3;13.30;75885;2837.907;-1801.735;1;316;-130;-130.6;44.0;44.0;15;15.3;24.9;0.0;
04/03/2025 15:51:12;100;0;316.19;-4;-20.05;-3.93;557.8;13.30;75882;2837.910;-1801.738;1;316;-130;-130.6;44.0;44.0;15;15.3;24.9;0.0;
04/03/2025 15:51:32;100;0;314.94;-4;-19.75;-3.75;560.2;13.30;75882;2837.913;-1801.741;1;316;-130;-130.6;44.0;44.0;15;15.3;24.9;0.0;
04/03/2025 15:51:52;100;0;315.32;-4;-19.93;-3.81;562.7;13.30;75878;2837.916;-1801.744;1;316;-130;-132.3;44.0;44.0;15;15.3;24.9;0.0;
04/03/2025 15:52:12;100;0;317.03;-4;-20.24;-3.84;565.3;13.30;75875;2837.919;-1801.748;1;316;-130;-130.6;44.0;44.0;15;15.3;24.9;0.0;
04/03/2025 15:52:32;100;0;318.06;-4;-20.15;-3.77;568.0;13.30;75866;2837.923;-1801.751;1;316;-130;-130.6;44.0;44.0;15;15.3;24.9;0.0;
04/03/2025 15:52:53;100;0;319.54;-4;-20.15;-3.65;570.7;13.30;75872;2837.926;-1801.754;1;316;-130;-132.3;44.0;44.0;15;15.3;24.9;0.0;
04/03/2025 15:53:13;100;0;320.21;-4;-19.92;-3.88;573.5;13.20;75865;2837.930;-1801.758;1;316;-130;-130.6;44.0;44.0;15;15.3;24.9;0.0;
04/03/2025 15:53:33;100;0;324.16;-4;-19.51;-3.81;576.2;13.20;75845;2837.933;-1801.761;1;316;-130;-132.3;44.0;44.0;17;17.1;24.9;0.0;
04/03/2025 15:53:53;100;0;324.26;-4;-20.10;-2.86;579.0;13.20;75850;2837.937;-1801.764;1;316;-130;-132.3;44.0;44.0;17;17.6;24.9;0.0;
04/03/2025 15:54:13;100;0;325.25;-4;-19.81;-2.78;581.7;13.20;75865;2837.940;-1801.767;1;316;-130;-130.6;44.0;44.0;17;17.6;24.9;0.0;
04/03/2025 15:54:33;100;0;327.46;-4;-20.40;-2.86;584.3;13.20;75854;2837.944;-1801.769;1;316;-130;-132.3;44.0;44.0;20;19.9;24.9;0.0;
04/03/2025 15:54:53;100;0;326.16;-4;-20.36;-1.50;587.2;13.10;75845;2837.948;-1801.772;1;316;-130;-133.9;44.0;44.0;20;19.9;24.9;0.0;
04/03/2025 15:55:13;100;0;323.77;-4;-20.75;-1.56;590.0;13.10;75840;2837.951;-1801.775;1;316;-130;-130.6;44.0;44.0;17;17.1;24.9;0.0;
04/03/2025 15:55:33;100;0;321.61;-4;-21.41;-3.20;592.8;13.10;75830;2837.955;-1801.779;1;316;-130;-130.6;44.0;44.0;17;17.1;24.9;0.0;
04/03/2025 15:55:53;100;0;320.24;-4;-19.68;-3.02;595.7;13.10;75842;2837.958;-1801.782;1;316;-130;-130.6;44.0;44.0;15;14.9;24.9;0.0;
04/03/2025 15:56:13;100;0;318.79;-4;-20.03;-4.07;598.7;13.10;75823;2837.962;-1801.786;1;316;-130;-132.3;44.0;44.0;15;14.9;24.9;0.0;
04/03/2025 15:56:33;100;0;319.39;-4;-20.01;-4.02;601.6;13.00;75825;2837.965;-1801.789;1;316;-130;-130.6;44.0;44.0;15;14.9;24.9;0.0;
04/03/2025 15:56:53;100;0;320.42;-4;-19.97;-4.10;604.5;13.00;75830;2837.969;-1801.792;1;316;-130;-130.6;44.0;44.0;15;14.9;24.9;0.0;
04/03/2025 15:57:13;100;0;320.27;-4;-20.23;-4.06;607.4;13.00;75820;2837.972;-1801.796;1;316;-130;-130.6;44.0;44.0;15;14.9;24.9;0.0;
04/03/2025 15:57:33;100;0;321.30;-4;-20.06;-4.09;610.3;13.00;75825;2837.976;-1801.799;1;316;-130;-130.6;44.0;44.0;15;14.9;24.9;0.0;
04/03/2025 15:57:53;100;0;322.66;-4;-20.00;-4.04;613.3;13.00;75817;2837.980;-1801.802;1;316;-130;-132.3;44.0;44.0;17;17.1;24.9;0.0;
04/03/2025 15:58:13;100;0;322.94;-4;-20.10;-2.77;616.3;13.00;75820;2837.984;-1801.806;1;316;-130;-130.6;44.0;44.0;17;17.6;24.9;0.0;
04/03/2025 15:58:33;100;0;322.69;-4;-20.27;-2.77;619.1;12.90;75810;2837.987;-1801.809;1;316;-130;-133.9;44.0;44.0;17;17.6;24.9;0.0;
04/03/2025 15:58:53;100;0;325.50;-4;-20.44;-2.69;622.1;12.90;75803;2837.991;-1801.812;1;316;-130;-132.3;44.0;44.0;19;19.0;24.9;0.0;
04/03/2025 15:59:13;100;0;326.41;-4;-20.31;-1.86;625.1;12.90;75801;2837.995;-1801.815;1;316;-130;-132.3;44.0;44.0;19;19.0;24.9;0.0;
04/03/2025 15:59:33;100;0;324.22;-4;-19.95;-1.94;628.0;12.90;75802;2837.999;-1801.818;1;316;-130;-130.6;44.0;44.0;19;19.0;24.9;0.0;
04/03/2025 15:59:53;100;0;320.42;-4;-19.90;-1.96;630.7;12.90;75797;2838.002;-1801.822;1;316;-130;-130.6;44.0;44.0;16;15.8;24.9;0.0;
04/03/2025 16:00:13;100;0;319.47;-4;-19.86;-3.69;633.5;12.80;75784;2838.006;-1801.825;1;316;-130;-130.6;44.0;44.0;16;15.8;24.9;0.0;
04/03/2025 16:00:33;100;0;319.78;-4;-19.62;-3.72;636.2;12.80;75788;2838.009;-1801.828;1;316;-130;-130.6;44.0;44.0;16;15.8;24.9;0.0;
04/03/2025 16:00:53;100;0;319.43;-4;-19.62;-3.73;638.8;12.80;75785;2838.012;-1801.831;1;316;-130;-132.3;44.0;44.0;16;15.8;24.9;0.0;
04/03/2025 16:01:13;100;0;319.75;-4;-19.66;-3.69;641.5;12.80;75778;2838.016;-1801.835;1;316;-130;-130.6;44.0;44.0;16;15.8;24.9;0.0;
04/03/2025 16:01:33;100;0;320.22;-4;-19.83;-3.68;644.1;12.80;75774;2838.019;-1801.838;1;316;-130;-130.6;44.0;44.0;16;15.8;24.9;0.0;
04/03/2025 16:01:53;100;0;320.20;-4;-19.79;-3.72;646.7;12.80;75780;2838.022;-1801.841;1;316;-130;-133.9;44.0;44.0;16;15.8;24.9;0.0;
04/03/2025 16:02:13;100;0;320.18;-4;-19.54;-3.72;649.3;12.70;75769;2838.026;-1801.844;1;316;-130;-132.3;44.0;44.0;16;15.8;24.9;0.0;
04/03/2025 16:02:33;100;0;320.45;-4;-19.66;-3.72;651.7;12.70;75758;2838.029;-1801.847;1;316;-130;-130.6;44.0;44.0;16;15.3;24.9;0.0;
04/03/2025 16:02:53;100;0;319.90;-4;-19.65;-3.67;654.3;12.70;75758;2838.032;-1801.850;1;316;-130;-132.3;44.0;44.2;16;15.8;24.9;0.0;
04/03/2025 16:03:13;100;0;316.79;-4;-19.63;-3.74;656.8;12.70;75762;2838.035;-1801.853;1;316;-130;-130.6;44.0;44.0;16;15.8;24.9;0.0;
04/03/2025 16:03:33;100;0;315.84;-4;-19.55;-3.75;659.2;12.70;75754;2838.038;-1801.856;1;316;-130;-132.3;44.0;44.0;16;15.8;24.9;0.0;
04/03/2025 16:03:53;100;0;316.43;-4;-19.58;-3.69;661.6;12.60;75737;2838.041;-1801.859;1;316;-130;-132.3;44.0;44.0;16;15.8;24.9;0.0;
04/03/2025 16:04:13;100;0;317.35;-4;-19.55;-3.65;664.0;12.60;75727;2838.044;-1801.863;1;316;-130;-130.6;44.0;44.0;16;15.8;24.9;0.0;
04/03/2025 16:04:33;100;0;317.32;-4;-19.68;-3.64;666.4;12.60;75712;2838.047;-1801.866;1;316;-130;-132.3;44.0;44.0;16;15.8;24.9;0.0;
04/03/2025 16:04:53;100;0;316.69;-4;-19.69;-3.70;668.8;12.60;75710;2838.050;-1801.869;1;316;-130;-130.6;44.0;44.0;16;15.8;24.9;0.0;
04/03/2025 16:05:13;100;0;319.34;-4;-19.72;-3.68;671.3;12.60;75715;2838.053;-1801.872;1;316;-130;-132.3;44.0;44.0;16;15.8;24.9;0.0;
04/03/2025 16:05:33;100;0;320.40;-4;-19.55;-3.70;673.3;12.50;75703;2838.056;-1801.874;1;316;-130;-132.3;44.0;44.0;16;15.8;24.9;0.0;
04/03/2025 16:05:53;100;0;321.09;-4;-19.51;-3.76;675.6;12.50;75696;2838.059;-1801.877;1;316;-130;-130.6;44.0;44.0;16;15.8;24.9;0.0;
04/03/2025 16:06:13;100;0;322.04;-4;-19.41;-3.64;677.9;12.50;75692;2838.062;-1801.880;1;316;-130;-132.3;44.0;44.0;16;15.8;24.9;0.0;
04/03/2025 16:06:33;100;0;322.68;-4;-19.24;-3.71;680.0;12.50;75676;2838.065;-1801.883;1;316;-130;-132.3;44.0;44.0;16;15.8;24.9;0.0;
04/03/2025 16:06:53;100;0;323.30;-4;-19.54;-3.70;682.1;12.50;75680;2838.068;-1801.885;1;316;-130;-132.3;44.0;44.0;18;18.1;24.9;0.0;
04/03/2025 16:07:13;100;0;324.09;-4;-19.71;-2.44;684.3;12.40;75669;2838.071;-1801.888;1;316;-130;-130.6;44.0;44.0;18;18.1;24.9;0.0;
04/03/2025 16:07:33;100;0;325.52;-4;-19.73;-2.43;686.6;12.40;75669;2838.074;-1801.890;1;316;-130;-130.6;44.0;44.0;18;18.1;24.9;0.0;
04/03/2025 16:07:53;100;0;325.80;-4;-19.78;-2.40;688.8;12.40;75649;2838.077;-1801.893;1;316;-130;-132.3;44.0;44.0;20;19.9;24.9;0.0;
04/03/2025 16:08:13;100;0;323.35;-4;-19.92;-1.35;690.9;12.40;75643;2838.080;-1801.895;1;316;-130;-130.6;44.0;44.0;18;18.1;24.9;0.0;
04/03/2025 16:08:33;100;0;320.96;-4;-19.86;-2.69;693.0;12.30;75644;2838.083;-1801.898;1;316;-130;-132.3;44.0;44.0;18;18.1;24.9;0.0;
04/03/2025 16:08:53;100;0;319.66;-4;-19.57;-2.70;695.4;12.30;75634;2838.086;-1801.901;1;316;-130;-130.6;44.0;44.0;16;15.8;24.9;0.0;
04/03/2025 16:09:13;100;0;317.85;-4;-19.05;-3.82;697.4;12.30;75634;2838.088;-1801.904;1;316;-150;-151.6;44.0;44.0;16;15.3;24.9;0.0;
04/03/2025 16:09:33;100;0;317.75;-4;-19.12;-3.77;699.7;12.30;75672;2838.091;-1801.907;1;316;-150;-154.8;44.0;44.0;16;15.3;24.9;0.0;
04/03/2025 16:09:53;100;0;318.07;-4;-19.22;-3.79;701.8;12.20;75671;2838.094;-1801.909;1;316;-150;-151.6;44.0;44.0;16;15.3;24.9;0.0;
04/03/2025 16:10:13;100;0;317.83;-4;-19.29;-3.73;704.2;12.20;75673;2838.097;-1801.913;1;316;-150;-154.8;44.0;44.0;16;15.3;24.9;0.0;
04/03/2025 16:10:33;100;0;316.77;-4;-19.50;-3.68;706.6;12.20;75665;2838.100;-1801.916;1;316;-150;-153.2;44.0;44.0;16;15.3;24.9;0.0;
04/03/2025 16:10:53;100;0;315.90;-4;-19.43;-3.76;709.3;12.20;75661;2838.103;-1801.919;1;316;-150;-154.8;44.0;44.0;16;15.8;24.9;0.0;
04/03/2025 16:11:13;100;0;315.27;-4;-19.45;-3.73;711.9;12.20;75651;2838.107;-1801.923;1;316;-150;-153.2;44.0;44.0;16;15.3;24.9;0.0;
04/03/2025 16:11:33;100;0;313.55;-4;-19.31;-3.76;714.4;12.10;75649;2838.110;-1801.926;1;316;-150;-154.8;44.0;44.0;16;15.3;24.9;0.0;
04/03/2025 16:11:53;100;0;311.99;-4;-19.25;-3.73;716.9;12.10;75653;2838.113;-1801.930;1;316;-150;-153.2;44.0;44.0;16;15.3;24.9;0.0;
04/03/2025 16:12:13;100;0;309.43;-4;-18.96;-3.74;719.4;12.10;75643;2838.116;-1801.933;1;316;-150;-153.2;44.3;44.3;16;15.3;24.9;0.0;
04/03/2025 16:12:33;100;0;308.73;-4;-19.89;-3.67;722.0;12.10;75639;2838.118;-1801.937;1;316;-150;-151.6;44.3;44.6;16;15.3;24.9;0.0;
04/03/2025 16:12:53;100;0;308.81;-4;-20.26;-3.73;724.6;12.10;75629;2838.121;-1801.941;1;316;-150;-153.2;44.3;44.5;16;15.3;24.9;0.0;
04/03/2025 16:13:13;100;0;309.75;-4;-19.72;-3.68;727.3;12.00;75622;2838.124;-1801.944;1;316;-150;-153.2;44.3;44.6;16;15.3;24.9;0.0;
04/03/2025 16:13:33;100;0;306.58;-4;-21.12;-3.81;729.9;12.00;75625;2838.127;-1801.948;1;316;-150;-153.2;44.3;44.6;14;14.0;24.9;0.0;
04/03/2025 16:13:53;100;0;302.51;-4;-20.27;-4.70;732.6;12.00;75596;2838.129;-1801.952;1;316;-150;-153.2;44.3;44.6;10;9.9;24.9;0.0;
04/03/2025 16:14:13;100;0;301.66;-4;-20.57;-6.54;735.2;12.00;75596;2838.132;-1801.956;1;316;-150;-151.6;44.3;44.6;10;9.5;24.9;0.0;
04/03/2025 16:14:33;100;0;297.72;-4;-20.49;-6.40;738.2;11.90;75585;2838.134;-1801.960;1;316;-150;-153.2;44.3;44.6;3;3.2;24.9;0.0;
04/03/2025 16:14:53;100;0;301.12;-4;-19.65;-9.79;741.0;11.90;75577;2838.137;-1801.965;1;316;-150;-153.2;44.3;44.6;8;8.1;24.9;0.0;
04/03/2025 16:15:13;100;0;308.58;-4;-19.71;-7.21;743.8;11.90;75580;2838.140;-1801.969;1;316;-150;-153.2;44.3;44.6;15;15.3;24.9;0.0;
04/03/2025 16:15:33;100;0;309.57;-4;-20.29;-3.65;746.7;11.90;75566;2838.143;-1801.972;1;316;-150;-153.2;44.3;44.6;15;15.3;24.9;0.0;
04/03/2025 16:15:53;100;0;310.55;-4;-20.22;-3.62;749.6;11.80;75545;2838.146;-1801.976;1;316;-150;-153.2;44.3;44.6;15;15.3;24.9;0.0;
04/03/2025 16:16:13;100;0;310.24;-4;-20.36;-3.46;752.6;11.80;75545;2838.149;-1801.980;1;316;-150;-153.2;44.3;44.6;15;15.3;24.9;0.0;
04/03/2025 16:16:33;100;0;310.60;-4;-20.49;-3.73;755.5;11.80;75537;2838.152;-1801.984;1;316;-150;-153.2;44.3;44.6;15;15.3;24.9;0.0;
04/03/2025 16:16:53;100;0;311.36;-4;-20.28;-3.64;758.5;11.80;75535;2838.156;-1801.988;1;316;-150;-153.2;44.3;44.6;15;15.3;24.9;0.0;
04/03/2025 16:17:13;100;0;312.43;-4;-20.45;-3.59;761.3;11.70;75530;2838.159;-1801.992;1;316;-150;-153.2;44.3;44.6;15;15.3;24.9;0.0;
04/03/2025 16:17:33;100;0;314.90;-4;-20.25;-3.72;764.4;11.70;75529;2838.162;-1801.996;1;316;-150;-153.2;44.3;44.6;15;15.3;24.9;0.0;
04/03/2025 16:17:53;100;0;316.86;-4;-19.97;-3.77;767.4;11.70;75523;2838.166;-1802.000;1;316;-150;-151.6;44.3;44.6;15;15.3;24.9;0.0;
04/03/2025 16:18:13;100;0;317.52;-4;-20.28;-3.72;770.1;11.70;75518;2838.169;-1802.003;1;316;-150;-153.2;44.3;44.6;15;15.3;24.9;0.0;
04/03/2025 16:18:33;100;0;319.17;-4;-20.38;-3.67;773.2;11.60;75516;2838.173;-1802.007;1;316;-150;-153.2;44.3;44.6;15;15.3;24.9;0.0;
04/03/2025 16:18:53;100;0;320.61;-4;-19.83;-3.73;776.3;11.60;75520;2838.177;-1802.010;1;316;-150;-153.2;44.3;44.6;15;15.3;24.9;0.0;
04/03/2025 16:19:13;100;0;321.46;-4;-20.44;-3.70;779.1;11.60;75513;2838.180;-1802.013;1;316;-150;-153.2;44.3;44.6;15;15.3;24.9;0.0;
04/03/2025 16:19:33;100;0;323.60;-4;-20.29;-3.70;782.2;11.60;75510;2838.184;-1802.017;1;316;-150;-153.2;44.3;44.5;18;18.1;24.9;0.0;
04/03/2025 16:19:53;100;0;324.51;-4;-20.18;-2.14;785.2;11.60;75507;2838.188;-1802.020;1;316;-150;-153.2;44.3;44.6;18;18.5;24.9;0.0;
04/03/2025 16:20:13;100;0;321.74;-4;-19.56;-2.04;788.2;11.50;75500;2838.192;-1802.023;1;316;-150;-153.2;44.3;44.6;18;18.5;24.9;0.0;
04/03/2025 16:20:33;100;0;322.95;-4;-20.20;-2.24;791.0;11.50;75496;2838.195;-1802.027;1;316;-150;-151.6;44.3;44.6;18;18.5;24.9;0.0;
04/03/2025 16:20:53;100;0;323.96;-4;-20.97;-2.30;794.0;11.50;75492;2838.199;-1802.030;1;316;-150;-153.2;44.3;44.6;18;18.5;24.9;0.0;
04/03/2025 16:21:13;100;0;323.06;-4;-20.18;-2.21;796.9;11.50;75489;2838.203;-1802.033;1;316;-150;-151.6;44.3;44.5;18;18.5;24.9;0.0;
04/03/2025 16:21:33;100;0;322.46;-4;-20.23;-2.13;799.8;11.40;75480;2838.206;-1802.036;1;316;-150;-153.2;44.3;44.5;18;18.5;24.9;0.0;
04/03/2025 16:21:53;100;0;321.80;-4;-20.40;-2.28;802.5;11.40;75474;2838.210;-1802.039;1;316;-150;-153.2;44.3;44.6;18;18.5;24.9;0.0;
04/03/2025 16:22:13;100;0;322.70;-4;-20.51;-2.23;805.4;11.40;75475;2838.213;-1802.043;1;316;-150;-153.2;44.3;44.6;18;18.5;24.9;0.0;
04/03/2025 16:22:33;100;0;323.62;-4;-20.59;-2.17;808.2;11.40;75465;2838.217;-1802.046;1;316;-150;-153.2;44.3;44.6;18;18.5;24.9;0.0;
04/03/2025 16:22:53;100;0;321.51;-4;-20.63;-2.25;811.0;11.40;75457;2838.220;-1802.049;1;316;-150;-153.2;44.3;44.6;18;18.5;24.9;0.0;
04/03/2025 16:23:13;100;0;320.21;-4;-20.62;-2.19;813.8;11.30;75450;2838.224;-1802.052;1;316;-150;-153.2;44.3;44.6;16;15.8;24.9;0.0;
04/03/2025 16:23:33;100;0;320.57;-4;-20.04;-3.54;816.7;11.30;75456;2838.227;-1802.055;1;316;-150;-153.2;44.3;44.6;16;15.8;24.9;0.0;
04/03/2025 16:23:53;100;0;322.43;-4;-19.52;-3.73;819.4;11.30;75446;2838.231;-1802.059;1;316;-150;-153.2;44.3;44.6;16;15.3;24.9;0.0;
04/03/2025 16:24:13;100;0;323.32;-4;-19.17;-3.72;821.9;11.30;75434;2838.234;-1802.061;1;316;-150;-153.2;44.3;44.5;18;18.1;24.9;0.0;
04/03/2025 16:24:33;100;0;324.32;-4;-19.57;-2.60;824.3;11.20;75432;2838.237;-1802.064;1;316;-150;-153.2;44.3;44.6;18;18.1;24.9;0.0;
04/03/2025 16:24:53;100;0;322.26;-4;-19.79;-2.47;826.4;11.20;75427;2838.240;-1802.067;1;316;-150;-153.2;44.3;44.6;18;18.1;24.9;0.0;
04/03/2025 16:25:13;100;0;316.95;-4;-20.42;-2.22;828.6;11.20;75418;2838.243;-1802.070;1;316;-150;-153.2;44.3;44.5;16;15.8;24.9;0.0;
04/03/2025 16:25:33;100;0;314.38;-4;-20.12;-3.69;830.8;11.20;75418;2838.246;-1802.073;1;316;-150;-153.2;44.3;44.6;16;15.3;24.9;0.0;
04/03/2025 16:25:53;100;0;311.27;-4;-20.29;-4.05;833.1;11.10;75407;2838.248;-1802.076;1;316;-150;-153.2;44.3;44.6;16;15.3;24.9;0.0;
04/03/2025 16:26:13;100;0;308.53;-4;-19.95;-3.89;835.5;11.10;75405;2838.251;-1802.079;1;316;-150;-151.6;44.3;44.6;16;15.3;24.9;0.0;
04/03/2025 16:26:33;100;0;306.64;-4;-19.99;-3.93;837.7;11.10;75401;2838.253;-1802.083;1;316;-150;-153.2;44.3;44.6;14;14.0;24.9;0.0;
04/03/2025 16:26:53;100;0;301.29;-4;-20.17;-4.53;840.0;11.10;75394;2838.256;-1802.086;1;316;-150;-153.2;44.3;44.6;9;9.0;24.9;0.0;
04/03/2025 16:27:13;100;0;302.87;-4;-19.28;-7.15;842.4;11.00;75379;2838.258;-1802.090;1;316;-150;-151.6;44.3;44.6;11;10.8;24.9;0.0;
04/03/2025 16:27:33;100;0;304.84;-4;-19.31;-5.91;844.7;11.00;75385;2838.261;-1802.093;1;316;-150;-153.2;44.3;44.6;13;13.1;24.9;0.0;
04/03/2025 16:27:53;100;0;305.92;-4;-19.50;-4.67;847.0;11.00;75392;2838.263;-1802.097;1;316;-150;-151.6;44.3;44.6;13;13.5;24.9;0.0;
04/03/2025 16:28:13;100;0;305.99;-4;-19.50;-4.74;849.3;11.00;75385;2838.266;-1802.100;1;316;-150;-153.2;44.3;44.6;13;13.5;24.9;0.0;
04/03/2025 16:28:34;100;0;305.30;-4;-19.54;-4.65;851.7;11.00;75366;2838.268;-1802.104;1;316;-150;-153.2;44.3;44.6;13;13.5;24.9;0.0;
04/03/2025 16:28:54;100;0;306.04;-4;-19.59;-4.66;854.0;10.90;75373;2838.271;-1802.107;1;316;-150;-153.2;44.3;44.6;13;13.5;24.9;0.0;
04/03/2025 16:29:14;100;0;300.16;-4;-19.64;-4.64;856.5;10.90;75356;2838.273;-1802.111;1;316;-150;-153.2;44.3;44.6;7;7.2;24.9;0.0;
04/03/2025 16:29:34;100;0;297.47;-4;-19.45;-8.14;859.3;10.90;75370;2838.275;-1802.116;1;316;-150;-153.2;44.3;44.6;3;3.2;24.9;0.0;
04/03/2025 16:29:54;100;0;299.56;-4;-18.97;-10.05;862.0;10.90;75355;2838.278;-1802.120;1;316;-150;-151.6;44.7;44.5;6;5.9;24.9;0.0;
04/03/2025 16:30:14;100;0;300.40;-4;-19.46;-8.40;864.5;10.90;75358;2838.280;-1802.124;1;316;-150;-153.2;44.7;44.6;6;5.9;24.9;0.0;
04/03/2025 16:30:34;100;0;300.84;-4;-19.28;-8.48;867.4;10.80;75353;2838.283;-1802.128;1;316;-150;-151.6;44.7;44.6;8;8.1;24.9;0.0;
04/03/2025 16:30:54;100;0;302.51;-4;-18.81;-6.85;870.2;10.80;75354;2838.286;-1802.132;1;316;-150;-153.2;45.0;45.1;10;9.9;24.9;0.0;
04/03/2025 16:31:14;100;0;304.44;-4;-20.92;-6.77;873.2;10.80;75342;2838.289;-1802.137;1;316;-150;-153.2;45.0;45.2;12;12.2;24.9;0.0;
04/03/2025 16:31:34;100;0;305.61;-4;-21.71;-5.03;876.5;10.80;75353;2838.292;-1802.141;1;316;-150;-154.8;45.0;45.2;12;12.6;24.9;0.0;
04/03/2025 16:31:54;100;0;306.16;-4;-21.78;-5.08;880.5;10.80;75339;2838.295;-1802.146;1;316;-150;-153.2;45.0;45.4;12;12.6;24.9;0.0;
04/03/2025 16:32:14;100;0;306.00;-4;-21.28;-4.99;884.6;10.80;75346;2838.299;-1802.151;1;316;-150;-153.2;45.0;45.4;12;12.6;24.9;0.0;
04/03/2025 16:32:34;100;0;308.51;-4;-20.63;-4.93;888.4;10.70;75340;2838.302;-1802.156;1;316;-150;-153.2;45.0;45.2;14;14.0;24.9;0.0;
04/03/2025 16:32:54;100;0;309.54;-4;-21.35;-4.08;892.4;10.70;75349;2838.306;-1802.161;1;316;-150;-151.6;45.0;45.4;14;14.4;24.9;0.0;
04/03/2025 16:33:14;100;0;308.41;-4;-20.30;-3.91;896.4;10.70;75344;2838.310;-1802.167;1;316;-150;-153.2;45.0;45.4;14;14.4;24.9;0.0;
04/03/2025 16:33:34;100;0;306.79;-4;-21.20;-4.52;899.8;10.70;75340;2838.313;-1802.171;1;316;-150;-153.2;45.0;45.2;14;14.4;24.9;0.0;
04/03/2025 16:33:54;100;0;305.98;-4;-20.89;-4.16;903.1;10.70;75340;2838.317;-1802.176;1;316;-150;-153.2;45.0;45.4;14;14.4;24.9;0.0;
04/03/2025 16:34:14;100;0;306.07;-4;-20.96;-4.18;906.2;10.60;75334;2838.320;-1802.180;1;316;-150;-151.6;45.0;45.2;14;14.4;24.9;0.0;
04/03/2025 16:34:34;100;0;307.16;-4;-21.42;-4.12;909.4;10.60;75318;2838.323;-1802.184;1;316;-150;-153.2;45.0;45.4;14;14.4;24.9;0.0;
04/03/2025 16:34:54;100;0;308.26;-4;-20.53;-4.20;912.4;10.60;75322;2838.326;-1802.188;1;316;-150;-153.2;45.0;45.2;14;14.4;24.9;0.0;
04/03/2025 16:35:14;100;0;305.99;-4;-20.93;-4.19;915.2;10.60;75320;2838.329;-1802.192;1;316;-150;-153.2;45.0;45.4;14;14.4;24.9;0.0;
04/03/2025 16:35:34;100;0;306.11;-4;-21.31;-4.11;917.9;10.60;75315;2838.331;-1802.196;1;316;-150;-151.6;45.0;45.2;14;14.4;24.9;0.0;
04/03/2025 16:35:54;100;0;303.99;-4;-20.06;-4.03;920.5;10.50;75313;2838.334;-1802.200;1;316;-150;-153.2;45.0;45.4;11;10.8;24.9;0.0;
04/03/2025 16:36:14;100;0;303.41;-4;-21.00;-6.23;922.9;10.50;75308;2838.336;-1802.203;1;316;-150;-153.2;45.0;45.2;11;10.4;24.9;0.0;
04/03/2025 16:36:34;100;0;309.97;-4;-21.82;-5.95;925.5;10.50;75291;2838.339;-1802.207;1;316;-150;-153.2;45.0;45.2;15;14.9;24.9;0.0;
04/03/2025 16:36:54;100;0;311.62;-4;-22.64;-4.13;928.0;10.50;75292;2838.341;-1802.210;1;316;-150;-153.2;44.2;44.2;15;14.9;24.9;0.0;
04/03/2025 16:37:14;100;0;303.12;-4;-17.10;-4.44;931.0;10.50;75296;2838.344;-1802.214;1;316;-150;-153.2;45.1;45.2;10;9.9;24.9;0.0;
04/03/2025 16:37:34;100;0;305.80;-4;-20.32;-6.56;933.3;10.50;75284;2838.347;-1802.218;1;316;-150;-154.8;45.1;45.4;12;12.2;24.9;0.0;
04/03/2025 16:37:54;100;0;306.33;-4;-20.38;-5.41;935.7;10.40;75291;2838.350;-1802.221;1;316;-150;-153.2;45.1;45.2;12;12.2;24.9;0.0;
04/03/2025 16:38:14;100;0;309.09;-4;-20.84;-5.38;938.0;10.40;75281;2838.352;-1802.225;1;316;-150;-151.6;45.1;45.4;14;14.0;24.9;0.0;
04/03/2025 16:38:34;100;0;311.85;-4;-22.56;-4.22;940.6;10.40;75284;2838.355;-1802.228;1;316;-150;-153.2;44.3;44.3;14;14.4;24.9;0.0;
04/03/2025 16:38:54;100;0;313.51;-4;-20.50;-4.19;943.6;10.40;75283;2838.358;-1802.232;1;316;-150;-153.2;44.3;44.2;14;14.4;24.9;0.0;
04/03/2025 16:39:14;100;0;312.98;-4;-19.17;-4.57;946.4;10.40;75270;2838.361;-1802.236;1;316;-150;-153.2;44.3;44.2;14;14.4;24.9;0.0;
04/03/2025 16:39:34;100;0;309.97;-4;-18.53;-3.84;949.3;10.40;75276;2838.365;-1802.239;1;316;-150;-154.8;44.8;44.8;14;14.4;24.9;0.0;
04/03/2025 16:39:54;100;0;310.62;-4;-18.71;-4.22;952.0;10.30;75274;2838.368;-1802.243;1;316;-150;-153.2;45.2;45.4;14;14.4;24.9;0.0;
04/03/2025 16:40:14;100;0;313.03;-4;-19.70;-4.12;954.6;10.30;75270;2838.371;-1802.247;1;316;-150;-151.6;45.2;45.4;14;14.4;24.9;0.0;
04/03/2025 16:40:34;100;0;314.89;-4;-21.13;-4.44;957.2;10.30;75268;2838.374;-1802.250;1;316;-150;-151.6;45.2;45.4;14;14.4;24.9;0.0;
04/03/2025 16:40:54;100;0;310.93;-4;-20.29;-4.48;959.9;10.30;75261;2838.377;-1802.254;1;316;-150;-151.6;45.2;45.5;14;14.4;24.9;0.0;
04/03/2025 16:41:14;100;0;309.48;-4;-20.18;-4.58;962.3;10.30;75269;2838.379;-1802.257;1;316;-150;-154.8;45.2;45.5;14;14.4;24.9;0.0;
04/03/2025 16:41:34;100;0;308.21;-4;-22.14;-4.30;964.9;10.30;75267;2838.382;-1802.261;1;316;-150;-153.2;44.5;44.5;14;14.4;24.9;0.0;
04/03/2025 16:41:54;100;0;307.88;-4;-18.86;-4.22;967.2;10.20;75258;2838.385;-1802.264;1;316;-150;-153.2;44.9;44.9;14;14.4;24.9;0.0;
04/03/2025 16:42:14;100;0;302.14;-4;-20.55;-4.29;969.1;10.20;75257;2838.386;-1802.267;1;316;-170;-171.0;44.9;45.1;10;9.9;24.9;0.0;
04/03/2025 16:42:34;100;0;311.49;-4;-23.39;-7.53;971.7;10.20;75296;2838.389;-1802.270;1;316;-170;-172.6;43.8;43.7;14;14.0;24.9;0.0;
04/03/2025 16:42:54;100;0;304.22;-4;-19.87;-4.62;974.9;10.20;75296;2838.392;-1802.275;1;316;-170;-172.6;43.8;43.7;11;10.8;24.9;0.0;
04/03/2025 16:43:14;100;0;304.22;-4;-17.26;-6.14;977.9;10.20;75302;2838.395;-1802.279;1;316;-170;-174.2;44.7;44.6;11;10.4;24.9;0.0;
04/03/2025 16:43:34;100;0;304.50;-4;-18.71;-6.49;980.4;10.20;75302;2838.398;-1802.283;1;316;-170;-172.6;45.0;45.2;11;10.4;24.9;0.0;
04/03/2025 16:43:54;100;0;305.62;-4;-20.21;-5.58;983.1;10.10;75280;2838.401;-1802.287;1;316;-170;-174.2;45.0;45.4;11;10.4;24.9;0.0;
04/03/2025 16:44:14;100;0;302.56;-4;-21.02;-5.93;986.1;10.10;75291;2838.403;-1802.292;1;316;-170;-172.6;45.0;45.2;9;9.0;24.9;0.0;
04/03/2025 16:44:34;100;0;307.63;-4;-16.13;-6.60;988.8;10.10;75290;2838.407;-1802.296;1;316;-170;-171.0;46.2;46.2;13;13.1;24.9;0.0;
04/03/2025 16:44:54;100;0;310.98;-4;-21.44;-5.20;991.0;10.10;75280;2838.409;-1802.299;1;316;-170;-172.6;46.2;46.4;13;13.1;24.9;0.0;
04/03/2025 16:45:14;100;0;312.52;-4;-25.13;-4.92;993.7;10.10;75280;2838.412;-1802.302;1;316;-170;-172.6;44.7;44.6;13;13.5;24.9;0.0;
04/03/2025 16:45:34;100;0;310.89;-4;-19.18;-4.88;996.3;10.10;75283;2838.415;-1802.306;1;316;-170;-174.2;44.7;44.5;13;13.5;24.9;0.0;
04/03/2025 16:45:53;118;0;310.54;-4;-21.85;-5.45;997.9;10.10;75275;2838.417;-1802.308;1;316;450;-171.0;21.1;21.1;7;6.8;24.9;0.0;
04/03/2025 16:46:03;118;0;49.86;-4;-6.23;-7.70;998.7;10.00;75258;2838.418;-1802.307;1;316;450;-45.2;21.1;20.6;7;6.8;23.3;-1.0;
04/03/2025 16:46:13;118;0;43.38;-4;16.67;-8.82;998.1;10.10;75004;2838.419;-1802.307;1;316;450;80.6;21.1;20.5;7;6.8;23.4;-1.0;
04/03/2025 16:46:23;118;0;37.26;-4;28.95;-9.17;996.7;10.00;74741;2838.420;-1802.306;1;316;450;203.2;21.1;21.1;7;6.8;23.2;-1.0;
04/03/2025 16:46:33;118;0;37.10;-4;28.90;-8.89;995.0;10.00;74488;2838.422;-1802.305;1;316;450;327.4;21.1;21.1;7;6.8;23.1;-1.0;
04/03/2025 16:46:43;118;0;36.28;-4;29.07;-8.24;993.1;10.10;74245;2838.424;-1802.305;1;316;450;438.7;21.1;21.1;7;6.8;23.4;-1.0;
04/03/2025 16:46:53;118;0;36.46;-4;27.70;-7.15;990.7;10.10;74009;2838.426;-1802.303;1;316;450;451.6;21.1;21.1;7;6.8;23.3;-1.0;
04/03/2025 16:47:03;118;0;307.92;-4;23.98;-7.46;988.0;10.10;73997;2838.428;-1802.306;1;316;450;451.6;21.1;21.1;7;6.8;24.8;-1.0;
04/03/2025 16:47:23;117;0;303.98;-4;21.09;-7.44;983.8;10.20;73994;2838.432;-1802.312;1;316;450;451.6;21.1;21.1;7;6.8;24.9;-1.0;
04/03/2025 16:47:43;117;0;294.90;-4;22.90;-7.51;978.7;10.20;73992;2838.435;-1802.319;1;316;450;451.6;21.9;22.1;46;46.0;24.9;-1.0;
04/03/2025 16:48:03;117;0;300.44;-4;21.17;11.48;974.1;10.30;73989;2838.438;-1802.325;1;316;450;450.0;21.9;22.1;37;37.0;24.9;-1.0;
04/03/2025 16:48:23;117;0;307.63;-4;21.09;7.43;970.2;10.30;73988;2838.442;-1802.330;1;316;450;451.6;21.9;22.1;30;29.8;24.9;-1.0;
04/03/2025 16:48:43;117;0;309.67;-4;23.25;3.85;966.4;10.30;73986;2838.446;-1802.335;1;316;450;451.6;22.9;23.0;30;29.8;24.9;-1.0;
04/03/2025 16:49:03;117;0;314.39;-4;19.89;4.46;962.5;10.30;73983;2838.450;-1802.339;1;316;450;451.6;22.9;23.1;30;29.8;24.9;-1.0;
04/03/2025 16:49:23;117;0;313.04;-4;18.59;3.99;959.6;10.30;73970;2838.453;-1802.343;1;316;450;451.6;22.5;22.5;30;29.8;24.9;-1.0;
04/03/2025 16:49:43;117;0;315.49;-4;20.80;3.71;956.1;10.30;73975;2838.457;-1802.347;1;316;450;453.2;22.5;22.1;30;29.3;24.9;-1.0;
04/03/2025 16:50:03;117;0;319.61;-4;22.29;3.33;952.2;10.30;73981;2838.461;-1802.352;1;316;450;453.2;23.2;23.1;30;29.8;24.9;-1.0;
04/03/2025 16:50:23;117;0;320.52;-4;19.71;4.03;947.9;10.20;73971;2838.466;-1802.356;1;316;450;451.6;23.2;23.3;30;29.3;24.9;-1.0;
04/03/2025 16:50:43;117;0;323.30;-4;20.00;3.70;943.8;10.20;73960;2838.471;-1802.361;1;316;450;450.0;23.2;23.1;27;27.1;24.9;-1.0;
04/03/2025 16:51:03;117;0;322.55;-4;18.75;2.75;939.6;10.20;73972;2838.476;-1802.365;1;316;450;451.6;22.8;22.8;27;26.6;24.9;-1.0;
04/03/2025 16:51:23;117;0;322.30;-4;18.01;2.32;935.7;10.20;73957;2838.481;-1802.370;1;316;450;453.2;22.2;22.2;27;26.6;24.9;-1.0;
04/03/2025 16:51:43;117;0;321.79;-4;20.47;1.73;931.9;10.20;73960;2838.486;-1802.374;1;316;450;451.6;22.2;21.9;27;26.6;24.9;-1.0;
04/03/2025 16:52:03;117;0;322.65;-4;19.24;2.61;928.1;10.20;73950;2838.491;-1802.378;1;316;450;451.6;22.2;22.1;27;26.6;24.9;-1.0;
04/03/2025 16:52:23;117;0;320.87;-4;20.61;2.25;924.4;10.20;73954;2838.495;-1802.382;1;316;450;451.6;22.2;21.9;27;26.6;24.9;-1.0;
04/03/2025 16:52:43;117;0;320.39;-4;20.57;2.28;920.7;10.10;73947;2838.499;-1802.386;1;316;450;451.6;22.2;21.9;27;27.1;24.9;-1.0;
04/03/2025 16:53:03;117;0;320.16;-4;21.12;2.47;916.8;10.10;73945;2838.504;-1802.390;1;316;450;451.6;22.2;21.9;27;26.6;24.9;-1.0;
04/03/2025 16:53:23;117;0;320.40;-4;20.39;2.19;913.0;10.10;73937;2838.508;-1802.394;1;316;450;453.2;22.2;21.9;27;27.1;24.9;-1.0;
04/03/2025 16:53:43;117;0;320.47;-4;20.18;2.61;909.2;10.10;73928;2838.513;-1802.399;1;316;450;451.6;22.2;21.9;27;26.6;24.9;-1.0;
04/03/2025 16:54:03;117;0;318.20;-4;20.37;2.38;905.6;10.10;73929;2838.517;-1802.403;1;316;450;451.6;22.2;21.6;29;28.9;24.9;-1.0;
04/03/2025 16:54:23;117;0;319.22;-4;21.11;3.65;902.0;10.10;73935;2838.521;-1802.407;1;316;450;451.6;22.2;21.6;29;28.9;24.9;-1.0;
04/03/2025 16:54:43;117;0;321.06;-4;21.79;3.55;898.0;10.10;73935;2838.525;-1802.411;1;316;450;451.6;22.2;21.6;29;28.9;24.9;-1.0;
04/03/2025 16:55:03;117;0;322.63;-4;21.52;3.71;893.9;10.10;73938;2838.530;-1802.415;1;316;450;451.6;22.2;21.6;27;27.1;24.9;-1.0;
04/03/2025 16:55:23;117;0;323.71;-4;21.20;2.31;889.7;10.00;73940;2838.535;-1802.419;1;316;450;451.6;22.2;21.6;27;26.6;24.9;-1.0;
04/03/2025 16:55:43;117;0;325.04;-4;22.05;1.99;885.6;10.00;73935;2838.539;-1802.423;1;316;450;453.2;22.8;22.8;27;26.6;24.9;-1.0;
04/03/2025 16:56:03;117;0;324.16;-4;20.20;2.13;881.2;10.00;73945;2838.545;-1802.427;1;316;450;451.6;22.8;22.8;27;26.6;24.9;-1.0;
04/03/2025 16:56:23;117;0;324.30;-4;18.96;2.56;877.6;10.00;73920;2838.549;-1802.431;1;316;450;451.6;22.5;22.5;27;26.6;24.9;-1.0;
04/03/2025 16:56:43;117;0;325.60;-4;18.96;2.33;874.1;10.00;73923;2838.554;-1802.435;1;316;450;453.2;22.2;22.2;25;24.8;24.9;-1.0;
04/03/2025 16:57:03;117;0;327.24;-4;19.97;1.10;870.5;10.00;73918;2838.558;-1802.438;1;316;450;453.2;22.2;21.9;23;23.0;24.9;-1.0;
04/03/2025 16:57:23;117;0;325.28;-4;19.40;0.35;867.0;10.00;73921;2838.563;-1802.442;1;316;450;451.6;22.2;21.9;25;24.8;24.9;-1.0;
04/03/2025 16:57:43;117;0;324.39;-4;20.06;1.62;863.6;10.00;73924;2838.567;-1802.446;1;316;450;453.2;22.2;21.9;25;25.3;24.9;-1.0;
04/03/2025 16:58:03;117;0;322.58;-4;19.48;1.61;860.3;10.00;73927;2838.572;-1802.450;1;316;450;451.6;22.2;21.9;27;27.5;24.9;-1.0;
04/03/2025 16:58:23;117;0;323.26;-4;19.36;2.93;857.4;9.90;73914;2838.575;-1802.453;1;316;450;451.6;22.2;21.9;27;27.5;24.9;-1.0;
04/03/2025 16:58:43;117;0;326.59;-4;20.45;2.75;855.0;9.90;73910;2838.579;-1802.455;1;316;450;451.6;22.2;21.9;24;23.9;24.9;-1.0;
04/03/2025 16:59:03;117;0;326.83;-4;20.44;0.62;852.3;9.90;73909;2838.582;-1802.458;1;316;450;450.0;22.2;21.9;24;23.9;24.9;-1.0;
04/03/2025 16:59:23;117;0;326.48;-4;19.74;0.77;849.6;9.90;73910;2838.586;-1802.461;1;316;450;451.6;22.2;21.9;24;23.5;24.9;-1.0;
04/03/2025 16:59:43;117;0;326.15;-4;20.12;0.75;847.2;9.90;73905;2838.589;-1802.464;1;316;450;451.6;22.2;21.9;24;23.5;24.9;-1.0;
04/03/2025 17:00:03;117;0;326.16;-4;20.12;0.77;844.7;9.90;73905;2838.593;-1802.467;1;316;450;451.6;22.2;21.9;24;23.9;24.9;-1.0;
04/03/2025 17:00:23;117;0;326.99;-4;20.27;0.74;842.1;9.90;73894;2838.596;-1802.469;1;316;450;451.6;22.2;21.9;24;23.5;24.9;-1.0;
04/03/2025 17:00:43;117;0;327.12;-4;20.59;0.70;839.6;9.90;73910;2838.599;-1802.472;1;316;450;453.2;22.2;21.9;24;23.9;24.9;-1.0;
04/03/2025 17:01:03;117;0;325.82;-4;20.25;0.73;836.9;9.90;73905;2838.603;-1802.475;1;316;450;451.6;22.2;21.9;24;23.5;24.9;-1.0;
04/03/2025 17:01:23;117;0;324.78;-4;20.58;0.74;834.2;9.90;73889;2838.606;-1802.478;1;316;450;453.2;22.2;21.9;24;23.9;24.9;-1.0;
04/03/2025 17:01:44;117;0;323.40;-4;20.03;0.70;831.3;9.90;73905;2838.610;-1802.481;1;316;450;453.2;22.2;22.1;26;26.2;24.8;-1.0;
04/03/2025 17:02:04;117;0;322.34;-4;20.09;2.26;828.4;9.90;73908;2838.614;-1802.484;1;316;450;451.6;22.2;21.9;26;26.6;24.9;-1.0;
04/03/2025 17:02:24;117;0;321.32;-4;20.20;2.24;825.4;9.80;73892;2838.618;-1802.488;1;316;450;451.6;22.2;21.9;26;26.2;24.9;-1.0;
04/03/2025 17:02:44;117;0;319.41;-4;20.19;2.35;822.5;9.80;73901;2838.621;-1802.491;1;316;450;450.0;22.2;21.9;28;28.0;24.9;-1.0;
04/03/2025 17:03:04;117;0;318.99;-4;20.58;3.02;819.4;9.80;73895;2838.625;-1802.495;1;316;450;453.2;22.2;21.9;28;28.0;24.9;-1.0;
04/03/2025 17:03:24;117;0;318.55;-4;20.03;3.03;816.5;9.80;73901;2838.628;-1802.498;1;316;450;451.6;22.2;21.9;28;28.4;24.9;-1.0;
04/03/2025 17:03:44;117;0;317.65;-4;20.37;3.08;813.4;9.80;73901;2838.632;-1802.502;1;316;450;451.6;22.2;21.9;28;28.0;24.9;-1.0;
04/03/2025 17:04:04;117;0;316.88;-4;20.32;3.17;810.3;9.80;73889;2838.635;-1802.506;1;316;450;453.2;22.2;21.9;28;28.0;24.9;-1.0;
04/03/2025 17:04:24;117;0;315.47;-4;20.33;3.09;807.2;9.80;73903;2838.639;-1802.510;1;316;450;453.2;22.2;22.1;28;28.0;24.9;-1.0;
04/03/2025 17:04:44;117;0;315.24;-4;20.25;3.06;804.3;9.80;73899;2838.642;-1802.513;1;316;450;453.2;22.2;21.9;28;28.0;24.9;-1.0;
04/03/2025 17:05:04;117;0;315.81;-4;20.35;3.00;801.1;9.80;73906;2838.646;-1802.517;1;316;450;453.2;22.2;21.9;28;28.0;24.9;-1.0;
04/03/2025 17:05:24;117;0;315.89;-4;20.41;3.16;798.1;9.80;73903;2838.650;-1802.521;1;316;450;453.2;22.2;21.9;28;28.0;24.9;-1.0;
04/03/2025 17:05:44;117;0;316.05;-4;20.50;3.02;795.0;9.80;73901;2838.653;-1802.525;1;316;450;453.2;22.2;21.9;28;28.0;24.9;-1.0;
04/03/2025 17:06:04;117;0;316.64;-4;20.59;3.11;791.9;9.80;73909;2838.657;-1802.528;1;316;450;453.2;22.2;21.9;28;28.0;24.9;-1.0;
04/03/2025 17:06:24;117;0;316.67;-4;20.41;2.95;788.9;9.80;73904;2838.660;-1802.532;1;316;450;451.6;22.2;21.9;28;28.0;24.9;-1.0;
04/03/2025 17:06:44;117;0;316.49;-4;20.46;2.98;785.5;9.80;73909;2838.664;-1802.536;1;316;450;453.2;22.2;21.9;28;28.0;24.9;-1.0;
04/03/2025 17:07:04;117;0;316.03;-4;20.18;3.02;782.4;9.80;73915;2838.668;-1802.540;1;316;450;451.6;22.2;21.9;28;28.0;24.9;-1.0;
04/03/2025 17:07:24;117;0;315.63;-4;20.31;2.99;779.3;9.80;73920;2838.671;-1802.544;1;316;450;453.2;22.2;21.9;28;28.0;24.9;-1.0;
04/03/2025 17:07:44;117;0;314.65;-4;20.23;3.10;776.0;9.80;73927;2838.675;-1802.548;1;316;450;451.6;22.2;21.9;28;28.0;24.9;-1.0;
04/03/2025 17:08:04;117;0;313.37;-4;20.21;3.05;773.0;9.80;73909;2838.678;-1802.552;1;316;450;453.2;22.2;22.1;28;28.0;24.9;-1.0;
04/03/2025 17:08:24;117;0;312.03;-4;20.05;3.10;769.9;9.80;73906;2838.682;-1802.556;1;316;450;451.6;22.2;21.9;28;28.0;24.9;-1.0;
04/03/2025 17:08:44;117;0;311.14;-4;20.19;3.01;766.9;9.80;73915;2838.685;-1802.560;1;316;450;453.2;22.2;21.9;28;28.0;24.9;-1.0;
04/03/2025 17:09:04;117;0;309.78;-4;19.97;3.05;763.9;9.80;73919;2838.688;-1802.564;1;316;450;451.6;22.2;21.9;28;28.0;24.9;-1.0;
04/03/2025 17:09:24;117;0;309.23;-4;20.05;2.90;760.8;9.80;73915;2838.691;-1802.568;1;316;450;453.2;22.2;21.9;28;28.0;24.9;-1.0;
04/03/2025 17:09:44;117;0;308.51;-4;20.30;3.00;757.7;9.80;73912;2838.694;-1802.572;1;316;450;453.2;22.2;22.1;28;28.0;24.9;-1.0;
04/03/2025 17:10:04;117;0;308.23;-4;19.95;2.88;754.6;9.80;73916;2838.698;-1802.577;1;316;450;453.2;22.2;21.9;28;28.0;24.9;-1.0;
04/03/2025 17:10:24;117;0;307.54;-4;19.96;3.03;751.4;9.80;73925;2838.701;-1802.581;1;316;450;453.2;22.2;21.9;28;28.0;24.9;-1.0;
04/03/2025 17:10:44;117;0;309.28;-4;20.21;3.01;748.4;9.80;73918;2838.704;-1802.585;1;316;450;451.6;22.2;21.9;28;28.0;24.9;-1.0;
04/03/2025 17:11:04;117;0;310.21;-4;20.05;3.19;745.4;9.80;73919;2838.707;-1802.589;1;316;450;451.6;22.2;22.1;28;28.0;24.9;-1.0;
04/03/2025 17:11:24;117;0;311.92;-4;19.98;3.04;742.2;9.80;73923;2838.711;-1802.593;1;316;450;453.2;22.2;21.9;28;28.0;24.9;-1.0;
04/03/2025 17:11:44;117;0;314.42;-4;20.00;3.08;739.1;9.80;73935;2838.714;-1802.597;1;316;450;453.2;22.2;21.9;28;28.0;24.9;-1.0;
04/03/2025 17:12:04;117;0;316.46;-4;20.11;2.99;736.2;9.80;73932;2838.718;-1802.601;1;316;450;453.2;22.2;21.9;28;28.0;24.9;-1.0;
04/03/2025 17:12:24;117;0;317.24;-4;20.13;3.04;733.3;9.80;73945;2838.721;-1802.605;1;316;450;453.2;22.2;21.9;28;28.0;24.9;-1.0;
04/03/2025 17:12:44;117;0;317.16;-4;20.13;3.04;730.3;9.80;73955;2838.725;-1802.608;1;316;450;454.8;22.2;21.9;28;28.0;24.9;-1.0;
04/03/2025 17:13:04;117;0;317.28;-4;20.03;3.11;727.3;9.80;73958;2838.728;-1802.612;1;316;450;453.2;22.2;21.9;28;28.0;24.9;-1.0;
04/03/2025 17:13:24;117;0;317.17;-4;20.10;3.02;724.2;9.90;73957;2838.732;-1802.616;1;316;450;453.2;22.2;22.1;28;28.0;24.9;-1.0;
04/03/2025 17:13:44;117;0;316.61;-4;20.04;3.07;721.1;9.80;73958;2838.735;-1802.619;1;316;450;453.2;22.2;21.9;28;28.0;24.9;-1.0;
04/03/2025 17:14:04;117;0;316.79;-4;19.96;3.01;718.1;9.90;73962;2838.739;-1802.623;1;316;450;451.6;22.2;21.9;28;28.0;24.9;-1.0;
04/03/2025 17:14:24;117;0;317.10;-4;20.04;3.11;714.9;9.90;73962;2838.743;-1802.627;1;316;450;453.2;22.2;21.9;28;28.0;24.9;-1.0;
04/03/2025 17:14:44;117;0;316.85;-4;19.97;3.05;711.9;9.90;73967;2838.746;-1802.631;1;316;450;453.2;22.2;21.9;28;28.0;24.9;-1.0;
04/03/2025 17:15:04;117;0;316.54;-4;20.38;3.41;708.7;9.90;73975;2838.750;-1802.635;1;316;450;453.2;22.2;21.9;28;28.0;24.9;-1.0;
04/03/2025 17:15:24;117;0;316.80;-4;20.15;3.05;705.4;9.90;73971;2838.754;-1802.639;1;316;450;451.6;22.2;21.9;28;28.0;24.9;-1.0;
04/03/2025 17:15:44;117;0;316.75;-4;19.87;3.06;702.3;9.90;73971;2838.757;-1802.642;1;316;450;453.2;22.2;21.9;28;28.0;24.9;-1.0;
04/03/2025 17:16:04;117;0;317.35;-4;19.86;3.15;699.1;9.90;73979;2838.761;-1802.646;1;316;450;453.2;22.2;22.1;28;28.0;24.9;-1.0;
04/03/2025 17:16:24;117;0;317.79;-4;19.90;2.97;695.8;9.90;73986;2838.765;-1802.650;1;316;450;451.6;22.2;21.9;28;28.0;24.9;-1.0;
04/03/2025 17:16:44;117;0;317.99;-4;19.98;2.98;692.7;9.90;73986;2838.769;-1802.654;1;316;450;453.2;22.2;21.9;28;28.0;24.9;-1.0;
04/03/2025 17:17:04;117;0;318.17;-4;19.85;3.03;689.6;9.90;73991;2838.772;-1802.658;1;316;450;453.2;22.2;21.9;28;28.0;24.9;-1.0;
04/03/2025 17:17:24;117;0;318.01;-4;20.05;3.10;686.5;10.00;73991;2838.776;-1802.661;1;316;450;451.6;22.2;21.9;28;28.0;24.9;-1.0;
04/03/2025 17:17:44;117;0;318.23;-4;20.01;3.06;683.5;9.90;73996;2838.780;-1802.665;1;316;450;453.2;22.2;21.9;28;28.0;24.9;-1.0;
04/03/2025 17:18:04;117;0;318.74;-4;19.86;3.14;680.4;10.00;73990;2838.783;-1802.669;1;316;450;453.2;22.2;21.9;28;28.0;24.9;-1.0;
04/03/2025 17:18:24;117;0;319.05;-4;19.89;2.86;677.1;10.00;73995;2838.787;-1802.672;1;316;450;453.2;22.2;21.9;28;28.0;24.9;-1.0;
04/03/2025 17:18:44;117;0;319.71;-4;20.11;3.02;674.1;10.00;74002;2838.791;-1802.676;1;316;450;453.2;22.2;21.9;28;28.0;24.9;-1.0;
04/03/2025 17:19:04;117;0;320.03;-4;20.19;3.12;670.9;10.00;74000;2838.795;-1802.680;1;316;450;453.2;22.2;21.9;28;28.0;24.9;-1.0;
04/03/2025 17:19:24;117;0;319.58;-4;19.94;3.03;667.8;10.00;74005;2838.799;-1802.683;1;316;450;453.2;22.2;21.9;28;28.0;24.9;-1.0;
04/03/2025 17:19:44;117;0;319.73;-4;19.81;3.10;664.7;10.00;74007;2838.802;-1802.687;1;316;450;453.2;22.2;21.9;28;28.0;24.9;-1.0;
04/03/2025 17:20:04;117;0;318.66;-4;19.66;3.09;661.7;10.00;74001;2838.806;-1802.691;1;316;450;453.2;22.2;21.9;28;28.0;24.9;-1.0;
04/03/2025 17:20:24;117;0;318.88;-4;19.93;3.05;658.8;10.00;74001;2838.809;-1802.694;1;316;450;453.2;22.2;21.9;28;28.0;24.9;-1.0;
04/03/2025 17:20:44;117;0;318.00;-4;19.83;3.14;655.9;10.00;74014;2838.813;-1802.698;1;316;450;453.2;22.2;21.9;28;28.0;24.9;-1.0;
04/03/2025 17:21:04;117;0;318.15;-4;20.04;3.03;652.9;10.10;74012;2838.816;-1802.701;1;316;450;453.2;22.2;21.9;28;28.0;24.9;-1.0;
04/03/2025 17:21:24;117;0;317.73;-4;19.96;3.08;649.9;10.10;74018;2838.820;-1802.705;1;316;450;451.6;22.2;21.9;28;28.0;24.9;-1.0;
04/03/2025 17:21:44;117;0;316.47;-4;19.80;3.08;647.1;10.10;74009;2838.823;-1802.708;1;316;450;453.2;22.2;21.9;28;28.0;24.9;-1.0;
04/03/2025 17:22:04;117;0;317.59;-4;19.81;3.04;644.3;10.10;74014;2838.827;-1802.712;1;316;450;450.0;22.2;22.1;28;28.0;24.9;-1.0;
04/03/2025 17:22:24;117;0;319.13;-4;20.05;3.01;641.4;10.10;74019;2838.830;-1802.715;1;316;450;453.2;22.2;21.9;28;28.0;24.9;-1.0;
04/03/2025 17:22:44;117;0;318.85;-4;19.96;3.16;638.8;10.10;74016;2838.834;-1802.718;1;316;450;453.2;22.2;21.9;28;28.0;24.9;-1.0;
04/03/2025 17:23:04;117;0;318.89;-4;19.82;2.98;635.8;10.10;74021;2838.837;-1802.722;1;316;450;453.2;22.2;21.9;28;28.0;24.9;-1.0;
04/03/2025 17:23:24;117;0;319.24;-4;19.89;3.07;632.9;10.10;74019;2838.841;-1802.725;1;316;450;453.2;22.2;21.9;28;28.0;24.9;-1.0;
04/03/2025 17:23:44;117;0;320.90;-4;20.03;2.99;630.0;10.10;74037;2838.844;-1802.729;1;316;450;453.2;22.2;21.9;28;28.0;24.8;-1.0;
04/03/2025 17:24:04;117;0;321.22;-4;19.80;3.00;627.1;10.20;74043;2838.848;-1802.732;1;316;450;453.2;22.2;21.9;28;28.0;24.9;-1.0;
04/03/2025 17:24:24;117;0;321.69;-4;19.87;3.03;624.2;10.20;74046;2838.852;-1802.735;1;316;450;453.2;22.2;21.9;26;26.2;24.9;-1.0;
04/03/2025 17:24:44;117;0;321.32;-4;19.80;2.01;621.4;10.20;74055;2838.855;-1802.739;1;316;450;453.2;22.2;21.9;26;26.2;24.9;-1.0;
04/03/2025 17:25:04;117;0;320.23;-4;19.85;2.05;618.6;10.20;74058;2838.859;-1802.742;1;316;450;454.8;22.2;21.9;26;26.2;24.9;-1.0;
04/03/2025 17:25:24;117;0;319.33;-4;19.83;1.96;615.6;10.20;74068;2838.862;-1802.746;1;316;450;453.2;22.2;21.9;26;26.2;24.9;-1.0;
04/03/2025 17:25:44;117;0;317.89;-4;19.66;1.97;612.7;10.20;74072;2838.866;-1802.749;1;316;450;453.2;22.2;21.9;26;26.2;24.9;-1.0;
04/03/2025 17:26:04;117;0;316.64;-4;19.61;2.06;609.7;10.20;74077;2838.869;-1802.753;1;316;450;453.2;22.2;21.9;26;26.2;24.9;-1.0;
04/03/2025 17:26:24;117;0;315.53;-4;19.66;2.00;606.6;10.20;74071;2838.873;-1802.757;1;316;450;453.2;22.2;21.9;26;26.2;24.9;-1.0;
04/03/2025 17:26:44;117;0;314.19;-4;19.63;2.04;603.6;10.30;74087;2838.876;-1802.761;1;316;450;454.8;22.2;21.9;26;26.2;24.9;-1.0;
04/03/2025 17:27:04;117;0;313.57;-4;19.84;1.96;600.6;10.30;74077;2838.880;-1802.764;1;316;450;453.2;22.2;21.9;26;26.2;24.9;-1.0;
04/03/2025 17:27:24;117;0;314.14;-4;20.01;1.94;597.5;10.30;74086;2838.883;-1802.768;1;316;450;453.2;22.2;21.9;26;26.2;24.9;-1.0;
04/03/2025 17:27:44;117;0;314.48;-4;20.25;2.10;594.5;10.30;74100;2838.887;-1802.772;1;316;450;453.2;22.2;21.9;26;26.2;24.9;-1.0;
04/03/2025 17:28:04;117;0;315.03;-4;19.88;2.03;591.4;10.30;74092;2838.890;-1802.776;1;316;450;453.2;22.2;21.9;26;26.2;24.9;-1.0;
04/03/2025 17:28:24;117;0;314.69;-4;19.74;2.04;588.5;10.30;74091;2838.893;-1802.780;1;316;450;453.2;22.2;22.1;26;26.2;24.9;-1.0;
04/03/2025 17:28:44;117;0;313.50;-4;20.08;1.94;585.3;10.40;74095;2838.897;-1802.784;1;316;450;453.2;22.2;21.9;26;26.2;24.9;-1.0;
04/03/2025 17:29:04;117;0;313.89;-4;19.46;1.96;582.1;10.40;74100;2838.901;-1802.788;1;316;450;456.5;22.2;21.9;26;26.2;24.9;-1.0;
04/03/2025 17:29:24;117;0;313.56;-4;19.67;2.09;579.2;10.40;74108;2838.904;-1802.792;1;316;450;453.2;22.2;21.9;26;26.2;24.9;-1.0;
04/03/2025 17:29:44;117;0;312.89;-4;19.88;1.94;576.2;10.40;74095;2838.907;-1802.796;1;316;450;454.8;22.2;21.9;26;26.2;24.9;-1.0;
04/03/2025 17:30:04;117;0;310.78;-4;19.58;2.11;573.1;10.40;74103;2838.911;-1802.800;1;316;450;453.2;22.2;21.9;28;28.0;24.9;-1.0;
04/03/2025 17:30:24;117;0;310.23;-4;19.70;3.17;569.8;10.40;74102;2838.914;-1802.804;1;316;450;451.6;22.2;21.9;28;28.4;24.9;-1.0;
04/03/2025 17:30:44;117;0;309.77;-4;19.70;2.98;567.0;10.40;74110;2838.917;-1802.808;1;316;450;453.2;22.2;22.1;28;28.0;24.9;-1.0;
04/03/2025 17:31:04;117;0;310.14;-4;19.89;3.09;563.8;10.50;74106;2838.920;-1802.812;1;316;450;454.8;22.2;22.1;28;28.4;24.9;-1.0;
04/03/2025 17:31:24;117;0;311.33;-4;19.87;3.05;560.6;10.50;74106;2838.924;-1802.816;1;316;450;453.2;22.2;21.9;28;28.0;24.9;-1.0;
04/03/2025 17:31:44;117;0;312.14;-4;19.72;3.06;557.5;10.50;74113;2838.927;-1802.821;1;316;450;453.2;22.2;21.9;28;28.0;24.9;-1.0;
04/03/2025 17:32:04;117;0;312.34;-4;19.56;3.13;554.3;10.50;74113;2838.931;-1802.825;1;316;450;453.2;22.2;21.9;28;28.0;24.9;-1.0;
04/03/2025 17:32:24;117;0;310.94;-4;19.60;3.15;551.3;10.50;74123;2838.934;-1802.829;1;316;450;453.2;22.2;21.9;28;28.0;24.9;-1.0;
04/03/2025 17:32:44;117;0;309.80;-4;19.55;3.11;548.2;10.50;74130;2838.937;-1802.833;1;316;450;453.2;22.2;21.9;28;28.4;24.9;-1.0;
04/03/2025 17:33:04;117;0;309.43;-4;19.45;3.07;545.1;10.60;74126;2838.941;-1802.837;1;316;450;454.8;22.2;21.9;28;28.0;24.9;-1.0;
04/03/2025 17:33:24;117;0;307.85;-4;19.57;3.14;542.1;10.60;74145;2838.944;-1802.841;1;316;450;453.2;22.2;22.1;28;28.0;24.9;-1.0;
04/03/2025 17:33:44;117;0;307.36;-4;19.39;3.08;538.8;10.60;74139;2838.947;-1802.846;1;316;450;453.2;22.2;21.9;28;28.0;24.9;-1.0;
04/03/2025 17:34:04;117;0;306.49;-4;19.54;3.24;535.7;10.60;74141;2838.950;-1802.850;1;316;450;454.8;22.2;21.9;30;29.8;24.9;-1.0;
04/03/2025 17:34:24;117;0;306.44;-4;19.92;4.05;532.4;10.60;74151;2838.953;-1802.855;1;316;450;453.2;22.2;21.9;30;30.2;24.9;-1.0;
04/03/2025 17:34:44;117;0;307.13;-4;19.79;4.16;529.2;10.60;74145;2838.957;-1802.859;1;316;450;453.2;22.2;21.9;30;30.2;24.9;-1.0;
04/03/2025 17:35:04;117;0;308.02;-4;19.91;4.17;526.0;10.60;74144;2838.960;-1802.864;1;316;450;453.2;22.2;22.1;30;30.2;24.9;-1.0;
04/03/2025 17:35:24;117;0;308.03;-4;19.72;3.97;522.5;10.70;74141;2838.963;-1802.868;1;316;450;453.2;22.2;21.9;30;30.2;24.9;-1.0;
04/03/2025 17:35:45;117;0;308.19;-4;19.46;4.10;519.3;10.70;74144;2838.967;-1802.873;1;316;450;454.8;22.2;21.9;30;30.2;24.9;-1.0;
04/03/2025 17:36:05;117;0;309.81;-4;19.29;4.03;515.8;10.70;74144;2838.970;-1802.878;1;316;450;453.2;22.2;22.1;28;28.0;24.9;-1.0;
04/03/2025 17:36:25;117;0;309.02;-4;19.60;2.68;512.6;10.70;74146;2838.974;-1802.882;1;316;450;454.8;22.2;21.9;28;27.5;24.9;-1.0;
04/03/2025 17:36:45;117;0;308.86;-4;19.49;2.82;509.1;10.70;74145;2838.977;-1802.887;1;316;450;453.2;22.2;21.9;28;27.5;24.9;-1.0;
04/03/2025 17:37:05;117;0;308.42;-4;19.54;2.84;505.5;10.70;74155;2838.981;-1802.892;1;316;450;454.8;22.2;21.9;28;27.5;24.9;-1.0;
04/03/2025 17:37:25;117;0;307.54;-4;19.37;2.88;502.0;10.70;74144;2838.985;-1802.897;1;316;450;454.8;22.2;21.9;28;27.5;24.9;-1.0;
04/03/2025 17:37:45;117;0;304.33;-4;19.09;2.91;498.5;10.80;74152;2838.988;-1802.902;1;316;450;453.2;22.2;21.9;32;32.0;24.9;-1.0;
04/03/2025 17:38:05;117;0;304.49;-4;19.30;5.25;495.2;10.80;74154;2838.991;-1802.906;1;316;450;453.2;22.2;21.9;32;32.0;24.9;-1.0;
04/03/2025 17:38:25;117;0;305.37;-4;19.46;5.23;491.5;10.80;74169;2838.995;-1802.912;1;316;450;454.8;22.2;21.9;32;32.0;24.9;-1.0;
04/03/2025 17:38:45;117;0;307.79;-4;19.44;5.11;488.0;10.80;74169;2838.998;-1802.917;1;316;450;454.8;22.2;22.1;29;28.9;24.9;-1.0;
04/03/2025 17:39:05;117;0;308.31;-4;19.44;3.35;484.6;10.80;74173;2839.002;-1802.921;1;316;450;453.2;22.2;21.9;29;28.4;24.9;-1.0;
04/03/2025 17:39:25;117;0;309.14;-4;19.49;3.38;481.2;10.80;74173;2839.005;-1802.926;1;316;450;454.8;22.2;21.9;29;28.9;24.9;-1.0;
04/03/2025 17:39:45;117;0;309.68;-4;19.47;3.36;477.8;10.80;74173;2839.009;-1802.931;1;316;450;453.2;22.2;21.9;29;28.9;24.9;-1.0;
04/03/2025 17:40:05;117;0;310.05;-4;19.40;3.36;474.6;10.90;74182;2839.012;-1802.935;1;316;450;453.2;22.2;21.9;29;28.9;24.9;-1.0;
04/03/2025 17:40:25;117;0;310.54;-4;19.39;3.26;471.2;10.90;74173;2839.016;-1802.940;1;316;450;454.8;22.2;21.9;29;28.9;24.9;-1.0;
04/03/2025 17:40:45;117;0;311.45;-4;19.56;3.36;467.9;10.90;74177;2839.020;-1802.944;1;316;450;454.8;22.2;22.1;29;28.9;24.9;-1.0;
04/03/2025 17:41:05;117;0;312.14;-4;19.35;3.36;464.8;10.90;74180;2839.023;-1802.948;1;316;450;453.2;22.2;21.9;29;28.9;24.9;-1.0;
04/03/2025 17:41:25;117;0;312.89;-4;19.43;3.33;461.6;10.90;74183;2839.027;-1802.952;1;316;450;453.2;22.2;21.9;29;28.4;24.9;-1.0;
04/03/2025 17:41:45;117;0;314.34;-4;19.45;3.29;458.5;10.90;74187;2839.030;-1802.956;1;316;450;454.8;22.2;22.1;29;28.9;24.9;-1.0;
04/03/2025 17:42:05;117;0;313.21;-4;19.35;3.37;455.4;10.90;74191;2839.034;-1802.961;1;316;450;454.8;22.2;21.9;29;28.4;24.9;-1.0;
04/03/2025 17:42:25;117;0;313.13;-4;19.29;3.34;452.1;11.00;74199;2839.038;-1802.965;1;316;450;453.2;22.2;21.9;29;28.9;24.9;-1.0;
04/03/2025 17:42:45;117;0;313.57;-4;19.14;3.22;449.1;11.00;74205;2839.041;-1802.969;1;316;450;454.8;22.2;21.9;29;28.9;24.9;-1.0;
04/03/2025 17:43:05;117;0;316.21;-4;19.36;3.14;445.9;11.00;74216;2839.045;-1802.973;1;316;450;454.8;22.2;21.9;29;28.9;24.9;-1.0;
04/03/2025 17:43:25;117;0;317.07;-4;19.45;3.28;442.8;11.00;74225;2839.049;-1802.977;1;316;450;454.8;22.2;21.9;29;28.9;24.9;-1.0;
04/03/2025 17:43:45;117;0;318.37;-4;19.20;3.27;439.7;11.00;74221;2839.052;-1802.981;1;316;450;454.8;22.2;22.1;29;28.9;24.9;-1.0;
04/03/2025 17:44:05;117;0;320.67;-4;19.60;3.38;436.7;11.00;74221;2839.056;-1802.984;1;316;450;454.8;22.2;21.9;29;28.9;24.9;-1.0;
04/03/2025 17:44:25;117;0;324.82;-4;19.58;3.20;433.5;11.10;74233;2839.060;-1802.987;1;316;450;454.8;22.2;22.1;25;24.8;24.8;-1.0;
04/03/2025 17:44:45;117;0;325.52;-4;19.61;1.21;430.6;11.10;74222;2839.064;-1802.991;1;316;450;454.8;22.2;21.9;25;24.8;24.9;-1.0;
04/03/2025 17:45:05;117;0;324.08;-4;19.13;1.32;427.6;11.10;74227;2839.068;-1802.994;1;316;450;454.8;22.2;21.9;25;24.8;24.9;-1.0;
04/03/2025 17:45:25;117;0;322.43;-4;18.94;1.33;424.7;11.10;74237;2839.072;-1802.997;1;316;450;454.8;21.9;21.9;27;27.1;24.9;-1.0;
04/03/2025 17:45:45;117;0;321.88;-4;19.11;2.68;421.6;11.10;74233;2839.076;-1803.001;1;316;450;451.6;21.9;21.9;27;27.5;24.9;-1.0;
04/03/2025 17:46:05;117;0;321.72;-4;19.21;2.66;418.8;11.10;74240;2839.079;-1803.004;1;316;450;453.2;21.9;22.1;27;27.5;24.9;-1.0;
04/03/2025 17:46:25;117;0;322.14;-4;19.18;2.58;415.8;11.20;74245;2839.083;-1803.008;1;316;450;456.5;21.9;21.9;27;27.5;24.9;-1.0;
04/03/2025 17:46:45;117;0;321.31;-4;19.35;2.67;412.7;11.20;74255;2839.087;-1803.011;1;316;450;454.8;21.9;21.9;27;27.5;24.9;-1.0;
04/03/2025 17:47:05;117;0;321.11;-4;19.18;2.72;409.7;11.20;74248;2839.091;-1803.015;1;316;450;454.8;21.9;21.9;27;27.1;24.9;-1.0;
04/03/2025 17:47:25;117;0;321.24;-4;19.14;2.61;406.8;11.20;74258;2839.095;-1803.018;1;316;450;453.2;21.9;21.9;27;27.1;24.9;-1.0;
04/03/2025 17:47:45;117;0;320.64;-4;19.02;2.63;403.8;11.20;74260;2839.098;-1803.022;1;316;450;454.8;21.9;22.1;27;27.5;24.9;-1.0;
04/03/2025 17:48:05;117;0;320.48;-4;19.06;2.72;400.8;11.20;74262;2839.102;-1803.025;1;316;450;454.8;21.9;21.9;27;27.1;24.8;-1.0;
04/03/2025 17:48:25;117;0;319.73;-4;19.10;2.77;397.7;11.30;74271;2839.106;-1803.029;1;316;450;454.8;21.9;22.1;27;27.1;24.9;-1.0;
04/03/2025 17:48:45;117;0;318.08;-4;19.07;2.79;394.9;11.30;74280;2839.110;-1803.033;1;316;450;454.8;21.9;22.1;27;27.1;24.9;-1.0;
04/03/2025 17:49:05;117;0;317.08;-4;18.95;2.70;391.8;11.30;74281;2839.113;-1803.037;1;316;450;453.2;21.6;21.5;27;27.1;24.9;-1.0;
04/03/2025 17:49:25;117;0;317.03;-4;20.62;2.78;388.5;11.30;74291;2839.117;-1803.040;1;316;450;454.8;21.6;21.1;27;27.5;24.9;-1.0;
04/03/2025 17:49:45;117;0;316.27;-4;20.82;2.66;385.0;11.30;74290;2839.121;-1803.045;1;316;450;454.8;21.6;21.1;27;27.1;24.9;-1.0;
04/03/2025 17:50:05;117;0;316.83;-4;20.93;2.65;381.5;11.40;74300;2839.125;-1803.049;1;316;450;454.8;21.6;21.1;27;27.1;24.9;-1.0;
04/03/2025 17:50:25;117;0;317.92;-4;20.98;2.66;378.0;11.40;74302;2839.129;-1803.053;1;316;450;453.2;21.6;21.1;27;27.1;24.9;-1.0;
04/03/2025 17:50:45;117;0;317.45;-4;21.02;2.66;374.6;11.40;74312;2839.133;-1803.057;1;316;450;454.8;21.6;21.1;27;27.5;24.9;-1.0;
04/03/2025 17:51:05;117;0;316.25;-4;21.02;2.59;371.0;11.40;74316;2839.136;-1803.061;1;316;450;454.8;21.6;21.1;27;27.5;24.9;-1.0;
04/03/2025 17:51:25;117;0;316.75;-4;21.09;2.57;367.8;11.50;74317;2839.140;-1803.065;1;316;450;454.8;21.6;21.1;27;27.1;24.9;-1.0;
04/03/2025 17:51:45;117;0;316.60;-4;21.05;2.71;364.4;11.50;74313;2839.144;-1803.069;1;316;450;454.8;21.6;21.1;27;27.5;24.9;-1.0;
04/03/2025 17:52:05;117;0;316.06;-4;21.10;2.63;361.2;11.50;74324;2839.147;-1803.072;1;316;450;454.8;21.6;21.1;27;27.1;24.9;-1.0;
04/03/2025 17:52:25;117;0;316.16;-4;21.08;2.64;357.5;11.50;74326;2839.151;-1803.077;1;316;450;453.2;21.6;21.1;27;27.1;24.9;-1.0;
04/03/2025 17:52:45;117;0;315.90;-4;21.11;2.61;354.1;11.50;74346;2839.155;-1803.081;1;316;450;454.8;21.6;21.1;27;27.5;24.9;-1.0;
04/03/2025 17:53:05;117;0;315.52;-4;21.11;2.61;350.7;11.60;74348;2839.159;-1803.085;1;316;450;454.8;21.6;21.1;27;27.1;24.9;-1.0;
04/03/2025 17:53:25;117;0;315.11;-4;20.99;2.64;347.4;11.60;74344;2839.163;-1803.089;1;316;450;456.5;21.6;21.1;27;27.1;24.9;-1.0;
04/03/2025 17:53:45;117;0;313.72;-4;20.96;2.67;344.0;11.60;74343;2839.166;-1803.093;1;316;450;453.2;21.6;21.1;27;27.5;24.9;-1.0;
04/03/2025 17:54:05;117;0;312.53;-4;21.15;2.63;340.8;11.60;74347;2839.170;-1803.097;1;316;450;454.8;21.6;21.1;27;27.5;24.9;-1.0;
04/03/2025 17:54:25;117;0;310.25;-4;21.10;2.90;337.2;11.60;74352;2839.173;-1803.101;1;316;450;454.8;21.6;21.1;27;27.5;24.9;-1.0;
04/03/2025 17:54:45;117;0;309.31;-4;21.17;2.65;333.7;11.70;74357;2839.177;-1803.106;1;316;450;454.8;21.6;20.9;27;27.5;24.9;-1.0;
04/03/2025 17:55:05;117;0;308.32;-4;20.82;2.62;330.2;11.70;74364;2839.180;-1803.110;1;316;450;453.2;21.6;21.1;29;28.9;24.9;-1.0;
04/03/2025 17:55:25;117;0;307.30;-4;21.13;3.69;326.8;11.70;74364;2839.183;-1803.115;1;316;450;454.8;21.6;21.1;29;29.3;24.9;-1.0;
04/03/2025 17:55:45;117;0;307.18;-4;21.21;3.82;323.3;11.70;74369;2839.187;-1803.120;1;316;450;454.8;21.6;21.1;29;29.3;24.9;-1.0;
04/03/2025 17:56:05;117;0;306.66;-4;21.24;3.69;319.8;11.70;74372;2839.190;-1803.124;1;316;450;453.2;21.6;21.1;29;29.3;24.8;-1.0;
04/03/2025 17:56:25;117;0;306.27;-4;21.26;3.73;316.2;11.80;74368;2839.193;-1803.129;1;316;450;454.8;21.6;21.1;29;29.3;24.9;-1.0;
04/03/2025 17:56:45;117;0;307.81;-4;21.25;3.74;312.7;11.80;74380;2839.197;-1803.134;1;316;450;454.8;21.6;21.1;29;29.3;24.9;-1.0;
04/03/2025 17:57:05;117;0;309.42;-4;21.28;3.77;309.3;11.80;74382;2839.200;-1803.138;1;316;450;454.8;21.6;21.1;29;29.3;24.9;-1.0;
04/03/2025 17:57:25;117;0;310.97;-4;21.11;3.72;305.7;11.80;74387;2839.204;-1803.143;1;316;450;454.8;21.6;20.9;29;29.3;24.9;-1.0;
04/03/2025 17:57:45;117;0;311.82;-4;21.26;3.74;302.3;11.90;74393;2839.207;-1803.147;1;316;450;453.2;21.6;21.1;29;29.3;24.9;-1.0;
04/03/2025 17:58:05;117;0;312.29;-4;21.32;3.73;298.8;11.90;74399;2839.211;-1803.151;1;316;450;454.8;21.6;21.1;29;29.3;24.9;-1.0;
04/03/2025 17:58:25;117;0;312.49;-4;21.25;3.79;295.5;11.90;74400;2839.214;-1803.155;1;316;450;453.2;21.6;21.1;29;29.3;24.9;-1.0;
04/03/2025 17:58:45;117;0;312.59;-4;21.25;3.81;291.9;11.90;74410;2839.218;-1803.160;1;316;450;454.8;21.6;21.1;29;29.3;24.9;-1.0;
04/03/2025 17:59:05;117;0;311.69;-4;21.06;3.79;288.7;11.90;74412;2839.221;-1803.164;1;316;450;454.8;21.6;21.1;29;29.3;24.9;-1.0;
04/03/2025 17:59:25;117;0;310.87;-4;21.01;3.84;285.1;12.00;74421;2839.225;-1803.168;1;316;450;456.5;21.6;21.1;29;29.3;24.9;-1.0;
04/03/2025 17:59:45;117;0;310.55;-4;21.02;3.80;281.8;12.00;74422;2839.229;-1803.173;1;316;450;454.8;21.6;21.1;29;29.3;24.9;-1.0;
04/03/2025 18:00:05;117;0;309.56;-4;21.12;3.77;278.5;12.00;74435;2839.232;-1803.177;1;316;450;454.8;21.6;21.1;29;29.3;24.9;-1.0;
04/03/2025 18:00:25;117;0;308.59;-4;21.07;3.74;275.1;12.00;74434;2839.235;-1803.181;1;316;450;456.5;21.6;21.1;29;29.3;24.9;-1.0;
04/03/2025 18:00:45;117;0;307.14;-4;21.13;3.83;271.6;12.00;74444;2839.238;-1803.186;1;316;450;454.8;21.6;21.1;29;29.3;24.9;-1.0;
04/03/2025 18:01:05;117;0;305.91;-4;20.94;3.81;268.2;12.10;74446;2839.242;-1803.190;1;316;450;454.8;21.6;21.1;31;31.1;24.9;-1.0;
04/03/2025 18:01:25;117;0;307.23;-4;21.15;4.86;265.0;12.10;74465;2839.245;-1803.195;1;316;450;454.8;21.6;21.1;31;31.6;24.9;-1.0;
04/03/2025 18:01:45;117;0;309.46;-4;21.18;4.79;261.6;12.10;74466;2839.248;-1803.199;1;316;450;454.8;21.6;20.9;29;28.4;24.9;-1.0;
04/03/2025 18:02:05;117;0;310.33;-4;21.01;3.12;258.3;12.10;74477;2839.252;-1803.203;1;316;450;453.2;21.6;20.9;29;28.4;24.9;-1.0;
04/03/2025 18:02:25;117;0;309.20;-4;20.98;3.13;255.1;12.20;74484;2839.255;-1803.207;1;316;450;454.8;21.6;21.1;29;28.4;24.9;-1.0;
04/03/2025 18:02:45;117;0;308.10;-4;20.87;3.11;251.8;12.20;74494;2839.258;-1803.212;1;316;450;453.2;21.6;21.1;29;28.0;24.9;-1.0;
04/03/2025 18:03:05;117;0;306.34;-4;20.83;3.07;248.3;12.20;74508;2839.261;-1803.216;1;316;450;454.8;21.6;20.9;31;31.6;24.9;-1.0;
04/03/2025 18:03:25;117;0;305.74;-4;21.07;5.11;245.3;12.30;74507;2839.264;-1803.221;1;316;450;456.5;21.6;21.1;31;31.6;24.9;-1.0;
04/03/2025 18:03:45;117;0;304.36;-4;21.07;5.10;242.1;12.30;74514;2839.267;-1803.225;1;316;450;454.8;21.6;20.9;31;32.0;24.9;-1.0;
04/03/2025 18:04:05;117;0;304.74;-4;21.09;5.10;238.8;12.30;74525;2839.270;-1803.230;1;316;450;454.8;21.6;21.1;31;31.6;24.9;-1.0;
04/03/2025 18:04:25;117;0;303.63;-4;20.99;5.09;235.6;12.30;74544;2839.273;-1803.234;1;316;450;454.8;21.6;21.1;33;32.9;24.9;-1.0;
04/03/2025 18:04:45;117;0;306.26;-4;21.02;5.98;232.6;12.40;74551;2839.276;-1803.238;1;316;450;454.8;21.6;20.9;31;31.1;24.9;-1.0;
04/03/2025 18:05:05;117;0;309.44;-4;21.41;4.43;229.4;12.40;74552;2839.279;-1803.242;1;316;450;454.8;21.6;20.9;29;28.9;24.9;-1.0;
04/03/2025 18:05:25;117;0;309.59;-4;21.31;3.47;226.3;12.40;74559;2839.282;-1803.246;1;316;450;456.5;21.6;21.1;29;28.9;24.9;-1.0;
04/03/2025 18:05:45;117;0;310.07;-4;21.08;3.27;223.0;12.40;74583;2839.286;-1803.251;1;316;450;456.5;21.6;20.9;29;28.9;24.9;-1.0;
04/03/2025 18:06:05;117;0;309.95;-4;21.08;3.37;220.1;12.50;74582;2839.289;-1803.254;1;316;450;454.8;21.6;20.9;29;28.9;24.8;-1.0;
04/03/2025 18:06:25;117;0;310.85;-4;20.97;3.40;217.2;12.50;74585;2839.292;-1803.258;1;316;450;454.8;21.6;21.1;29;28.9;24.9;-1.0;
04/03/2025 18:06:45;117;0;311.34;-4;20.89;3.39;214.1;12.60;74591;2839.295;-1803.262;1;316;450;454.8;21.6;21.1;29;28.9;24.9;-1.0;
04/03/2025 18:07:05;117;0;312.26;-4;20.93;3.37;211.3;12.60;74598;2839.298;-1803.266;1;316;450;454.8;21.6;20.9;29;28.9;24.9;-1.0;
04/03/2025 18:07:25;117;0;312.72;-4;20.88;3.42;208.5;12.60;74600;2839.301;-1803.269;1;316;450;454.8;21.6;21.1;29;28.4;24.9;-1.0;
04/03/2025 18:07:45;117;0;314.48;-4;20.85;3.40;205.7;12.60;74617;2839.304;-1803.273;1;316;450;454.8;21.6;21.1;29;28.9;24.9;-1.0;
04/03/2025 18:08:05;117;0;314.84;-4;20.88;3.43;203.0;12.70;74621;2839.308;-1803.276;1;316;450;454.8;21.6;20.9;29;28.9;24.9;-1.0;
04/03/2025 18:08:25;117;0;314.26;-4;20.96;3.38;200.4;12.70;74633;2839.310;-1803.280;1;316;450;454.8;21.6;21.1;29;28.9;24.9;-1.0;
04/03/2025 18:08:45;117;0;313.63;-4;20.97;3.42;197.8;12.70;74645;2839.313;-1803.283;1;316;450;454.8;21.6;20.9;29;28.4;24.8;-1.0;
04/03/2025 18:09:05;117;0;314.40;-4;20.77;3.38;195.2;12.70;74643;2839.316;-1803.286;1;316;450;454.8;21.6;21.1;29;28.9;24.9;-1.0;
04/03/2025 18:09:25;117;0;314.76;-4;20.88;3.40;192.7;12.80;74659;2839.319;-1803.289;1;316;450;454.8;21.6;20.9;29;28.9;24.9;-1.0;
04/03/2025 18:09:45;117;0;313.72;-4;20.89;3.48;190.4;12.80;74669;2839.322;-1803.292;1;316;450;454.8;21.6;20.9;29;28.9;24.9;-1.0;
04/03/2025 18:10:05;117;0;311.52;-4;20.87;3.49;187.9;12.90;74682;2839.325;-1803.296;1;316;450;454.8;21.6;20.9;29;28.9;24.9;-1.0;
04/03/2025 18:10:25;117;0;309.49;-4;20.86;3.41;185.5;12.90;74692;2839.327;-1803.299;1;316;450;454.8;21.6;21.1;29;28.4;24.9;-1.0;
04/03/2025 18:10:45;117;0;307.42;-4;20.89;3.42;183.0;12.90;74699;2839.330;-1803.303;1;316;450;454.8;21.6;20.9;29;28.9;24.9;-1.0;
04/03/2025 18:11:05;117;0;305.40;-4;20.89;3.42;180.4;13.00;74720;2839.333;-1803.306;1;316;450;454.8;21.6;20.9;32;32.0;24.8;-1.0;
04/03/2025 18:11:26;117;0;308.72;-4;21.06;5.24;177.7;13.00;74730;2839.335;-1803.310;1;316;450;456.5;21.6;20.9;30;29.8;24.9;-1.0;
04/03/2025 18:11:46;117;0;310.62;-4;21.20;3.86;175.0;13.00;74734;2839.338;-1803.314;1;316;450;453.2;21.6;20.9;30;29.8;24.9;-1.0;
04/03/2025 18:12:06;117;0;310.73;-4;21.08;3.85;172.1;13.10;74746;2839.341;-1803.317;1;316;450;454.8;21.6;21.1;30;29.8;24.9;-1.0;
04/03/2025 18:12:26;117;0;307.80;-4;21.05;3.86;169.3;13.10;74755;2839.344;-1803.321;1;316;450;454.8;21.6;20.9;30;29.8;24.9;-1.0;
04/03/2025 18:12:46;117;0;305.81;-4;21.01;3.87;166.5;13.10;74762;2839.347;-1803.325;1;316;450;454.8;21.6;20.9;32;32.0;24.9;-1.0;
04/03/2025 18:13:06;117;0;308.40;-4;21.17;5.30;163.5;13.20;74781;2839.350;-1803.329;1;316;450;454.8;21.6;20.9;30;29.8;24.9;-1.0;
04/03/2025 18:13:26;117;0;310.13;-4;21.15;3.70;160.5;13.20;74810;2839.353;-1803.333;1;316;450;454.8;21.6;21.1;30;29.3;24.9;-1.0;
04/03/2025 18:13:46;117;0;310.34;-4;20.95;3.78;157.4;13.30;74818;2839.356;-1803.337;1;316;450;453.2;21.6;20.9;30;29.3;24.9;-1.0;
04/03/2025 18:14:06;117;0;310.89;-4;20.88;3.86;154.2;13.30;74814;2839.360;-1803.341;1;316;450;454.8;21.6;20.9;30;29.3;24.9;-1.0;
04/03/2025 18:14:26;117;0;311.10;-4;20.86;3.81;151.2;13.40;74831;2839.363;-1803.345;1;316;450;454.8;21.6;20.9;30;29.3;24.9;-1.0;
04/03/2025 18:14:46;117;0;311.48;-4;20.87;3.84;147.9;13.40;74830;2839.366;-1803.349;1;316;450;454.8;21.6;21.1;30;29.3;24.9;-1.0;
04/03/2025 18:15:06;117;0;312.37;-4;20.84;3.81;144.9;13.40;74848;2839.369;-1803.353;1;316;450;454.8;21.6;21.2;30;29.3;24.9;-1.0;
04/03/2025 18:15:26;117;0;312.67;-4;20.89;3.77;141.7;13.50;74853;2839.373;-1803.357;1;316;450;454.8;21.6;21.1;30;29.3;24.9;-1.0;
04/03/2025 18:15:46;117;0;312.75;-4;20.86;3.81;138.6;13.50;74870;2839.376;-1803.361;1;316;450;454.8;21.6;20.9;30;29.3;24.9;-1.0;
04/03/2025 18:16:06;117;0;313.06;-4;20.72;3.80;135.4;13.60;74871;2839.380;-1803.365;1;316;450;454.8;21.6;20.9;30;29.3;24.9;-1.0;
04/03/2025 18:16:26;117;0;312.76;-4;20.75;3.81;132.4;13.60;74886;2839.383;-1803.369;1;316;450;456.5;21.6;20.9;30;29.3;24.9;-1.0;
04/03/2025 18:16:46;117;0;312.68;-4;20.90;3.72;129.5;13.60;74907;2839.386;-1803.372;1;316;450;454.8;21.6;20.9;30;29.3;24.9;-1.0;
04/03/2025 18:17:06;117;0;311.12;-4;20.75;3.74;126.3;13.70;74913;2839.389;-1803.376;1;316;450;454.8;21.6;21.1;30;29.3;24.9;-1.0;
04/03/2025 18:17:26;117;0;310.34;-4;20.84;3.80;123.3;13.70;74933;2839.392;-1803.380;1;316;450;456.5;21.6;21.1;30;29.3;24.8;-1.0;
04/03/2025 18:17:46;117;0;311.34;-4;20.78;3.70;120.3;13.80;74953;2839.396;-1803.384;1;316;450;454.8;21.6;20.9;30;29.3;24.9;-1.0;
04/03/2025 18:18:06;117;0;311.99;-4;20.79;3.80;117.0;13.80;74983;2839.399;-1803.388;1;316;450;454.8;21.6;20.9;30;29.3;24.8;-1.0;
04/03/2025 18:18:26;117;0;310.78;-4;20.68;3.89;113.8;13.90;74991;2839.402;-1803.392;1;316;450;456.5;21.6;20.9;30;29.3;24.9;-1.0;
04/03/2025 18:18:46;117;0;309.75;-4;20.63;3.90;110.6;13.90;75005;2839.406;-1803.397;1;316;450;454.8;21.6;21.1;30;29.3;24.9;-1.0;
04/03/2025 18:19:06;117;0;310.39;-4;20.77;3.70;107.6;14.00;75006;2839.409;-1803.400;1;316;450;456.5;21.6;20.9;30;29.3;24.9;-1.0;
04/03/2025 18:19:26;117;0;310.55;-4;20.55;3.84;104.3;14.00;75030;2839.412;-1803.405;1;316;450;454.8;21.6;20.9;30;29.3;24.8;-1.0;
04/03/2025 18:19:46;117;0;310.59;-4;20.56;3.81;101.2;14.10;75047;2839.415;-1803.409;1;316;450;454.8;21.6;20.9;30;29.3;24.9;-1.0;
04/03/2025 18:20:06;117;0;311.49;-4;20.46;3.98;97.9;14.10;75056;2839.419;-1803.413;1;316;450;454.8;21.6;20.9;30;29.3;24.9;-1.0;
04/03/2025 18:20:26;117;0;312.71;-4;20.62;3.93;94.7;14.20;75067;2839.422;-1803.417;1;316;450;454.8;21.6;20.9;30;29.3;24.9;-1.0;
04/03/2025 18:20:46;117;0;314.80;-4;20.75;3.66;91.3;14.20;75079;2839.426;-1803.421;1;316;450;454.8;21.6;21.1;30;29.3;24.9;-1.0;
04/03/2025 18:21:06;117;0;315.19;-4;20.73;3.79;87.8;14.30;75105;2839.430;-1803.425;1;316;450;454.8;21.6;20.9;30;29.3;24.9;-1.0;
04/03/2025 18:21:26;117;0;315.58;-4;20.48;3.78;84.6;14.30;75130;2839.433;-1803.429;1;316;450;454.8;21.6;20.9;30;29.3;24.9;-1.0;
04/03/2025 18:21:46;117;0;317.65;-4;20.30;3.66;81.2;14.40;75140;2839.437;-1803.433;1;316;450;454.8;21.6;20.9;30;29.3;24.9;-1.0;
04/03/2025 18:22:06;117;0;317.44;-4;20.20;3.66;78.0;14.40;75159;2839.441;-1803.437;1;316;450;454.8;21.6;20.9;30;29.3;24.9;-1.0;
04/03/2025 18:22:26;117;0;316.62;-4;20.12;3.65;74.8;14.50;75178;2839.445;-1803.441;1;316;450;454.8;21.6;20.9;30;29.8;24.9;-1.0;
04/03/2025 18:22:46;117;0;317.90;-4;20.27;3.65;71.7;14.50;75202;2839.448;-1803.445;1;316;450;454.8;21.6;21.1;30;29.3;24.9;-1.0;
04/03/2025 18:23:06;117;0;319.21;-4;20.34;3.76;68.7;14.60;75231;2839.452;-1803.448;1;316;450;454.8;21.6;20.9;30;29.3;24.9;-1.0;
04/03/2025 18:23:26;117;0;317.40;-4;20.03;3.82;65.4;14.70;75237;2839.456;-1803.452;1;316;450;453.2;21.6;20.9;30;29.3;24.9;-1.0;
04/03/2025 18:23:46;117;0;316.27;-4;20.10;3.68;62.5;14.70;75263;2839.459;-1803.456;1;316;450;454.8;21.6;20.9;30;29.3;24.8;-1.0;
04/03/2025 18:24:06;117;0;316.07;-4;20.22;3.82;59.3;14.80;75277;2839.463;-1803.460;1;316;450;454.8;21.6;20.9;30;29.3;24.9;-1.0;
04/03/2025 18:24:26;117;0;316.79;-4;20.19;3.71;56.4;14.80;75299;2839.466;-1803.463;1;316;450;454.8;21.6;21.1;30;29.3;24.8;-1.0;
04/03/2025 18:24:46;117;0;316.85;-4;19.88;3.82;53.4;14.90;75331;2839.470;-1803.467;1;316;450;454.8;21.6;20.9;30;29.8;24.9;-1.0;
04/03/2025 18:25:06;117;0;316.67;-4;19.83;3.74;50.6;15.00;75355;2839.473;-1803.471;1;316;450;454.8;21.6;20.9;30;29.3;24.9;-1.0;
04/03/2025 18:25:26;117;0;318.18;-4;20.20;3.78;47.7;15.00;75380;2839.477;-1803.474;1;316;450;454.8;21.6;20.9;30;29.3;24.9;-1.0;
04/03/2025 18:25:46;117;0;319.82;-4;20.49;3.54;45.0;15.10;75409;2839.480;-1803.477;1;316;450;453.2;21.6;21.1;30;29.3;24.9;-1.0;
04/03/2025 18:26:06;117;0;320.98;-4;20.51;3.81;42.2;15.20;75422;2839.484;-1803.481;1;316;450;456.5;21.6;21.1;30;29.3;24.9;-1.0;
04/03/2025 18:26:26;117;0;316.72;-4;18.65;4.71;39.4;15.30;75441;2839.487;-1803.484;1;316;450;454.8;21.2;21.2;30;29.3;24.9;-1.0;
04/03/2025 18:26:46;117;0;316.17;-4;21.39;3.76;36.8;15.30;75458;2839.490;-1803.487;1;316;450;456.5;21.2;21.2;30;29.3;24.9;-1.0;
04/03/2025 18:27:06;117;0;312.99;-4;20.81;4.61;33.7;15.40;75481;2839.493;-1803.491;1;316;450;454.8;21.2;21.1;30;29.3;24.9;-1.0;
04/03/2025 18:27:26;117;0;308.41;-4;21.34;4.64;30.8;15.50;75497;2839.496;-1803.495;1;316;450;456.5;21.2;21.2;30;29.3;24.9;-1.0;
04/03/2025 18:27:46;117;0;310.56;-4;21.10;3.39;27.4;15.50;75502;2839.500;-1803.499;1;316;450;454.8;21.2;21.1;30;29.3;24.9;-1.0;
04/03/2025 18:28:06;117;0;305.14;-4;20.16;3.58;23.7;15.60;75519;2839.503;-1803.505;1;316;450;456.5;21.2;21.1;32;32.0;24.9;-1.0;
04/03/2025 18:28:26;117;0;303.41;-4;19.48;6.13;20.1;15.70;75536;2839.507;-1803.510;1;316;450;453.2;21.2;21.2;34;33.8;24.9;-1.0;
04/03/2025 18:28:46;117;0;308.47;-4;18.96;5.58;17.2;15.70;75533;2839.510;-1803.514;1;316;450;454.8;20.8;20.8;30;29.8;24.8;-1.0;
04/03/2025 18:29:06;117;0;305.28;-4;20.32;3.90;14.1;15.80;75552;2839.513;-1803.518;1;316;450;456.5;20.8;20.8;32;32.0;24.9;-1.0;
04/03/2025 18:29:26;117;0;305.57;-4;19.59;5.79;11.4;15.90;75553;2839.516;-1803.522;1;316;450;454.8;20.8;20.8;32;32.0;24.9;-1.0;
04/03/2025 18:29:46;117;0;309.78;-4;22.90;5.48;8.3;15.90;75573;2839.519;-1803.526;1;316;450;456.5;21.7;21.6;30;29.3;24.9;-1.0;
04/03/2025 18:30:06;117;0;306.60;-4;21.35;3.64;4.6;16.00;75581;2839.522;-1803.531;1;316;450;454.8;21.7;21.9;32;32.0;24.9;-1.0;
04/03/2025 18:30:16;115;0;305.69;-4;18.85;2.95;3.0;16.00;75586;2839.524;-1803.533;1;316;500;458.1;100.0;59.5;0;-0.5;24.9;-1.0;
04/03/2025 18:30:26;115;0;314.86;-4;6.91;-12.50;2.2;16.00;75565;2839.525;-1803.535;1;316;500;504.8;100.0;100.0;0;-0.5;24.6;-1.0;
04/03/2025 18:30:36;115;0;297.08;-4;-55.79;-22.21;2.5;16.10;75481;2839.525;-1803.535;1;316;500;504.8;100.0;100.4;0;-0.5;24.9;-1.0;
04/03/2025 18:30:56;119;0;353.09;-4;-23.59;-9.26;0.1;16.20;75490;2839.525;-1803.535;1;316;500;506.5;100.0;100.4;0;-0.5;24.9;-1.0;
04/03/2025 18:31:06;119;0;10.15;-4;-60.69;-11.28;0.3;16.20;75504;2839.321;-1803.643;0;316;500;506.5;100.0;100.4;0;-0.5;24.9;-1.0;
