Timestamp;NavState;SecurityLevel;Heading;Declination;Pitch;Roll;Depth;Temperature;Pa;Lat;Lon;DeadReckoning;DesiredH;BallastCmd;BallastPos;LinCmd;LinPos;AngCmd;AngPos;Voltage;Altitude;
20/02/2025 07:05:18;119;0;129.87;-4;-54.29;-7.92;0.3;19.70;76414;2837.237;-1758.396;0;171;500;508.1;100.0;100.6;0;-0.5;27.5;-1.0;
20/02/2025 07:05:28;116;0;149.25;-4;-49.72;-13.98;0.0;19.70;76422;2837.240;-1758.396;0;171;500;509.7;100.0;100.7;0;-0.5;27.5;-1.0;
20/02/2025 07:06:01;116;0;146.04;-4;-51.13;-15.60;0.2;19.70;76432;2837.243;-1758.396;0;171;500;508.1;100.0;100.7;0;-0.5;27.5;-1.0;
20/02/2025 07:06:27;116;0;143.82;-4;-59.02;-19.58;0.2;19.70;76419;2837.243;-1758.397;0;171;500;509.7;100.0;100.7;0;-0.5;27.5;-1.0;
20/02/2025 07:06:47;116;0;157.46;-4;-53.45;-14.13;0.1;19.80;76415;2837.244;-1758.397;0;-9999;500;509.7;100.0;100.7;0;-0.5;27.5;-1.0;
20/02/2025 07:06:58;116;0;140.90;-4;-52.33;-4.76;0.2;19.80;76438;2837.244;-1758.398;0;187;500;509.7;100.0;100.7;0;-0.5;27.5;-1.0;
20/02/2025 07:07:09;116;0;153.08;-4;-56.04;-18.31;0.0;19.80;76428;2837.244;-1758.398;0;187;500;506.5;100.0;100.6;0;-0.5;27.5;-1.0;
20/02/2025 07:07:29;116;0;166.78;-4;-60.34;-14.44;0.1;19.80;76435;2837.246;-1758.398;0;187;500;509.7;100.0;100.7;0;-0.5;27.5;-1.0;
20/02/2025 07:07:40;116;0;172.51;-4;-61.20;-16.15;0.1;19.80;76441;2837.247;-1758.398;0;187;500;508.1;100.0;100.6;0;-0.5;27.5;-1.0;
20/02/2025 07:08:19;116;0;170.59;-4;-48.38;-15.69;0.2;19.90;76439;2837.249;-1758.400;0;187;500;509.7;100.0;100.7;0;-0.5;27.5;-1.0;
20/02/2025 07:08:59;116;0;144.58;-4;-59.50;-16.07;0.1;20.00;76447;2837.251;-1758.401;0;187;500;508.1;100.0;100.6;0;-0.5;27.5;-1.0;
20/02/2025 07:09:47;116;0;165.38;-4;-58.34;-11.58;0.1;20.10;76452;2837.254;-1758.402;0;187;500;509.7;100.0;100.7;0;-0.5;27.5;-1.0;
20/02/2025 07:10:00;116;0;164.85;-4;-55.69;-8.78;0.0;20.10;76461;2837.255;-1758.402;0;187;500;508.1;100.0;100.6;0;-0.5;27.5;-1.0;
20/02/2025 07:10:20;110;0;188.75;-4;-57.18;-6.13;0.1;20.20;76462;2837.255;-1758.402;0;187;-50;398.4;100.0;99.9;-15;-14.9;27.5;-1.0;
20/02/2025 07:10:30;110;0;198.69;-4;-51.34;-17.69;0.2;20.20;76803;2837.255;-1758.402;1;187;-50;248.4;100.0;99.9;-15;-15.3;27.5;-1.0;
20/02/2025 07:10:40;110;0;198.14;-4;-59.31;-13.29;0.7;20.20;77060;2837.255;-1758.402;1;187;-50;85.5;100.0;99.9;-15;-15.3;27.5;-1.0;
20/02/2025 07:10:50;110;0;203.26;-4;-69.26;-20.03;1.0;20.30;77397;2837.255;-1758.403;1;187;-50;-45.2;100.0;99.9;-15;-15.3;27.5;-1.0;
20/02/2025 07:11:00;110;0;207.43;-4;-68.11;-21.07;1.4;20.30;77657;2837.255;-1758.403;1;187;-50;-45.2;50.0;49.9;-15;-15.3;27.5;-1.0;
20/02/2025 07:11:20;100;0;231.38;-4;-35.35;-18.72;4.7;20.40;77651;2837.253;-1758.405;1;187;-50;-45.2;50.0;49.5;-15;-15.3;27.5;-1.0;
20/02/2025 07:11:40;100;0;241.58;-4;-31.17;-18.31;9.1;20.40;77649;2837.252;-1758.409;1;187;-50;-43.5;46.6;46.5;70;69.9;27.5;-1.0;
20/02/2025 07:12:00;100;0;237.44;-4;-33.21;23.44;13.2;20.40;77654;2837.250;-1758.412;1;187;-50;-45.2;42.7;42.6;70;70.4;27.6;-1.0;
20/02/2025 07:12:20;100;0;220.98;-4;-25.67;23.96;16.8;20.40;77659;2837.247;-1758.415;1;187;-50;-46.8;41.0;40.6;51;51.0;27.5;0.0;
20/02/2025 07:12:40;100;0;209.99;-4;-18.46;13.70;19.3;20.40;77659;2837.245;-1758.417;1;187;-50;-43.5;41.4;41.7;36;36.1;27.5;0.0;
20/02/2025 07:13:00;100;0;201.49;-4;-18.04;5.84;21.3;20.40;77656;2837.242;-1758.419;1;187;-50;-43.5;42.0;42.3;21;20.8;27.5;0.0;
20/02/2025 07:13:20;100;0;198.36;-4;-19.38;-1.36;23.3;20.40;77656;2837.240;-1758.420;1;187;-70;-67.7;42.0;42.3;16;15.8;27.5;0.0;
20/02/2025 07:13:40;100;0;194.37;-4;-18.69;-4.39;25.6;20.40;77730;2837.237;-1758.421;1;187;-70;-69.4;42.4;42.3;12;12.2;27.5;0.0;
20/02/2025 07:14:00;100;0;194.95;-4;-17.74;-5.92;27.9;20.50;77738;2837.234;-1758.422;1;187;-70;-69.4;43.1;43.2;12;11.7;27.5;0.0;
20/02/2025 07:14:20;100;0;195.59;-4;-20.32;-5.88;30.4;20.40;77730;2837.231;-1758.423;1;187;-70;-69.4;43.1;43.3;12;11.7;27.5;0.0;
20/02/2025 07:14:40;100;0;195.13;-4;-21.43;-6.19;33.2;20.50;77738;2837.228;-1758.424;1;187;-70;-69.4;43.1;43.3;12;11.7;27.5;0.0;
20/02/2025 07:15:00;100;0;194.36;-4;-21.22;-5.93;36.2;20.50;77729;2837.224;-1758.425;1;187;-70;-69.4;43.1;43.4;12;11.7;27.5;0.0;
20/02/2025 07:15:20;100;0;197.04;-4;-20.27;-6.01;39.5;20.50;77735;2837.220;-1758.427;1;187;-70;-69.4;43.1;43.3;14;14.0;27.5;0.0;
20/02/2025 07:15:40;100;0;197.51;-4;-19.62;-4.35;42.3;20.50;77735;2837.217;-1758.428;1;187;-70;-69.4;43.1;43.4;14;14.4;27.5;0.0;
20/02/2025 07:16:00;100;0;196.76;-4;-19.90;-4.43;45.2;20.50;77749;2837.214;-1758.430;1;187;-70;-69.4;43.1;43.3;14;14.0;27.5;0.0;
20/02/2025 07:16:20;100;0;195.85;-4;-20.63;-4.47;48.0;20.50;77746;2837.210;-1758.431;1;187;-70;-69.4;43.1;43.3;14;14.4;27.5;0.0;
20/02/2025 07:16:40;100;0;197.63;-4;-20.04;-4.42;50.8;20.50;77741;2837.207;-1758.432;1;187;-70;-69.4;43.1;43.4;14;14.0;27.5;0.0;
20/02/2025 07:17:00;100;0;197.11;-4;-20.30;-4.43;53.5;20.50;77738;2837.204;-1758.434;1;186;-70;-69.4;43.1;43.3;14;14.4;27.5;0.0;
20/02/2025 07:17:20;100;0;197.61;-4;-19.87;-4.36;56.4;20.50;77735;2837.200;-1758.435;1;186;-70;-72.6;43.1;43.4;16;15.8;27.5;0.0;
20/02/2025 07:17:40;100;0;197.22;-4;-20.15;-3.44;59.1;20.50;77741;2837.197;-1758.436;1;186;-70;-69.4;43.1;43.4;16;16.2;27.5;0.0;
20/02/2025 07:18:00;100;0;198.64;-4;-20.25;-3.32;61.9;20.40;77730;2837.194;-1758.438;1;186;-70;-69.4;43.1;43.4;16;16.2;27.5;0.0;
20/02/2025 07:18:20;100;0;198.65;-4;-20.51;-3.35;64.8;20.40;77736;2837.191;-1758.439;1;186;-70;-71.0;43.1;43.4;16;16.2;27.5;0.0;
20/02/2025 07:18:40;100;0;194.88;-4;-20.33;-3.30;67.8;20.40;77728;2837.187;-1758.441;1;186;-70;-69.4;43.1;43.4;13;13.1;27.5;0.0;
20/02/2025 07:19:00;100;0;192.01;-4;-20.08;-5.07;70.6;20.40;77730;2837.184;-1758.442;1;186;-70;-69.4;43.1;43.4;11;10.8;27.5;0.0;
20/02/2025 07:19:20;100;0;189.62;-4;-19.90;-6.27;73.4;20.40;77728;2837.180;-1758.443;1;186;-70;-69.4;43.1;43.4;11;10.4;27.5;0.0;
20/02/2025 07:19:40;100;0;191.31;-4;-20.04;-6.31;76.2;20.40;77721;2837.177;-1758.443;1;186;-70;-71.0;43.1;43.4;11;10.4;27.5;0.0;
20/02/2025 07:20:00;100;0;190.14;-4;-19.86;-6.26;79.1;20.40;77729;2837.173;-1758.444;1;186;-70;-69.4;43.1;43.4;11;10.4;27.5;0.0;
20/02/2025 07:20:20;100;0;189.41;-4;-19.96;-6.29;81.8;20.40;77718;2837.170;-1758.445;1;186;-70;-69.4;43.1;43.4;11;10.4;27.5;0.0;
20/02/2025 07:20:40;100;0;188.14;-4;-19.84;-6.34;84.6;20.40;77712;2837.167;-1758.446;1;186;-70;-69.4;43.1;43.4;11;10.4;27.5;0.0;
20/02/2025 07:21:00;100;0;187.64;-4;-19.14;-6.41;87.2;20.40;77718;2837.163;-1758.447;1;186;-70;-69.4;43.1;43.4;9;8.6;27.5;0.0;
20/02/2025 07:21:20;100;0;189.41;-4;-19.71;-7.39;89.8;20.40;77708;2837.160;-1758.447;1;186;-70;-69.4;43.1;43.4;9;8.1;27.5;0.0;
20/02/2025 07:21:40;100;0;190.54;-4;-19.46;-7.41;92.3;20.40;77711;2837.157;-1758.448;1;186;-70;-69.4;43.1;43.4;11;10.8;27.5;0.0;
20/02/2025 07:22:00;100;0;191.50;-4;-19.67;-5.74;95.0;20.30;77692;2837.154;-1758.449;1;186;-70;-69.4;43.1;43.4;11;11.7;27.5;0.0;
20/02/2025 07:22:20;100;0;191.55;-4;-19.36;-5.64;97.7;20.30;77710;2837.150;-1758.450;1;186;-70;-72.6;43.1;43.4;11;11.7;27.5;0.0;
20/02/2025 07:22:40;100;0;192.42;-4;-19.58;-5.75;100.4;20.30;77699;2837.147;-1758.451;1;186;-70;-69.4;43.1;43.4;11;11.7;27.5;0.0;
20/02/2025 07:23:00;100;0;192.76;-4;-19.58;-5.64;103.1;20.30;77697;2837.144;-1758.452;1;186;-70;-69.4;43.1;43.4;11;11.7;27.5;0.0;
20/02/2025 07:23:21;100;0;192.00;-4;-19.76;-5.66;106.0;20.30;77694;2837.140;-1758.453;1;186;-70;-71.0;43.1;43.4;11;11.7;27.5;0.0;
20/02/2025 07:23:41;100;0;193.03;-4;-19.56;-5.72;108.7;20.30;77689;2837.137;-1758.454;1;186;-70;-69.4;43.1;43.4;11;11.7;27.5;0.0;
20/02/2025 07:24:01;100;0;194.74;-4;-19.77;-5.66;111.5;20.30;77687;2837.133;-1758.455;1;186;-70;-69.4;43.1;43.4;13;13.1;27.5;0.0;
20/02/2025 07:24:21;100;0;193.56;-4;-19.38;-4.73;114.2;20.20;77671;2837.130;-1758.457;1;186;-70;-69.4;43.1;43.3;13;14.0;27.5;0.0;
20/02/2025 07:24:41;100;0;192.99;-4;-19.26;-4.74;116.7;20.20;77649;2837.127;-1758.458;1;186;-70;-69.4;43.1;43.4;13;13.5;27.5;0.0;
20/02/2025 07:25:01;100;0;192.28;-4;-19.44;-4.66;119.4;20.20;77636;2837.124;-1758.459;1;186;-70;-69.4;43.1;43.4;13;13.5;27.5;0.0;
20/02/2025 07:25:21;100;0;190.79;-4;-19.34;-4.70;122.0;20.20;77631;2837.120;-1758.460;1;186;-70;-71.0;43.1;43.4;11;10.8;27.5;0.0;
20/02/2025 07:25:41;100;0;186.73;-4;-19.40;-6.01;124.7;20.20;77623;2837.117;-1758.460;1;186;-70;-69.4;43.1;43.4;11;11.3;27.5;0.0;
20/02/2025 07:26:01;100;0;186.50;-4;-19.15;-6.08;127.2;20.20;77618;2837.114;-1758.461;1;186;-70;-71.0;43.1;43.4;11;11.3;27.5;0.0;
20/02/2025 07:26:21;100;0;187.72;-4;-19.22;-5.92;129.9;20.10;77607;2837.110;-1758.461;1;186;-70;-69.4;43.1;43.4;11;11.3;27.5;0.0;
20/02/2025 07:26:41;100;0;190.07;-4;-19.40;-5.87;132.6;20.10;77590;2837.107;-1758.462;1;186;-70;-69.4;43.1;43.4;11;11.3;27.5;0.0;
20/02/2025 07:27:01;100;0;191.35;-4;-18.85;-6.04;135.2;20.10;77581;2837.104;-1758.463;1;186;-70;-72.6;43.5;43.4;11;11.3;27.5;0.0;
20/02/2025 07:27:21;100;0;192.58;-4;-19.15;-5.94;138.0;20.00;77581;2837.100;-1758.464;1;186;-70;-69.4;43.5;43.4;11;11.3;27.5;0.0;
20/02/2025 07:27:41;100;0;194.91;-4;-19.22;-5.91;140.7;20.00;77576;2837.097;-1758.466;1;186;-70;-71.0;43.5;43.4;15;14.9;27.5;0.0;
20/02/2025 07:28:01;100;0;195.15;-4;-19.55;-3.96;143.5;20.00;77575;2837.093;-1758.467;1;186;-70;-69.4;43.5;43.4;15;15.3;27.5;0.0;
20/02/2025 07:28:21;100;0;196.06;-4;-19.52;-4.03;146.4;20.00;77554;2837.090;-1758.468;1;186;-70;-71.0;43.5;43.4;15;15.3;27.5;0.0;
20/02/2025 07:28:41;100;0;194.14;-4;-19.63;-3.96;149.2;19.90;77543;2837.086;-1758.469;1;186;-70;-69.4;43.5;43.4;13;13.1;27.5;0.0;
20/02/2025 07:29:01;100;0;191.75;-4;-20.33;-5.17;152.2;19.90;77542;2837.083;-1758.470;1;186;-70;-69.4;43.5;43.4;13;12.6;27.5;0.0;
20/02/2025 07:29:21;100;0;186.88;-4;-20.05;-5.16;155.3;19.90;77542;2837.079;-1758.471;1;186;-70;-71.0;43.5;43.3;10;9.5;27.5;0.0;
20/02/2025 07:29:41;100;0;184.58;-4;-19.61;-6.00;158.3;19.90;77517;2837.075;-1758.471;1;186;-70;-69.4;43.5;43.4;10;10.8;27.5;0.0;
20/02/2025 07:30:01;100;0;186.47;-4;-19.57;-5.96;161.1;19.80;77517;2837.072;-1758.472;1;186;-70;-71.0;43.5;43.4;10;10.8;27.5;0.0;
20/02/2025 07:30:21;100;0;188.31;-4;-18.62;-5.85;164.0;19.80;77503;2837.068;-1758.473;1;186;-70;-69.4;43.9;43.9;10;10.8;27.5;0.0;
20/02/2025 07:30:41;100;0;187.50;-4;-20.37;-6.01;166.6;19.80;77492;2837.065;-1758.474;1;186;-70;-71.0;43.9;44.0;10;10.8;27.5;0.0;
20/02/2025 07:31:01;100;0;185.62;-4;-20.64;-6.04;169.6;19.70;77469;2837.061;-1758.474;1;186;-70;-71.0;43.9;44.0;10;10.8;27.5;0.0;
20/02/2025 07:31:21;100;0;181.65;-4;-19.88;-6.11;172.4;19.70;77451;2837.058;-1758.474;1;186;-70;-69.4;43.9;44.0;10;10.8;27.5;0.0;
20/02/2025 07:31:41;100;0;177.74;-4;-20.08;-6.13;175.3;19.70;77440;2837.054;-1758.474;1;186;-70;-69.4;43.9;44.0;10;10.8;27.5;0.0;
20/02/2025 07:32:01;100;0;175.37;-4;-20.08;-6.10;178.2;19.60;77422;2837.051;-1758.474;1;186;-70;-69.4;43.9;44.0;8;8.1;27.5;0.0;
20/02/2025 07:32:21;100;0;173.25;-4;-20.09;-7.72;181.2;19.60;77418;2837.047;-1758.474;1;186;-70;-69.4;43.9;44.0;6;5.4;27.5;0.0;
20/02/2025 07:32:41;100;0;172.46;-4;-20.14;-9.04;184.2;19.60;77400;2837.043;-1758.473;1;186;-70;-69.4;43.9;44.0;6;5.0;27.5;0.0;
20/02/2025 07:33:01;100;0;173.00;-4;-20.27;-8.99;187.2;19.50;77379;2837.040;-1758.473;1;186;-70;-72.6;43.9;44.0;6;5.0;27.5;0.0;
20/02/2025 07:33:21;100;0;177.18;-4;-19.91;-8.98;190.3;19.50;77369;2837.036;-1758.473;1;186;-70;-69.4;43.9;44.0;9;9.0;27.5;0.0;
20/02/2025 07:33:41;100;0;181.59;-4;-20.07;-6.80;193.4;19.50;77358;2837.032;-1758.473;1;186;-70;-69.4;43.9;44.0;9;9.5;27.5;0.0;
20/02/2025 07:34:01;100;0;186.07;-4;-20.33;-6.80;196.4;19.40;77343;2837.028;-1758.474;1;186;-70;-72.6;43.9;44.0;9;9.5;27.5;0.0;
20/02/2025 07:34:21;100;0;189.84;-4;-20.17;-6.85;199.5;19.40;77322;2837.024;-1758.475;1;186;-70;-69.4;43.9;44.0;11;10.8;27.5;0.0;
20/02/2025 07:34:41;100;0;189.96;-4;-20.12;-5.78;202.5;19.30;77306;2837.021;-1758.476;1;186;-70;-71.0;43.9;44.2;11;11.3;27.5;0.0;
20/02/2025 07:35:01;100;0;189.43;-4;-20.21;-5.72;205.6;19.30;77295;2837.017;-1758.477;1;186;-70;-71.0;43.9;44.2;11;11.3;27.5;0.0;
20/02/2025 07:35:21;100;0;191.77;-4;-20.43;-5.78;208.5;19.20;77283;2837.013;-1758.478;1;186;-70;-71.0;43.9;44.0;11;11.3;27.5;0.0;
20/02/2025 07:35:41;100;0;192.60;-4;-19.75;-5.80;211.3;19.20;77260;2837.010;-1758.479;1;186;-70;-69.4;43.9;44.0;11;11.3;27.5;0.0;
20/02/2025 07:36:01;100;0;195.14;-4;-19.73;-5.85;214.0;19.10;77243;2837.007;-1758.480;1;186;-70;-71.0;43.9;44.0;14;14.4;27.5;0.0;
20/02/2025 07:36:21;100;0;197.00;-4;-20.35;-4.33;216.7;19.10;77230;2837.004;-1758.481;1;186;-70;-69.4;43.9;44.0;16;15.8;27.5;0.0;
20/02/2025 07:36:41;100;0;194.66;-4;-20.33;-3.55;219.6;19.10;77215;2837.000;-1758.482;1;186;-70;-69.4;43.9;44.2;14;14.0;27.5;0.0;
20/02/2025 07:37:01;100;0;192.57;-4;-19.95;-4.71;222.4;19.00;77198;2836.997;-1758.483;1;186;-70;-69.4;43.9;44.2;12;12.2;27.5;0.0;
20/02/2025 07:37:21;100;0;192.81;-4;-19.88;-5.57;225.1;19.00;77189;2836.993;-1758.484;1;186;-70;-69.4;43.9;44.0;12;12.2;27.5;0.0;
20/02/2025 07:37:41;100;0;192.66;-4;-20.18;-5.58;227.9;18.90;77179;2836.990;-1758.486;1;186;-70;-71.0;43.9;44.3;12;12.2;27.5;0.0;
20/02/2025 07:38:01;100;0;191.41;-4;-20.20;-5.57;230.6;18.90;77178;2836.987;-1758.486;1;186;-70;-71.0;43.9;44.0;12;12.2;27.5;0.0;
20/02/2025 07:38:21;100;0;190.88;-4;-20.13;-5.55;233.4;18.80;77167;2836.983;-1758.487;1;186;-70;-67.7;43.9;44.2;12;12.2;27.5;0.0;
20/02/2025 07:38:41;100;0;189.83;-4;-20.20;-5.52;236.2;18.80;77150;2836.980;-1758.488;1;186;-70;-69.4;43.9;44.2;12;12.2;27.5;0.0;
20/02/2025 07:39:01;100;0;186.56;-4;-20.41;-5.54;239.1;18.70;77138;2836.976;-1758.489;1;186;-70;-71.0;43.9;44.2;10;9.5;27.5;0.0;
20/02/2025 07:39:21;100;0;183.28;-4;-20.23;-6.91;242.1;18.70;77137;2836.973;-1758.489;1;186;-70;-69.4;43.9;44.2;10;9.5;27.5;0.0;
20/02/2025 07:39:41;100;0;182.67;-4;-20.14;-6.69;245.0;18.70;77127;2836.969;-1758.490;1;186;-70;-69.4;43.9;44.0;10;9.5;27.5;0.0;
20/02/2025 07:40:01;100;0;180.44;-4;-20.03;-6.97;247.9;18.60;77116;2836.965;-1758.490;1;186;-70;-69.4;43.9;44.0;10;9.0;27.5;0.0;
20/02/2025 07:40:21;100;0;178.18;-4;-20.57;-6.90;250.8;18.60;77118;2836.962;-1758.490;1;186;-70;-69.4;43.9;44.0;10;9.5;27.5;0.0;
20/02/2025 07:40:41;100;0;174.63;-4;-20.09;-6.88;253.9;18.50;77103;2836.958;-1758.490;1;186;-70;-71.0;43.9;44.0;8;8.1;27.5;0.0;
20/02/2025 07:41:01;100;0;171.85;-4;-19.98;-7.39;256.7;18.50;77097;2836.955;-1758.489;1;186;-70;-69.4;43.9;44.0;5;5.0;27.5;0.0;
20/02/2025 07:41:21;100;0;171.12;-4;-19.83;-9.28;259.5;18.40;77074;2836.951;-1758.489;1;186;-70;-67.7;43.9;44.0;5;4.5;27.5;0.0;
20/02/2025 07:41:41;100;0;178.03;-4;-19.67;-9.30;262.4;18.40;77061;2836.948;-1758.489;1;186;-70;-69.4;43.9;44.0;9;9.0;27.5;0.0;
20/02/2025 07:42:01;100;0;182.15;-4;-19.83;-6.88;265.3;18.30;77043;2836.944;-1758.489;1;186;-70;-69.4;43.9;44.2;9;9.5;27.5;0.0;
20/02/2025 07:42:21;100;0;183.54;-4;-20.24;-6.89;268.1;18.30;77025;2836.941;-1758.489;1;186;-70;-69.4;43.9;44.2;9;9.0;27.5;0.0;
20/02/2025 07:42:41;100;0;187.86;-4;-20.01;-6.81;271.0;18.30;77010;2836.937;-1758.490;1;186;-70;-69.4;43.9;44.0;9;9.0;27.5;0.0;
20/02/2025 07:43:01;100;0;189.62;-4;-20.15;-7.03;274.0;18.20;76995;2836.933;-1758.491;1;186;-70;-71.0;43.9;44.0;11;10.8;27.5;0.0;
20/02/2025 07:43:21;100;0;191.46;-4;-20.22;-6.03;277.0;18.20;76983;2836.930;-1758.492;1;186;-70;-71.0;43.9;44.2;11;11.3;27.5;0.0;
20/02/2025 07:43:41;100;0;194.77;-4;-19.95;-5.78;280.0;18.10;76986;2836.926;-1758.493;1;186;-70;-69.4;43.9;44.0;14;14.0;27.5;0.0;
20/02/2025 07:44:01;100;0;193.80;-4;-20.35;-4.28;283.0;18.10;76981;2836.922;-1758.495;1;186;-70;-69.4;43.9;44.2;14;14.4;27.5;0.0;
20/02/2025 07:44:21;100;0;193.42;-4;-20.32;-4.32;286.1;18.00;76973;2836.919;-1758.496;1;186;-70;-71.0;43.9;44.0;14;14.4;27.5;0.0;
20/02/2025 07:44:41;100;0;193.32;-4;-20.29;-4.28;289.1;18.00;76971;2836.915;-1758.497;1;186;-70;-71.0;43.9;44.2;14;14.4;27.5;0.0;
20/02/2025 07:45:01;100;0;195.27;-4;-20.45;-4.28;292.2;17.90;76951;2836.911;-1758.498;1;186;-70;-69.4;43.9;44.0;14;14.4;27.5;0.0;
20/02/2025 07:45:21;100;0;196.70;-4;-20.49;-4.27;295.4;17.90;76939;2836.907;-1758.500;1;186;-70;-69.4;43.9;44.0;16;15.8;27.5;0.0;
20/02/2025 07:45:41;100;0;198.93;-4;-20.47;-3.17;298.6;17.90;76924;2836.904;-1758.501;1;186;-70;-69.4;43.9;44.2;19;19.0;27.5;0.0;
20/02/2025 07:46:01;100;0;201.51;-4;-20.21;-1.75;301.7;17.80;76918;2836.900;-1758.503;1;186;-70;-71.0;43.9;44.2;23;23.0;27.5;0.0;
20/02/2025 07:46:21;100;0;198.85;-4;-20.71;0.19;304.8;17.80;76908;2836.897;-1758.505;1;186;-70;-72.6;43.9;44.0;19;18.5;27.5;0.0;
20/02/2025 07:46:41;100;0;195.66;-4;-20.48;-2.42;308.0;17.70;76895;2836.893;-1758.506;1;186;-70;-69.4;43.9;44.2;15;14.9;27.5;0.0;
20/02/2025 07:47:01;100;0;190.71;-4;-19.99;-4.39;311.1;17.70;76882;2836.889;-1758.507;1;186;-70;-69.4;43.9;44.2;12;12.2;27.5;0.0;
20/02/2025 07:47:21;100;0;189.21;-4;-19.96;-5.85;314.1;17.60;76851;2836.885;-1758.508;1;186;-70;-71.0;43.9;44.0;12;11.7;27.5;0.0;
20/02/2025 07:47:41;100;0;188.89;-4;-19.80;-5.71;317.0;17.60;76853;2836.882;-1758.509;1;186;-70;-69.4;43.9;44.0;12;11.7;27.5;0.0;
20/02/2025 07:48:01;100;0;188.95;-4;-19.59;-5.70;319.9;17.50;76838;2836.878;-1758.510;1;186;-70;-69.4;43.9;44.2;12;11.7;27.5;0.0;
20/02/2025 07:48:21;100;0;187.14;-4;-19.88;-5.75;322.8;17.50;76823;2836.875;-1758.510;1;186;-70;-71.0;43.9;44.2;12;11.7;27.5;0.0;
20/02/2025 07:48:41;100;0;184.88;-4;-19.96;-5.75;325.8;17.50;76814;2836.871;-1758.511;1;186;-70;-69.4;43.9;44.2;12;11.7;27.5;0.0;
20/02/2025 07:49:01;100;0;184.07;-4;-19.96;-5.67;328.7;17.40;76791;2836.867;-1758.511;1;186;-70;-69.4;43.9;44.2;12;11.7;27.5;0.0;
20/02/2025 07:49:21;100;0;186.00;-4;-19.90;-5.68;331.8;17.40;76785;2836.863;-1758.512;1;186;-70;-69.4;43.9;44.0;12;11.7;27.5;0.0;
20/02/2025 07:49:41;100;0;186.88;-4;-19.76;-5.68;334.6;17.30;76776;2836.860;-1758.513;1;186;-70;-71.0;43.9;44.2;12;11.7;27.5;0.0;
20/02/2025 07:50:01;100;0;189.40;-4;-19.92;-5.66;337.5;17.30;76754;2836.856;-1758.514;1;186;-70;-69.4;43.9;44.0;12;11.7;27.5;0.0;
20/02/2025 07:50:21;100;0;190.17;-4;-19.70;-5.69;340.5;17.20;76761;2836.853;-1758.514;1;185;-70;-72.6;43.9;44.2;12;11.7;27.5;0.0;
20/02/2025 07:50:41;100;0;193.50;-4;-19.61;-5.68;343.2;17.20;76742;2836.850;-1758.516;1;185;-70;-69.4;43.9;44.0;15;14.9;27.5;0.0;
20/02/2025 07:51:01;100;0;196.13;-4;-19.76;-3.81;345.9;17.10;76729;2836.846;-1758.517;1;185;-70;-69.4;43.9;44.2;17;17.1;27.5;0.0;
20/02/2025 07:51:21;100;0;198.97;-4;-19.22;-2.85;348.6;17.10;76726;2836.843;-1758.518;1;185;-70;-72.6;43.9;44.2;21;21.7;27.5;0.0;
20/02/2025 07:51:41;100;0;195.18;-4;-19.66;-0.63;351.3;17.00;76717;2836.840;-1758.519;1;185;-70;-69.4;43.9;44.2;17;17.1;27.5;0.0;
20/02/2025 07:52:01;100;0;194.83;-4;-20.30;-3.21;354.0;17.00;76721;2836.837;-1758.521;1;185;-70;-69.4;43.9;44.0;17;16.7;27.5;0.0;
20/02/2025 07:52:21;100;0;192.17;-4;-19.78;-3.25;356.6;17.00;76692;2836.833;-1758.522;1;185;-70;-72.6;43.9;44.0;14;14.0;27.5;0.0;
20/02/2025 07:52:41;100;0;191.39;-4;-19.52;-4.89;359.2;16.90;76692;2836.830;-1758.523;1;185;-70;-71.0;43.9;44.2;14;13.5;27.5;0.0;
20/02/2025 07:53:01;100;0;190.62;-4;-19.72;-4.88;361.6;16.90;76686;2836.827;-1758.523;1;185;-70;-71.0;43.9;44.2;14;13.5;27.5;0.0;
20/02/2025 07:53:21;100;0;190.32;-4;-19.94;-4.85;364.1;16.80;76671;2836.824;-1758.524;1;185;-70;-67.7;43.9;44.2;14;13.5;27.5;0.0;
20/02/2025 07:53:41;100;0;189.91;-4;-19.90;-4.89;366.6;16.80;76672;2836.821;-1758.525;1;185;-70;-71.0;43.9;44.0;14;13.5;27.5;0.0;
20/02/2025 07:54:01;100;0;189.15;-4;-19.77;-4.77;369.2;16.80;76660;2836.818;-1758.526;1;185;-70;-69.4;43.9;44.2;12;12.2;27.5;0.0;
20/02/2025 07:54:21;100;0;189.27;-4;-19.78;-5.66;371.8;16.70;76659;2836.815;-1758.526;1;185;-70;-69.4;43.9;44.2;12;11.7;27.5;0.0;
20/02/2025 07:54:41;100;0;188.26;-4;-19.45;-5.62;374.3;16.70;76646;2836.812;-1758.527;1;185;-70;-71.0;43.9;44.2;12;11.7;27.5;0.0;
20/02/2025 07:55:01;100;0;187.36;-4;-19.77;-5.57;376.8;16.60;76635;2836.809;-1758.528;1;185;-70;-69.4;43.9;44.2;12;12.2;27.5;0.0;
20/02/2025 07:55:21;100;0;187.89;-4;-19.67;-5.62;379.4;16.60;76633;2836.806;-1758.528;1;185;-70;-69.4;43.9;44.2;12;11.7;27.5;0.0;
20/02/2025 07:55:41;100;0;188.88;-4;-19.67;-5.59;381.9;16.60;76625;2836.802;-1758.529;1;185;-70;-69.4;43.9;44.2;12;12.2;27.5;0.0;
20/02/2025 07:56:01;100;0;188.91;-4;-19.62;-5.56;384.3;16.50;76613;2836.799;-1758.530;1;185;-70;-69.4;43.9;44.0;12;12.2;27.5;0.0;
20/02/2025 07:56:21;100;0;185.86;-4;-19.66;-5.61;386.8;16.50;76612;2836.796;-1758.530;1;185;-70;-71.0;43.9;44.0;12;11.7;27.5;0.0;
20/02/2025 07:56:41;100;0;185.00;-4;-19.65;-5.66;389.3;16.50;76602;2836.793;-1758.531;1;185;-70;-69.4;43.9;44.2;12;11.7;27.5;0.0;
20/02/2025 07:57:01;100;0;183.67;-4;-19.69;-5.66;391.7;16.40;76590;2836.790;-1758.531;1;185;-70;-69.4;43.9;44.2;12;12.2;27.5;0.0;
20/02/2025 07:57:21;100;0;181.79;-4;-19.66;-5.64;394.2;16.40;76586;2836.787;-1758.532;1;185;-70;-69.4;43.9;44.2;12;11.7;27.5;0.0;
20/02/2025 07:57:41;100;0;180.13;-4;-19.63;-5.66;396.7;16.30;76575;2836.784;-1758.532;1;185;-70;-71.0;43.9;44.2;12;12.2;27.5;0.0;
20/02/2025 07:58:02;100;0;180.05;-4;-19.41;-5.69;399.2;16.30;76576;2836.781;-1758.532;1;185;-70;-71.0;43.9;44.2;12;12.2;27.5;0.0;
20/02/2025 07:58:22;100;0;178.35;-4;-19.16;-5.73;401.5;16.30;76558;2836.778;-1758.532;1;185;-70;-71.0;43.9;44.2;12;11.7;27.5;0.0;
20/02/2025 07:58:42;100;0;174.02;-4;-19.88;-5.66;403.9;16.20;76554;2836.775;-1758.532;1;185;-70;-71.0;43.9;44.0;10;9.9;27.5;0.0;
20/02/2025 07:59:02;100;0;172.60;-4;-19.64;-6.59;406.4;16.20;76544;2836.772;-1758.531;1;185;-70;-69.4;43.9;44.2;10;9.9;27.5;0.0;
20/02/2025 07:59:22;100;0;172.34;-4;-19.99;-6.68;408.9;16.20;76545;2836.769;-1758.531;1;185;-70;-69.4;43.9;44.2;8;8.1;27.5;0.0;
20/02/2025 07:59:42;100;0;172.34;-4;-19.86;-7.76;411.5;16.10;76529;2836.766;-1758.531;1;185;-70;-71.0;43.9;44.2;8;7.7;27.5;0.0;
20/02/2025 08:00:02;100;0;173.20;-4;-19.75;-7.61;414.2;16.10;76529;2836.763;-1758.530;1;185;-70;-69.4;43.9;44.2;8;7.7;27.5;0.0;
20/02/2025 08:00:22;100;0;175.76;-4;-19.56;-7.68;416.8;16.10;76523;2836.759;-1758.530;1;185;-70;-69.4;43.9;44.2;10;10.4;27.5;0.0;
20/02/2025 08:00:42;100;0;178.30;-4;-19.73;-6.15;419.5;16.00;76513;2836.756;-1758.530;1;185;-70;-69.4;43.9;44.2;10;10.8;27.5;0.0;
20/02/2025 08:01:02;100;0;180.86;-4;-19.55;-6.15;422.1;16.00;76509;2836.753;-1758.531;1;185;-70;-69.4;43.9;44.2;10;10.8;27.5;0.0;
20/02/2025 08:01:22;100;0;183.16;-4;-19.33;-6.16;424.7;16.00;76495;2836.749;-1758.531;1;185;-70;-71.0;43.9;44.2;10;10.8;27.5;0.0;
20/02/2025 08:01:42;100;0;186.02;-4;-19.23;-6.15;427.2;16.00;76496;2836.746;-1758.531;1;185;-70;-69.4;43.9;44.0;10;10.8;27.5;0.0;
20/02/2025 08:02:02;100;0;187.71;-4;-19.29;-6.20;429.6;15.90;76488;2836.743;-1758.532;1;185;-70;-69.4;43.9;44.0;12;12.2;27.5;0.0;
20/02/2025 08:02:22;100;0;188.03;-4;-19.33;-5.20;432.2;15.90;76481;2836.740;-1758.533;1;185;-70;-71.0;43.9;44.2;12;12.6;27.5;0.0;
20/02/2025 08:02:42;100;0;188.49;-4;-19.36;-5.23;434.6;15.80;76472;2836.737;-1758.534;1;185;-70;-69.4;43.9;44.2;12;12.6;27.5;0.0;
20/02/2025 08:03:02;100;0;188.97;-4;-19.43;-5.18;437.2;15.80;76472;2836.733;-1758.534;1;185;-70;-69.4;43.9;44.2;12;12.6;27.5;0.0;
20/02/2025 08:03:22;100;0;190.15;-4;-19.46;-5.21;439.8;15.80;76452;2836.730;-1758.535;1;185;-70;-69.4;43.9;44.0;12;12.6;27.5;0.0;
20/02/2025 08:03:42;100;0;190.97;-4;-19.44;-5.16;442.3;15.80;76461;2836.727;-1758.536;1;185;-70;-71.0;43.9;44.2;12;12.6;27.5;0.0;
20/02/2025 08:04:02;100;0;192.02;-4;-19.52;-5.21;444.8;15.70;76452;2836.724;-1758.537;1;185;-70;-69.4;43.9;44.2;15;14.9;27.5;0.0;
20/02/2025 08:04:22;100;0;193.58;-4;-19.59;-3.93;447.4;15.70;76451;2836.721;-1758.538;1;185;-70;-71.0;43.9;44.0;15;15.3;27.5;0.0;
20/02/2025 08:04:42;100;0;193.98;-4;-19.60;-3.91;450.0;15.60;76441;2836.718;-1758.539;1;185;-70;-72.6;43.9;44.0;17;17.1;27.5;0.0;
20/02/2025 08:05:02;100;0;194.90;-4;-19.73;-2.65;452.7;15.60;76439;2836.715;-1758.540;1;185;-70;-69.4;43.9;44.2;17;17.6;27.5;0.0;
20/02/2025 08:05:22;100;0;192.62;-4;-19.80;-2.73;455.4;15.60;76438;2836.711;-1758.541;1;185;-70;-71.0;43.9;44.0;14;14.0;27.5;0.0;
20/02/2025 08:05:42;100;0;191.22;-4;-19.65;-4.65;458.2;15.60;76428;2836.708;-1758.542;1;185;-70;-69.4;43.9;44.2;14;14.0;27.5;0.0;
20/02/2025 08:06:02;100;0;188.73;-4;-19.98;-4.68;461.0;15.50;76416;2836.704;-1758.543;1;185;-70;-71.0;43.9;44.2;12;11.7;27.5;0.0;
20/02/2025 08:06:22;100;0;185.64;-4;-19.98;-5.69;463.9;15.50;76409;2836.701;-1758.544;1;185;-70;-69.4;43.9;44.2;12;11.7;27.5;0.0;
20/02/2025 08:06:42;100;0;183.16;-4;-19.62;-5.79;466.9;15.50;76400;2836.697;-1758.544;1;185;-70;-69.4;43.9;44.0;12;11.7;27.5;0.0;
20/02/2025 08:07:02;100;0;182.02;-4;-19.29;-5.67;469.6;15.40;76392;2836.694;-1758.544;1;185;-70;-71.0;43.9;44.2;12;11.7;27.5;0.0;
20/02/2025 08:07:22;100;0;181.31;-4;-19.20;-5.87;472.4;15.40;76394;2836.690;-1758.545;1;185;-70;-69.4;43.9;44.0;12;11.7;27.5;0.0;
20/02/2025 08:07:42;100;0;178.83;-4;-19.17;-5.78;475.2;15.40;76376;2836.686;-1758.545;1;185;-70;-69.4;43.9;44.2;12;11.7;27.5;0.0;
20/02/2025 08:08:02;100;0;180.73;-4;-19.19;-5.74;478.0;15.30;76367;2836.683;-1758.545;1;185;-70;-71.0;43.9;44.2;12;11.7;27.5;0.0;
20/02/2025 08:08:22;100;0;185.20;-4;-19.38;-5.86;480.8;15.30;76362;2836.679;-1758.545;1;185;-70;-69.4;43.9;44.0;12;11.7;27.5;0.0;
20/02/2025 08:08:42;100;0;188.16;-4;-19.00;-5.74;483.7;15.30;76350;2836.676;-1758.546;1;185;-70;-69.4;44.2;44.2;12;11.7;27.5;0.0;
20/02/2025 08:09:02;100;0;186.88;-4;-19.28;-5.93;486.6;15.30;76351;2836.672;-1758.547;1;185;-70;-72.6;44.2;44.2;12;11.7;27.5;0.0;
20/02/2025 08:09:22;100;0;183.82;-4;-18.73;-5.78;489.4;15.20;76341;2836.668;-1758.547;1;185;-70;-71.0;44.5;44.6;12;11.7;27.5;0.0;
20/02/2025 08:09:42;100;0;184.05;-4;-20.04;-5.78;492.3;15.20;76340;2836.665;-1758.548;1;185;-70;-72.6;44.5;44.8;12;11.3;27.5;0.0;
20/02/2025 08:10:02;100;0;182.40;-4;-20.58;-5.75;495.4;15.20;76335;2836.661;-1758.548;1;185;-70;-69.4;44.5;44.8;12;11.7;27.5;0.0;
20/02/2025 08:10:22;100;0;183.90;-4;-20.44;-5.72;498.6;15.20;76328;2836.657;-1758.549;1;185;-70;-69.4;44.5;44.8;12;11.7;27.5;0.0;
20/02/2025 08:10:42;100;0;185.34;-4;-20.49;-5.67;501.7;15.10;76319;2836.653;-1758.549;1;185;-70;-69.4;44.5;44.8;12;11.7;27.5;0.0;
20/02/2025 08:11:02;100;0;182.74;-4;-20.46;-5.78;504.8;15.10;76317;2836.649;-1758.549;1;185;-70;-69.4;44.5;44.8;12;11.7;27.5;0.0;
20/02/2025 08:11:22;100;0;179.73;-4;-20.39;-5.88;508.0;15.10;76305;2836.645;-1758.550;1;185;-70;-69.4;44.5;44.8;12;11.7;27.5;0.0;
20/02/2025 08:11:42;100;0;178.76;-4;-20.15;-5.73;511.1;15.00;76295;2836.641;-1758.550;1;185;-70;-69.4;44.5;44.8;12;11.7;27.5;0.0;
20/02/2025 08:12:02;100;0;183.78;-4;-20.24;-5.68;514.1;15.00;76285;2836.638;-1758.550;1;185;-70;-69.4;44.5;44.8;12;11.3;27.5;0.0;
20/02/2025 08:12:22;100;0;186.04;-4;-20.51;-5.60;517.3;15.00;76291;2836.634;-1758.551;1;185;-70;-67.7;44.5;44.6;12;11.7;27.5;0.0;
20/02/2025 08:12:42;100;0;185.38;-4;-20.32;-5.73;520.3;15.00;76268;2836.630;-1758.551;1;185;-70;-69.4;44.5;44.8;12;11.3;27.5;0.0;
20/02/2025 08:13:02;100;0;184.64;-4;-21.20;-5.72;523.4;14.90;76272;2836.626;-1758.552;1;185;-70;-71.0;44.5;44.6;12;11.7;27.5;0.0;
20/02/2025 08:13:22;100;0;182.96;-4;-20.41;-5.86;526.6;14.90;76262;2836.622;-1758.552;1;185;-70;-71.0;44.5;44.8;12;11.7;27.5;0.0;
20/02/2025 08:13:42;100;0;181.70;-4;-20.32;-5.80;529.7;14.90;76269;2836.618;-1758.553;1;185;-70;-69.4;44.5;44.8;12;11.7;27.5;0.0;
20/02/2025 08:14:02;100;0;181.45;-4;-20.75;-5.76;532.9;14.80;76259;2836.615;-1758.553;1;185;-70;-69.4;44.5;44.8;12;11.7;27.5;0.0;
20/02/2025 08:14:22;100;0;180.08;-4;-20.86;-5.72;536.0;14.80;76264;2836.611;-1758.553;1;185;-70;-69.4;44.5;44.8;12;11.7;27.5;0.0;
20/02/2025 08:14:42;100;0;181.34;-4;-20.53;-5.78;539.3;14.80;76239;2836.607;-1758.553;1;185;-70;-69.4;44.5;44.8;12;11.7;27.5;0.0;
20/02/2025 08:15:02;100;0;185.28;-4;-20.32;-5.71;542.4;14.80;76229;2836.603;-1758.554;1;185;-70;-69.4;44.5;44.6;12;11.7;27.5;0.0;
20/02/2025 08:15:22;100;0;189.49;-4;-20.33;-5.68;545.5;14.70;76230;2836.599;-1758.555;1;185;-70;-71.0;44.5;44.8;12;11.7;27.5;0.0;
20/02/2025 08:15:42;100;0;193.74;-4;-20.33;-5.84;548.7;14.70;76235;2836.595;-1758.556;1;185;-70;-69.4;44.5;44.8;15;14.9;27.5;0.0;
20/02/2025 08:16:02;100;0;194.85;-4;-20.53;-3.94;551.9;14.70;76230;2836.592;-1758.557;1;185;-70;-71.0;44.5;44.8;17;17.1;27.5;0.0;
20/02/2025 08:16:22;100;0;192.31;-4;-21.02;-2.78;555.1;14.60;76220;2836.588;-1758.558;1;185;-70;-69.4;44.5;44.9;14;14.0;27.5;0.0;
20/02/2025 08:16:42;100;0;192.41;-4;-20.66;-4.83;558.3;14.60;76210;2836.584;-1758.559;1;185;-70;-69.4;44.5;44.9;14;14.0;27.5;0.0;
20/02/2025 08:17:02;100;0;193.90;-4;-20.62;-4.60;561.5;14.60;76201;2836.581;-1758.561;1;185;-70;-69.4;44.5;44.8;16;15.8;27.5;0.0;
20/02/2025 08:17:22;100;0;193.45;-4;-20.92;-3.42;564.7;14.60;76202;2836.577;-1758.562;1;185;-70;-71.0;44.5;44.8;16;16.2;27.5;0.0;
20/02/2025 08:17:42;100;0;191.14;-4;-20.82;-3.47;567.9;14.50;76198;2836.573;-1758.563;1;185;-70;-71.0;44.5;44.8;14;13.5;27.5;0.0;
20/02/2025 08:18:02;100;0;186.50;-4;-20.82;-4.91;571.1;14.50;76193;2836.569;-1758.564;1;185;-70;-69.4;44.5;44.8;12;12.2;27.5;0.0;
20/02/2025 08:18:22;100;0;185.56;-4;-20.00;-5.59;574.4;14.50;76186;2836.565;-1758.564;1;185;-70;-69.4;44.5;44.8;12;12.2;27.5;0.0;
20/02/2025 08:18:42;100;0;191.18;-4;-20.06;-5.66;577.4;14.40;76157;2836.561;-1758.565;1;185;-70;-69.4;44.5;44.8;14;14.0;27.5;0.0;
20/02/2025 08:19:02;100;0;190.44;-4;-20.16;-4.28;580.6;14.40;76150;2836.558;-1758.566;1;185;-70;-69.4;44.5;44.8;14;14.4;27.5;0.0;
20/02/2025 08:19:22;100;0;187.45;-4;-20.19;-4.40;583.5;14.40;76145;2836.554;-1758.567;1;185;-70;-71.0;44.5;44.8;12;12.2;27.5;0.0;
20/02/2025 08:19:42;100;0;187.59;-4;-20.15;-5.74;586.6;14.40;76139;2836.550;-1758.568;1;185;-70;-69.4;44.5;44.8;12;11.7;27.5;0.0;
20/02/2025 08:20:02;100;0;184.69;-4;-19.93;-5.84;589.7;14.30;76121;2836.546;-1758.568;1;185;-70;-69.4;44.5;44.8;12;11.7;27.5;0.0;
20/02/2025 08:20:22;100;0;183.74;-4;-20.39;-5.70;592.7;14.30;76114;2836.543;-1758.569;1;185;-70;-69.4;44.5;44.9;12;11.7;27.5;0.0;
20/02/2025 08:20:42;100;0;183.16;-4;-20.54;-5.63;595.7;14.30;76110;2836.539;-1758.569;1;185;-70;-69.4;44.5;44.8;12;11.7;27.5;0.0;
20/02/2025 08:21:02;100;0;182.39;-4;-20.30;-5.70;598.8;14.30;76114;2836.535;-1758.569;1;185;-70;-69.4;44.5;44.8;12;11.7;27.5;0.0;
20/02/2025 08:21:22;100;0;179.44;-4;-20.30;-5.78;602.0;14.20;76114;2836.531;-1758.570;1;185;-70;-69.4;44.5;44.8;12;11.7;27.5;0.0;
20/02/2025 08:21:42;100;0;172.96;-4;-20.34;-5.72;605.2;14.20;76100;2836.527;-1758.569;1;185;-70;-71.0;44.5;44.8;9;9.0;27.5;0.0;
20/02/2025 08:22:02;100;0;171.21;-4;-20.01;-7.08;608.3;14.20;76096;2836.523;-1758.569;1;185;-70;-69.4;44.5;44.9;7;7.2;27.5;0.0;
20/02/2025 08:22:22;100;0;172.23;-4;-19.59;-8.07;611.6;14.20;76088;2836.519;-1758.568;1;185;-70;-72.6;44.5;44.8;7;7.2;27.5;0.0;
20/02/2025 08:22:42;100;0;175.49;-4;-19.51;-8.00;614.6;14.10;76078;2836.516;-1758.568;1;185;-70;-69.4;44.5;44.8;10;9.9;27.5;0.0;
20/02/2025 08:23:02;100;0;178.38;-4;-19.53;-6.40;617.7;14.10;76067;2836.512;-1758.568;1;185;-70;-69.4;44.5;44.8;12;12.2;27.5;0.0;
20/02/2025 08:23:22;100;0;179.99;-4;-20.00;-5.36;620.6;14.10;76078;2836.508;-1758.568;1;185;-70;-71.0;44.5;44.8;12;12.6;27.5;0.0;
20/02/2025 08:23:42;100;0;182.40;-4;-20.27;-5.36;623.6;14.00;76067;2836.504;-1758.568;1;185;-70;-69.4;44.5;44.9;12;12.6;27.5;0.0;
20/02/2025 08:24:02;100;0;188.30;-4;-19.18;-5.42;626.5;14.00;76062;2836.501;-1758.569;1;185;-70;-71.0;44.5;44.8;12;12.6;27.5;0.0;
20/02/2025 08:24:22;100;0;189.62;-4;-20.31;-5.32;629.3;14.00;76050;2836.497;-1758.570;1;185;-70;-71.0;44.5;44.8;12;12.6;27.5;0.0;
20/02/2025 08:24:42;100;0;191.95;-4;-20.17;-5.31;632.3;13.90;76048;2836.494;-1758.571;1;185;-70;-69.4;44.5;44.8;14;14.0;27.5;0.0;
20/02/2025 08:25:02;100;0;193.18;-4;-20.34;-4.34;635.3;13.90;76044;2836.490;-1758.572;1;185;-70;-69.4;44.5;44.8;14;14.4;27.5;0.0;
20/02/2025 08:25:22;100;0;194.38;-4;-20.21;-4.34;638.3;13.90;76044;2836.486;-1758.574;1;185;-70;-69.4;44.5;44.8;16;15.8;27.5;0.0;
20/02/2025 08:25:42;100;0;194.19;-4;-20.29;-3.45;641.3;13.90;76033;2836.483;-1758.575;1;185;-70;-69.4;44.5;44.8;16;16.2;27.5;0.0;
20/02/2025 08:26:02;100;0;196.10;-4;-20.22;-3.56;644.3;13.90;76033;2836.479;-1758.576;1;185;-70;-69.4;44.5;44.8;18;18.5;27.5;0.0;
20/02/2025 08:26:22;100;0;195.05;-4;-20.28;-2.19;647.2;13.80;76018;2836.476;-1758.577;1;185;-70;-71.0;44.5;44.8;18;18.5;27.5;0.0;
20/02/2025 08:26:42;100;0;192.21;-4;-20.61;-2.25;650.2;13.80;76009;2836.472;-1758.578;1;185;-70;-69.4;44.5;44.8;15;14.9;27.5;0.0;
20/02/2025 08:27:02;100;0;190.64;-4;-20.62;-4.12;653.3;13.80;75999;2836.469;-1758.579;1;185;-70;-71.0;44.5;44.8;15;14.9;27.5;0.0;
20/02/2025 08:27:22;100;0;188.20;-4;-20.15;-4.13;656.3;13.70;75993;2836.465;-1758.580;1;185;-70;-71.0;44.5;44.8;13;13.1;27.5;0.0;
20/02/2025 08:27:42;100;0;185.26;-4;-19.66;-5.29;659.0;13.70;75975;2836.461;-1758.581;1;185;-70;-69.4;44.5;44.9;13;13.1;27.5;0.0;
20/02/2025 08:28:02;100;0;184.93;-4;-19.97;-5.21;661.8;13.70;75957;2836.458;-1758.581;1;185;-70;-69.4;44.5;44.8;13;13.1;27.5;0.0;
20/02/2025 08:28:22;100;0;185.10;-4;-19.82;-5.27;664.5;13.60;75947;2836.455;-1758.582;1;185;-70;-69.4;44.5;44.8;13;12.6;27.5;0.0;
20/02/2025 08:28:42;100;0;186.11;-4;-19.76;-5.30;667.4;13.60;75940;2836.451;-1758.582;1;185;-70;-69.4;44.5;44.8;13;12.6;27.5;0.0;
20/02/2025 08:29:02;100;0;186.27;-4;-19.40;-5.36;670.1;13.60;75922;2836.448;-1758.583;1;185;-70;-69.4;44.5;44.8;13;13.1;27.5;0.0;
20/02/2025 08:29:22;100;0;185.61;-4;-19.27;-5.36;672.8;13.50;75916;2836.444;-1758.583;1;185;-70;-69.4;44.5;44.8;13;13.1;27.5;0.0;
20/02/2025 08:29:42;100;0;185.35;-4;-19.86;-5.35;675.6;13.50;75914;2836.441;-1758.584;1;185;-70;-69.4;44.5;44.8;13;13.1;27.5;0.0;
20/02/2025 08:30:02;100;0;182.62;-4;-19.56;-5.32;678.5;13.50;75902;2836.437;-1758.584;1;185;-70;-67.7;44.5;44.9;13;12.6;27.5;0.0;
20/02/2025 08:30:22;100;0;182.11;-4;-19.61;-5.20;681.3;13.50;75908;2836.434;-1758.585;1;185;-70;-69.4;44.5;44.8;13;12.6;27.5;0.0;
20/02/2025 08:30:42;100;0;179.85;-4;-19.81;-5.26;684.0;13.40;75888;2836.430;-1758.585;1;185;-70;-69.4;44.5;44.8;13;12.6;27.5;0.0;
20/02/2025 08:31:02;100;0;178.26;-4;-19.98;-5.25;686.9;13.40;75882;2836.427;-1758.585;1;185;-70;-71.0;44.5;44.8;13;12.6;27.5;0.0;
20/02/2025 08:31:22;100;0;176.82;-4;-19.69;-5.34;689.6;13.40;75877;2836.423;-1758.585;1;185;-70;-69.4;44.5;44.8;11;10.8;27.5;0.0;
20/02/2025 08:31:42;100;0;175.42;-4;-19.33;-6.24;692.3;13.30;75868;2836.420;-1758.585;1;185;-70;-71.0;44.5;44.8;11;10.8;27.5;0.0;
20/02/2025 08:32:02;100;0;175.96;-4;-20.36;-6.17;695.1;13.30;75866;2836.417;-1758.584;1;185;-70;-71.0;44.5;44.8;11;10.8;27.5;0.0;
20/02/2025 08:32:23;100;0;175.11;-4;-19.67;-6.24;697.9;13.30;75867;2836.413;-1758.584;1;185;-70;-69.4;44.5;44.8;11;10.8;27.5;0.0;
20/02/2025 08:32:43;100;0;174.33;-4;-19.36;-6.30;700.6;13.30;75846;2836.410;-1758.584;1;185;-70;-69.4;44.5;44.8;11;10.8;27.5;0.0;
20/02/2025 08:33:03;100;0;173.61;-4;-19.43;-6.12;703.3;13.20;75840;2836.406;-1758.584;1;185;-70;-69.4;44.5;44.8;9;9.0;27.5;0.0;
20/02/2025 08:33:23;100;0;174.37;-4;-19.69;-7.30;705.9;13.20;75839;2836.403;-1758.584;1;185;-70;-69.4;44.5;44.8;11;10.8;27.5;0.0;
20/02/2025 08:33:43;100;0;173.67;-4;-19.83;-6.03;708.6;13.20;75826;2836.400;-1758.583;1;185;-70;-69.4;44.5;44.8;9;9.0;27.5;0.0;
20/02/2025 08:34:03;100;0;173.53;-4;-19.66;-7.08;711.3;13.10;75833;2836.396;-1758.583;1;185;-70;-69.4;44.5;44.8;9;9.0;27.5;0.0;
20/02/2025 08:34:23;100;0;173.62;-4;-19.69;-7.10;713.9;13.10;75826;2836.393;-1758.583;1;185;-70;-69.4;44.5;44.9;9;9.0;27.5;0.0;
20/02/2025 08:34:43;100;0;174.04;-4;-19.70;-7.08;716.6;13.10;75825;2836.390;-1758.582;1;185;-70;-69.4;44.5;44.8;9;9.0;27.5;0.0;
20/02/2025 08:35:03;100;0;174.90;-4;-19.57;-7.12;719.3;13.10;75812;2836.386;-1758.582;1;185;-70;-69.4;44.5;44.8;9;9.0;27.5;0.0;
20/02/2025 08:35:23;100;0;174.96;-4;-19.69;-6.99;722.0;13.00;75815;2836.383;-1758.582;1;185;-70;-69.4;44.5;44.8;9;9.0;27.5;0.0;
20/02/2025 08:35:43;100;0;175.97;-4;-19.78;-6.99;724.6;13.00;75803;2836.380;-1758.582;1;185;-70;-69.4;44.5;44.8;11;10.8;27.5;0.0;
20/02/2025 08:36:03;100;0;175.90;-4;-19.87;-6.02;727.3;13.00;75796;2836.376;-1758.582;1;185;-70;-69.4;44.5;44.8;11;10.8;27.5;0.0;
20/02/2025 08:36:23;100;0;175.54;-4;-19.66;-6.07;729.9;13.00;75800;2836.373;-1758.582;1;185;-70;-71.0;44.5;44.8;11;10.8;27.5;0.0;
20/02/2025 08:36:43;100;0;175.40;-4;-19.63;-6.05;732.6;12.90;75802;2836.370;-1758.582;1;185;-70;-71.0;44.5;44.8;11;10.8;27.5;0.0;
20/02/2025 08:37:03;100;0;176.71;-4;-19.63;-6.00;735.2;12.90;75784;2836.367;-1758.581;1;185;-70;-69.4;44.5;44.8;11;10.8;27.5;0.0;
20/02/2025 08:37:23;100;0;177.66;-4;-19.62;-6.12;737.8;12.90;75791;2836.364;-1758.581;1;185;-70;-71.0;44.5;44.8;11;10.8;27.5;0.0;
20/02/2025 08:37:43;100;0;178.86;-4;-19.78;-6.08;740.4;12.90;75786;2836.360;-1758.582;1;185;-70;-71.0;44.5;44.8;11;10.8;27.5;0.0;
20/02/2025 08:38:03;100;0;179.04;-4;-19.97;-6.15;743.0;12.80;75779;2836.357;-1758.582;1;185;-70;-69.4;44.5;44.8;11;10.8;27.5;0.0;
20/02/2025 08:38:23;100;0;182.48;-4;-19.55;-5.92;745.9;12.80;75778;2836.353;-1758.582;1;185;-70;-69.4;44.5;44.8;11;10.8;27.5;0.0;
20/02/2025 08:38:43;100;0;185.06;-4;-19.51;-5.79;748.4;12.80;75770;2836.350;-1758.582;1;185;-70;-69.4;44.5;44.8;11;10.8;27.5;0.0;
20/02/2025 08:39:03;100;0;191.64;-4;-18.75;-5.60;751.1;12.80;75777;2836.347;-1758.583;1;185;-70;-71.0;44.9;45.1;14;14.0;27.5;0.0;
20/02/2025 08:39:23;100;0;189.89;-4;-20.21;-4.55;753.7;12.70;75767;2836.344;-1758.584;1;185;-70;-71.0;44.9;45.2;14;14.4;27.5;0.0;
20/02/2025 08:39:43;100;0;190.13;-4;-20.58;-4.05;756.4;12.70;75769;2836.341;-1758.585;1;185;-70;-69.4;44.9;45.2;14;14.4;27.5;0.0;
20/02/2025 08:40:03;100;0;194.43;-4;-19.39;-4.52;759.1;12.70;75765;2836.337;-1758.586;1;185;-70;-69.4;44.9;45.2;16;15.8;27.5;0.0;
20/02/2025 08:40:23;100;0;198.62;-4;-21.76;-3.66;761.5;12.70;75758;2836.335;-1758.587;1;185;-70;-69.4;44.9;45.2;23;23.5;27.5;0.0;
20/02/2025 08:40:43;100;0;195.39;-4;-21.26;0.36;764.4;12.60;75758;2836.331;-1758.589;1;185;-70;-71.0;44.9;45.2;17;16.2;27.5;0.0;
20/02/2025 08:41:03;100;0;195.20;-4;-21.34;-3.30;767.0;12.60;75747;2836.328;-1758.590;1;185;-70;-71.0;44.9;45.2;17;17.1;27.5;0.0;
20/02/2025 08:41:23;100;0;193.48;-4;-20.59;-3.43;769.7;12.60;75748;2836.325;-1758.591;1;185;-70;-71.0;44.9;45.2;17;17.1;27.5;0.0;
20/02/2025 08:41:43;100;0;191.62;-4;-20.47;-3.26;772.4;12.60;75748;2836.322;-1758.592;1;185;-70;-71.0;44.9;45.2;14;14.0;27.5;0.0;
20/02/2025 08:42:03;100;0;193.69;-4;-20.68;-4.88;775.2;12.50;75739;2836.319;-1758.593;1;185;-70;-69.4;44.9;45.2;16;15.8;27.5;0.0;
20/02/2025 08:42:23;100;0;195.81;-4;-20.53;-3.52;778.0;12.50;75739;2836.315;-1758.594;1;185;-70;-71.0;44.9;45.2;18;18.1;27.5;0.0;
20/02/2025 08:42:43;100;0;194.83;-4;-20.94;-2.37;780.6;12.50;75731;2836.312;-1758.595;1;185;-70;-71.0;44.9;45.2;18;19.0;27.5;0.0;
20/02/2025 08:43:03;100;0;199.21;-4;-19.33;-1.71;783.5;12.50;75735;2836.309;-1758.597;1;185;-70;-69.4;44.9;45.2;23;23.0;27.5;0.0;
20/02/2025 08:43:23;100;0;198.30;-4;-20.61;-0.34;786.1;12.50;75731;2836.306;-1758.598;1;184;-70;-67.7;44.9;45.2;23;23.0;27.5;0.0;
20/02/2025 08:43:43;100;0;194.93;-4;-21.15;-0.11;788.4;12.40;75731;2836.303;-1758.599;1;184;-70;-67.7;44.9;45.2;20;19.9;27.5;0.0;
20/02/2025 08:44:03;100;0;193.32;-4;-21.72;-2.07;790.8;12.40;75731;2836.301;-1758.600;1;184;-70;-69.4;44.9;45.4;18;18.1;27.5;0.0;
20/02/2025 08:44:23;100;0;190.69;-4;-20.11;-2.57;793.4;12.40;75716;2836.298;-1758.601;1;184;-70;-69.4;44.9;45.2;14;13.5;27.5;0.0;
20/02/2025 08:44:43;100;0;191.97;-4;-20.79;-4.82;795.9;12.40;75718;2836.295;-1758.602;1;184;-70;-69.4;44.9;45.2;16;15.8;27.5;0.0;
20/02/2025 08:45:03;100;0;195.77;-4;-20.62;-3.48;798.4;12.40;75715;2836.292;-1758.603;1;184;-70;-69.4;44.9;45.2;21;21.7;27.5;0.0;
20/02/2025 08:45:23;100;0;194.80;-4;-20.97;-0.80;800.8;12.30;75716;2836.289;-1758.604;1;184;-70;-69.4;44.9;45.2;21;21.7;27.5;0.0;
20/02/2025 08:45:43;100;0;190.91;-4;-20.74;-0.77;803.2;12.30;75709;2836.286;-1758.605;1;184;-70;-69.4;44.9;45.2;15;14.4;27.5;0.0;
20/02/2025 08:46:03;100;0;190.18;-4;-20.85;-4.45;805.5;12.30;75694;2836.284;-1758.605;1;184;-70;-71.0;44.9;45.2;15;14.4;27.5;0.0;
20/02/2025 08:46:23;100;0;187.32;-4;-20.88;-4.48;807.9;12.30;75683;2836.281;-1758.606;1;184;-70;-69.4;44.9;45.4;13;13.1;27.5;0.0;
20/02/2025 08:46:43;100;0;186.35;-4;-20.45;-5.19;810.3;12.30;75670;2836.278;-1758.607;1;184;-70;-67.7;44.9;45.2;13;12.6;27.5;0.0;
20/02/2025 08:47:03;100;0;189.42;-4;-20.47;-5.24;812.5;12.20;75668;2836.275;-1758.607;1;184;-70;-69.4;44.9;45.2;13;13.1;27.5;0.0;
20/02/2025 08:47:23;100;0;191.00;-4;-20.68;-5.28;814.7;12.20;75661;2836.272;-1758.608;1;184;-70;-69.4;44.9;45.2;16;15.8;27.5;0.0;
20/02/2025 08:47:43;100;0;193.59;-4;-20.42;-3.54;817.0;12.20;75663;2836.270;-1758.609;1;184;-70;-69.4;44.9;45.2;18;18.1;27.5;0.0;
20/02/2025 08:48:03;100;0;191.67;-4;-20.43;-2.37;819.2;12.20;75650;2836.267;-1758.610;1;184;-70;-69.4;44.9;45.2;16;15.8;27.5;0.0;
20/02/2025 08:48:23;100;0;189.43;-4;-20.63;-3.74;821.6;12.10;75641;2836.264;-1758.610;1;184;-70;-69.4;44.9;45.2;16;15.8;27.5;0.0;
20/02/2025 08:48:43;100;0;187.39;-4;-20.51;-3.74;823.9;12.10;75637;2836.262;-1758.611;1;184;-70;-71.0;44.9;45.2;14;14.0;27.5;0.0;
20/02/2025 08:49:03;100;0;184.99;-4;-20.65;-4.77;826.2;12.10;75620;2836.259;-1758.612;1;184;-70;-69.4;44.9;45.2;14;14.0;27.5;0.0;
20/02/2025 08:49:23;100;0;185.53;-4;-20.41;-4.82;828.6;12.10;75630;2836.256;-1758.612;1;184;-70;-69.4;44.9;45.2;14;14.0;27.5;0.0;
20/02/2025 08:49:43;100;0;182.89;-4;-20.05;-4.88;831.0;12.10;75612;2836.253;-1758.612;1;184;-70;-71.0;44.9;45.2;14;14.0;27.5;0.0;
20/02/2025 08:50:03;100;0;180.06;-4;-20.33;-4.63;833.3;12.00;75618;2836.250;-1758.612;1;184;-70;-69.4;44.9;45.4;14;14.0;27.5;0.0;
20/02/2025 08:50:23;100;0;178.30;-4;-21.45;-4.61;835.8;12.00;75616;2836.247;-1758.613;1;184;-70;-69.4;44.9;45.2;14;14.0;27.5;0.0;
20/02/2025 08:50:43;100;0;176.24;-4;-20.60;-4.80;838.4;12.00;75622;2836.244;-1758.612;1;184;-70;-69.4;44.9;45.2;12;11.7;27.5;0.0;
20/02/2025 08:51:03;100;0;175.79;-4;-20.47;-5.80;840.8;12.00;75613;2836.241;-1758.612;1;184;-70;-71.0;44.9;45.2;12;11.7;27.5;0.0;
20/02/2025 08:51:23;100;0;176.15;-4;-20.51;-5.75;843.3;12.00;75600;2836.238;-1758.612;1;184;-70;-69.4;44.9;45.2;12;11.7;27.5;0.0;
20/02/2025 08:51:43;100;0;177.61;-4;-19.62;-5.66;845.7;11.90;75594;2836.235;-1758.612;1;184;-70;-71.0;44.9;45.2;12;11.7;27.5;0.0;
20/02/2025 08:52:03;100;0;179.49;-4;-20.58;-5.76;847.9;11.90;75594;2836.233;-1758.612;1;184;-70;-69.4;44.9;45.2;12;11.7;27.5;0.0;
20/02/2025 08:52:23;100;0;182.25;-4;-19.34;-5.82;850.4;11.90;75590;2836.229;-1758.613;1;184;-70;-71.0;44.9;45.2;12;11.7;27.5;0.0;
20/02/2025 08:52:43;100;0;184.39;-4;-19.89;-5.89;852.8;11.90;75583;2836.226;-1758.613;1;184;-70;-71.0;44.9;45.2;12;11.7;27.5;0.0;
20/02/2025 08:53:03;100;0;188.10;-4;-20.51;-5.85;855.2;11.80;75575;2836.224;-1758.614;1;184;-70;-69.4;44.9;45.2;14;14.0;27.5;44.5;
20/02/2025 08:53:23;100;0;188.71;-4;-20.67;-4.48;857.9;11.80;75568;2836.220;-1758.615;1;184;-70;-71.0;44.9;45.2;14;14.0;27.5;43.3;
20/02/2025 08:53:43;100;0;191.12;-4;-20.44;-4.50;860.5;11.80;75571;2836.217;-1758.615;1;184;-70;-69.4;44.9;45.2;16;15.8;27.5;0.0;
20/02/2025 08:54:03;100;0;189.88;-4;-20.30;-3.54;863.0;11.80;75576;2836.214;-1758.616;1;184;-70;-69.4;44.9;45.2;16;16.2;27.5;0.0;
20/02/2025 08:54:23;100;0;187.32;-4;-21.55;-3.55;865.8;11.80;75578;2836.211;-1758.617;1;184;-70;-69.4;44.9;45.2;14;13.5;27.5;0.0;
20/02/2025 08:54:43;100;0;187.19;-4;-20.96;-5.03;868.8;11.80;75563;2836.207;-1758.618;1;184;-70;-69.4;44.9;45.2;14;13.5;27.5;0.0;
20/02/2025 08:55:03;100;0;183.20;-4;-20.76;-4.83;871.8;11.70;75569;2836.204;-1758.618;1;184;-70;-69.4;44.9;45.2;14;13.5;27.5;0.0;
20/02/2025 08:55:23;100;0;181.74;-4;-19.07;-5.21;874.9;11.70;75556;2836.200;-1758.618;1;184;-70;-71.0;44.9;45.2;14;13.5;27.5;0.0;
20/02/2025 08:55:43;100;0;183.14;-4;-19.61;-4.94;877.7;11.70;75539;2836.196;-1758.619;1;184;-70;-69.4;44.9;45.2;14;13.5;27.5;0.0;
20/02/2025 08:56:03;100;0;183.67;-4;-17.98;-5.01;880.2;11.70;75547;2836.193;-1758.619;1;184;-70;-72.6;45.5;45.5;14;13.5;27.5;0.0;
20/02/2025 08:56:23;100;0;187.19;-4;-19.00;-4.82;882.0;11.70;75549;2836.191;-1758.620;1;184;-90;-93.5;45.5;45.8;14;13.5;27.5;0.0;
20/02/2025 08:56:43;100;0;185.23;-4;-21.45;-4.86;883.9;11.60;75587;2836.189;-1758.620;1;184;-110;-111.3;45.5;45.7;14;13.5;27.5;0.0;
20/02/2025 08:57:03;100;0;185.47;-4;-20.79;-5.17;886.1;11.60;75638;2836.186;-1758.620;1;184;-110;-114.5;45.5;45.8;14;13.5;27.5;0.0;
20/02/2025 08:57:23;100;0;186.19;-4;-21.13;-5.11;888.8;11.60;75637;2836.183;-1758.621;1;184;-110;-117.7;45.5;45.7;14;13.5;27.5;0.0;
20/02/2025 08:57:43;100;0;186.12;-4;-19.54;-4.97;892.0;11.60;75646;2836.179;-1758.622;1;184;-110;-119.4;45.5;45.8;14;13.5;27.5;0.0;
20/02/2025 08:58:03;100;0;183.81;-4;-20.33;-4.77;894.7;11.60;75641;2836.175;-1758.622;1;184;-110;-121.0;45.5;45.8;14;13.5;27.5;0.0;
20/02/2025 08:58:23;100;0;180.50;-4;-20.37;-4.68;897.4;11.50;75634;2836.172;-1758.622;1;184;-110;-121.0;45.5;45.8;14;13.5;27.5;0.0;
20/02/2025 08:58:36;118;0;180.16;-4;-21.21;-5.01;899.2;11.50;75637;2836.170;-1758.622;1;184;150;-119.4;34.0;33.9;14;13.5;27.5;0.0;
20/02/2025 08:58:46;118;0;132.83;-4;-12.96;-5.10;900.2;11.50;75617;2836.169;-1758.621;1;184;150;4.8;34.0;33.7;14;13.1;26.4;-1.0;
20/02/2025 08:58:56;118;0;124.30;-4;-2.15;-5.00;900.7;11.50;75346;2836.169;-1758.621;1;184;150;130.6;34.0;33.6;14;13.5;26.3;-1.0;
20/02/2025 08:59:06;118;0;124.11;-4;0.97;-5.52;900.7;11.50;75084;2836.169;-1758.621;1;184;150;153.2;34.0;33.7;14;13.5;26.3;-1.0;
20/02/2025 08:59:16;118;0;183.36;-4;0.84;-5.77;900.4;11.50;75055;2836.169;-1758.621;1;184;150;153.2;34.0;33.6;14;13.5;27.5;-1.0;
20/02/2025 08:59:36;117;0;177.95;-4;0.45;-5.50;899.8;11.50;75058;2836.169;-1758.621;1;184;150;153.2;34.0;33.6;14;13.5;27.5;-1.0;
20/02/2025 08:59:56;117;0;173.76;-4;0.58;-5.76;898.9;11.50;75065;2836.168;-1758.621;1;184;150;153.2;28.2;28.0;36;36.1;27.5;-1.0;
20/02/2025 09:00:16;117;0;174.68;-4;18.08;6.83;897.9;11.50;75058;2836.167;-1758.621;1;184;150;154.8;27.6;27.1;39;38.8;27.5;-1.0;
20/02/2025 09:00:36;117;0;178.89;-4;20.88;7.68;896.3;11.50;75055;2836.165;-1758.621;1;184;150;154.8;27.6;27.0;39;38.8;27.5;-1.0;
20/02/2025 09:00:56;117;0;178.17;-4;21.19;7.96;894.6;11.50;75054;2836.163;-1758.621;1;184;150;154.8;27.6;27.0;39;39.3;27.5;-1.0;
20/02/2025 09:01:16;117;0;176.76;-4;20.99;8.02;892.8;11.50;75051;2836.161;-1758.621;1;184;150;153.2;27.6;27.0;39;39.3;27.5;-1.0;
20/02/2025 09:01:36;117;0;179.09;-4;22.03;8.42;891.1;11.40;75050;2836.159;-1758.622;1;184;150;153.2;28.2;28.4;39;39.3;27.5;-1.0;
20/02/2025 09:01:56;117;0;181.54;-4;18.82;8.16;889.3;11.40;75048;2836.157;-1758.622;1;184;150;154.8;27.9;27.8;39;39.3;27.5;-1.0;
20/02/2025 09:02:16;117;0;181.03;-4;19.37;7.90;887.6;11.40;75038;2836.155;-1758.622;1;184;150;154.8;27.9;27.5;39;38.8;27.5;-1.0;
20/02/2025 09:02:36;117;0;183.93;-4;20.78;8.07;885.8;11.40;75040;2836.153;-1758.622;1;184;150;154.8;27.9;27.2;39;39.3;27.5;-1.0;
20/02/2025 09:02:56;117;0;186.30;-4;20.92;8.08;883.9;11.40;75029;2836.150;-1758.623;1;184;150;154.8;27.9;27.1;39;39.3;27.5;-1.0;
20/02/2025 09:03:16;117;0;188.62;-4;20.55;8.04;882.0;11.30;75033;2836.148;-1758.623;1;184;150;154.8;27.9;27.2;37;37.0;27.5;-1.0;
20/02/2025 09:03:36;117;0;189.78;-4;20.71;6.87;880.1;11.30;75028;2836.146;-1758.624;1;184;150;154.8;27.9;27.2;37;37.0;27.5;-1.0;
20/02/2025 09:03:56;117;0;189.23;-4;20.31;6.86;878.3;11.30;75023;2836.144;-1758.625;1;184;170;172.6;27.9;27.2;37;37.0;27.5;-1.0;
20/02/2025 09:04:16;117;0;187.34;-4;20.48;6.86;876.5;11.30;74994;2836.142;-1758.625;1;184;190;193.5;27.9;27.2;37;37.0;27.5;-1.0;
20/02/2025 09:04:36;117;0;188.01;-4;19.50;7.06;874.6;11.30;74937;2836.139;-1758.626;1;184;210;212.9;27.9;27.2;37;37.0;27.5;-1.0;
20/02/2025 09:04:56;117;0;187.70;-4;20.04;6.85;872.6;11.30;74894;2836.137;-1758.626;1;184;230;232.3;27.9;27.2;37;37.0;27.5;-1.0;
20/02/2025 09:05:16;117;0;189.11;-4;18.86;7.08;870.6;11.30;74855;2836.134;-1758.627;1;184;230;230.6;27.5;27.5;37;37.0;27.5;-1.0;
20/02/2025 09:05:36;117;0;189.74;-4;18.15;7.15;868.4;11.20;74845;2836.132;-1758.628;1;184;230;232.3;27.0;26.8;37;37.0;27.5;-1.0;
20/02/2025 09:05:56;117;0;188.71;-4;19.70;7.16;866.4;11.30;74855;2836.129;-1758.628;1;184;230;232.3;27.0;26.5;37;37.0;27.5;-1.0;
20/02/2025 09:06:17;117;0;189.24;-4;18.55;6.91;864.3;11.20;74848;2836.126;-1758.629;1;184;230;232.3;26.5;26.5;37;37.0;27.5;-1.0;
20/02/2025 09:06:37;117;0;190.28;-4;20.76;6.91;862.2;11.20;74835;2836.124;-1758.629;1;184;230;232.3;26.5;26.5;37;37.0;27.5;-1.0;
20/02/2025 09:06:57;117;0;191.34;-4;20.39;7.03;860.0;11.20;74841;2836.121;-1758.630;1;184;230;232.3;26.5;26.2;35;35.2;27.5;-1.0;
20/02/2025 09:07:17;117;0;191.91;-4;20.80;5.88;857.8;11.20;74836;2836.119;-1758.631;1;184;230;232.3;26.5;26.2;35;34.7;27.5;-1.0;
20/02/2025 09:07:37;117;0;191.91;-4;20.54;6.06;855.6;11.20;74833;2836.116;-1758.632;1;184;230;232.3;26.5;26.2;35;34.7;27.5;-1.0;
20/02/2025 09:07:57;117;0;188.84;-4;19.46;6.06;853.3;11.20;74824;2836.113;-1758.633;1;184;230;233.9;26.5;26.1;37;37.0;27.5;-1.0;
20/02/2025 09:08:17;117;0;193.49;-4;21.58;7.46;851.0;11.20;74824;2836.111;-1758.633;1;184;230;232.3;26.5;26.1;33;32.5;27.5;-1.0;
20/02/2025 09:08:37;117;0;191.96;-4;20.29;4.82;848.6;11.10;74822;2836.108;-1758.634;1;184;230;232.3;26.5;26.2;33;32.5;27.5;-1.0;
20/02/2025 09:08:57;117;0;192.50;-4;20.48;4.75;846.4;11.10;74817;2836.105;-1758.635;1;184;230;232.3;26.5;26.2;33;32.5;27.5;-1.0;
20/02/2025 09:09:17;117;0;192.70;-4;20.67;4.94;844.1;11.10;74820;2836.103;-1758.636;1;183;230;232.3;26.5;26.2;33;32.5;27.5;-1.0;
20/02/2025 09:09:37;117;0;193.26;-4;20.93;4.79;842.0;11.10;74813;2836.100;-1758.637;1;183;230;232.3;26.5;26.1;33;32.5;27.5;-1.0;
20/02/2025 09:09:57;117;0;193.84;-4;20.40;4.73;839.8;11.10;74806;2836.098;-1758.638;1;183;230;232.3;26.5;26.2;31;31.1;27.5;-1.0;
20/02/2025 09:10:17;117;0;196.52;-4;20.17;3.63;837.6;11.10;74801;2836.095;-1758.639;1;183;230;233.9;26.5;26.1;27;26.6;27.5;-1.0;
20/02/2025 09:10:37;117;0;196.31;-4;20.82;1.85;835.3;11.10;74815;2836.092;-1758.640;1;183;230;233.9;26.5;26.2;27;27.1;27.5;-1.0;
20/02/2025 09:10:57;117;0;195.21;-4;20.18;1.92;833.2;11.00;74796;2836.090;-1758.641;1;183;230;233.9;26.5;26.1;29;28.9;27.5;-1.0;
20/02/2025 09:11:17;117;0;195.50;-4;20.06;2.98;831.0;11.00;74802;2836.087;-1758.642;1;183;230;233.9;26.5;26.2;29;29.3;27.5;-1.0;
20/02/2025 09:11:37;117;0;195.52;-4;20.57;2.91;828.9;11.00;74794;2836.085;-1758.643;1;183;230;232.3;26.5;26.2;29;29.3;27.5;-1.0;
20/02/2025 09:11:57;117;0;195.84;-4;20.40;2.86;826.7;11.00;74789;2836.082;-1758.644;1;183;230;232.3;26.5;26.2;29;28.9;27.5;-1.0;
20/02/2025 09:12:17;117;0;195.89;-4;20.23;2.92;824.7;11.00;74787;2836.080;-1758.645;1;183;230;233.9;26.5;26.2;29;28.9;27.5;-1.0;
20/02/2025 09:12:37;117;0;196.58;-4;20.06;3.15;822.6;11.00;74788;2836.078;-1758.646;1;183;230;229.0;26.5;26.2;27;26.6;27.5;-1.0;
20/02/2025 09:12:57;117;0;195.59;-4;20.31;1.67;820.6;11.00;74780;2836.075;-1758.647;1;183;250;251.6;26.5;26.1;27;26.6;27.5;-1.0;
20/02/2025 09:13:17;117;0;196.44;-4;19.88;1.73;818.6;11.00;74755;2836.073;-1758.648;1;183;250;251.6;26.5;26.1;27;26.6;27.5;-1.0;
20/02/2025 09:13:37;117;0;196.21;-4;19.78;1.78;816.7;11.00;74761;2836.071;-1758.649;1;183;270;272.6;26.5;26.4;27;26.6;27.5;-1.0;
20/02/2025 09:13:57;117;0;194.96;-4;19.39;1.83;814.7;11.00;74703;2836.068;-1758.650;1;183;270;274.2;26.5;26.1;29;28.9;27.5;-1.0;
20/02/2025 09:14:17;117;0;195.94;-4;19.11;2.99;812.8;11.00;74696;2836.066;-1758.651;1;183;290;293.5;26.5;26.2;29;29.3;27.5;-1.0;
20/02/2025 09:14:37;117;0;197.06;-4;19.13;3.00;810.9;11.00;74666;2836.063;-1758.652;1;183;310;312.9;26.5;26.2;26;26.2;27.5;-1.0;
20/02/2025 09:14:57;117;0;195.43;-4;18.50;1.33;808.9;10.90;74608;2836.061;-1758.653;1;183;330;333.9;26.1;25.8;28;28.0;27.5;-1.0;
20/02/2025 09:15:17;117;0;197.70;-4;18.69;2.71;807.0;11.00;74565;2836.059;-1758.654;1;183;350;353.2;25.7;25.0;25;24.8;27.5;-1.0;
20/02/2025 09:15:37;117;0;195.81;-4;19.36;0.98;804.8;11.00;74540;2836.056;-1758.655;1;183;350;353.2;25.7;25.8;28;28.0;27.5;-1.0;
20/02/2025 09:15:57;117;0;194.97;-4;18.81;2.87;802.8;10.90;74530;2836.053;-1758.656;1;183;350;353.2;25.3;25.3;28;28.4;27.5;-1.0;
20/02/2025 09:16:17;117;0;192.12;-4;19.29;2.91;800.6;10.90;74536;2836.051;-1758.656;1;183;350;353.2;25.3;24.9;32;32.0;27.5;-1.0;
20/02/2025 09:16:37;117;0;192.56;-4;19.88;4.96;798.5;10.90;74536;2836.048;-1758.657;1;183;350;353.2;25.3;24.9;32;32.5;27.5;-1.0;
20/02/2025 09:16:57;117;0;193.83;-4;20.24;4.93;796.3;10.90;74525;2836.046;-1758.658;1;182;350;353.2;25.3;24.9;29;28.4;27.5;-1.0;
20/02/2025 09:17:17;117;0;193.23;-4;20.06;2.60;794.0;10.90;74538;2836.043;-1758.659;1;182;350;353.2;25.3;24.7;29;28.0;27.5;-1.0;
20/02/2025 09:17:37;117;0;191.78;-4;19.99;2.49;791.9;10.90;74527;2836.040;-1758.660;1;182;350;353.2;25.3;24.9;31;31.1;27.5;-1.0;
20/02/2025 09:17:57;117;0;193.25;-4;19.92;4.33;789.7;10.90;74531;2836.038;-1758.661;1;182;350;353.2;25.3;24.7;31;31.1;27.5;-1.0;
20/02/2025 09:18:17;117;0;193.42;-4;20.12;4.39;787.6;10.90;74534;2836.035;-1758.662;1;182;350;353.2;25.3;24.9;29;28.9;27.5;-1.0;
20/02/2025 09:18:37;117;0;195.03;-4;20.01;2.90;785.5;10.90;74540;2836.033;-1758.663;1;182;350;353.2;25.3;24.7;27;27.1;27.5;-1.0;
20/02/2025 09:18:57;117;0;194.12;-4;20.27;2.04;783.4;10.90;74543;2836.030;-1758.664;1;182;350;353.2;25.3;24.7;27;27.1;27.5;-1.0;
20/02/2025 09:19:17;117;0;193.16;-4;19.82;2.03;781.5;10.90;74536;2836.028;-1758.664;1;182;370;371.0;25.3;24.9;29;28.9;27.5;-1.0;
20/02/2025 09:19:37;117;0;192.81;-4;19.56;3.33;779.3;10.90;74502;2836.025;-1758.665;1;182;370;371.0;25.3;24.7;29;29.8;27.5;-1.0;
20/02/2025 09:19:57;117;0;192.67;-4;19.61;3.47;777.3;10.90;74511;2836.023;-1758.666;1;182;390;391.9;25.3;24.9;29;29.3;27.5;-1.0;
20/02/2025 09:20:17;117;0;192.58;-4;19.45;3.37;775.3;10.90;74463;2836.020;-1758.667;1;182;390;393.5;25.3;24.7;29;29.3;27.5;-1.0;
20/02/2025 09:20:37;117;0;191.71;-4;19.42;3.31;773.2;10.90;74463;2836.018;-1758.668;1;182;390;391.9;25.3;24.9;31;31.1;27.5;-1.0;
20/02/2025 09:20:57;117;0;190.71;-4;19.17;4.97;771.1;10.90;74463;2836.015;-1758.668;1;182;390;393.5;25.3;24.9;31;32.5;27.5;-1.0;
20/02/2025 09:21:17;117;0;191.39;-4;19.07;4.91;768.8;10.90;74455;2836.012;-1758.669;1;182;390;393.5;25.3;24.9;31;32.5;27.5;-1.0;
20/02/2025 09:21:37;117;0;192.19;-4;18.98;4.98;766.8;10.90;74468;2836.010;-1758.670;1;182;390;393.5;25.0;25.0;31;32.5;27.5;-1.0;
20/02/2025 09:21:57;117;0;194.54;-4;18.97;4.90;764.5;10.90;74463;2836.007;-1758.671;1;182;390;391.9;24.7;24.7;27;27.1;27.5;-1.0;
20/02/2025 09:22:17;117;0;192.60;-4;19.04;2.18;762.3;10.90;74458;2836.004;-1758.672;1;182;390;393.5;24.7;24.6;30;29.8;27.5;-1.0;
20/02/2025 09:22:37;117;0;192.06;-4;20.42;3.62;760.1;10.90;74444;2836.002;-1758.673;1;182;390;393.5;24.7;24.6;30;30.2;27.5;-1.0;
20/02/2025 09:22:57;117;0;189.74;-4;19.69;3.76;757.9;10.90;74448;2835.999;-1758.673;1;182;390;393.5;24.7;24.6;33;32.9;27.5;-1.0;
20/02/2025 09:23:17;117;0;190.65;-4;19.36;5.51;755.6;10.90;74448;2835.996;-1758.674;1;182;390;393.5;24.7;24.6;33;33.4;27.5;-1.0;
20/02/2025 09:23:37;117;0;188.23;-4;19.84;5.68;753.3;10.90;74442;2835.993;-1758.675;1;182;390;391.9;24.7;24.6;33;33.4;27.5;-1.0;
20/02/2025 09:23:57;117;0;189.61;-4;19.98;5.39;750.9;10.90;74446;2835.990;-1758.676;1;182;390;393.5;24.7;24.6;33;33.4;27.5;-1.0;
20/02/2025 09:24:17;117;0;188.45;-4;19.35;5.61;748.6;10.90;74442;2835.987;-1758.676;1;182;390;391.9;24.7;24.6;33;33.4;27.5;-1.0;
20/02/2025 09:24:37;117;0;190.38;-4;19.87;5.55;746.3;10.90;74443;2835.985;-1758.677;1;182;390;391.9;24.7;24.6;33;33.4;27.5;-1.0;
20/02/2025 09:24:57;117;0;192.99;-4;19.66;5.60;743.9;10.90;74452;2835.982;-1758.678;1;182;390;391.9;24.7;24.6;29;28.9;27.5;-1.0;
20/02/2025 09:25:17;117;0;193.29;-4;19.17;2.66;741.7;10.80;74444;2835.979;-1758.679;1;181;390;388.7;24.7;24.6;27;26.2;27.5;-1.0;
20/02/2025 09:25:37;117;0;192.05;-4;19.84;2.07;739.3;10.80;74437;2835.976;-1758.680;1;181;390;393.5;24.7;24.6;29;29.3;27.5;-1.0;
20/02/2025 09:25:57;117;0;190.90;-4;19.44;3.41;736.9;10.80;74444;2835.973;-1758.681;1;181;390;393.5;24.7;24.6;29;29.3;27.5;-1.0;
20/02/2025 09:26:17;117;0;191.05;-4;19.40;3.62;734.4;10.80;74434;2835.970;-1758.682;1;181;390;391.9;24.7;24.4;31;31.1;27.5;-1.0;
20/02/2025 09:26:37;117;0;192.73;-4;20.12;4.54;732.0;10.80;74429;2835.967;-1758.682;1;181;390;393.5;24.7;24.6;28;28.0;27.5;-1.0;
20/02/2025 09:26:57;117;0;191.84;-4;19.55;2.58;729.4;10.80;74437;2835.964;-1758.683;1;181;390;391.9;24.7;24.4;30;29.8;27.5;-1.0;
20/02/2025 09:27:17;117;0;192.19;-4;19.45;3.70;726.9;10.80;74429;2835.961;-1758.684;1;181;390;391.9;24.7;24.6;30;30.2;27.5;-1.0;
20/02/2025 09:27:37;117;0;191.99;-4;19.51;3.65;724.3;10.80;74429;2835.958;-1758.685;1;181;390;391.9;24.7;24.6;30;30.2;27.5;-1.0;
20/02/2025 09:27:57;117;0;192.99;-4;19.20;3.84;721.8;10.80;74434;2835.955;-1758.686;1;181;390;391.9;24.7;24.6;27;25.7;27.5;-1.0;
20/02/2025 09:28:17;117;0;192.52;-4;19.06;1.96;719.3;10.80;74437;2835.951;-1758.687;1;181;390;393.5;24.7;24.4;29;28.9;27.5;-1.0;
20/02/2025 09:28:37;117;0;194.35;-4;19.31;3.21;716.8;10.80;74439;2835.948;-1758.688;1;181;390;391.9;24.7;24.4;27;27.1;27.5;-1.0;
20/02/2025 09:28:57;117;0;193.87;-4;19.01;2.01;714.3;10.80;74435;2835.945;-1758.689;1;181;390;393.5;24.7;24.4;27;26.6;27.5;-1.0;
20/02/2025 09:29:17;117;0;193.18;-4;18.97;2.08;711.8;10.80;74437;2835.942;-1758.690;1;181;390;391.9;24.4;24.4;27;27.1;27.5;-1.0;
20/02/2025 09:29:37;117;0;195.25;-4;18.79;2.16;709.6;10.80;74438;2835.939;-1758.692;1;181;390;393.5;24.0;23.7;24;23.9;27.5;-1.0;
20/02/2025 09:29:57;117;0;191.26;-4;21.50;0.46;707.1;10.80;74450;2835.937;-1758.692;1;181;390;393.5;24.0;23.4;29;28.9;27.5;-1.0;
20/02/2025 09:30:17;117;0;192.20;-4;20.80;3.56;704.3;10.80;74447;2835.933;-1758.693;1;181;390;393.5;24.0;23.6;29;29.3;27.5;-1.0;
20/02/2025 09:30:37;117;0;193.32;-4;21.09;3.26;701.7;10.80;74438;2835.930;-1758.694;1;181;390;395.2;24.0;23.6;29;29.3;27.5;-1.0;
20/02/2025 09:30:57;117;0;193.41;-4;21.64;3.44;698.9;10.80;74439;2835.927;-1758.695;1;181;390;393.5;24.0;23.6;29;29.3;27.5;-1.0;
20/02/2025 09:31:17;117;0;194.94;-4;21.79;3.40;696.2;10.80;74441;2835.924;-1758.696;1;180;390;393.5;24.0;23.4;24;23.9;27.5;-1.0;
20/02/2025 09:31:37;117;0;193.31;-4;21.47;0.34;693.5;10.80;74441;2835.921;-1758.697;1;180;390;393.5;24.0;23.4;26;26.2;27.5;-1.0;
20/02/2025 09:31:57;117;0;191.26;-4;21.43;1.98;690.9;10.80;74447;2835.918;-1758.698;1;180;390;395.2;24.0;23.4;29;28.9;27.5;-1.0;
20/02/2025 09:32:17;117;0;191.47;-4;21.61;3.21;688.3;10.80;74457;2835.915;-1758.699;1;180;390;393.5;24.0;23.4;29;29.3;27.5;-1.0;
20/02/2025 09:32:37;117;0;190.99;-4;21.96;3.40;685.7;10.80;74449;2835.912;-1758.700;1;180;390;391.9;24.0;23.4;29;29.3;27.5;-1.0;
20/02/2025 09:32:57;117;0;191.28;-4;21.73;3.30;683.0;10.80;74441;2835.909;-1758.701;1;180;390;393.5;24.0;23.4;29;29.3;27.5;-1.0;
20/02/2025 09:33:17;117;0;191.74;-4;21.86;3.34;680.3;10.90;74452;2835.906;-1758.702;1;180;390;393.5;24.0;23.4;29;28.9;27.5;-1.0;
20/02/2025 09:33:37;117;0;194.26;-4;21.79;3.19;677.5;10.80;74449;2835.903;-1758.703;1;180;390;393.5;24.0;23.4;25;24.4;27.5;-1.0;
20/02/2025 09:33:57;117;0;192.48;-4;21.48;0.76;674.8;10.90;74473;2835.900;-1758.704;1;180;390;393.5;24.0;23.4;27;27.5;27.5;-1.0;
20/02/2025 09:34:17;117;0;191.71;-4;21.43;2.68;672.2;10.90;74472;2835.897;-1758.705;1;180;390;393.5;24.0;23.4;27;28.0;27.5;-1.0;
20/02/2025 09:34:37;117;0;189.14;-4;21.43;2.69;669.5;10.90;74478;2835.894;-1758.706;1;180;390;393.5;24.0;23.4;31;31.1;27.5;-1.0;
20/02/2025 09:34:57;117;0;188.13;-4;21.77;4.68;666.9;10.90;74484;2835.891;-1758.706;1;180;390;391.9;24.0;23.4;31;32.0;27.5;-1.0;
20/02/2025 09:35:17;117;0;187.57;-4;21.71;4.65;664.1;10.90;74485;2835.887;-1758.707;1;180;390;393.5;24.0;23.6;33;32.9;27.5;-1.0;
20/02/2025 09:35:37;117;0;187.16;-4;21.86;5.82;661.5;10.90;74494;2835.884;-1758.707;1;180;390;393.5;24.0;23.4;33;34.3;27.5;-1.0;
20/02/2025 09:35:57;117;0;186.46;-4;21.89;5.75;658.7;10.90;74488;2835.881;-1758.708;1;180;390;395.2;24.0;23.4;33;33.8;27.5;-1.0;
20/02/2025 09:36:17;117;0;185.82;-4;21.91;5.88;655.9;10.90;74498;2835.878;-1758.709;1;180;390;393.5;24.0;23.4;33;34.3;27.5;-1.0;
20/02/2025 09:36:37;117;0;185.13;-4;21.90;5.85;653.2;10.90;74494;2835.875;-1758.709;1;180;390;393.5;24.0;23.4;33;34.3;27.5;-1.0;
20/02/2025 09:36:57;117;0;184.61;-4;21.99;5.81;650.3;10.90;74510;2835.872;-1758.710;1;180;390;393.5;24.0;23.4;33;34.3;27.5;-1.0;
20/02/2025 09:37:17;117;0;183.27;-4;21.95;5.97;647.2;10.90;74505;2835.868;-1758.710;1;180;390;390.3;24.0;23.4;35;35.6;27.5;-1.0;
20/02/2025 09:37:37;117;0;186.14;-4;22.12;7.00;644.2;10.90;74508;2835.865;-1758.711;1;180;390;393.5;24.7;24.6;33;33.4;27.5;-1.0;
20/02/2025 09:37:57;117;0;188.75;-4;20.70;5.62;641.2;11.00;74529;2835.861;-1758.711;1;180;390;391.9;24.7;24.6;31;30.7;27.5;-1.0;
20/02/2025 09:38:17;117;0;190.62;-4;19.88;4.67;638.4;11.00;74529;2835.858;-1758.712;1;179;390;395.2;24.7;24.6;28;27.5;27.5;-1.0;
20/02/2025 09:38:37;117;0;191.64;-4;19.61;2.40;635.7;11.00;74531;2835.854;-1758.713;1;179;390;393.5;24.7;24.6;28;27.5;27.5;-1.0;
20/02/2025 09:38:57;117;0;192.15;-4;19.64;2.31;633.1;11.00;74533;2835.851;-1758.714;1;179;390;393.5;24.7;24.7;26;26.2;27.5;-1.0;
20/02/2025 09:39:17;117;0;192.32;-4;19.57;1.90;630.4;11.00;74530;2835.848;-1758.715;1;179;390;393.5;24.7;24.7;26;26.6;27.5;-1.0;
20/02/2025 09:39:37;117;0;193.17;-4;19.62;1.81;627.7;11.00;74536;2835.845;-1758.716;1;179;390;391.9;24.7;24.7;24;23.9;27.5;-1.0;
20/02/2025 09:39:57;117;0;191.70;-4;19.22;0.44;625.1;11.00;74531;2835.841;-1758.717;1;179;390;393.5;24.7;24.6;26;26.2;27.5;-1.0;
20/02/2025 09:40:17;117;0;190.83;-4;19.29;1.93;622.4;11.00;74534;2835.838;-1758.718;1;179;390;393.5;24.7;24.6;28;28.4;27.5;-1.0;
20/02/2025 09:40:38;117;0;191.81;-4;19.32;3.17;619.9;11.10;74540;2835.835;-1758.719;1;179;390;393.5;24.7;24.6;26;26.2;27.5;-1.0;
20/02/2025 09:40:58;117;0;192.40;-4;19.38;1.47;617.3;11.00;74540;2835.832;-1758.720;1;179;390;391.9;24.7;24.6;26;25.7;27.5;-1.0;
20/02/2025 09:41:18;117;0;189.64;-4;19.20;1.57;614.6;11.10;74539;2835.828;-1758.721;1;179;390;395.2;24.7;24.6;29;28.9;27.5;-1.0;
20/02/2025 09:41:38;117;0;189.11;-4;19.17;3.45;612.0;11.10;74536;2835.825;-1758.722;1;179;390;393.5;24.7;24.7;29;29.3;27.5;-1.0;
20/02/2025 09:41:58;117;0;189.85;-4;18.98;3.39;609.3;11.10;74539;2835.822;-1758.723;1;179;390;393.5;24.4;24.3;29;29.3;27.5;-1.0;
20/02/2025 09:42:18;117;0;192.71;-4;19.47;3.12;606.8;11.10;74544;2835.818;-1758.723;1;179;390;393.5;24.4;24.2;25;24.4;27.5;-1.0;
20/02/2025 09:42:38;117;0;192.65;-4;19.62;0.57;604.3;11.10;74554;2835.815;-1758.724;1;179;390;391.9;24.4;24.2;25;23.9;27.5;-1.0;
20/02/2025 09:42:58;117;0;193.01;-4;19.73;0.52;601.8;11.10;74566;2835.812;-1758.725;1;178;390;393.5;24.4;24.2;23;23.0;27.5;-1.0;
20/02/2025 09:43:18;117;0;189.19;-4;19.17;-0.35;599.3;11.10;74564;2835.809;-1758.726;1;178;390;393.5;24.4;24.0;28;28.0;27.5;-1.0;
20/02/2025 09:43:38;117;0;187.99;-4;19.56;2.86;596.9;11.10;74563;2835.806;-1758.727;1;178;390;393.5;24.4;24.2;28;28.4;27.5;-1.0;
20/02/2025 09:43:58;117;0;186.66;-4;19.83;2.87;594.4;11.10;74580;2835.803;-1758.727;1;178;390;393.5;24.4;24.0;31;31.6;27.5;-1.0;
20/02/2025 09:44:18;117;0;186.35;-4;19.79;4.88;591.9;11.20;74573;2835.800;-1758.728;1;178;390;393.5;24.4;24.2;31;32.0;27.5;-1.0;
20/02/2025 09:44:38;117;0;186.96;-4;19.87;4.85;589.3;11.20;74583;2835.797;-1758.729;1;178;390;391.9;24.4;24.3;31;32.0;27.5;-1.0;
20/02/2025 09:44:58;117;0;187.05;-4;19.90;4.78;586.8;11.20;74582;2835.794;-1758.729;1;178;390;391.9;24.4;24.2;31;32.0;27.5;-1.0;
20/02/2025 09:45:18;117;0;186.60;-4;19.97;4.82;584.3;11.20;74584;2835.791;-1758.730;1;178;390;391.9;24.4;24.2;31;32.0;27.5;-1.0;
20/02/2025 09:45:38;117;0;186.63;-4;19.92;4.83;581.8;11.20;74586;2835.788;-1758.730;1;178;390;393.5;24.4;24.2;31;32.5;27.5;-1.0;
20/02/2025 09:45:58;117;0;187.17;-4;20.07;4.82;579.0;11.20;74594;2835.784;-1758.731;1;178;390;393.5;24.4;24.2;31;32.0;27.5;-1.0;
20/02/2025 09:46:18;117;0;186.65;-4;19.95;4.82;576.4;11.30;74590;2835.781;-1758.732;1;178;390;393.5;24.4;24.2;31;32.5;27.5;-1.0;
20/02/2025 09:46:38;117;0;185.98;-4;19.85;4.77;573.9;11.30;74584;2835.778;-1758.732;1;178;390;393.5;24.4;24.2;31;32.0;27.5;-1.0;
20/02/2025 09:46:58;117;0;187.14;-4;19.99;4.78;571.3;11.30;74593;2835.775;-1758.733;1;178;390;395.2;24.4;24.2;31;32.5;27.5;-1.0;
20/02/2025 09:47:18;117;0;188.15;-4;20.08;4.73;568.7;11.30;74584;2835.772;-1758.733;1;178;390;393.5;24.4;24.2;29;28.9;27.5;-1.0;
20/02/2025 09:47:38;117;0;187.70;-4;19.78;2.75;566.1;11.30;74600;2835.768;-1758.734;1;178;390;393.5;24.4;24.2;29;28.4;27.5;-1.0;
20/02/2025 09:47:58;117;0;189.52;-4;19.50;2.58;563.5;11.30;74615;2835.765;-1758.735;1;178;390;393.5;24.4;24.2;27;27.1;27.5;-1.0;
20/02/2025 09:48:18;117;0;190.45;-4;19.79;2.13;561.0;11.30;74609;2835.762;-1758.736;1;178;390;393.5;24.4;24.2;27;27.1;27.5;-1.0;
20/02/2025 09:48:38;117;0;190.87;-4;19.74;2.14;558.5;11.30;74622;2835.759;-1758.737;1;177;390;393.5;24.4;24.0;24;23.9;27.5;-1.0;
20/02/2025 09:48:58;117;0;189.13;-4;19.51;0.31;555.9;11.40;74616;2835.756;-1758.737;1;177;390;393.5;24.4;24.2;26;26.2;27.5;-1.0;
20/02/2025 09:49:18;117;0;188.71;-4;19.58;2.03;553.4;11.40;74621;2835.753;-1758.738;1;177;390;395.2;24.4;24.2;26;26.6;27.5;-1.0;
20/02/2025 09:49:38;117;0;187.97;-4;19.60;1.98;550.8;11.40;74623;2835.750;-1758.739;1;177;390;393.5;24.4;24.0;28;28.0;27.5;-1.0;
20/02/2025 09:49:58;117;0;188.04;-4;19.63;2.95;548.2;11.40;74625;2835.746;-1758.739;1;177;390;393.5;24.4;24.2;28;28.4;27.5;-1.0;
20/02/2025 09:50:18;117;0;187.54;-4;19.65;2.99;545.6;11.40;74630;2835.743;-1758.740;1;177;390;393.5;24.4;24.2;28;28.9;27.5;-1.0;
20/02/2025 09:50:38;117;0;186.88;-4;19.66;2.98;543.1;11.40;74631;2835.740;-1758.741;1;177;390;393.5;24.4;24.2;28;28.9;27.5;-1.0;
20/02/2025 09:50:58;117;0;186.88;-4;19.64;2.77;540.4;11.50;74633;2835.737;-1758.741;1;177;390;393.5;24.4;24.2;28;28.9;27.5;-1.0;
20/02/2025 09:51:18;117;0;187.30;-4;19.62;2.96;537.8;11.50;74637;2835.734;-1758.742;1;177;390;390.3;24.4;24.0;28;28.4;27.5;-1.0;
20/02/2025 09:51:38;117;0;187.48;-4;19.71;2.90;535.1;11.50;74631;2835.730;-1758.743;1;177;390;393.5;24.4;24.2;28;28.9;27.5;-1.0;
20/02/2025 09:51:58;117;0;188.74;-4;19.37;2.96;532.5;11.50;74634;2835.727;-1758.743;1;177;390;395.2;24.4;24.2;26;25.7;27.5;-1.0;
20/02/2025 09:52:18;117;0;188.05;-4;19.55;1.76;529.9;11.50;74630;2835.724;-1758.744;1;177;390;393.5;24.4;24.2;26;26.2;27.5;-1.0;
20/02/2025 09:52:38;117;0;186.78;-4;19.43;1.86;527.3;11.50;74635;2835.721;-1758.745;1;177;390;393.5;24.4;24.2;29;28.9;27.5;-1.0;
20/02/2025 09:52:58;117;0;187.11;-4;19.64;3.35;524.7;11.50;74637;2835.717;-1758.745;1;177;390;393.5;24.4;24.2;29;29.3;27.5;-1.0;
20/02/2025 09:53:18;117;0;187.09;-4;19.58;3.34;522.2;11.50;74645;2835.714;-1758.746;1;176;390;393.5;24.4;24.2;27;27.1;27.5;-1.0;
20/02/2025 09:53:38;117;0;185.75;-4;19.54;2.08;519.5;11.60;74647;2835.711;-1758.747;1;176;390;393.5;24.4;24.2;27;27.1;27.5;-1.0;
20/02/2025 09:53:58;117;0;183.59;-4;19.24;2.03;517.0;11.60;74636;2835.708;-1758.747;1;176;390;393.5;24.4;24.2;30;29.8;27.5;-1.0;
20/02/2025 09:54:18;117;0;182.00;-4;19.44;3.65;514.5;11.60;74641;2835.705;-1758.747;1;176;390;393.5;24.4;24.0;30;29.8;27.5;-1.0;
20/02/2025 09:54:38;117;0;180.91;-4;19.82;3.59;511.9;11.60;74648;2835.701;-1758.747;1;176;390;393.5;24.4;24.2;32;32.0;27.5;-1.0;
20/02/2025 09:54:58;117;0;180.90;-4;19.79;5.78;509.3;11.60;74648;2835.698;-1758.748;1;176;390;393.5;24.4;24.2;32;33.4;27.5;-1.0;
20/02/2025 09:55:18;117;0;181.90;-4;19.94;5.68;506.7;11.60;74652;2835.695;-1758.748;1;176;390;391.9;24.4;24.0;32;33.4;27.5;-1.0;
20/02/2025 09:55:38;117;0;181.83;-4;20.01;5.72;504.1;11.60;74652;2835.692;-1758.748;1;176;390;393.5;24.4;24.2;32;33.4;27.5;-1.0;
20/02/2025 09:55:58;117;0;181.92;-4;19.91;5.67;501.5;11.60;74643;2835.688;-1758.748;1;176;390;391.9;24.4;24.2;32;33.4;27.5;-1.0;
20/02/2025 09:56:18;117;0;182.73;-4;19.98;5.46;498.9;11.60;74648;2835.685;-1758.749;1;176;390;395.2;24.4;24.0;32;33.4;27.5;-1.0;
20/02/2025 09:56:38;117;0;183.35;-4;19.94;5.63;496.3;11.70;74650;2835.682;-1758.749;1;176;390;393.5;24.4;24.2;30;28.4;27.5;-1.0;
20/02/2025 09:56:58;117;0;183.73;-4;19.89;4.93;493.8;11.70;74650;2835.679;-1758.750;1;176;390;393.5;24.4;24.2;30;32.5;27.5;-1.0;
20/02/2025 09:57:18;117;0;185.58;-4;19.87;4.98;491.0;11.70;74659;2835.675;-1758.750;1;176;390;391.9;24.4;24.2;28;28.0;27.5;-1.0;
20/02/2025 09:57:38;117;0;185.32;-4;19.53;2.41;488.4;11.70;74672;2835.672;-1758.751;1;176;390;393.5;24.4;24.2;28;27.5;27.5;-1.0;
20/02/2025 09:57:58;117;0;184.85;-4;19.48;2.35;485.8;11.70;74661;2835.669;-1758.751;1;176;390;393.5;24.4;24.2;28;27.5;27.5;-1.0;
20/02/2025 09:58:18;117;0;184.34;-4;19.46;2.41;483.0;11.70;74668;2835.665;-1758.752;1;176;390;393.5;24.4;24.0;28;27.5;27.5;-1.0;
20/02/2025 09:58:38;117;0;181.61;-4;19.32;2.40;480.4;11.80;74672;2835.662;-1758.752;1;176;390;393.5;24.4;24.0;31;31.1;27.5;-1.0;
20/02/2025 09:58:58;117;0;182.46;-4;19.50;4.70;477.8;11.80;74678;2835.659;-1758.752;1;176;390;391.9;24.4;24.2;31;32.0;27.5;-1.0;
20/02/2025 09:59:18;117;0;184.24;-4;19.75;4.71;475.0;11.80;74688;2835.655;-1758.753;1;175;390;393.5;24.4;24.2;28;28.0;27.5;-1.0;
20/02/2025 09:59:38;117;0;183.32;-4;19.56;2.32;472.3;11.80;74687;2835.652;-1758.753;1;175;390;393.5;24.4;24.0;28;27.5;27.5;-1.0;
20/02/2025 09:59:58;117;0;182.51;-4;19.57;2.38;469.7;11.80;74687;2835.649;-1758.753;1;175;390;393.5;24.4;24.0;30;29.8;27.5;-1.0;
20/02/2025 10:00:18;117;0;182.60;-4;19.31;3.62;467.0;11.80;74694;2835.645;-1758.754;1;175;390;395.2;24.4;24.0;30;30.2;27.5;-1.0;
20/02/2025 10:00:38;117;0;183.26;-4;19.59;3.60;464.3;11.80;74696;2835.642;-1758.754;1;175;390;393.5;24.4;24.2;30;29.8;27.5;-1.0;
20/02/2025 10:00:58;117;0;182.90;-4;19.59;3.74;461.6;11.80;74701;2835.638;-1758.754;1;175;390;393.5;24.4;24.2;30;29.8;27.5;-1.0;
20/02/2025 10:01:18;117;0;182.13;-4;19.34;3.71;458.9;11.80;74687;2835.635;-1758.755;1;175;390;393.5;24.4;24.2;30;29.8;27.5;-1.0;
20/02/2025 10:01:38;117;0;182.45;-4;19.60;3.63;456.2;11.90;74704;2835.632;-1758.755;1;175;390;393.5;24.4;24.2;30;29.8;27.5;-1.0;
20/02/2025 10:01:58;117;0;182.62;-4;19.51;3.63;453.5;11.90;74696;2835.628;-1758.755;1;175;390;393.5;24.4;24.2;30;29.8;27.5;-1.0;
20/02/2025 10:02:18;117;0;182.91;-4;19.49;3.69;450.8;11.90;74714;2835.625;-1758.756;1;175;390;393.5;24.4;24.2;30;29.8;27.5;-1.0;
20/02/2025 10:02:38;117;0;181.85;-4;19.43;3.62;448.1;11.90;74706;2835.621;-1758.756;1;175;390;393.5;24.4;24.2;30;29.8;27.5;-1.0;
20/02/2025 10:02:58;117;0;182.25;-4;19.52;3.66;445.4;11.90;74705;2835.618;-1758.756;1;175;390;393.5;24.4;24.2;30;30.2;27.5;-1.0;
20/02/2025 10:03:18;117;0;183.42;-4;19.49;3.63;442.7;11.90;74715;2835.615;-1758.757;1;175;390;393.5;24.4;24.0;30;29.8;27.5;-1.0;
20/02/2025 10:03:38;117;0;185.33;-4;19.56;3.59;440.0;11.90;74706;2835.611;-1758.757;1;175;390;393.5;24.4;24.0;27;27.1;27.5;-1.0;
20/02/2025 10:03:58;117;0;184.28;-4;19.52;2.07;437.3;12.00;74726;2835.608;-1758.758;1;174;390;393.5;24.4;24.0;27;27.1;27.5;-1.0;
20/02/2025 10:04:18;117;0;183.63;-4;19.26;1.97;434.6;12.00;74725;2835.604;-1758.758;1;174;390;393.5;24.4;24.2;27;27.1;27.5;-1.0;
20/02/2025 10:04:38;117;0;182.33;-4;19.22;2.00;431.9;12.00;74724;2835.601;-1758.759;1;174;390;393.5;24.4;24.0;29;28.9;27.5;-1.0;
20/02/2025 10:04:58;117;0;182.54;-4;19.39;3.16;429.2;12.00;74731;2835.597;-1758.759;1;174;390;393.5;24.4;24.0;29;28.9;27.5;-1.0;
20/02/2025 10:05:18;117;0;182.49;-4;19.24;3.22;426.4;12.00;74734;2835.594;-1758.759;1;174;390;393.5;24.4;24.2;29;28.9;27.5;-1.0;
20/02/2025 10:05:38;117;0;182.61;-4;19.25;3.12;423.7;12.00;74733;2835.590;-1758.760;1;174;390;393.5;24.4;24.2;29;28.9;27.5;-1.0;
20/02/2025 10:05:58;117;0;183.75;-4;19.41;3.14;420.8;12.10;74744;2835.587;-1758.760;1;174;390;393.5;24.4;24.2;27;26.2;27.5;-1.0;
20/02/2025 10:06:18;117;0;182.54;-4;19.14;1.85;418.0;12.10;74738;2835.583;-1758.760;1;174;390;393.5;24.4;24.2;27;26.2;27.5;-1.0;
20/02/2025 10:06:38;117;0;181.33;-4;19.05;1.87;415.2;12.10;74754;2835.579;-1758.761;1;174;390;393.5;24.4;24.0;29;28.9;27.5;-1.0;
20/02/2025 10:06:58;117;0;181.57;-4;19.26;3.26;412.4;12.10;74742;2835.576;-1758.761;1;174;390;393.5;24.4;24.2;29;29.3;27.5;-1.0;
20/02/2025 10:07:18;117;0;182.36;-4;19.55;3.24;409.6;12.10;74752;2835.572;-1758.761;1;174;390;393.5;24.4;24.0;29;29.3;27.5;-1.0;
20/02/2025 10:07:38;117;0;182.83;-4;19.54;3.29;406.8;12.10;74759;2835.569;-1758.762;1;174;390;393.5;24.4;24.0;29;29.3;27.5;-1.0;
20/02/2025 10:07:58;117;0;182.89;-4;19.21;3.33;404.0;12.10;74750;2835.565;-1758.762;1;173;390;393.5;24.4;24.2;27;27.1;27.5;-1.0;
20/02/2025 10:08:18;117;0;182.73;-4;19.31;1.96;401.1;12.20;74763;2835.562;-1758.762;1;173;390;393.5;24.4;24.2;27;26.6;27.5;-1.0;
20/02/2025 10:08:38;117;0;181.63;-4;18.91;1.99;398.5;12.20;74757;2835.558;-1758.763;1;173;390;393.5;24.0;24.0;27;27.1;27.5;-1.0;
20/02/2025 10:08:58;117;0;180.17;-4;19.48;1.98;395.8;12.20;74767;2835.555;-1758.763;1;173;390;391.9;24.0;24.0;29;28.9;27.5;-1.0;
20/02/2025 10:09:18;117;0;181.23;-4;19.49;3.29;393.0;12.20;74764;2835.551;-1758.763;1;173;390;393.5;24.0;24.2;29;29.3;27.5;-1.0;
20/02/2025 10:09:38;117;0;180.96;-4;19.28;3.35;390.2;12.20;74774;2835.548;-1758.763;1;173;390;393.5;24.0;24.2;29;29.3;27.5;-1.0;
20/02/2025 10:09:58;117;0;180.56;-4;19.18;3.38;387.4;12.30;74775;2835.544;-1758.763;1;173;390;391.9;24.0;24.2;29;29.3;27.5;-1.0;
20/02/2025 10:10:18;117;0;179.89;-4;19.29;3.34;384.8;12.30;74777;2835.541;-1758.764;1;173;390;396.8;24.0;24.2;29;29.3;27.5;-1.0;
20/02/2025 10:10:38;117;0;178.61;-4;19.23;3.43;382.1;12.30;74784;2835.537;-1758.764;1;173;390;393.5;24.0;24.2;29;29.3;27.5;-1.0;
20/02/2025 10:10:58;117;0;177.56;-4;19.23;3.36;379.4;12.30;74774;2835.534;-1758.764;1;173;390;393.5;24.0;24.2;29;29.3;27.5;-1.0;
20/02/2025 10:11:18;117;0;178.15;-4;19.34;3.33;376.7;12.30;74781;2835.530;-1758.764;1;173;390;393.5;24.0;24.2;29;29.3;27.5;-1.0;
20/02/2025 10:11:38;117;0;178.86;-4;19.51;3.33;374.0;12.30;74782;2835.527;-1758.764;1;173;390;395.2;24.0;24.2;29;29.3;27.5;-1.0;
20/02/2025 10:11:58;117;0;178.36;-4;19.40;3.37;371.4;12.30;74782;2835.523;-1758.764;1;173;390;391.9;24.0;24.0;29;29.3;27.5;-1.0;
20/02/2025 10:12:18;117;0;177.27;-4;19.18;3.40;368.6;12.30;74792;2835.520;-1758.764;1;173;390;391.9;24.0;24.2;29;29.3;27.5;-1.0;
20/02/2025 10:12:38;117;0;176.36;-4;19.22;3.32;365.9;12.30;74783;2835.516;-1758.764;1;172;390;393.5;24.0;24.2;29;29.3;27.5;-1.0;
20/02/2025 10:12:58;117;0;175.47;-4;19.28;3.33;363.3;12.30;74780;2835.513;-1758.763;1;172;390;395.2;24.0;24.0;31;31.1;27.5;-1.0;
20/02/2025 10:13:18;117;0;176.05;-4;19.47;4.99;360.6;12.40;74787;2835.510;-1758.763;1;172;390;395.2;24.0;24.0;31;32.5;27.5;-1.0;
20/02/2025 10:13:38;117;0;176.29;-4;19.63;5.01;358.0;12.40;74795;2835.506;-1758.763;1;172;390;393.5;24.0;24.2;31;32.5;27.5;-1.0;
20/02/2025 10:13:58;117;0;176.43;-4;19.44;5.08;355.1;12.40;74791;2835.503;-1758.763;1;172;390;393.5;24.0;24.2;31;32.5;27.5;-1.0;
20/02/2025 10:14:18;117;0;177.08;-4;19.42;5.06;352.4;12.40;74801;2835.499;-1758.763;1;172;390;393.5;24.0;24.2;31;32.5;27.5;-1.0;
20/02/2025 10:14:38;117;0;177.03;-4;19.31;5.04;349.6;12.40;74802;2835.496;-1758.763;1;172;390;393.5;24.0;24.2;31;32.5;27.5;-1.0;
20/02/2025 10:14:58;117;0;177.11;-4;19.41;5.07;346.9;12.40;74806;2835.492;-1758.763;1;172;390;395.2;24.0;24.2;31;32.5;27.5;-1.0;
20/02/2025 10:15:19;117;0;177.56;-4;19.32;5.05;344.1;12.50;74819;2835.489;-1758.763;1;172;390;391.9;24.0;24.2;31;32.5;27.5;-1.0;
20/02/2025 10:15:39;117;0;177.71;-4;19.19;5.03;341.4;12.50;74821;2835.485;-1758.763;1;172;390;393.5;24.0;24.0;29;28.9;27.5;-1.0;
20/02/2025 10:15:59;117;0;176.23;-4;19.15;2.75;338.7;12.50;74833;2835.482;-1758.763;1;172;390;393.5;24.0;24.0;29;28.4;27.5;-1.0;
20/02/2025 10:16:19;117;0;174.40;-4;18.98;2.75;336.0;12.50;74828;2835.478;-1758.763;1;172;390;393.5;23.7;23.4;31;31.1;27.5;-1.0;
20/02/2025 10:16:39;117;0;173.58;-4;20.44;4.41;333.2;12.60;74834;2835.475;-1758.762;1;172;390;395.2;23.7;23.3;31;31.6;27.5;-1.0;
20/02/2025 10:16:59;117;0;172.21;-4;20.86;4.40;330.3;12.60;74844;2835.471;-1758.762;1;172;390;393.5;23.7;23.3;31;31.6;27.5;-1.0;
20/02/2025 10:17:19;117;0;172.56;-4;20.96;4.38;327.4;12.60;74835;2835.468;-1758.761;1;172;390;391.9;23.7;23.3;31;31.6;27.5;-1.0;
20/02/2025 10:17:39;117;0;173.75;-4;21.05;4.44;324.5;12.60;74843;2835.464;-1758.761;1;172;390;395.2;23.7;23.3;31;31.6;27.5;-1.0;
20/02/2025 10:17:59;117;0;173.48;-4;20.98;4.31;321.6;12.60;74864;2835.461;-1758.761;1;172;390;395.2;23.7;23.4;31;31.6;27.5;-1.0;
20/02/2025 10:18:19;117;0;173.51;-4;21.03;4.37;318.9;12.60;74869;2835.458;-1758.761;1;172;390;395.2;23.7;23.3;31;31.6;27.5;-1.0;
20/02/2025 10:18:39;117;0;174.89;-4;21.04;4.35;316.1;12.60;74871;2835.454;-1758.760;1;172;390;393.5;23.7;23.3;31;31.6;27.5;-1.0;
20/02/2025 10:18:59;117;0;175.73;-4;21.05;4.37;313.4;12.70;74884;2835.451;-1758.760;1;172;390;393.5;23.7;23.3;31;31.6;27.5;-1.0;
20/02/2025 10:19:19;117;0;176.49;-4;21.02;4.41;310.6;12.70;74902;2835.448;-1758.760;1;171;390;393.5;23.7;23.3;29;28.9;27.5;-1.0;
20/02/2025 10:19:39;117;0;176.31;-4;20.93;2.75;307.8;12.70;74897;2835.444;-1758.760;1;171;390;393.5;23.7;23.3;29;28.4;27.5;-1.0;
20/02/2025 10:19:59;117;0;175.61;-4;20.86;2.78;305.1;12.70;74902;2835.441;-1758.760;1;171;390;393.5;23.7;23.1;29;28.4;27.5;-1.0;
20/02/2025 10:20:19;117;0;175.46;-4;21.10;2.82;302.4;12.80;74907;2835.438;-1758.760;1;171;390;393.5;23.7;23.1;29;28.4;27.5;-1.0;
20/02/2025 10:20:39;117;0;173.75;-4;20.96;2.67;299.7;12.80;74921;2835.435;-1758.760;1;171;390;393.5;23.7;23.1;29;28.4;27.5;-1.0;
20/02/2025 10:20:59;117;0;172.48;-4;20.90;2.80;297.0;12.80;74918;2835.432;-1758.759;1;171;390;395.2;23.7;23.1;29;28.4;27.5;-1.0;
20/02/2025 10:21:19;117;0;170.49;-4;20.76;2.79;294.3;12.90;74926;2835.428;-1758.759;1;171;390;395.2;23.7;23.1;31;33.4;27.5;-1.0;
20/02/2025 10:21:39;117;0;172.24;-4;21.06;5.97;291.7;12.90;74934;2835.425;-1758.758;1;171;390;395.2;23.7;23.1;31;34.3;27.5;-1.0;
20/02/2025 10:21:59;117;0;175.25;-4;21.14;5.86;289.0;12.90;74940;2835.422;-1758.758;1;171;390;395.2;23.7;23.3;31;34.3;27.5;-1.0;
20/02/2025 10:22:19;117;0;177.11;-4;21.26;5.92;286.3;12.90;74943;2835.419;-1758.758;1;171;390;393.5;23.7;23.1;29;28.0;27.5;-1.0;
20/02/2025 10:22:39;117;0;177.50;-4;21.27;4.70;283.7;12.90;74948;2835.416;-1758.758;1;171;390;393.5;23.7;23.1;29;32.0;27.5;-1.0;
20/02/2025 10:22:59;117;0;177.99;-4;21.17;4.70;281.1;13.00;74949;2835.413;-1758.758;1;171;390;393.5;23.7;23.3;29;32.0;27.5;-1.0;
20/02/2025 10:23:19;117;0;178.46;-4;21.24;4.67;278.4;13.00;74957;2835.410;-1758.758;1;171;390;393.5;23.7;23.1;29;32.0;27.5;-1.0;
20/02/2025 10:23:39;117;0;178.99;-4;21.31;4.65;275.8;13.00;74957;2835.406;-1758.758;1;171;390;395.2;23.7;23.3;27;27.1;27.5;-1.0;
20/02/2025 10:23:59;117;0;177.88;-4;20.97;1.96;273.1;13.00;74954;2835.403;-1758.758;1;170;390;395.2;23.7;23.1;27;27.1;27.5;-1.0;
20/02/2025 10:24:19;117;0;176.38;-4;21.24;1.84;270.5;13.00;74961;2835.400;-1758.758;1;170;390;395.2;23.7;23.1;27;26.6;27.5;-1.0;
20/02/2025 10:24:39;117;0;173.38;-4;20.56;2.01;267.9;13.00;74971;2835.397;-1758.758;1;170;390;393.5;23.7;23.1;30;30.2;27.5;-1.0;
20/02/2025 10:24:59;117;0;173.10;-4;20.65;3.91;265.4;13.10;74984;2835.394;-1758.758;1;170;390;395.2;23.7;23.1;30;30.7;27.5;-1.0;
20/02/2025 10:25:19;117;0;172.74;-4;20.82;3.94;263.0;13.10;74985;2835.391;-1758.758;1;170;390;393.5;23.7;23.1;30;30.2;27.5;-1.0;
20/02/2025 10:25:39;117;0;171.01;-4;20.85;3.92;260.5;13.10;74998;2835.388;-1758.757;1;170;390;393.5;23.7;23.3;30;30.7;27.5;-1.0;
20/02/2025 10:25:59;117;0;170.37;-4;20.78;3.94;258.1;13.10;75003;2835.386;-1758.757;1;170;390;393.5;23.7;23.3;30;30.7;27.5;-1.0;
20/02/2025 10:26:19;117;0;169.34;-4;21.14;3.95;255.8;13.20;75020;2835.383;-1758.756;1;170;390;395.2;23.7;23.1;30;30.7;27.5;-1.0;
20/02/2025 10:26:39;117;0;169.39;-4;21.01;3.90;253.4;13.20;75022;2835.380;-1758.756;1;170;390;395.2;23.7;23.1;30;30.7;27.5;-1.0;
20/02/2025 10:26:59;117;0;170.26;-4;20.97;3.96;251.0;13.20;75037;2835.377;-1758.755;1;170;390;393.5;23.7;23.3;30;30.2;27.5;-1.0;
20/02/2025 10:27:19;117;0;170.76;-4;21.00;3.87;248.4;13.30;75051;2835.374;-1758.755;1;170;390;391.9;23.7;23.1;30;30.2;27.5;-1.0;
20/02/2025 10:27:39;117;0;170.98;-4;21.03;3.94;245.9;13.30;75061;2835.371;-1758.755;1;170;390;395.2;23.7;23.1;30;30.2;27.5;-1.0;
20/02/2025 10:27:59;117;0;171.22;-4;20.90;3.83;243.3;13.30;75061;2835.368;-1758.754;1;170;390;393.5;23.7;23.1;30;30.2;27.5;-1.0;
20/02/2025 10:28:19;117;0;171.68;-4;20.87;3.92;240.8;13.30;75070;2835.365;-1758.754;1;170;390;393.5;23.7;23.3;30;30.2;27.5;-1.0;
20/02/2025 10:28:39;117;0;172.41;-4;21.11;3.95;238.3;13.40;75085;2835.362;-1758.754;1;170;390;393.5;23.7;23.1;30;30.7;27.5;-1.0;
20/02/2025 10:28:59;117;0;173.90;-4;20.93;3.92;235.7;13.40;75092;2835.359;-1758.753;1;170;390;393.5;23.7;23.3;30;30.2;27.5;-1.0;
20/02/2025 10:29:19;117;0;174.30;-4;20.87;4.00;233.1;13.40;75097;2835.356;-1758.753;1;170;390;393.5;23.7;23.1;30;30.2;27.5;-1.0;
20/02/2025 10:29:39;117;0;172.93;-4;20.75;3.98;230.6;13.50;75103;2835.353;-1758.753;1;170;390;391.9;23.7;23.3;30;30.7;27.5;-1.0;
20/02/2025 10:29:59;117;0;173.03;-4;20.81;3.91;228.1;13.50;75113;2835.350;-1758.753;1;170;390;395.2;23.7;23.3;30;30.2;27.5;-1.0;
20/02/2025 10:30:19;117;0;173.33;-4;21.04;3.93;225.6;13.50;75122;2835.347;-1758.752;1;169;390;393.5;23.7;23.3;30;30.2;27.5;-1.0;
20/02/2025 10:30:39;117;0;173.41;-4;21.03;3.90;223.0;13.50;75130;2835.344;-1758.752;1;169;390;395.2;23.7;23.1;30;30.2;27.5;-1.0;
20/02/2025 10:30:59;117;0;172.71;-4;20.92;3.91;220.5;13.60;75141;2835.341;-1758.752;1;169;390;395.2;23.7;23.1;30;30.2;27.5;-1.0;
20/02/2025 10:31:19;117;0;172.13;-4;20.85;4.02;218.0;13.60;75157;2835.338;-1758.751;1;169;390;391.9;23.7;23.1;30;30.2;27.5;-1.0;
20/02/2025 10:31:39;117;0;172.93;-4;21.05;3.90;215.5;13.60;75156;2835.335;-1758.751;1;169;390;393.5;23.7;23.1;30;30.7;27.5;-1.0;
20/02/2025 10:31:59;117;0;173.76;-4;20.89;3.93;213.0;13.70;75165;2835.332;-1758.751;1;169;390;393.5;23.7;23.3;30;30.2;27.5;-1.0;
20/02/2025 10:32:19;117;0;173.48;-4;21.03;3.86;210.3;13.70;75165;2835.329;-1758.751;1;169;390;395.2;23.7;23.1;30;30.7;27.5;-1.0;
20/02/2025 10:32:39;117;0;173.38;-4;20.74;3.94;207.8;13.70;75187;2835.326;-1758.750;1;169;390;395.2;23.7;23.3;30;30.7;27.5;-1.0;
20/02/2025 10:32:59;117;0;173.54;-4;20.80;3.94;205.1;13.80;75190;2835.323;-1758.750;1;169;390;393.5;23.7;23.3;30;30.7;27.5;-1.0;
20/02/2025 10:33:19;117;0;173.17;-4;20.73;3.92;202.6;13.80;75207;2835.320;-1758.750;1;169;390;395.2;23.7;23.3;30;30.7;27.5;-1.0;
20/02/2025 10:33:39;117;0;172.52;-4;20.69;3.89;200.0;13.80;75212;2835.317;-1758.750;1;169;390;395.2;23.7;23.1;30;30.7;27.5;-1.0;
20/02/2025 10:33:59;117;0;172.18;-4;20.78;3.89;197.6;13.90;75216;2835.314;-1758.749;1;168;390;395.2;23.7;23.3;30;30.2;27.5;-1.0;
20/02/2025 10:34:19;117;0;170.53;-4;20.74;3.99;195.1;13.90;75230;2835.311;-1758.749;1;168;390;395.2;23.7;23.1;30;30.2;27.5;-1.0;
20/02/2025 10:34:39;117;0;168.73;-4;20.78;3.92;192.5;13.90;75242;2835.308;-1758.748;1;168;390;395.2;23.7;23.1;30;30.2;27.5;-1.0;
20/02/2025 10:34:59;117;0;169.04;-4;20.75;3.88;189.9;14.00;75252;2835.305;-1758.748;1;168;390;393.5;23.7;23.1;30;30.2;27.5;-1.0;
20/02/2025 10:35:19;117;0;170.20;-4;20.77;3.90;187.4;14.00;75263;2835.302;-1758.747;1;168;390;393.5;23.7;23.1;30;30.2;27.5;-1.0;
20/02/2025 10:35:39;117;0;170.88;-4;20.84;3.93;184.7;14.00;75268;2835.299;-1758.747;1;168;390;395.2;23.7;23.3;30;30.2;27.5;-1.0;
20/02/2025 10:35:59;117;0;170.60;-4;20.72;3.92;181.9;14.10;75276;2835.296;-1758.746;1;168;390;395.2;23.7;23.1;30;30.2;27.5;-1.0;
20/02/2025 10:36:19;117;0;169.25;-4;20.60;3.94;179.2;14.10;75277;2835.293;-1758.746;1;168;390;393.5;23.7;23.1;30;30.2;27.5;-1.0;
20/02/2025 10:36:39;117;0;168.88;-4;20.49;3.91;176.6;14.20;75303;2835.289;-1758.745;1;168;390;393.5;23.7;23.3;30;30.7;27.5;-1.0;
20/02/2025 10:36:59;117;0;171.64;-4;20.83;3.89;173.9;14.20;75312;2835.286;-1758.745;1;168;390;395.2;23.7;23.3;30;30.7;27.5;-1.0;
20/02/2025 10:37:19;117;0;174.91;-4;20.81;3.86;171.2;14.20;75327;2835.283;-1758.745;1;168;390;395.2;23.7;23.1;27;27.1;27.5;-1.0;
20/02/2025 10:37:39;117;0;175.68;-4;20.50;1.90;168.4;14.30;75330;2835.280;-1758.745;1;167;390;395.2;23.7;23.1;27;26.2;27.5;-1.0;
20/02/2025 10:37:59;117;0;175.75;-4;20.31;1.96;165.8;14.30;75354;2835.276;-1758.744;1;167;390;395.2;23.7;23.1;27;26.2;27.5;-1.0;
20/02/2025 10:38:19;117;0;172.90;-4;20.20;1.90;163.2;14.40;75363;2835.273;-1758.744;1;167;390;395.2;23.7;23.1;27;26.2;27.5;-1.0;
20/02/2025 10:38:39;117;0;171.16;-4;20.03;1.94;160.6;14.40;75370;2835.270;-1758.744;1;167;390;395.2;23.7;23.3;29;28.9;27.5;-1.0;
20/02/2025 10:38:59;117;0;171.29;-4;20.38;3.39;158.0;14.40;75398;2835.267;-1758.743;1;167;390;395.2;23.7;23.3;29;29.3;27.5;-1.0;
20/02/2025 10:39:19;117;0;170.24;-4;20.41;3.45;155.4;14.50;75406;2835.264;-1758.743;1;167;390;393.5;23.7;23.1;29;29.8;27.5;-1.0;
20/02/2025 10:39:39;117;0;170.65;-4;20.49;3.43;152.7;14.50;75424;2835.260;-1758.742;1;167;390;391.9;23.7;23.3;29;29.3;27.5;-1.0;
20/02/2025 10:39:59;117;0;171.14;-4;20.53;3.42;150.1;14.60;75430;2835.257;-1758.742;1;166;390;393.5;23.7;23.1;29;29.8;27.5;-1.0;
20/02/2025 10:40:19;117;0;171.01;-4;20.42;3.42;147.4;14.60;75436;2835.254;-1758.741;1;166;390;395.2;23.7;23.1;29;29.3;27.5;-1.0;
20/02/2025 10:40:39;117;0;171.58;-4;20.49;3.34;144.8;14.60;75443;2835.251;-1758.741;1;166;390;395.2;23.7;23.1;29;29.8;27.5;-1.0;
20/02/2025 10:40:59;117;0;173.12;-4;20.57;3.42;142.2;14.70;75452;2835.248;-1758.741;1;166;390;395.2;23.7;23.1;27;26.2;27.5;-1.0;
20/02/2025 10:41:19;117;0;173.96;-4;20.37;1.68;139.6;14.70;75475;2835.245;-1758.740;1;166;390;395.2;23.7;23.1;27;26.2;27.5;-1.0;
20/02/2025 10:41:39;117;0;172.55;-4;20.25;1.62;137.0;14.80;75489;2835.241;-1758.740;1;165;390;396.8;23.7;23.3;27;26.2;27.5;-1.0;
20/02/2025 10:41:59;117;0;172.67;-4;20.17;1.68;134.5;14.80;75507;2835.238;-1758.740;1;165;390;395.2;23.7;23.1;27;26.2;27.5;-1.0;
20/02/2025 10:42:19;117;0;172.85;-4;20.17;1.64;132.0;14.90;75510;2835.235;-1758.740;1;165;390;395.2;23.7;23.1;27;26.2;27.5;-1.0;
20/02/2025 10:42:39;117;0;172.95;-4;20.19;1.60;129.6;14.90;75529;2835.232;-1758.739;1;165;390;393.5;23.7;23.1;27;26.2;27.5;-1.0;
20/02/2025 10:42:59;117;0;173.22;-4;19.98;1.66;127.1;15.00;75532;2835.229;-1758.739;1;164;390;393.5;23.7;23.1;25;24.4;27.5;-1.0;
20/02/2025 10:43:19;117;0;171.52;-4;20.07;1.41;124.6;15.00;75552;2835.226;-1758.739;1;164;390;395.2;23.7;23.3;25;25.7;27.5;-1.0;
20/02/2025 10:43:39;117;0;169.19;-4;20.04;1.39;122.2;15.00;75556;2835.223;-1758.738;1;164;390;395.2;23.7;23.1;28;28.0;27.5;-1.0;
20/02/2025 10:43:59;117;0;163.48;-4;20.06;2.93;119.7;15.10;75581;2835.220;-1758.737;1;164;390;395.2;23.7;23.1;28;28.4;27.5;-1.0;
20/02/2025 10:44:19;117;0;160.55;-4;19.83;2.92;117.3;15.20;75601;2835.217;-1758.736;1;164;390;395.2;23.7;23.1;28;28.4;27.5;-1.0;
20/02/2025 10:44:39;117;0;157.50;-4;19.96;2.89;114.8;15.20;75602;2835.215;-1758.735;1;164;390;395.2;23.7;23.1;28;28.4;27.5;-1.0;
20/02/2025 10:44:59;117;0;154.25;-4;19.86;2.99;112.3;15.30;75635;2835.212;-1758.734;1;164;390;395.2;23.7;23.1;30;29.8;27.5;-1.0;
20/02/2025 10:45:19;117;0;154.45;-4;19.88;3.95;109.9;15.30;75675;2835.209;-1758.732;1;164;390;393.5;23.7;23.3;30;30.7;27.5;-1.0;
20/02/2025 10:45:39;117;0;154.31;-4;19.88;3.96;107.5;15.40;75707;2835.207;-1758.731;1;165;390;393.5;23.7;23.1;30;30.7;27.5;-1.0;
20/02/2025 10:45:59;117;0;154.74;-4;19.97;3.91;105.2;15.40;75727;2835.204;-1758.730;1;165;390;393.5;23.7;23.3;30;30.7;27.5;-1.0;
20/02/2025 10:46:19;117;0;153.29;-4;19.95;3.98;103.0;15.50;75741;2835.202;-1758.728;1;165;390;395.2;23.7;23.1;32;32.9;27.5;-1.0;
20/02/2025 10:46:39;117;0;154.49;-4;20.23;5.96;100.6;15.50;75763;2835.199;-1758.727;1;166;390;395.2;23.7;23.1;32;34.3;27.5;-1.0;
20/02/2025 10:46:59;117;0;155.05;-4;20.22;6.00;98.3;15.60;75771;2835.196;-1758.726;1;166;390;395.2;23.7;23.1;32;34.3;27.5;-1.0;
20/02/2025 10:47:19;117;0;156.90;-4;20.41;6.10;95.9;15.70;75804;2835.194;-1758.724;1;166;390;395.2;23.7;23.1;30;26.6;27.5;-1.0;
20/02/2025 10:47:39;117;0;160.82;-4;20.44;5.28;93.3;15.70;75815;2835.191;-1758.723;1;166;390;395.2;23.7;23.3;30;32.9;27.5;-1.0;
20/02/2025 10:47:59;117;0;164.53;-4;20.42;5.14;90.7;15.80;75834;2835.188;-1758.723;1;166;390;395.2;23.7;23.3;30;32.9;27.5;-1.0;
20/02/2025 10:48:19;117;0;165.47;-4;20.25;5.28;88.0;15.90;75846;2835.184;-1758.722;1;166;390;393.5;23.7;23.1;30;32.9;27.5;-1.0;
20/02/2025 10:48:39;117;0;166.62;-4;20.14;5.26;85.4;15.90;75870;2835.181;-1758.721;1;166;390;395.2;23.7;23.1;30;32.9;27.5;-1.0;
20/02/2025 10:48:59;117;0;167.48;-4;19.92;5.24;82.7;16.00;75876;2835.178;-1758.720;1;166;390;395.2;23.7;23.1;30;32.9;27.5;-1.0;
20/02/2025 10:49:19;117;0;166.25;-4;20.14;5.27;80.0;16.00;75889;2835.175;-1758.719;1;166;390;395.2;23.7;23.3;30;32.9;27.5;-1.0;
20/02/2025 10:49:39;117;0;166.09;-4;19.96;5.23;77.4;16.10;75903;2835.172;-1758.719;1;166;390;395.2;23.7;23.3;30;32.9;27.5;-1.0;
20/02/2025 10:49:59;117;0;167.38;-4;20.01;5.31;74.8;16.20;75919;2835.168;-1758.718;1;166;390;393.5;23.7;23.1;30;32.9;27.5;-1.0;
20/02/2025 10:50:20;117;0;169.30;-4;20.04;5.25;72.1;16.20;75927;2835.165;-1758.718;1;165;390;395.2;23.7;23.3;28;28.0;27.5;-1.0;
20/02/2025 10:50:40;117;0;168.26;-4;19.81;2.39;69.5;16.30;75930;2835.162;-1758.717;1;165;390;393.5;23.7;23.1;28;27.5;27.5;-1.0;
20/02/2025 10:51:00;117;0;167.96;-4;19.79;2.35;66.9;16.30;75941;2835.159;-1758.716;1;165;390;395.2;23.7;23.1;28;27.5;27.5;-1.0;
20/02/2025 10:51:20;117;0;166.76;-4;19.75;2.51;64.4;16.40;75955;2835.156;-1758.716;1;164;390;395.2;23.7;23.1;28;27.5;27.5;-1.0;
20/02/2025 10:51:40;117;0;165.35;-4;19.77;2.38;61.8;16.40;75953;2835.153;-1758.715;1;164;390;393.5;23.7;23.3;28;27.5;27.5;-1.0;
20/02/2025 10:52:00;117;0;164.26;-4;19.78;2.43;59.2;16.50;75968;2835.150;-1758.714;1;164;390;395.2;23.7;23.3;28;27.5;27.5;-1.0;
20/02/2025 10:52:20;117;0;163.35;-4;19.60;2.36;56.5;16.60;75972;2835.146;-1758.713;1;163;390;395.2;23.7;23.1;28;27.5;27.5;-1.0;
20/02/2025 10:52:40;117;0;161.36;-4;19.84;2.46;53.9;16.60;75984;2835.143;-1758.712;1;163;390;395.2;23.7;23.1;28;27.5;27.5;-1.0;
20/02/2025 10:53:00;117;0;159.08;-4;19.33;2.48;51.4;16.70;75998;2835.140;-1758.711;1;164;390;395.2;23.7;23.1;28;27.5;27.5;-1.0;
20/02/2025 10:53:20;117;0;157.09;-4;19.52;2.39;48.8;16.70;76003;2835.137;-1758.709;1;165;390;393.5;23.7;23.1;30;29.8;27.5;-1.0;
20/02/2025 10:53:40;117;0;156.68;-4;19.71;3.93;46.3;16.80;76016;2835.135;-1758.708;1;166;390;395.2;23.7;23.1;30;30.2;27.5;-1.0;
20/02/2025 10:54:00;117;0;155.79;-4;19.99;4.01;43.8;16.80;76016;2835.132;-1758.707;1;169;390;395.2;23.7;23.1;33;32.9;27.5;-1.0;
20/02/2025 10:54:20;117;0;156.71;-4;20.53;5.91;41.1;16.90;76022;2835.129;-1758.705;1;172;390;395.2;23.7;23.1;36;36.1;27.5;-1.0;
20/02/2025 10:54:40;117;0;156.84;-4;19.42;7.47;38.6;16.90;76038;2835.126;-1758.704;1;180;390;395.2;23.7;23.1;48;47.8;27.5;-1.0;
20/02/2025 10:55:00;117;0;163.28;-4;20.24;13.20;36.0;17.00;76045;2835.123;-1758.703;1;196;390;395.2;23.7;23.1;62;61.8;27.5;-1.0;
20/02/2025 10:55:20;117;0;172.66;-4;20.64;21.01;33.3;17.00;76054;2835.120;-1758.703;1;291;390;393.5;23.7;23.1;70;69.9;27.5;-1.0;
20/02/2025 10:55:40;117;0;182.38;-4;19.82;25.38;30.4;17.10;76054;2835.116;-1758.703;1;349;390;395.2;23.7;23.1;70;70.4;27.5;-1.0;
20/02/2025 10:56:00;117;0;195.25;-4;20.87;25.66;27.6;17.10;76061;2835.113;-1758.704;1;2;390;395.2;23.7;23.3;70;70.4;27.5;-1.0;
20/02/2025 10:56:20;117;0;208.63;-4;20.88;25.40;24.7;17.20;76081;2835.110;-1758.706;1;12;390;395.2;23.7;23.3;70;70.4;27.5;-1.0;
20/02/2025 10:56:40;117;0;222.81;-4;19.56;25.39;21.8;17.20;76079;2835.107;-1758.709;1;20;390;396.8;23.7;23.3;70;70.4;27.5;-1.0;
20/02/2025 10:57:00;117;0;231.97;-4;20.18;25.54;19.0;17.30;76079;2835.105;-1758.713;1;27;390;395.2;23.7;23.1;70;70.4;27.5;-1.0;
20/02/2025 10:57:20;117;0;243.72;-4;20.40;26.07;16.2;17.30;76097;2835.104;-1758.717;1;34;390;395.2;23.7;23.3;70;70.4;27.5;-1.0;
20/02/2025 10:57:40;117;0;256.52;-4;20.39;25.58;13.5;17.30;76089;2835.103;-1758.721;1;40;390;393.5;23.7;23.3;70;70.4;27.5;-1.0;
20/02/2025 10:58:00;117;0;269.50;-4;19.54;26.35;10.7;17.40;76107;2835.103;-1758.725;1;47;390;395.2;23.7;23.1;70;70.4;27.5;-1.0;
20/02/2025 10:58:20;117;0;285.07;-4;20.07;25.23;7.8;17.40;76105;2835.104;-1758.729;1;54;390;395.2;23.7;23.3;70;70.4;27.5;-1.0;
20/02/2025 10:58:40;117;0;296.38;-4;21.37;24.65;5.1;17.50;76116;2835.106;-1758.733;1;60;390;395.2;23.7;23.3;70;70.4;27.5;-1.0;
20/02/2025 10:58:55;115;0;308.03;-4;20.20;26.34;2.9;17.50;76118;2835.107;-1758.735;1;65;500;401.6;100.0;66.0;0;-0.5;27.5;-1.0;
20/02/2025 10:59:05;115;0;310.10;-4;5.53;-11.22;1.9;17.50;76082;2835.108;-1758.737;1;68;500;501.6;100.0;100.1;0;-0.5;27.3;-1.0;
20/02/2025 10:59:15;115;0;291.12;-4;-58.24;-12.66;2.2;17.60;75850;2835.109;-1758.737;1;68;500;504.8;100.0;100.6;0;-0.5;27.5;-1.0;
20/02/2025 10:59:25;115;0;314.39;-4;-45.89;-17.55;0.6;17.60;75860;2835.109;-1758.738;1;70;500;504.8;100.0;100.7;0;-0.5;27.5;-1.0;
20/02/2025 10:59:45;119;0;340.07;-4;-58.33;-12.00;0.7;17.60;75871;2835.109;-1758.738;1;70;500;508.1;100.0;100.7;0;-0.5;27.5;-1.0;
20/02/2025 10:59:55;119;0;354.24;-4;-44.52;-7.76;0.4;17.70;75872;2835.211;-1758.704;0;70;500;508.1;100.0;100.6;0;-0.5;27.5;-1.0;
