PLD_REALTIMECLOCK;NAV_RESOURCE;NAV_LONGITUDE;NAV_LATITUDE;NAV_DEPTH;NAV_HEADING;SD_CARD_USAGE;SSD_USAGE;ACQUISITION_FREQ;RECORDING;LEGATO_CONDUCTIVITY;LEGATO_TEMPERATURE;LEGATO_PRESSURE;LEGATO_SALINITY;LEGATO_CONDTEMP;LEGATO_CODA_DO;LEGATO_CODA_TEMPERATURE;LEGATO_CODA_CORR_PHASE;LEGATO_SOUND_VELOCITY;FLBBCD_CHL_COUNT;FLBBCD_CHL_SCALED;FLBBCD_CDOM_COUNT;FLBBCD_CDOM_SCALED;FLBBCD_BB_700_COUNT;FLBBCD_BB_700_SCALED;User_Field1;User_Field2;User_Field3;User_Field4;User_Field5;User_Field6;User_Field7;User_Field8;User_Field9;User_Field10;BS_HEADING;BS_ZB;BS_ZT;BS_PU;BS_PD;BS_BU;BS_BD;BS_SR;BS_ALTIMETER.ENABLE;BS_ALTIMETER.VALUE;BS_CURRENT.CORRECTION.ENABLE
13/02/2025 03:52:28.687;119;-1758.401;2834.651;0.000;338.000;142440.37;-1;192000;0;50.9416;20.5272;1.3765;37.0253;20.2007;230.2173;20.5340;23.0323;1525.1919;56;0.0484;69;1.6362;100;0.000153100;0;9999;9999;9999;9999;9999;9999;9999;9999;9999;9999;9999;9999;9999;9999;9999;9999;9999;9999;9999;9999
13/02/2025 03:52:58.721;116;-1758.400;2834.649;-0.100;7.000;142440.38;-1;192000;0;50.9403;20.5282;1.5082;37.0232;20.2200;231.5894;20.5296;22.9809;1525.1945;57;0.0605;69;1.6362;102;0.000159224;0;9999;9999;9999;9999;9999;9999;9999;9999;9999;9999;9999;9999;9999;9999;9999;9999;9999;9999;9999;9999
13/02/2025 03:53:28.725;116;-1758.399;2834.650;-0.000;46.000;142440.4;-1;192000;0;50.9446;20.5306;1.4971;37.0247;20.2355;231.1615;20.5314;22.9967;1525.2025;52;0.0000;70;1.7271;95;0.000137790;0;9999;9999;9999;9999;9999;9999;9999;9999;9999;9999;9999;9999;9999;9999;9999;9999;9999;9999;9999;9999
13/02/2025 03:53:58.705;116;-1758.394;2834.647;0.000;36.000;142440.43;-1;192000;0;50.9371;20.5233;1.3924;37.0250;20.2607;230.9622;20.5278;23.0054;1525.1813;53;0.0121;69;1.6362;98;0.000146976;0;9999;9999;9999;9999;9999;9999;9999;9999;9999;9999;9999;9999;9999;9999;9999;9999;9999;9999;9999;9999
13/02/2025 03:54:28.724;116;-1758.394;2834.646;-0.000;44.000;142440.46;-1;192000;0;50.9455;20.5297;1.4711;37.0262;20.2742;230.6709;20.5297;23.0161;1525.2013;53;0.0121;69;1.6362;100;0.000153100;0;9999;9999;9999;9999;9999;9999;9999;9999;9999;9999;9999;9999;9999;9999;9999;9999;9999;9999;9999;9999
13/02/2025 03:54:58.728;116;-1758.394;2834.646;-0.000;44.000;142440.47;-1;192000;0;50.9432;20.5271;1.4765;37.0265;20.2877;231.7953;20.5356;22.9709;1525.1947;55;0.0363;69;1.6362;99;0.000150038;0;9999;9999;9999;9999;9999;9999;9999;9999;9999;9999;9999;9999;9999;9999;9999;9999;9999;9999;9999;9999
13/02/2025 03:55:28.697;116;-1758.397;2834.646;-0.100;26.000;142440.49;-1;192000;0;50.9481;20.5365;1.4283;37.0223;20.3052;230.9163;20.5354;23.0052;1525.2147;54;0.0242;68;1.5453;100;0.000153100;0;9999;9999;9999;9999;9999;9999;9999;9999;9999;9999;9999;9999;9999;9999;9999;9999;9999;9999;9999;9999
13/02/2025 03:55:58.721;116;-1758.390;2834.642;0.000;43.000;142440.52;-1;192000;0;50.9518;20.5334;1.4057;37.0281;20.3206;230.9273;20.5436;23.0019;1525.2124;57;0.0605;68;1.5453;99;0.000150038;0;9999;9999;9999;9999;9999;9999;9999;9999;9999;9999;9999;9999;9999;9999;9999;9999;9999;9999;9999;9999
13/02/2025 03:56:28.723;116;-1758.390;2834.642;0.000;43.000;142440.53;-1;192000;0;50.9460;20.5323;1.4138;37.0243;20.3360;231.5386;20.5421;22.9790;1525.2053;56;0.0484;69;1.6362;96;0.000140852;0;9999;9999;9999;9999;9999;9999;9999;9999;9999;9999;9999;9999;9999;9999;9999;9999;9999;9999;9999;9999
13/02/2025 03:56:58.724;116;-1758.388;2834.641;-0.100;41.000;142440.56;-1;192000;0;50.9502;20.5370;1.4864;37.0236;20.3477;232.1212;20.5395;22.9575;1525.2184;55;0.0363;69;1.6362;98;0.000146976;0;9999;9999;9999;9999;9999;9999;9999;9999;9999;9999;9999;9999;9999;9999;9999;9999;9999;9999;9999;9999
13/02/2025 03:57:28.726;116;-1758.386;2834.639;-0.000;37.000;142440.57;-1;192000;0;50.9494;20.5361;1.4940;37.0238;20.3592;231.4718;20.5368;22.9833;1525.2164;57;0.0605;70;1.7271;100;0.000153100;0;9999;9999;9999;9999;9999;9999;9999;9999;9999;9999;9999;9999;9999;9999;9999;9999;9999;9999;9999;9999
13/02/2025 03:57:58.725;116;-1758.386;2834.639;-0.000;37.000;142440.59;-1;192000;0;50.9467;20.5339;1.4138;37.0235;20.3747;231.5184;20.5375;22.9812;1525.2087;53;0.0121;70;1.7271;105;0.000168410;0;9999;9999;9999;9999;9999;9999;9999;9999;9999;9999;9999;9999;9999;9999;9999;9999;9999;9999;9999;9999
13/02/2025 03:58:28.712;116;-1758.386;2834.639;-0.000;37.000;142440.61;-1;192000;0;50.9463;20.5315;1.4527;37.0253;20.3805;233.0933;20.5374;22.9208;1525.2049;58;0.0726;69;1.6362;97;0.000143914;0;9999;9999;9999;9999;9999;9999;9999;9999;9999;9999;9999;9999;9999;9999;9999;9999;9999;9999;9999;9999
13/02/2025 03:58:58.698;116;-1758.390;2834.638;-0.100;43.000;142440.64;-1;192000;0;50.9479;20.5336;1.4430;37.0247;20.3940;231.9561;20.5376;22.9643;1525.2097;55;0.0363;69;1.6362;98;0.000146976;0;9999;9999;9999;9999;9999;9999;9999;9999;9999;9999;9999;9999;9999;9999;9999;9999;9999;9999;9999;9999
13/02/2025 03:59:28.723;110;-1758.390;2834.638;0.000;44.000;142440.68;-1;192000;1;50.9501;20.5342;1.4816;37.0260;20.4017;231.4004;20.5400;22.9849;1525.2135;54;0.0242;70;1.7271;153;0.000315386;0;9999;9999;9999;9999;9999;9999;9999;9999;9999;9999;9999;9999;9999;9999;9999;9999;9999;9999;9999;9999
13/02/2025 03:59:58.710;110;-1758.388;2834.636;0.900;35.000;142509.83;-1;192000;1;50.9499;20.5340;2.7728;37.0255;20.4114;231.6481;20.5386;22.9762;1525.2339;54;0.0242;70;1.7271;102;0.000159224;0;9999;9999;9999;9999;9999;9999;9999;9999;9999;9999;9999;9999;9999;9999;9999;9999;9999;9999;9999;9999
13/02/2025 04:00:28.719;110;-1758.386;2834.636;2.900;37.000;142578.97;-1;192000;1;50.9421;20.5282;8.3739;37.0222;20.4210;231.6447;20.5302;22.9805;1525.3079;56;0.0484;68;1.5453;103;0.000162286;0;9999;9999;9999;9999;9999;9999;9999;9999;9999;9999;9999;9999;9999;9999;9999;9999;9999;9999;9999;9999
13/02/2025 04:00:58.707;100;-1758.377;2834.638;12.100;54.000;142648.13;-1;192000;1;50.9154;20.5049;15.2096;37.0182;20.4268;232.3115;20.5067;22.9638;1525.3543;55;0.0363;69;1.6362;99;0.000150038;0;9999;9999;9999;9999;9999;9999;9999;9999;9999;9999;9999;9999;9999;9999;9999;9999;9999;9999;9999;9999
13/02/2025 04:01:28.702;100;-1758.373;2834.639;17.000;49.000;142717.28;-1;192000;1;50.8982;20.4892;22.8994;37.0150;20.4345;232.2226;20.4903;22.9742;1525.4363;57;0.0605;69;1.6362;101;0.000156162;0;9999;9999;9999;9999;9999;9999;9999;9999;9999;9999;9999;9999;9999;9999;9999;9999;9999;9999;9999;9999
13/02/2025 04:01:58.703;100;-1758.366;2834.643;26.900;25.000;142786.42;-1;192000;1;50.8538;20.4556;30.2861;37.0053;20.4306;232.6092;20.4573;22.9714;1525.4575;55;0.0363;70;1.7271;115;0.000199030;0;9999;9999;9999;9999;9999;9999;9999;9999;9999;9999;9999;9999;9999;9999;9999;9999;9999;9999;9999;9999
13/02/2025 04:02:28.715;100;-1758.363;2834.646;31.500;15.000;142855.57;-1;192000;1;50.7926;20.4085;37.4693;36.9937;20.4249;233.8247;20.4106;22.9410;1525.4362;54;0.0242;70;1.7271;102;0.000159224;0;9999;9999;9999;9999;9999;9999;9999;9999;9999;9999;9999;9999;9999;9999;9999;9999;9999;9999;9999;9999
13/02/2025 04:02:58.722;100;-1758.361;2834.651;40.800;355.000;142924.73;-1;192000;1;50.7140;20.3475;44.4607;36.9801;20.4133;234.0510;20.3494;22.9526;1525.3715;55;0.0363;69;1.6362;94;0.000134728;0;9999;9999;9999;9999;9999;9999;9999;9999;9999;9999;9999;9999;9999;9999;9999;9999;9999;9999;9999;9999
13/02/2025 04:03:28.719;100;-1758.361;2834.653;45.200;348.000;142993.87;-1;192000;1;50.6556;20.3068;51.2988;36.9653;20.4017;235.8492;20.3072;22.8992;1525.3580;57;0.0605;70;1.7271;97;0.000143914;0;9999;9999;9999;9999;9999;9999;9999;9999;9999;9999;9999;9999;9999;9999;9999;9999;9999;9999;9999;9999
13/02/2025 04:03:58.721;100;-1758.362;2834.658;53.900;336.000;143063.02;-1;192000;1;50.5687;20.2300;57.8775;36.9587;20.3766;234.5172;20.2319;22.9735;1525.2505;64;0.1452;72;1.9089;97;0.000143914;0;9999;9999;9999;9999;9999;9999;9999;9999;9999;9999;9999;9999;9999;9999;9999;9999;9999;9999;9999;9999
13/02/2025 04:04:28.702;100;-1758.363;2834.660;58.100;336.000;143132.17;-1;192000;1;50.5355;20.1971;64.5266;36.9577;20.3534;234.9517;20.1989;22.9684;1525.2702;72;0.2420;70;1.7271;105;0.000168410;0;9999;9999;9999;9999;9999;9999;9999;9999;9999;9999;9999;9999;9999;9999;9999;9999;9999;9999;9999;9999
13/02/2025 04:04:58.723;100;-1758.365;2834.664;66.800;331.000;143201.33;-1;192000;1;50.5550;20.2019;71.2600;36.9671;20.3322;233.1442;20.2026;23.0377;1525.4061;70;0.2178;70;1.7271;100;0.000153100;0;9999;9999;9999;9999;9999;9999;9999;9999;9999;9999;9999;9999;9999;9999;9999;9999;9999;9999;9999;9999
13/02/2025 04:05:28.717;100;-1758.366;2834.666;71.100;333.000;143270.47;-1;192000;1;50.5347;20.1817;78.0305;36.9657;20.3148;232.0308;20.1828;23.0881;1525.4621;69;0.2057;71;1.8180;101;0.000156162;0;9999;9999;9999;9999;9999;9999;9999;9999;9999;9999;9999;9999;9999;9999;9999;9999;9999;9999;9999;9999
13/02/2025 04:05:58.716;100;-1758.368;2834.670;80.100;334.000;143339.62;-1;192000;1;50.5260;20.1723;84.8584;36.9641;20.2974;232.7404;20.1735;23.0656;1525.5483;67;0.1815;69;1.6362;104;0.000165348;0;9999;9999;9999;9999;9999;9999;9999;9999;9999;9999;9999;9999;9999;9999;9999;9999;9999;9999;9999;9999
13/02/2025 04:06:28.718;100;-1758.368;2834.672;84.500;334.000;143408.76;-1;192000;1;50.3834;20.0688;91.6476;36.9349;20.2800;233.6947;20.0702;23.0623;1525.3449;65;0.1573;70;1.7271;96;0.000140852;0;9999;9999;9999;9999;9999;9999;9999;9999;9999;9999;9999;9999;9999;9999;9999;9999;9999;9999;9999;9999
13/02/2025 04:06:58.723;100;-1758.370;2834.676;93.200;334.000;143477.93;-1;192000;1;50.2751;19.9858;98.2601;36.9160;20.2471;237.7474;19.9874;22.9357;1525.2056;72;0.2420;70;1.7271;93;0.000131666;0;9999;9999;9999;9999;9999;9999;9999;9999;9999;9999;9999;9999;9999;9999;9999;9999;9999;9999;9999;9999
13/02/2025 04:07:28.706;100;-1758.371;2834.678;97.500;337.000;143547.08;-1;192000;1;49.9747;19.8078;105.1307;36.8212;20.2123;232.3792;19.8023;23.2004;1524.7223;71;0.2299;71;1.8180;93;0.000131666;0;9999;9999;9999;9999;9999;9999;9999;9999;9999;9999;9999;9999;9999;9999;9999;9999;9999;9999;9999;9999
13/02/2025 04:07:58.716;100;-1758.372;2834.682;106.900;338.000;143616.23;-1;192000;1;49.2689;19.2257;112.5252;36.7432;20.1039;225.3788;19.2296;23.6501;1523.1335;61;0.1089;73;1.9998;93;0.000131666;0;9999;9999;9999;9999;9999;9999;9999;9999;9999;9999;9999;9999;9999;9999;9999;9999;9999;9999;9999;9999
13/02/2025 04:08:28.706;100;-1758.373;2834.684;111.800;335.000;143685.38;-1;192000;1;48.4931;18.6320;120.0515;36.6122;19.9292;220.2151;18.6375;24.0471;1521.4272;59;0.0847;73;1.9998;91;0.000125542;0;9999;9999;9999;9999;9999;9999;9999;9999;9999;9999;9999;9999;9999;9999;9999;9999;9999;9999;9999;9999
13/02/2025 04:08:58.721;100;-1758.375;2834.689;121.000;333.000;143754.52;-1;192000;1;48.0961;18.3177;127.0491;36.5514;19.7269;216.1416;18.3212;24.3192;1520.5723;57;0.0605;75;2.1816;90;0.000122480;0;9999;9999;9999;9999;9999;9999;9999;9999;9999;9999;9999;9999;9999;9999;9999;9999;9999;9999;9999;9999
13/02/2025 04:09:28.708;100;-1758.376;2834.691;125.500;336.000;143823.68;-1;192000;1;47.5698;17.8884;133.9595;36.4807;19.5143;215.2991;17.8925;24.4933;1519.3617;54;0.0242;76;2.2725;86;0.000110232;0;9999;9999;9999;9999;9999;9999;9999;9999;9999;9999;9999;9999;9999;9999;9999;9999;9999;9999;9999;9999
13/02/2025 04:09:58.722;100;-1758.378;2834.694;134.300;330.000;143892.83;-1;192000;1;47.3890;17.7535;140.8953;36.4429;19.2972;215.2947;17.7518;24.5414;1519.0397;52;0.0000;76;2.2725;82;0.000097984;0;9999;9999;9999;9999;9999;9999;9999;9999;9999;9999;9999;9999;9999;9999;9999;9999;9999;9999;9999;9999
13/02/2025 04:10:28.722;100;-1758.379;2834.696;138.600;326.000;143961.97;-1;192000;1;47.0257;17.4416;147.7411;36.4054;19.0970;214.2822;17.4427;24.6855;1518.1935;53;0.0121;76;2.2725;80;0.000091860;0;9999;9999;9999;9999;9999;9999;9999;9999;9999;9999;9999;9999;9999;9999;9999;9999;9999;9999;9999;9999
13/02/2025 04:10:58.713;100;-1758.381;2834.700;147.600;333.000;144031.13;-1;192000;1;46.8704;17.3031;154.7747;36.3921;18.8884;212.7538;17.3040;24.7979;1517.8855;52;0.0000;75;2.1816;81;0.000094922;0;9999;9999;9999;9999;9999;9999;9999;9999;9999;9999;9999;9999;9999;9999;9999;9999;9999;9999;9999;9999
13/02/2025 04:11:28.723;100;-1758.382;2834.702;152.000;332.000;144100.27;-1;192000;1;46.7711;17.2166;161.6149;36.3807;18.6990;212.4474;17.2180;24.8411;1517.7294;52;0.0000;76;2.2725;80;0.000091860;0;9999;9999;9999;9999;9999;9999;9999;9999;9999;9999;9999;9999;9999;9999;9999;9999;9999;9999;9999;9999
13/02/2025 04:11:58.723;100;-1758.385;2834.706;160.700;327.000;144169.42;-1;192000;1;46.5132;17.0013;168.4607;36.3466;18.5269;211.7179;17.0023;24.9452;1517.1625;52;0.0000;76;2.2725;79;0.000088798;0;9999;9999;9999;9999;9999;9999;9999;9999;9999;9999;9999;9999;9999;9999;9999;9999;9999;9999;9999;9999
13/02/2025 04:12:28.721;100;-1758.387;2834.708;165.200;323.000;144238.58;-1;192000;1;46.2551;16.7808;175.8353;36.3161;18.3404;211.6721;16.7822;25.0213;1516.5892;50;-0.0242;77;2.3634;80;0.000091860;0;9999;9999;9999;9999;9999;9999;9999;9999;9999;9999;9999;9999;9999;9999;9999;9999;9999;9999;9999;9999
13/02/2025 04:12:58.705;100;-1758.390;2834.711;174.800;323.000;144307.72;-1;192000;1;46.1748;16.7134;183.3494;36.3035;18.1654;211.5419;16.7125;25.0523;1516.4966;49;-0.0363;78;2.4543;81;0.000094922;0;9999;9999;9999;9999;9999;9999;9999;9999;9999;9999;9999;9999;9999;9999;9999;9999;9999;9999;9999;9999
13/02/2025 04:13:28.719;100;-1758.392;2834.713;179.900;325.000;144376.86;-1;192000;1;45.9510;16.5267;190.7767;36.2718;18.0119;211.2567;16.5265;25.1286;1516.0198;50;-0.0242;77;2.3634;86;0.000110232;0;9999;9999;9999;9999;9999;9999;9999;9999;9999;9999;9999;9999;9999;9999;9999;9999;9999;9999;9999;9999
13/02/2025 04:13:58.711;100;-1758.396;2834.717;189.100;324.000;144446.02;-1;192000;1;45.5891;16.2237;198.1350;36.2228;17.8480;210.8078;16.2244;25.2508;1515.1647;51;-0.0121;77;2.3634;78;0.000085736;0;9999;9999;9999;9999;9999;9999;9999;9999;9999;9999;9999;9999;9999;9999;9999;9999;9999;9999;9999;9999
13/02/2025 04:14:28.710;100;-1758.397;2834.719;194.100;324.000;144515.16;-1;192000;1;45.3502;16.0178;205.3369;36.1942;17.6597;210.9890;16.0191;25.3133;1514.6212;50;-0.0242;76;2.2725;80;0.000091860;0;9999;9999;9999;9999;9999;9999;9999;9999;9999;9999;9999;9999;9999;9999;9999;9999;9999;9999;9999;9999
13/02/2025 04:14:58.721;100;-1758.401;2834.722;203.200;324.000;144584.31;-1;192000;1;45.2969;15.9774;212.5527;36.1804;17.4789;211.4381;15.9755;25.3107;1514.6010;50;-0.0242;78;2.4543;77;0.000082674;0;9999;9999;9999;9999;9999;9999;9999;9999;9999;9999;9999;9999;9999;9999;9999;9999;9999;9999;9999;9999
13/02/2025 04:15:28.719;100;-1758.402;2834.724;207.900;326.000;144653.46;-1;192000;1;45.2242;15.9104;219.8050;36.1735;17.3278;211.2008;15.9091;25.3453;1514.5073;50;-0.0242;78;2.4543;79;0.000088798;0;9999;9999;9999;9999;9999;9999;9999;9999;9999;9999;9999;9999;9999;9999;9999;9999;9999;9999;9999;9999
13/02/2025 04:15:58.715;100;-1758.406;2834.728;217.200;322.000;144722.61;-1;192000;1;45.0514;15.7603;226.9808;36.1525;17.1784;210.2870;15.7601;25.4378;1514.1392;50;-0.0242;77;2.3634;82;0.000097984;0;9999;9999;9999;9999;9999;9999;9999;9999;9999;9999;9999;9999;9999;9999;9999;9999;9999;9999;9999;9999
13/02/2025 04:16:28.711;100;-1758.408;2834.729;221.800;323.000;144791.76;-1;192000;1;44.9072;15.6373;234.1308;36.1323;17.0307;210.7633;15.6363;25.4606;1513.8538;50;-0.0242;79;2.5452;77;0.000082674;0;9999;9999;9999;9999;9999;9999;9999;9999;9999;9999;9999;9999;9999;9999;9999;9999;9999;9999;9999;9999
13/02/2025 04:16:58.723;100;-1758.411;2834.733;231.300;325.000;144860.92;-1;192000;1;44.8298;15.5728;241.3907;36.1185;16.8989;211.1763;15.5716;25.4665;1513.7581;49;-0.0363;78;2.4543;78;0.000085736;0;9999;9999;9999;9999;9999;9999;9999;9999;9999;9999;9999;9999;9999;9999;9999;9999;9999;9999;9999;9999
13/02/2025 04:17:28.723;100;-1758.412;2834.735;235.900;326.000;144930.06;-1;192000;1;44.5925;15.3783;248.6587;36.0792;16.7668;209.6674;15.3769;25.6021;1513.2275;50;-0.0242;78;2.4543;80;0.000091860;0;9999;9999;9999;9999;9999;9999;9999;9999;9999;9999;9999;9999;9999;9999;9999;9999;9999;9999;9999;9999
13/02/2025 04:17:58.713;100;-1758.415;2834.739;245.500;326.000;144999.22;-1;192000;1;44.3337;15.1519;256.1044;36.0489;16.6079;209.9540;15.1519;25.6679;1512.6069;51;-0.0121;77;2.3634;77;0.000082674;0;9999;9999;9999;9999;9999;9999;9999;9999;9999;9999;9999;9999;9999;9999;9999;9999;9999;9999;9999;9999
13/02/2025 04:18:28.718;100;-1758.417;2834.741;250.200;322.000;145068.36;-1;192000;1;44.2736;15.0974;263.4691;36.0412;16.4568;210.1914;15.0958;25.6786;1512.5488;50;-0.0242;78;2.4543;78;0.000085736;0;9999;9999;9999;9999;9999;9999;9999;9999;9999;9999;9999;9999;9999;9999;9999;9999;9999;9999;9999;9999
13/02/2025 04:18:58.720;100;-1758.421;2834.744;259.800;318.000;145137.52;-1;192000;1;44.1313;14.9769;270.8649;36.0192;16.3279;210.2802;14.9756;25.7181;1512.2662;50;-0.0242;78;2.4543;77;0.000082674;0;9999;9999;9999;9999;9999;9999;9999;9999;9999;9999;9999;9999;9999;9999;9999;9999;9999;9999;9999;9999
13/02/2025 04:19:28.710;100;-1758.423;2834.746;264.700;324.000;145206.67;-1;192000;1;44.0241;14.8757;278.3786;36.0113;16.1864;210.1903;14.8764;25.7578;1512.0618;50;-0.0242;78;2.4543;75;0.000076550;0;9999;9999;9999;9999;9999;9999;9999;9999;9999;9999;9999;9999;9999;9999;9999;9999;9999;9999;9999;9999
13/02/2025 04:19:58.723;100;-1758.426;2834.750;274.600;328.000;145275.83;-1;192000;1;43.8607;14.7357;286.0987;35.9875;16.0569;209.6802;14.7346;25.8318;1511.7183;50;-0.0242;80;2.6361;78;0.000085736;0;9999;9999;9999;9999;9999;9999;9999;9999;9999;9999;9999;9999;9999;9999;9999;9999;9999;9999;9999;9999
13/02/2025 04:20:28.715;100;-1758.427;2834.752;279.600;326.000;145344.97;-1;192000;1;43.8127;14.6958;293.5406;35.9772;15.9271;209.6962;14.6938;25.8476;1511.7028;50;-0.0242;81;2.7270;84;0.000104108;0;9999;9999;9999;9999;9999;9999;9999;9999;9999;9999;9999;9999;9999;9999;9999;9999;9999;9999;9999;9999
13/02/2025 04:20:58.706;100;-1758.431;2834.756;289.100;323.000;145414.12;-1;192000;1;43.7645;14.6515;300.9298;35.9706;15.8136;208.5171;14.6499;25.9179;1511.6767;50;-0.0242;79;2.5452;80;0.000091860;0;9999;9999;9999;9999;9999;9999;9999;9999;9999;9999;9999;9999;9999;9999;9999;9999;9999;9999;9999;9999
13/02/2025 04:21:28.723;100;-1758.433;2834.758;294.000;325.000;145483.26;-1;192000;1;43.6573;14.5544;308.3745;35.9586;15.7061;210.0890;14.5535;25.8826;1511.4766;51;-0.0121;79;2.5452;77;0.000082674;0;9999;9999;9999;9999;9999;9999;9999;9999;9999;9999;9999;9999;9999;9999;9999;9999;9999;9999;9999;9999
13/02/2025 04:21:58.720;100;-1758.435;2834.762;303.600;330.000;145552.41;-1;192000;1;43.5633;14.4713;315.8449;35.9457;15.5963;208.3365;14.4700;25.9925;1511.3198;51;-0.0121;78;2.4543;78;0.000085736;0;9999;9999;9999;9999;9999;9999;9999;9999;9999;9999;9999;9999;9999;9999;9999;9999;9999;9999;9999;9999
13/02/2025 04:22:28.723;100;-1758.437;2834.764;308.500;332.000;145621.56;-1;192000;1;43.3686;14.3040;323.1192;35.9176;15.4884;207.9097;14.3040;26.0717;1510.8713;50;-0.0242;81;2.7270;84;0.000104108;0;9999;9999;9999;9999;9999;9999;9999;9999;9999;9999;9999;9999;9999;9999;9999;9999;9999;9999;9999;9999
13/02/2025 04:22:58.707;100;-1758.439;2834.768;317.800;332.000;145690.71;-1;192000;1;43.3073;14.2506;330.2326;35.9072;15.3741;207.2223;14.2488;26.1244;1510.8053;50;-0.0242;80;2.6361;80;0.000091860;0;9999;9999;9999;9999;9999;9999;9999;9999;9999;9999;9999;9999;9999;9999;9999;9999;9999;9999;9999;9999
13/02/2025 04:23:28.723;100;-1758.440;2834.770;322.400;331.000;145759.85;-1;192000;1;43.1842;14.1432;337.4755;35.8895;15.2678;207.5850;14.1421;26.1473;1510.5586;50;-0.0242;79;2.5452;79;0.000088798;0;9999;9999;9999;9999;9999;9999;9999;9999;9999;9999;9999;9999;9999;9999;9999;9999;9999;9999;9999;9999
13/02/2025 04:23:58.707;100;-1758.442;2834.775;332.000;332.000;145829.01;-1;192000;1;42.9640;13.9566;344.8290;35.8546;15.1510;207.5002;13.9536;26.2195;1510.0360;50;-0.0242;79;2.5452;80;0.000091860;0;9999;9999;9999;9999;9999;9999;9999;9999;9999;9999;9999;9999;9999;9999;9999;9999;9999;9999;9999;9999
13/02/2025 04:24:28.721;100;-1758.444;2834.777;336.700;328.000;145898.16;-1;192000;1;42.8253;13.8255;351.7679;35.8441;15.0318;207.6035;13.8258;26.2611;1509.7129;50;-0.0242;79;2.5452;77;0.000082674;0;9999;9999;9999;9999;9999;9999;9999;9999;9999;9999;9999;9999;9999;9999;9999;9999;9999;9999;9999;9999
13/02/2025 04:24:58.718;100;-1758.447;2834.780;345.600;320.000;145967.3;-1;192000;1;42.7931;13.7903;358.6369;35.8439;14.9103;205.5434;13.7896;26.3700;1509.7119;51;-0.0121;80;2.6361;80;0.000091860;0;9999;9999;9999;9999;9999;9999;9999;9999;9999;9999;9999;9999;9999;9999;9999;9999;9999;9999;9999;9999
13/02/2025 04:25:28.719;100;-1758.449;2834.781;350.100;318.000;146036.45;-1;192000;1;42.6488;13.6733;365.5147;35.8148;14.8053;205.5311;13.6706;26.4152;1509.4100;51;-0.0121;79;2.5452;78;0.000085736;0;9999;9999;9999;9999;9999;9999;9999;9999;9999;9999;9999;9999;9999;9999;9999;9999;9999;9999;9999;9999
13/02/2025 04:25:58.722;100;-1758.453;2834.784;359.000;314.000;146105.62;-1;192000;1;42.4589;13.4969;372.3312;35.7978;14.6833;204.9860;13.4968;26.5032;1508.9255;50;-0.0242;79;2.5452;79;0.000088798;0;9999;9999;9999;9999;9999;9999;9999;9999;9999;9999;9999;9999;9999;9999;9999;9999;9999;9999;9999;9999
13/02/2025 04:26:28.706;100;-1758.455;2834.785;363.500;318.000;146174.76;-1;192000;1;42.3439;13.4166;379.0935;35.7616;14.5716;204.4531;13.4132;26.5610;1508.7309;49;-0.0363;80;2.6361;76;0.000079612;0;9999;9999;9999;9999;9999;9999;9999;9999;9999;9999;9999;9999;9999;9999;9999;9999;9999;9999;9999;9999
13/02/2025 04:26:58.703;100;-1758.459;2834.788;372.100;316.000;146243.92;-1;192000;1;42.2283;13.2920;385.6455;35.7661;14.4470;203.6918;13.2898;26.6408;1508.4344;51;-0.0121;80;2.6361;79;0.000088798;0;9999;9999;9999;9999;9999;9999;9999;9999;9999;9999;9999;9999;9999;9999;9999;9999;9999;9999;9999;9999
13/02/2025 04:27:28.719;100;-1758.461;2834.789;376.300;313.000;146313.06;-1;192000;1;42.1509;13.2148;392.1441;35.7623;14.3349;202.9673;13.2142;26.7031;1508.2826;52;0.0000;80;2.6361;82;0.000097984;0;9999;9999;9999;9999;9999;9999;9999;9999;9999;9999;9999;9999;9999;9999;9999;9999;9999;9999;9999;9999
13/02/2025 04:27:58.709;100;-1758.465;2834.791;384.900;318.000;146382.21;-1;192000;1;41.9828;13.0736;398.9188;35.7323;14.2268;201.5669;13.0710;26.8228;1507.8917;50;-0.0242;79;2.5452;77;0.000082674;0;9999;9999;9999;9999;9999;9999;9999;9999;9999;9999;9999;9999;9999;9999;9999;9999;9999;9999;9999;9999
13/02/2025 04:28:28.699;100;-1758.466;2834.793;389.400;322.000;146451.36;-1;192000;1;41.8536;12.9493;406.1663;35.7228;14.1078;200.5761;12.9464;26.9161;1507.5874;51;-0.0121;81;2.7270;76;0.000079612;0;9999;9999;9999;9999;9999;9999;9999;9999;9999;9999;9999;9999;9999;9999;9999;9999;9999;9999;9999;9999
13/02/2025 04:28:58.723;100;-1758.470;2834.797;399.200;323.000;146520.51;-1;192000;1;41.8138;12.9024;413.5260;35.7258;13.9950;199.4505;12.9010;26.9879;1507.5566;50;-0.0242;81;2.7270;74;0.000073488;0;9999;9999;9999;9999;9999;9999;9999;9999;9999;9999;9999;9999;9999;9999;9999;9999;9999;9999;9999;9999
13/02/2025 04:29:28.711;100;-1758.471;2834.798;403.800;324.000;146589.66;-1;192000;1;41.7882;12.8763;420.4953;35.7230;13.8926;199.2540;12.8753;27.0085;1507.5816;52;0.0000;81;2.7270;76;0.000079612;0;9999;9999;9999;9999;9999;9999;9999;9999;9999;9999;9999;9999;9999;9999;9999;9999;9999;9999;9999;9999
13/02/2025 04:29:58.723;100;-1758.474;2834.802;412.700;329.000;146658.81;-1;192000;1;41.7136;12.8090;427.3954;35.7121;13.8071;199.1398;12.8075;27.0405;1507.4583;49;-0.0363;81;2.7270;77;0.000082674;0;9999;9999;9999;9999;9999;9999;9999;9999;9999;9999;9999;9999;9999;9999;9999;9999;9999;9999;9999;9999
13/02/2025 04:30:28.716;100;-1758.475;2834.804;417.200;332.000;146727.95;-1;192000;1;41.6616;12.7576;434.3449;35.7078;13.7172;199.3855;12.7565;27.0489;1507.3964;51;-0.0121;81;2.7270;77;0.000082674;0;9999;9999;9999;9999;9999;9999;9999;9999;9999;9999;9999;9999;9999;9999;9999;9999;9999;9999;9999;9999
13/02/2025 04:30:58.720;100;-1758.477;2834.809;426.200;338.000;146797.11;-1;192000;1;41.4034;12.5225;441.0738;35.6788;13.6294;196.3514;12.5232;27.2820;1506.6846;50;-0.0242;80;2.6361;76;0.000079612;0;9999;9999;9999;9999;9999;9999;9999;9999;9999;9999;9999;9999;9999;9999;9999;9999;9999;9999;9999;9999
13/02/2025 04:31:28.719;100;-1758.477;2834.810;430.400;335.000;146866.25;-1;192000;1;41.3724;12.4867;447.6615;35.6800;13.5155;196.3967;12.4863;27.2948;1506.6745;50;-0.0242;81;2.7270;77;0.000082674;0;9999;9999;9999;9999;9999;9999;9999;9999;9999;9999;9999;9999;9999;9999;9999;9999;9999;9999;9999;9999
13/02/2025 04:31:58.708;100;-1758.479;2834.815;439.200;336.000;146935.4;-1;192000;1;41.3282;12.4437;454.3611;35.6751;13.4187;195.7212;12.4430;27.3456;1506.6346;53;0.0121;81;2.7270;77;0.000082674;0;9999;9999;9999;9999;9999;9999;9999;9999;9999;9999;9999;9999;9999;9999;9999;9999;9999;9999;9999;9999
13/02/2025 04:32:28.722;100;-1758.480;2834.816;443.600;332.000;147004.55;-1;192000;1;41.2971;12.4188;461.1927;35.6658;13.3325;195.5324;12.4158;27.3672;1506.6525;51;-0.0121;81;2.7270;78;0.000085736;0;9999;9999;9999;9999;9999;9999;9999;9999;9999;9999;9999;9999;9999;9999;9999;9999;9999;9999;9999;9999
13/02/2025 04:32:58.721;100;-1758.482;2834.820;452.400;325.000;147073.71;-1;192000;1;41.2568;12.3757;467.9228;35.6648;13.2527;195.2393;12.3743;27.3984;1506.6171;50;-0.0242;82;2.8179;78;0.000085736;0;9999;9999;9999;9999;9999;9999;9999;9999;9999;9999;9999;9999;9999;9999;9999;9999;9999;9999;9999;9999
13/02/2025 04:33:28.712;100;-1758.484;2834.821;456.700;324.000;147142.86;-1;192000;1;41.2262;12.3452;474.5634;35.6613;13.1814;194.6706;12.3423;27.4401;1506.6198;50;-0.0242;81;2.7270;78;0.000085736;0;9999;9999;9999;9999;9999;9999;9999;9999;9999;9999;9999;9999;9999;9999;9999;9999;9999;9999;9999;9999
13/02/2025 04:33:58.715;100;-1758.487;2834.824;465.300;320.000;147212.01;-1;192000;1;41.1690;12.2857;481.0912;35.6595;13.1100;195.0950;12.2852;27.4414;1506.5243;51;-0.0121;81;2.7270;78;0.000085736;0;9999;9999;9999;9999;9999;9999;9999;9999;9999;9999;9999;9999;9999;9999;9999;9999;9999;9999;9999;9999
13/02/2025 04:34:28.723;100;-1758.489;2834.826;469.400;321.000;147281.15;-1;192000;1;40.9900;12.1308;487.4013;35.6301;13.0428;193.2469;12.1295;27.5923;1506.0681;50;-0.0242;82;2.8179;79;0.000088798;0;9999;9999;9999;9999;9999;9999;9999;9999;9999;9999;9999;9999;9999;9999;9999;9999;9999;9999;9999;9999
13/02/2025 04:34:58.723;100;-1758.492;2834.829;478.000;323.000;147350.31;-1;192000;1;40.8672;12.0021;494.1164;35.6301;12.9430;192.5140;12.0022;27.6765;1505.7410;53;0.0121;82;2.8179;78;0.000085736;0;9999;9999;9999;9999;9999;9999;9999;9999;9999;9999;9999;9999;9999;9999;9999;9999;9999;9999;9999;9999
13/02/2025 04:35:28.710;100;-1758.493;2834.830;482.500;326.000;147419.46;-1;192000;1;40.8229;11.9560;501.0203;35.6277;12.8517;191.6105;11.9560;27.7408;1505.6950;50;-0.0242;82;2.8179;78;0.000085736;0;9999;9999;9999;9999;9999;9999;9999;9999;9999;9999;9999;9999;9999;9999;9999;9999;9999;9999;9999;9999
13/02/2025 04:35:58.706;100;-1758.495;2834.834;491.400;334.000;147488.61;-1;192000;1;40.7361;11.8815;507.8929;35.6109;12.7689;190.9499;11.8797;27.8047;1505.5339;51;-0.0121;81;2.7270;76;0.000079612;0;9999;9999;9999;9999;9999;9999;9999;9999;9999;9999;9999;9999;9999;9999;9999;9999;9999;9999;9999;9999
13/02/2025 04:36:28.713;118;-1758.497;2834.837;498.800;325.000;147557.75;-1;192000;1;40.6825;11.8205;514.7119;35.6137;12.6839;189.2024;11.8191;27.9176;1505.4412;51;-0.0121;82;2.8179;80;0.000091860;0;9999;9999;9999;9999;9999;9999;9999;9999;9999;9999;9999;9999;9999;9999;9999;9999;9999;9999;9999;9999
13/02/2025 04:36:58.708;118;-1758.494;2834.839;500.200;18.000;147626.92;-1;192000;1;40.6849;11.8213;513.6427;35.6157;12.6074;188.5397;11.8216;27.9504;1505.4287;53;0.0121;82;2.8179;79;0.000088798;0;9999;9999;9999;9999;9999;9999;9999;9999;9999;9999;9999;9999;9999;9999;9999;9999;9999;9999;9999;9999
13/02/2025 04:37:28.708;117;-1758.495;2834.840;496.200;328.000;147696.06;-1;192000;1;40.7112;11.8412;509.3316;35.6244;12.5506;189.4691;11.8416;27.8936;1505.4360;50;-0.0242;83;2.9088;77;0.000082674;0;9999;9999;9999;9999;9999;9999;9999;9999;9999;9999;9999;9999;9999;9999;9999;9999;9999;9999;9999;9999
13/02/2025 04:37:58.723;117;-1758.495;2834.841;492.900;326.000;147765.22;-1;192000;1;40.7917;11.9245;504.7667;35.6257;12.5024;190.6652;11.9222;27.8022;1505.6470;50;-0.0242;82;2.8179;78;0.000085736;0;9999;9999;9999;9999;9999;9999;9999;9999;9999;9999;9999;9999;9999;9999;9999;9999;9999;9999;9999;9999
13/02/2025 04:38:28.719;117;-1758.496;2834.842;486.800;318.000;147834.36;-1;192000;1;40.8192;11.9524;499.9923;35.6280;12.4673;190.7966;11.9505;27.7837;1505.6661;50;-0.0242;82;2.8179;79;0.000088798;0;9999;9999;9999;9999;9999;9999;9999;9999;9999;9999;9999;9999;9999;9999;9999;9999;9999;9999;9999;9999
13/02/2025 04:38:58.703;117;-1758.497;2834.842;483.600;313.000;147903.51;-1;192000;1;40.8478;11.9841;495.1241;35.6279;12.4410;191.7309;11.9823;27.7235;1505.6936;51;-0.0121;82;2.8179;77;0.000082674;0;9999;9999;9999;9999;9999;9999;9999;9999;9999;9999;9999;9999;9999;9999;9999;9999;9999;9999;9999;9999
13/02/2025 04:39:28.717;117;-1758.500;2834.842;477.300;307.000;147972.67;-1;192000;1;40.8841;12.0187;490.2743;35.6323;12.4169;191.5592;12.0174;27.7180;1505.7367;50;-0.0242;82;2.8179;76;0.000079612;0;9999;9999;9999;9999;9999;9999;9999;9999;9999;9999;9999;9999;9999;9999;9999;9999;9999;9999;9999;9999
13/02/2025 04:39:58.702;117;-1758.501;2834.842;474.100;309.000;148041.81;-1;192000;1;41.1295;12.2421;485.5612;35.6606;12.4082;193.6226;12.2328;27.5346;1506.4519;50;-0.0242;83;2.9088;79;0.000088798;0;9999;9999;9999;9999;9999;9999;9999;9999;9999;9999;9999;9999;9999;9999;9999;9999;9999;9999;9999;9999
13/02/2025 04:40:28.723;117;-1758.503;2834.842;467.900;306.000;148110.96;-1;192000;1;41.1665;12.2832;480.7131;35.6596;12.4345;194.4224;12.2804;27.4763;1506.5097;51;-0.0121;82;2.8179;78;0.000085736;0;9999;9999;9999;9999;9999;9999;9999;9999;9999;9999;9999;9999;9999;9999;9999;9999;9999;9999;9999;9999
13/02/2025 04:40:58.708;117;-1758.504;2834.842;464.600;304.000;148180.11;148180.11;192000;1;41.1991;12.3153;475.6552;35.6628;12.4542;194.5613;12.3149;27.4554;1506.5385;50;-0.0242;81;2.7270;76;0.000079612;0;9999;9999;9999;9999;9999;9999;9999;9999;9999;9999;9999;9999;9999;9999;9999;9999;9999;9999;9999;9999
13/02/2025 04:41:28.703;117;-1758.507;2834.842;457.900;308.000;148249.27;-1;192000;1;41.2384;12.3538;470.5678;35.6666;12.4673;195.2692;12.3530;27.4051;1506.5891;51;-0.0121;80;2.6361;78;0.000085736;0;9999;9999;9999;9999;9999;9999;9999;9999;9999;9999;9999;9999;9999;9999;9999;9999;9999;9999;9999;9999
13/02/2025 04:41:58.717;117;-1758.508;2834.843;454.800;309.000;148318.41;-1;192000;1;41.2569;12.3679;465.8541;35.6731;12.4849;195.0639;12.3679;27.4082;1506.5665;50;-0.0242;81;2.7270;77;0.000082674;0;9999;9999;9999;9999;9999;9999;9999;9999;9999;9999;9999;9999;9999;9999;9999;9999;9999;9999;9999;9999
13/02/2025 04:42:28.723;117;-1758.511;2834.843;448.700;309.000;148387.57;-1;192000;1;41.2859;12.4005;461.2067;35.6723;12.4914;195.5573;12.3996;27.3712;1506.5987;50;-0.0242;81;2.7270;78;0.000085736;0;9999;9999;9999;9999;9999;9999;9999;9999;9999;9999;9999;9999;9999;9999;9999;9999;9999;9999;9999;9999
13/02/2025 04:42:58.720;117;-1758.512;2834.843;445.700;311.000;148456.71;-1;192000;1;41.3222;12.4382;456.6484;35.6736;12.5046;195.3423;12.4372;27.3671;1506.6521;50;-0.0242;80;2.6361;79;0.000088798;0;9999;9999;9999;9999;9999;9999;9999;9999;9999;9999;9999;9999;9999;9999;9999;9999;9999;9999;9999;9999
13/02/2025 04:43:28.710;117;-1758.514;2834.844;439.800;312.000;148525.87;-1;192000;1;41.3365;12.4493;452.1900;35.6788;12.5221;195.4733;12.4489;27.3549;1506.6220;50;-0.0242;82;2.8179;77;0.000082674;0;9999;9999;9999;9999;9999;9999;9999;9999;9999;9999;9999;9999;9999;9999;9999;9999;9999;9999;9999;9999
13/02/2025 04:43:58.719;117;-1758.515;2834.844;437.000;310.000;148595.02;-1;192000;1;41.3687;12.4791;447.7504;35.6835;12.5309;195.6497;12.4790;27.3338;1506.6545;50;-0.0242;81;2.7270;80;0.000091860;0;9999;9999;9999;9999;9999;9999;9999;9999;9999;9999;9999;9999;9999;9999;9999;9999;9999;9999;9999;9999
13/02/2025 04:44:28.722;117;-1758.517;2834.844;431.100;308.000;148664.17;-1;192000;1;41.4315;12.5409;443.1678;35.6875;12.5462;195.8720;12.5385;27.3004;1506.7915;51;-0.0121;81;2.7270;79;0.000088798;0;9999;9999;9999;9999;9999;9999;9999;9999;9999;9999;9999;9999;9999;9999;9999;9999;9999;9999;9999;9999
13/02/2025 04:44:58.710;117;-1758.518;2834.844;428.000;308.000;148733.32;-1;192000;1;41.6405;12.7292;438.3874;35.7126;12.5768;197.4087;12.7267;27.1560;1507.3740;50;-0.0242;82;2.8179;78;0.000085736;0;9999;9999;9999;9999;9999;9999;9999;9999;9999;9999;9999;9999;9999;9999;9999;9999;9999;9999;9999;9999
13/02/2025 04:45:28.700;117;-1758.521;2834.844;422.000;304.000;148802.47;-1;192000;1;41.6833;12.7769;433.9211;35.7106;12.6227;197.8755;12.7752;27.1151;1507.4572;50;-0.0242;80;2.6361;82;0.000097984;0;9999;9999;9999;9999;9999;9999;9999;9999;9999;9999;9999;9999;9999;9999;9999;9999;9999;9999;9999;9999
13/02/2025 04:45:58.717;117;-1758.522;2834.844;419.100;306.000;148871.61;-1;192000;1;41.7108;12.8010;429.4571;35.7161;12.6620;198.2162;12.7982;27.0888;1507.4704;52;0.0000;81;2.7270;77;0.000082674;0;9999;9999;9999;9999;9999;9999;9999;9999;9999;9999;9999;9999;9999;9999;9999;9999;9999;9999;9999;9999
13/02/2025 04:46:28.705;117;-1758.524;2834.844;413.400;306.000;148940.77;-1;192000;1;41.7682;12.8571;425.0504;35.7200;12.6991;199.1708;12.8555;27.0211;1507.5894;50;-0.0242;81;2.7270;76;0.000079612;0;9999;9999;9999;9999;9999;9999;9999;9999;9999;9999;9999;9999;9999;9999;9999;9999;9999;9999;9999;9999
13/02/2025 04:46:58.710;117;-1758.525;2834.844;410.500;306.000;149009.91;-1;192000;1;41.7962;12.8804;420.5600;35.7268;12.7362;198.2561;12.8803;27.0548;1507.6009;50;-0.0242;80;2.6361;77;0.000082674;0;9999;9999;9999;9999;9999;9999;9999;9999;9999;9999;9999;9999;9999;9999;9999;9999;9999;9999;9999;9999
13/02/2025 04:47:28.708;117;-1758.528;2834.844;404.500;307.000;149079.07;-1;192000;1;41.8095;12.8987;416.0094;35.7243;12.7645;199.6024;12.8976;26.9826;1507.5836;50;-0.0242;81;2.7270;77;0.000082674;0;9999;9999;9999;9999;9999;9999;9999;9999;9999;9999;9999;9999;9999;9999;9999;9999;9999;9999;9999;9999
13/02/2025 04:47:58.723;117;-1758.529;2834.844;401.500;310.000;149148.21;-1;192000;1;41.8331;12.9198;411.4760;35.7288;12.7929;199.0832;12.9193;26.9983;1507.5842;50;-0.0242;81;2.7270;79;0.000088798;0;9999;9999;9999;9999;9999;9999;9999;9999;9999;9999;9999;9999;9999;9999;9999;9999;9999;9999;9999;9999
13/02/2025 04:48:28.723;117;-1758.531;2834.845;395.700;312.000;149217.36;-1;192000;1;41.9072;12.9865;407.0305;35.7387;12.8168;199.7493;12.9836;26.9420;1507.7444;52;0.0000;81;2.7270;75;0.000076550;0;9999;9999;9999;9999;9999;9999;9999;9999;9999;9999;9999;9999;9999;9999;9999;9999;9999;9999;9999;9999
13/02/2025 04:48:58.708;117;-1758.532;2834.845;392.800;312.000;149286.51;-1;192000;1;41.9610;13.0368;402.6472;35.7445;12.8517;199.1129;13.0357;26.9527;1507.8458;50;-0.0242;81;2.7270;77;0.000082674;0;9999;9999;9999;9999;9999;9999;9999;9999;9999;9999;9999;9999;9999;9999;9999;9999;9999;9999;9999;9999
13/02/2025 04:49:28.717;117;-1758.534;2834.845;387.100;307.000;149355.67;-1;192000;1;42.1481;13.2085;398.2898;35.7630;12.8952;201.8098;13.2058;26.7625;1508.3644;51;-0.0121;80;2.6361;78;0.000085736;0;9999;9999;9999;9999;9999;9999;9999;9999;9999;9999;9999;9999;9999;9999;9999;9999;9999;9999;9999;9999
13/02/2025 04:49:58.720;117;-1758.535;2834.845;384.200;308.000;149424.81;-1;192000;1;42.1483;13.2128;393.7668;35.7611;12.9451;202.5817;13.2126;26.7224;1508.3015;51;-0.0121;79;2.5452;79;0.000088798;0;9999;9999;9999;9999;9999;9999;9999;9999;9999;9999;9999;9999;9999;9999;9999;9999;9999;9999;9999;9999
13/02/2025 04:50:28.711;117;-1758.537;2834.845;378.200;311.000;149493.96;-1;192000;1;42.2068;13.2652;389.0623;35.7693;12.9951;202.1709;13.2679;26.7206;1508.4064;50;-0.0242;80;2.6361;77;0.000082674;0;9999;9999;9999;9999;9999;9999;9999;9999;9999;9999;9999;9999;9999;9999;9999;9999;9999;9999;9999;9999
13/02/2025 04:50:58.706;117;-1758.538;2834.846;375.200;311.000;149563.11;-1;192000;1;42.2087;13.2670;384.6077;35.7714;13.0298;203.2025;13.2676;26.6708;1508.3411;50;-0.0242;79;2.5452;78;0.000085736;0;9999;9999;9999;9999;9999;9999;9999;9999;9999;9999;9999;9999;9999;9999;9999;9999;9999;9999;9999;9999
13/02/2025 04:51:28.705;117;-1758.540;2834.846;369.300;316.000;149632.26;-1;192000;1;42.3796;13.4206;379.9798;35.7912;13.0731;203.4525;13.4197;26.6039;1508.7938;50;-0.0242;81;2.7270;78;0.000085736;0;9999;9999;9999;9999;9999;9999;9999;9999;9999;9999;9999;9999;9999;9999;9999;9999;9999;9999;9999;9999
13/02/2025 04:51:58.717;117;-1758.541;2834.846;366.300;311.000;149701.4;-1;192000;1;42.4397;13.4721;375.5071;35.8016;13.1229;204.3112;13.4716;26.5440;1508.9012;51;-0.0121;80;2.6361;76;0.000079612;0;9999;9999;9999;9999;9999;9999;9999;9999;9999;9999;9999;9999;9999;9999;9999;9999;9999;9999;9999;9999
13/02/2025 04:52:28.722;117;-1758.543;2834.847;360.400;308.000;149770.56;-1;192000;1;42.5450;13.5490;370.8520;35.8309;13.1835;205.0690;13.5557;26.4765;1509.1109;50;-0.0242;80;2.6361;84;0.000104108;0;9999;9999;9999;9999;9999;9999;9999;9999;9999;9999;9999;9999;9999;9999;9999;9999;9999;9999;9999;9999
13/02/2025 04:52:58.712;117;-1758.544;2834.847;357.400;306.000;149839.71;-1;192000;1;42.6518;13.6666;366.1805;35.8235;13.2484;206.0769;13.6657;26.3914;1509.4094;50;-0.0242;79;2.5452;79;0.000088798;0;9999;9999;9999;9999;9999;9999;9999;9999;9999;9999;9999;9999;9999;9999;9999;9999;9999;9999;9999;9999
13/02/2025 04:53:28.713;117;-1758.547;2834.847;351.400;308.000;149908.87;-1;192000;1;42.7465;13.7505;361.7026;35.8360;13.3067;206.0490;13.7498;26.3617;1509.6237;51;-0.0121;80;2.6361;78;0.000085736;0;9999;9999;9999;9999;9999;9999;9999;9999;9999;9999;9999;9999;9999;9999;9999;9999;9999;9999;9999;9999
13/02/2025 04:53:58.713;117;-1758.547;2834.847;348.500;310.000;149978.01;-1;192000;1;42.8383;13.8313;357.1367;35.8487;13.3714;205.2809;13.8305;26.3675;1509.8261;50;-0.0242;80;2.6361;77;0.000082674;0;9999;9999;9999;9999;9999;9999;9999;9999;9999;9999;9999;9999;9999;9999;9999;9999;9999;9999;9999;9999
13/02/2025 04:54:28.713;117;-1758.549;2834.847;342.600;313.000;150047.17;-1;192000;1;42.9238;13.9052;352.6780;35.8617;13.4317;204.6349;13.9049;26.3698;1510.0077;50;-0.0242;80;2.6361;78;0.000085736;0;9999;9999;9999;9999;9999;9999;9999;9999;9999;9999;9999;9999;9999;9999;9999;9999;9999;9999;9999;9999
13/02/2025 04:54:58.701;117;-1758.550;2834.847;339.800;312.000;150116.31;-1;192000;1;43.0296;13.9941;348.2608;35.8796;13.4984;205.9554;13.9939;26.2761;1510.2438;50;-0.0242;80;2.6361;80;0.000091860;0;9999;9999;9999;9999;9999;9999;9999;9999;9999;9999;9999;9999;9999;9999;9999;9999;9999;9999;9999;9999
13/02/2025 04:55:28.723;117;-1758.552;2834.848;334.100;315.000;150185.47;-1;192000;1;43.1507;14.1032;343.9329;35.8928;13.5714;205.8392;14.1029;26.2422;1510.5403;50;-0.0242;80;2.6361;78;0.000085736;0;9999;9999;9999;9999;9999;9999;9999;9999;9999;9999;9999;9999;9999;9999;9999;9999;9999;9999;9999;9999
13/02/2025 04:55:58.702;117;-1758.553;2834.848;331.400;312.000;150254.62;-1;192000;1;43.2491;14.1872;339.7342;35.9081;13.6379;206.5431;14.1865;26.1794;1510.7597;50;-0.0242;79;2.5452;91;0.000125542;0;9999;9999;9999;9999;9999;9999;9999;9999;9999;9999;9999;9999;9999;9999;9999;9999;9999;9999;9999;9999
13/02/2025 04:56:28.718;117;-1758.554;2834.848;325.900;310.000;150323.77;-1;192000;1;43.3775;14.2992;335.5317;35.9250;13.7129;206.3116;14.2977;26.1501;1511.0701;50;-0.0242;79;2.5452;78;0.000085736;0;9999;9999;9999;9999;9999;9999;9999;9999;9999;9999;9999;9999;9999;9999;9999;9999;9999;9999;9999;9999
13/02/2025 04:56:58.702;117;-1758.555;2834.848;323.100;308.000;150392.91;-1;192000;1;43.5092;14.4159;331.2202;35.9406;13.7964;207.0825;14.4157;26.0727;1511.3913;50;-0.0242;79;2.5452;93;0.000131666;0;9999;9999;9999;9999;9999;9999;9999;9999;9999;9999;9999;9999;9999;9999;9999;9999;9999;9999;9999;9999
13/02/2025 04:57:28.701;117;-1758.557;2834.847;317.400;301.000;150462.07;-1;192000;1;43.5842;14.4826;326.6498;35.9500;13.8733;207.3178;14.4823;26.0375;1511.5400;50;-0.0242;79;2.5452;78;0.000085736;0;9999;9999;9999;9999;9999;9999;9999;9999;9999;9999;9999;9999;9999;9999;9999;9999;9999;9999;9999;9999
13/02/2025 04:57:58.694;117;-1758.559;2834.847;314.300;301.000;150531.21;-1;192000;1;43.6687;14.5557;321.9385;35.9624;13.9502;207.7287;14.5545;25.9924;1511.7099;50;-0.0242;79;2.5452;81;0.000094922;0;9999;9999;9999;9999;9999;9999;9999;9999;9999;9999;9999;9999;9999;9999;9999;9999;9999;9999;9999;9999
13/02/2025 04:58:28.720;117;-1758.561;2834.847;308.200;305.000;150600.37;-1;192000;1;43.7345;14.6154;317.3089;35.9697;14.0248;208.5097;14.6158;25.9346;1511.8320;50;-0.0242;79;2.5452;76;0.000079612;0;9999;9999;9999;9999;9999;9999;9999;9999;9999;9999;9999;9999;9999;9999;9999;9999;9999;9999;9999;9999
13/02/2025 04:58:58.704;117;-1758.562;2834.847;305.200;305.000;150669.51;-1;192000;1;43.7923;14.6622;312.6479;35.9816;14.0950;208.4561;14.6633;25.9190;1511.9177;50;-0.0242;78;2.4543;79;0.000088798;0;9999;9999;9999;9999;9999;9999;9999;9999;9999;9999;9999;9999;9999;9999;9999;9999;9999;9999;9999;9999
13/02/2025 04:59:28.718;117;-1758.564;2834.847;299.100;309.000;150738.66;-1;192000;1;43.8182;14.6921;307.8462;35.9797;14.1609;208.4128;14.6937;25.9094;1511.9310;50;-0.0242;80;2.6361;77;0.000082674;0;9999;9999;9999;9999;9999;9999;9999;9999;9999;9999;9999;9999;9999;9999;9999;9999;9999;9999;9999;9999
13/02/2025 04:59:58.716;117;-1758.565;2834.847;295.900;310.000;150807.81;-1;192000;1;43.8356;14.7080;303.0889;35.9830;14.2161;208.5186;14.7100;25.8975;1511.9066;50;-0.0242;79;2.5452;77;0.000082674;0;9999;9999;9999;9999;9999;9999;9999;9999;9999;9999;9999;9999;9999;9999;9999;9999;9999;9999;9999;9999
13/02/2025 05:00:28.723;117;-1758.567;2834.848;289.700;313.000;150876.96;-1;192000;1;43.9672;14.8207;298.2997;36.0017;14.2671;208.5764;14.8204;25.8555;1512.2066;50;-0.0242;79;2.5452;80;0.000091860;0;9999;9999;9999;9999;9999;9999;9999;9999;9999;9999;9999;9999;9999;9999;9999;9999;9999;9999;9999;9999
13/02/2025 05:00:58.721;117;-1758.568;2834.848;286.700;314.000;150946.11;-1;192000;1;44.0362;14.8801;293.5673;36.0122;14.3370;208.8351;14.8815;25.8213;1512.3285;50;-0.0242;78;2.4543;79;0.000088798;0;9999;9999;9999;9999;9999;9999;9999;9999;9999;9999;9999;9999;9999;9999;9999;9999;9999;9999;9999;9999
13/02/2025 05:01:28.710;117;-1758.570;2834.848;280.500;310.000;151015.26;-1;192000;1;44.0624;14.9075;288.8518;36.0129;14.4005;208.3928;14.9087;25.8307;1512.3378;51;-0.0121;80;2.6361;79;0.000088798;0;9999;9999;9999;9999;9999;9999;9999;9999;9999;9999;9999;9999;9999;9999;9999;9999;9999;9999;9999;9999
13/02/2025 05:01:58.711;117;-1758.571;2834.848;277.400;310.000;151084.41;-1;192000;1;44.1255;14.9574;283.9881;36.0266;14.4555;208.1942;14.9581;25.8209;1512.4308;50;-0.0242;79;2.5452;77;0.000082674;0;9999;9999;9999;9999;9999;9999;9999;9999;9999;9999;9999;9999;9999;9999;9999;9999;9999;9999;9999;9999
13/02/2025 05:02:28.721;117;-1758.574;2834.849;271.000;310.000;151153.57;-1;192000;1;44.1501;14.9782;279.1099;36.0319;14.5105;209.2925;14.9792;25.7627;1512.4217;50;-0.0242;79;2.5452;80;0.000091860;0;9999;9999;9999;9999;9999;9999;9999;9999;9999;9999;9999;9999;9999;9999;9999;9999;9999;9999;9999;9999
13/02/2025 05:02:58.711;117;-1758.575;2834.849;267.800;310.000;151222.71;-1;192000;1;44.1835;15.0128;274.2188;36.0325;14.5548;208.9642;15.0146;25.7642;1512.4505;50;-0.0242;79;2.5452;79;0.000088798;0;9999;9999;9999;9999;9999;9999;9999;9999;9999;9999;9999;9999;9999;9999;9999;9999;9999;9999;9999;9999
13/02/2025 05:03:28.721;117;-1758.577;2834.850;261.400;311.000;151291.87;-1;192000;1;44.2477;15.0642;269.2467;36.0458;14.6075;209.5971;15.0658;25.7165;1512.5455;50;-0.0242;80;2.6361;80;0.000091860;0;9999;9999;9999;9999;9999;9999;9999;9999;9999;9999;9999;9999;9999;9999;9999;9999;9999;9999;9999;9999
13/02/2025 05:03:58.705;117;-1758.578;2834.850;258.000;314.000;151361.01;-1;192000;1;44.3319;15.1373;264.1815;36.0575;14.6581;209.7670;15.1373;25.6830;1512.7050;51;-0.0121;79;2.5452;76;0.000079612;0;9999;9999;9999;9999;9999;9999;9999;9999;9999;9999;9999;9999;9999;9999;9999;9999;9999;9999;9999;9999
13/02/2025 05:04:28.723;117;-1758.580;2834.851;251.400;318.000;151430.16;-1;192000;1;44.4389;15.2348;259.0891;36.0672;14.7128;209.4453;15.2345;25.6630;1512.9377;50;-0.0242;79;2.5452;79;0.000088798;0;9999;9999;9999;9999;9999;9999;9999;9999;9999;9999;9999;9999;9999;9999;9999;9999;9999;9999;9999;9999
13/02/2025 05:04:58.723;117;-1758.581;2834.852;248.100;318.000;151499.31;-1;192000;1;44.5418;15.3241;254.1231;36.0807;14.7780;209.1080;15.3237;25.6463;1513.1505;50;-0.0242;79;2.5452;77;0.000082674;0;9999;9999;9999;9999;9999;9999;9999;9999;9999;9999;9999;9999;9999;9999;9999;9999;9999;9999;9999;9999
13/02/2025 05:05:28.723;117;-1758.583;2834.853;241.700;318.000;151568.46;-1;192000;1;44.6065;15.3762;249.2062;36.0936;14.8411;209.8606;15.3774;25.5927;1513.2467;50;-0.0242;79;2.5452;79;0.000088798;0;9999;9999;9999;9999;9999;9999;9999;9999;9999;9999;9999;9999;9999;9999;9999;9999;9999;9999;9999;9999
13/02/2025 05:05:58.716;117;-1758.585;2834.854;238.500;316.000;151637.61;-1;192000;1;44.7597;15.5086;244.2500;36.1129;14.9082;210.1954;15.5083;25.5320;1513.5995;51;-0.0121;77;2.3634;80;0.000091860;0;9999;9999;9999;9999;9999;9999;9999;9999;9999;9999;9999;9999;9999;9999;9999;9999;9999;9999;9999;9999
13/02/2025 05:06:28.723;117;-1758.587;2834.854;232.000;314.000;151706.76;-1;192000;1;44.8963;15.6184;239.1668;36.1378;14.9774;209.5221;15.6182;25.5229;1513.8851;49;-0.0363;78;2.4543;79;0.000088798;0;9999;9999;9999;9999;9999;9999;9999;9999;9999;9999;9999;9999;9999;9999;9999;9999;9999;9999;9999;9999
13/02/2025 05:06:58.711;117;-1758.588;2834.855;228.800;311.000;151775.91;-1;192000;1;45.0784;15.7770;234.2853;36.1587;15.0674;209.4447;15.7752;25.4722;1514.3191;50;-0.0242;78;2.4543;78;0.000085736;0;9999;9999;9999;9999;9999;9999;9999;9999;9999;9999;9999;9999;9999;9999;9999;9999;9999;9999;9999;9999
13/02/2025 05:07:28.717;117;-1758.590;2834.855;222.200;313.000;151845.06;-1;192000;1;45.1710;15.8539;229.0809;36.1737;15.1531;210.7136;15.8548;25.3873;1514.4874;50;-0.0242;79;2.5452;80;0.000091860;0;9999;9999;9999;9999;9999;9999;9999;9999;9999;9999;9999;9999;9999;9999;9999;9999;9999;9999;9999;9999
13/02/2025 05:07:58.708;117;-1758.592;2834.856;218.800;313.000;151914.2;-1;192000;1;45.2675;15.9241;223.8654;36.1982;15.2282;210.2625;15.9292;25.3799;1514.6454;50;-0.0242;79;2.5452;81;0.000094922;0;9999;9999;9999;9999;9999;9999;9999;9999;9999;9999;9999;9999;9999;9999;9999;9999;9999;9999;9999;9999
13/02/2025 05:08:28.721;117;-1758.594;2834.857;212.100;311.000;151983.35;-1;192000;1;45.3188;15.9836;218.6813;36.1919;15.3116;211.0855;15.9842;25.3245;1514.7350;51;-0.0121;78;2.4543;78;0.000085736;0;9999;9999;9999;9999;9999;9999;9999;9999;9999;9999;9999;9999;9999;9999;9999;9999;9999;9999;9999;9999
13/02/2025 05:08:58.722;117;-1758.595;2834.857;208.800;310.000;152052.51;-1;192000;1;45.4336;16.0796;213.5598;36.2091;15.3886;211.4428;16.0802;25.2750;1514.9643;50;-0.0242;76;2.2725;80;0.000091860;0;9999;9999;9999;9999;9999;9999;9999;9999;9999;9999;9999;9999;9999;9999;9999;9999;9999;9999;9999;9999
13/02/2025 05:09:28.719;117;-1758.598;2834.858;202.100;312.000;152121.66;-1;192000;1;45.5131;16.1446;208.4360;36.2230;15.4655;210.2499;16.1449;25.3043;1515.0943;49;-0.0363;76;2.2725;76;0.000079612;0;9999;9999;9999;9999;9999;9999;9999;9999;9999;9999;9999;9999;9999;9999;9999;9999;9999;9999;9999;9999
13/02/2025 05:09:58.721;117;-1758.599;2834.858;198.900;316.000;152190.81;-1;192000;1;45.7030;16.3088;203.4524;36.2447;15.5507;209.7178;16.3082;25.2722;1515.5376;50;-0.0242;77;2.3634;79;0.000088798;0;9999;9999;9999;9999;9999;9999;9999;9999;9999;9999;9999;9999;9999;9999;9999;9999;9999;9999;9999;9999
13/02/2025 05:10:28.723;117;-1758.601;2834.859;192.400;314.000;152259.95;-1;192000;1;46.0273;16.5760;198.5080;36.2916;15.6502;209.7603;16.5702;25.1817;1516.3201;50;-0.0242;76;2.2725;80;0.000091860;0;9999;9999;9999;9999;9999;9999;9999;9999;9999;9999;9999;9999;9999;9999;9999;9999;9999;9999;9999;9999
13/02/2025 05:10:58.714;117;-1758.602;2834.859;189.200;317.000;152329.11;-1;192000;1;46.1955;16.7261;193.6062;36.3061;15.7640;209.5889;16.7214;25.1384;1516.7081;50;-0.0242;77;2.3634;79;0.000088798;0;9999;9999;9999;9999;9999;9999;9999;9999;9999;9999;9999;9999;9999;9999;9999;9999;9999;9999;9999;9999
13/02/2025 05:11:28.719;117;-1758.604;2834.861;183.100;320.000;152398.27;-1;192000;1;46.3564;16.8575;188.9098;36.3308;15.8776;210.4503;16.8548;25.0548;1517.0534;51;-0.0121;77;2.3634;79;0.000088798;0;9999;9999;9999;9999;9999;9999;9999;9999;9999;9999;9999;9999;9999;9999;9999;9999;9999;9999;9999;9999
13/02/2025 05:11:58.704;117;-1758.604;2834.861;180.100;319.000;152467.41;-1;192000;1;46.3685;16.8721;184.2994;36.3300;15.9910;211.1482;16.8727;25.0171;1517.0197;50;-0.0242;76;2.2725;82;0.000097984;0;9999;9999;9999;9999;9999;9999;9999;9999;9999;9999;9999;9999;9999;9999;9999;9999;9999;9999;9999;9999
13/02/2025 05:12:28.711;117;-1758.606;2834.862;174.100;323.000;152536.56;-1;192000;1;46.5122;16.9923;179.5462;36.3494;16.0898;210.9877;16.9926;24.9834;1517.3229;50;-0.0242;78;2.4543;80;0.000091860;0;9999;9999;9999;9999;9999;9999;9999;9999;9999;9999;9999;9999;9999;9999;9999;9999;9999;9999;9999;9999
13/02/2025 05:12:58.703;117;-1758.607;2834.863;170.900;320.000;152605.71;-1;192000;1;46.6028;17.0710;174.7536;36.3596;16.1946;211.0313;17.0689;24.9552;1517.4900;52;0.0000;76;2.2725;82;0.000097984;0;9999;9999;9999;9999;9999;9999;9999;9999;9999;9999;9999;9999;9999;9999;9999;9999;9999;9999;9999;9999
13/02/2025 05:13:28.702;117;-1758.608;2834.865;164.700;328.000;152674.86;-1;192000;1;46.8313;17.2455;169.8256;36.4039;16.2971;212.3816;17.2512;24.8345;1517.9781;55;0.0363;76;2.2725;85;0.000107170;0;9999;9999;9999;9999;9999;9999;9999;9999;9999;9999;9999;9999;9999;9999;9999;9999;9999;9999;9999;9999
13/02/2025 05:13:58.712;117;-1758.609;2834.865;161.500;326.000;152744.01;-1;192000;1;46.8611;17.2860;164.8758;36.3955;16.4057;211.1762;17.2886;24.8743;1518.0064;52;0.0000;77;2.3634;79;0.000088798;0;9999;9999;9999;9999;9999;9999;9999;9999;9999;9999;9999;9999;9999;9999;9999;9999;9999;9999;9999;9999
13/02/2025 05:14:28.718;117;-1758.610;2834.867;155.200;318.000;152813.15;-1;192000;1;46.9141;17.3293;160.0432;36.4045;16.4997;211.6849;17.3310;24.8367;1518.0648;52;0.0000;77;2.3634;82;0.000097984;0;9999;9999;9999;9999;9999;9999;9999;9999;9999;9999;9999;9999;9999;9999;9999;9999;9999;9999;9999;9999
13/02/2025 05:14:58.705;117;-1758.611;2834.867;152.000;317.000;152882.3;-1;192000;1;46.9638;17.3785;155.1404;36.4054;16.5875;211.1703;17.3806;24.8420;1518.1300;52;0.0000;78;2.4543;84;0.000104108;0;9999;9999;9999;9999;9999;9999;9999;9999;9999;9999;9999;9999;9999;9999;9999;9999;9999;9999;9999;9999
13/02/2025 05:15:28.723;117;-1758.613;2834.868;145.700;319.000;152951.46;-1;192000;1;47.0447;17.4487;150.2809;36.4146;16.6711;213.0908;17.4502;24.7347;1518.2672;51;-0.0121;77;2.3634;84;0.000104108;0;9999;9999;9999;9999;9999;9999;9999;9999;9999;9999;9999;9999;9999;9999;9999;9999;9999;9999;9999;9999
13/02/2025 05:15:58.709;117;-1758.614;2834.869;142.700;314.000;153020.6;-1;192000;1;47.1843;17.5628;145.5629;36.4351;16.7525;212.7486;17.5629;24.7116;1518.5486;53;0.0121;75;2.1816;83;0.000101046;0;9999;9999;9999;9999;9999;9999;9999;9999;9999;9999;9999;9999;9999;9999;9999;9999;9999;9999;9999;9999
13/02/2025 05:16:28.720;117;-1758.616;2834.869;136.600;312.000;153089.75;-1;192000;1;47.9511;18.1842;140.7956;36.5411;16.8806;213.2647;18.1779;24.4907;1520.4036;54;0.0242;74;2.0907;86;0.000110232;0;9999;9999;9999;9999;9999;9999;9999;9999;9999;9999;9999;9999;9999;9999;9999;9999;9999;9999;9999;9999
13/02/2025 05:16:58.719;117;-1758.617;2834.870;133.500;314.000;153158.91;-1;192000;1;48.0799;18.2881;136.2293;36.5604;17.0550;215.9517;18.2843;24.3409;1520.6498;55;0.0363;75;2.1816;87;0.000113294;0;9999;9999;9999;9999;9999;9999;9999;9999;9999;9999;9999;9999;9999;9999;9999;9999;9999;9999;9999;9999
13/02/2025 05:17:28.719;117;-1758.619;2834.870;127.800;313.000;153228.05;-1;192000;1;48.1879;18.3755;131.8867;36.5763;17.1986;216.5281;18.3759;24.2862;1520.8476;56;0.0484;75;2.1816;90;0.000122480;0;9999;9999;9999;9999;9999;9999;9999;9999;9999;9999;9999;9999;9999;9999;9999;9999;9999;9999;9999;9999
13/02/2025 05:17:58.722;117;-1758.619;2834.870;125.200;312.000;153297.2;-1;192000;1;48.3938;18.5384;127.6497;36.6082;17.3399;217.0861;18.5363;24.2108;1521.2812;56;0.0484;74;2.0907;87;0.000113294;0;9999;9999;9999;9999;9999;9999;9999;9999;9999;9999;9999;9999;9999;9999;9999;9999;9999;9999;9999;9999
13/02/2025 05:18:28.706;117;-1758.621;2834.871;119.700;314.000;153366.35;-1;192000;1;48.5512;18.6473;123.3183;36.6467;17.4728;217.2562;18.6507;24.1653;1521.5644;57;0.0605;74;2.0907;90;0.000122480;0;9999;9999;9999;9999;9999;9999;9999;9999;9999;9999;9999;9999;9999;9999;9999;9999;9999;9999;9999;9999
13/02/2025 05:18:58.703;117;-1758.622;2834.871;116.900;319.000;153435.5;-1;192000;1;49.5505;19.4259;119.0100;36.7995;17.6477;224.6436;19.4114;23.6247;1523.8664;63;0.1331;72;1.9089;89;0.000119418;0;9999;9999;9999;9999;9999;9999;9999;9999;9999;9999;9999;9999;9999;9999;9999;9999;9999;9999;9999;9999
13/02/2025 05:19:28.714;117;-1758.622;2834.872;111.700;325.000;153504.65;-1;192000;1;50.1511;19.8775;115.1034;36.9023;17.9100;232.6721;19.8657;23.1693;1525.1722;71;0.2299;72;1.9089;98;0.000146976;0;9999;9999;9999;9999;9999;9999;9999;9999;9999;9999;9999;9999;9999;9999;9999;9999;9999;9999;9999;9999
13/02/2025 05:19:58.712;117;-1758.623;2834.872;109.200;322.000;153573.8;-1;192000;1;50.2991;19.9971;110.9377;36.9212;18.1475;233.8045;19.9962;23.0857;1525.4538;62;0.1210;72;1.9089;95;0.000137790;0;9999;9999;9999;9999;9999;9999;9999;9999;9999;9999;9999;9999;9999;9999;9999;9999;9999;9999;9999;9999
13/02/2025 05:20:28.706;117;-1758.624;2834.872;103.600;312.000;153642.96;-1;192000;1;50.3565;20.0360;106.4063;36.9361;18.3583;232.0945;20.0369;23.1375;1525.5020;64;0.1452;71;1.8180;95;0.000137790;0;9999;9999;9999;9999;9999;9999;9999;9999;9999;9999;9999;9999;9999;9999;9999;9999;9999;9999;9999;9999
13/02/2025 05:20:58.711;117;-1758.625;2834.872;100.600;312.000;153712.11;-1;192000;1;50.4929;20.1386;101.6422;36.9603;18.5427;231.3433;20.1423;23.1333;1525.7315;68;0.1936;69;1.6362;99;0.000150038;0;9999;9999;9999;9999;9999;9999;9999;9999;9999;9999;9999;9999;9999;9999;9999;9999;9999;9999;9999;9999
13/02/2025 05:21:28.718;117;-1758.627;2834.873;94.700;313.000;153781.26;-1;192000;1;50.5577;20.1919;97.0678;36.9685;18.7148;233.0890;20.1936;23.0497;1525.8105;66;0.1694;71;1.8180;98;0.000146976;0;9999;9999;9999;9999;9999;9999;9999;9999;9999;9999;9999;9999;9999;9999;9999;9999;9999;9999;9999;9999
13/02/2025 05:21:58.717;117;-1758.628;2834.873;91.900;313.000;153850.41;-1;192000;1;50.5597;20.1929;92.6478;36.9709;18.8667;233.9303;20.1966;23.0152;1525.7422;68;0.1936;70;1.7271;98;0.000146976;0;9999;9999;9999;9999;9999;9999;9999;9999;9999;9999;9999;9999;9999;9999;9999;9999;9999;9999;9999;9999
13/02/2025 05:22:28.704;117;-1758.629;2834.873;86.200;313.000;153919.55;-1;192000;1;50.5618;20.1943;88.2624;36.9730;18.9889;233.7056;20.1985;23.0219;1525.6753;68;0.1936;70;1.7271;95;0.000137790;0;9999;9999;9999;9999;9999;9999;9999;9999;9999;9999;9999;9999;9999;9999;9999;9999;9999;9999;9999;9999
13/02/2025 05:22:58.705;117;-1758.630;2834.874;83.500;313.000;153988.7;-1;192000;1;50.5606;20.1990;83.9259;36.9696;19.1029;232.7770;20.2029;23.0551;1525.6121;70;0.2178;70;1.7271;97;0.000143914;0;9999;9999;9999;9999;9999;9999;9999;9999;9999;9999;9999;9999;9999;9999;9999;9999;9999;9999;9999;9999
13/02/2025 05:23:28.719;117;-1758.632;2834.874;78.000;314.000;154057.85;-1;192000;1;50.5660;20.2003;79.6139;36.9744;19.1991;233.3670;20.2042;23.0307;1525.5491;66;0.1694;70;1.7271;104;0.000165348;0;9999;9999;9999;9999;9999;9999;9999;9999;9999;9999;9999;9999;9999;9999;9999;9999;9999;9999;9999;9999
13/02/2025 05:23:58.710;117;-1758.632;2834.874;75.200;314.000;154127.0;-1;192000;1;50.5752;20.2093;75.3531;36.9757;19.2874;234.2608;20.2135;22.9926;1525.5042;66;0.1694;70;1.7271;96;0.000140852;0;9999;9999;9999;9999;9999;9999;9999;9999;9999;9999;9999;9999;9999;9999;9999;9999;9999;9999;9999;9999
13/02/2025 05:24:28.723;117;-1758.634;2834.874;69.700;313.000;154196.16;-1;192000;1;50.5922;20.2303;71.0660;36.9729;19.3657;233.3651;20.2346;23.0196;1525.4870;68;0.1936;71;1.8180;103;0.000162286;0;9999;9999;9999;9999;9999;9999;9999;9999;9999;9999;9999;9999;9999;9999;9999;9999;9999;9999;9999;9999
13/02/2025 05:24:58.709;117;-1758.635;2834.875;66.900;313.000;154265.3;-1;192000;1;50.6049;20.2471;66.7074;36.9702;19.4361;234.3813;20.2520;22.9748;1525.4573;62;0.1210;70;1.7271;94;0.000134728;0;9999;9999;9999;9999;9999;9999;9999;9999;9999;9999;9999;9999;9999;9999;9999;9999;9999;9999;9999;9999
13/02/2025 05:25:28.719;117;-1758.636;2834.875;61.200;313.000;154334.45;-1;192000;1;50.6367;20.2767;62.2543;36.9720;19.5065;234.0305;20.2802;22.9787;1525.4659;59;0.0847;71;1.8180;97;0.000143914;0;9999;9999;9999;9999;9999;9999;9999;9999;9999;9999;9999;9999;9999;9999;9999;9999;9999;9999;9999;9999
13/02/2025 05:25:58.702;117;-1758.637;2834.875;58.300;313.000;154403.6;-1;192000;1;50.6543;20.2891;57.7716;36.9773;19.5729;234.4924;20.2934;22.9558;1525.4310;58;0.0726;71;1.8180;97;0.000143914;0;9999;9999;9999;9999;9999;9999;9999;9999;9999;9999;9999;9999;9999;9999;9999;9999;9999;9999;9999;9999
13/02/2025 05:26:28.723;117;-1758.639;2834.876;52.400;313.000;154472.75;-1;192000;1;50.7268;20.3521;53.2094;36.9833;19.6275;234.0014;20.3555;22.9551;1525.5335;58;0.0726;70;1.7271;97;0.000143914;0;9999;9999;9999;9999;9999;9999;9999;9999;9999;9999;9999;9999;9999;9999;9999;9999;9999;9999;9999;9999
13/02/2025 05:26:58.711;117;-1758.640;2834.876;49.400;314.000;154541.9;-1;192000;1;50.7782;20.3949;48.7270;36.9897;19.6919;235.6519;20.3981;22.8787;1525.5825;55;0.0363;70;1.7271;99;0.000150038;0;9999;9999;9999;9999;9999;9999;9999;9999;9999;9999;9999;9999;9999;9999;9999;9999;9999;9999;9999;9999
13/02/2025 05:27:28.722;117;-1758.642;2834.876;43.900;312.000;154611.05;-1;192000;1;50.8354;20.4333;44.5154;37.0044;19.7503;234.7502;20.4360;22.9000;1525.6331;56;0.0484;69;1.6362;100;0.000153100;0;9999;9999;9999;9999;9999;9999;9999;9999;9999;9999;9999;9999;9999;9999;9999;9999;9999;9999;9999;9999
13/02/2025 05:27:58.711;117;-1758.643;2834.876;41.200;313.000;154680.19;-1;192000;1;50.8678;20.4577;40.4194;37.0111;19.8107;234.1693;20.4610;22.9134;1525.6386;56;0.0484;69;1.6362;104;0.000165348;0;9999;9999;9999;9999;9999;9999;9999;9999;9999;9999;9999;9999;9999;9999;9999;9999;9999;9999;9999;9999
13/02/2025 05:28:28.703;117;-1758.644;2834.877;35.800;313.000;154749.35;-1;192000;1;50.9432;20.5137;36.2167;37.0253;19.8690;233.6841;20.5159;22.9143;1525.7364;57;0.0605;69;1.6362;99;0.000150038;0;9999;9999;9999;9999;9999;9999;9999;9999;9999;9999;9999;9999;9999;9999;9999;9999;9999;9999;9999;9999
13/02/2025 05:28:58.720;117;-1758.645;2834.877;33.200;312.000;154818.49;-1;192000;1;50.9576;20.5244;32.1252;37.0294;19.9215;233.9440;20.5254;22.9003;1525.7018;56;0.0484;68;1.5453;102;0.000159224;0;9999;9999;9999;9999;9999;9999;9999;9999;9999;9999;9999;9999;9999;9999;9999;9999;9999;9999;9999;9999
13/02/2025 05:29:28.711;117;-1758.646;2834.877;27.900;311.000;154887.64;-1;192000;1;50.9537;20.5275;28.0134;37.0250;19.9700;233.5845;20.5305;22.9116;1525.6367;56;0.0484;69;1.6362;97;0.000143914;0;9999;9999;9999;9999;9999;9999;9999;9999;9999;9999;9999;9999;9999;9999;9999;9999;9999;9999;9999;9999
13/02/2025 05:29:58.715;117;-1758.647;2834.877;25.100;311.000;154956.8;-1;192000;1;50.9471;20.5233;23.9303;37.0248;20.0166;233.7193;20.5271;22.9063;1525.5570;54;0.0242;70;1.7271;105;0.000168410;0;9999;9999;9999;9999;9999;9999;9999;9999;9999;9999;9999;9999;9999;9999;9999;9999;9999;9999;9999;9999
13/02/2025 05:30:28.709;117;-1758.649;2834.877;20.200;311.000;155025.95;-1;192000;1;50.9413;20.5212;20.1286;37.0233;20.0535;232.0759;20.5229;22.9693;1525.4862;54;0.0242;69;1.6362;98;0.000146976;0;9999;9999;9999;9999;9999;9999;9999;9999;9999;9999;9999;9999;9999;9999;9999;9999;9999;9999;9999;9999
13/02/2025 05:30:58.715;117;-1758.649;2834.877;17.600;315.000;155095.1;-1;192000;1;50.9277;20.5119;16.1632;37.0218;20.0884;231.5888;20.5160;22.9890;1525.3932;55;0.0363;69;1.6362;95;0.000137790;0;9999;9999;9999;9999;9999;9999;9999;9999;9999;9999;9999;9999;9999;9999;9999;9999;9999;9999;9999;9999
13/02/2025 05:31:28.703;117;-1758.650;2834.877;12.600;316.000;155164.25;-1;192000;1;50.9260;20.5101;12.2317;37.0234;20.1155;232.1085;20.5134;22.9685;1525.3245;58;0.0726;68;1.5453;100;0.000153100;0;9999;9999;9999;9999;9999;9999;9999;9999;9999;9999;9999;9999;9999;9999;9999;9999;9999;9999;9999;9999
13/02/2025 05:31:58.714;117;-1758.651;2834.877;9.500;314.000;155233.4;-1;192000;1;50.9201;20.5099;7.3478;37.0205;20.1426;231.6100;20.5127;22.9866;1525.2393;55;0.0363;68;1.5453;106;0.000171472;0;9999;9999;9999;9999;9999;9999;9999;9999;9999;9999;9999;9999;9999;9999;9999;9999;9999;9999;9999;9999
13/02/2025 05:32:28.711;117;-1758.653;2834.878;3.100;317.000;155302.54;-1;192000;1;50.9180;20.5061;2.5356;37.0240;20.1697;231.6848;20.5092;22.9832;1525.1526;56;0.0484;70;1.7271;103;0.000162286;0;9999;9999;9999;9999;9999;9999;9999;9999;9999;9999;9999;9999;9999;9999;9999;9999;9999;9999;9999;9999
13/02/2025 05:32:58.721;115;-1758.653;2834.878;1.600;250.000;155371.71;-1;192000;1;50.9131;20.5060;2.8357;37.0199;20.1891;231.1521;20.5095;23.0039;1525.1528;55;0.0363;69;1.6362;111;0.000186782;0;9999;9999;9999;9999;9999;9999;9999;9999;9999;9999;9999;9999;9999;9999;9999;9999;9999;9999;9999;9999
13/02/2025 05:33:28.712;119;-1758.654;2834.877;0.000;286.000;155454.59;-1;192000;0;50.9012;20.4986;1.3931;37.0172;20.2085;231.5094;20.5022;22.9920;1525.1056;54;0.0242;70;1.7271;103;0.000162286;0;9999;9999;9999;9999;9999;9999;9999;9999;9999;9999;9999;9999;9999;9999;9999;9999;9999;9999;9999;9999
13/02/2025 05:33:47.052;119;-1758.853;2834.983;0.100;298.000;155454.61;-1;192000;0;50.9002;20.4946;1.4984;37.0199;20.2162;231.8249;20.5023;22.9796;1525.0995;56;0.0484;69;1.6362;100;0.000153100;0;9999;9999;9999;9999;9999;9999;9999;9999;9999;9999;9999;9999;9999;9999;9999;9999;9999;9999;9999;9999
