Timestamp;NavState;SecurityLevel;Heading;Declination;Pitch;Roll;Depth;Temperature;Pa;Lat;Lon;DeadReckoning;DesiredH;BallastCmd;BallastPos;LinCmd;LinPos;AngCmd;AngPos;Voltage;Altitude;
28/02/2025 01:05:14;119;0;16.71;-4;-40.05;-12.41;0.1;16.30;75505;2840.367;-1803.561;0;318;500;506.5;100.0;100.6;0;-0.5;25.7;-1.0;
28/02/2025 01:05:24;116;0;2.04;-4;-49.77;-5.42;0.1;16.40;75500;2840.368;-1803.563;0;318;500;506.5;100.0;100.6;0;-0.5;25.7;-1.0;
28/02/2025 01:05:53;116;0;12.83;-4;-46.40;-7.89;-0.1;16.50;75521;2840.376;-1803.566;0;318;500;506.5;100.0;100.6;0;-0.5;25.7;-1.0;
28/02/2025 01:06:13;116;0;2.23;-4;-45.03;-24.92;0.0;16.50;75524;2840.376;-1803.567;0;318;500;506.5;100.0;100.6;0;-0.5;25.7;-1.0;
28/02/2025 01:06:33;116;0;358.26;-4;-44.74;-12.06;0.1;16.60;75543;2840.364;-1803.572;0;152;500;504.8;100.0;100.6;0;-0.5;25.7;-1.0;
28/02/2025 01:06:47;116;0;4.02;-4;-37.90;-7.77;0.1;16.60;75536;2840.366;-1803.572;0;152;500;508.1;100.0;100.6;0;-0.5;25.7;-1.0;
28/02/2025 01:07:50;116;0;9.21;-4;-48.30;-0.25;0.0;16.90;75560;2840.371;-1803.576;0;152;500;506.5;100.0;100.6;0;-0.5;25.7;-1.0;
28/02/2025 01:09:13;116;0;352.92;-4;-47.38;-7.77;-0.0;17.20;75597;2840.376;-1803.581;0;152;500;508.1;100.0;100.6;0;-0.5;25.7;-1.0;
28/02/2025 01:10:32;116;0;349.66;-4;-46.82;-3.19;-0.1;17.60;75626;2840.381;-1803.585;0;152;500;506.5;100.0;100.6;0;-0.5;25.7;-1.0;
28/02/2025 01:10:43;116;0;354.04;-4;-49.83;-14.44;-0.1;17.70;75626;2840.382;-1803.586;0;152;500;506.5;100.0;100.6;0;-0.5;25.7;-1.0;
28/02/2025 01:11:03;110;0;355.52;-4;-42.66;-18.49;0.1;17.80;75640;2840.382;-1803.586;0;152;-90;385.5;100.0;99.9;-7;-7.2;25.7;-1.0;
28/02/2025 01:11:13;110;0;22.30;-4;-54.00;-12.50;0.2;17.80;75996;2840.383;-1803.587;1;152;-90;245.2;100.0;99.7;-7;-7.2;25.7;-1.0;
28/02/2025 01:11:23;110;0;17.26;-4;-48.43;-13.58;0.3;17.90;76218;2840.384;-1803.587;1;152;-90;90.3;100.0;99.9;-7;-7.2;25.6;-1.0;
28/02/2025 01:11:33;110;0;0.33;-4;-69.38;-7.57;0.9;17.90;76540;2840.385;-1803.587;1;152;-90;-66.1;100.0;99.7;-7;-7.2;25.6;-1.0;
28/02/2025 01:11:43;110;0;11.04;-4;-70.36;-9.49;1.3;18.00;76879;2840.386;-1803.587;1;152;-90;-90.3;42.3;52.1;-7;-7.2;25.6;-1.0;
28/02/2025 01:11:53;110;0;11.75;-4;-53.93;-15.25;2.5;18.00;76878;2840.388;-1803.588;1;152;-90;-90.3;42.3;42.3;-7;-7.2;25.6;-1.0;
28/02/2025 01:12:13;100;0;27.90;-4;-22.36;-17.16;5.5;18.10;76892;2840.393;-1803.587;1;152;-90;-87.1;42.3;42.0;-7;-7.2;25.7;-1.0;
28/02/2025 01:12:33;100;0;32.75;-4;-17.27;-15.91;9.0;18.10;76890;2840.399;-1803.584;1;152;-90;-85.5;43.1;43.4;-70;-69.9;25.7;-1.0;
28/02/2025 01:12:53;100;0;36.11;-4;-19.92;-45.65;11.7;18.20;76901;2840.404;-1803.583;1;152;-90;-85.5;43.1;43.4;-70;-70.4;25.7;-1.0;
28/02/2025 01:13:13;100;0;50.93;-4;-18.15;-45.15;14.6;18.30;76913;2840.408;-1803.580;1;152;-90;-83.9;43.6;43.6;-70;-70.4;25.7;0.0;
28/02/2025 01:13:33;100;0;61.79;-4;-22.05;-45.90;17.1;18.30;76920;2840.412;-1803.578;1;152;-90;-83.9;43.0;43.0;-70;-70.4;25.7;0.0;
28/02/2025 01:13:53;100;0;72.37;-4;-18.21;-44.70;19.6;18.40;76930;2840.414;-1803.575;1;152;-90;-82.3;43.6;43.6;-70;-70.4;25.7;0.0;
28/02/2025 01:14:13;100;0;79.97;-4;-23.91;-45.25;21.9;18.40;76934;2840.417;-1803.573;1;152;-90;-82.3;42.4;42.4;-70;-70.4;25.7;0.0;
28/02/2025 01:14:33;100;0;92.78;-4;-18.03;-45.45;24.9;18.40;76941;2840.419;-1803.569;1;152;-90;-83.9;43.0;43.3;-63;-62.7;25.7;0.0;
28/02/2025 01:14:53;100;0;102.34;-4;-19.46;-41.77;27.4;18.50;76945;2840.420;-1803.566;1;152;-90;-82.3;43.0;43.3;-51;-51.0;25.7;0.0;
28/02/2025 01:15:13;100;0;111.00;-4;-19.34;-35.73;29.8;18.50;76953;2840.421;-1803.563;1;152;-90;-82.3;43.0;43.4;-42;-42.0;25.7;0.0;
28/02/2025 01:15:33;100;0;117.78;-4;-19.63;-31.30;32.2;18.50;76947;2840.421;-1803.561;1;152;-90;-82.3;43.0;43.3;-34;-33.8;25.7;0.0;
28/02/2025 01:15:53;100;0;125.70;-4;-20.50;-27.49;34.4;18.50;76961;2840.421;-1803.559;1;152;-90;-82.3;43.0;43.4;-24;-23.5;25.7;0.0;
28/02/2025 01:16:13;100;0;132.42;-4;-20.09;-22.07;36.7;18.50;76957;2840.421;-1803.557;1;152;-90;-82.3;43.0;43.4;-12;-12.2;25.7;0.0;
28/02/2025 01:16:33;100;0;136.31;-4;-21.24;-16.61;39.2;18.50;76964;2840.421;-1803.556;1;152;-90;-82.3;43.0;43.6;-5;-5.0;25.7;0.0;
28/02/2025 01:16:53;100;0;139.05;-4;-21.63;-13.61;41.4;18.50;76961;2840.421;-1803.554;1;152;-90;-82.3;43.0;43.6;-2;-1.8;25.7;0.0;
28/02/2025 01:17:13;100;0;141.74;-4;-21.18;-12.04;43.9;18.50;76970;2840.420;-1803.553;1;152;-90;-82.3;43.0;43.4;4;4.5;25.7;0.0;
28/02/2025 01:17:33;100;0;143.34;-4;-21.46;-9.03;46.4;18.50;76961;2840.420;-1803.552;1;152;-90;-82.3;43.0;43.4;6;5.9;25.7;0.0;
28/02/2025 01:17:53;100;0;147.28;-4;-21.95;-8.43;48.8;18.50;76966;2840.419;-1803.551;1;152;-90;-82.3;43.0;43.6;10;9.9;25.7;0.0;
28/02/2025 01:18:13;100;0;148.85;-4;-21.71;-6.19;51.5;18.50;76961;2840.418;-1803.549;1;152;-90;-82.3;43.0;43.6;12;12.6;25.7;0.0;
28/02/2025 01:18:33;100;0;149.54;-4;-21.90;-5.06;54.2;18.50;76963;2840.418;-1803.548;1;152;-90;-83.9;43.0;43.6;12;12.6;25.7;0.0;
28/02/2025 01:18:53;100;0;152.13;-4;-21.70;-4.97;56.8;18.50;76963;2840.417;-1803.547;1;152;-90;-82.3;43.0;43.6;12;12.6;25.7;0.0;
28/02/2025 01:19:13;100;0;149.94;-4;-21.14;-5.15;59.1;18.50;76940;2840.416;-1803.547;1;152;-90;-82.3;43.0;43.6;12;12.6;25.7;0.0;
28/02/2025 01:19:33;100;0;146.24;-4;-21.47;-5.21;61.3;18.50;76912;2840.416;-1803.546;1;152;-90;-82.3;43.0;43.6;8;8.1;25.7;0.0;
28/02/2025 01:19:53;100;0;147.03;-4;-21.60;-7.68;63.6;18.50;76890;2840.415;-1803.545;1;152;-90;-82.3;43.0;43.6;10;9.9;25.7;0.0;
28/02/2025 01:20:13;100;0;148.46;-4;-21.89;-6.51;66.0;18.50;76897;2840.415;-1803.544;1;152;-90;-82.3;43.0;43.6;10;9.9;25.7;0.0;
28/02/2025 01:20:33;100;0;146.05;-4;-21.63;-6.49;68.5;18.50;76878;2840.414;-1803.543;1;152;-90;-82.3;43.0;43.6;10;9.9;25.7;0.0;
28/02/2025 01:20:53;100;0;147.83;-4;-21.94;-6.63;71.0;18.50;76878;2840.414;-1803.542;1;152;-90;-82.3;43.0;43.4;10;10.4;25.7;0.0;
28/02/2025 01:21:14;100;0;150.42;-4;-21.46;-6.49;73.3;18.50;76868;2840.413;-1803.541;1;152;-90;-80.6;43.0;43.4;12;12.2;25.7;0.0;
28/02/2025 01:21:34;100;0;152.64;-4;-21.66;-5.23;75.9;18.50;76851;2840.412;-1803.540;1;152;-90;-82.3;43.0;43.6;12;12.6;25.7;0.0;
28/02/2025 01:21:54;100;0;157.30;-4;-21.66;-5.28;78.6;18.50;76846;2840.411;-1803.539;1;152;-90;-80.6;43.0;43.6;14;14.0;25.7;0.0;
28/02/2025 01:22:14;100;0;157.40;-4;-21.64;-4.36;81.2;18.40;76841;2840.410;-1803.538;1;152;-90;-82.3;43.0;43.4;14;14.4;25.7;0.0;
28/02/2025 01:22:34;100;0;151.67;-4;-21.62;-4.41;83.7;18.40;76836;2840.410;-1803.538;1;152;-90;-82.3;43.0;43.6;14;14.4;25.7;0.0;
28/02/2025 01:22:54;100;0;155.10;-4;-21.39;-4.35;86.6;18.40;76826;2840.408;-1803.537;1;152;-90;-82.3;43.0;43.6;14;14.4;25.7;0.0;
28/02/2025 01:23:14;100;0;157.88;-4;-21.07;-4.41;89.0;18.40;76816;2840.407;-1803.536;1;152;-90;-82.3;43.0;43.4;14;14.4;25.7;0.0;
28/02/2025 01:23:34;100;0;155.90;-4;-21.19;-4.39;91.5;18.40;76811;2840.407;-1803.535;1;152;-90;-82.3;43.0;43.6;14;14.4;25.7;0.0;
28/02/2025 01:23:54;100;0;153.29;-4;-21.48;-4.42;93.9;18.40;76805;2840.406;-1803.535;1;152;-90;-82.3;43.0;43.6;14;14.4;25.7;0.0;
28/02/2025 01:24:14;100;0;148.93;-4;-21.19;-4.41;96.4;18.30;76793;2840.405;-1803.534;1;152;-90;-82.3;43.0;43.6;11;10.4;25.7;0.0;
28/02/2025 01:24:34;100;0;147.45;-4;-20.57;-6.62;99.0;18.30;76785;2840.404;-1803.532;1;152;-90;-82.3;43.0;43.6;11;10.4;25.7;0.0;
28/02/2025 01:24:54;100;0;148.39;-4;-20.91;-6.61;101.3;18.30;76775;2840.404;-1803.531;1;152;-90;-82.3;43.0;43.6;11;10.4;25.7;0.0;
28/02/2025 01:25:14;100;0;146.97;-4;-21.04;-6.61;103.8;18.30;76767;2840.403;-1803.530;1;152;-90;-85.5;43.0;43.4;9;9.0;25.7;0.0;
28/02/2025 01:25:34;100;0;150.19;-4;-20.97;-7.34;106.2;18.20;76754;2840.402;-1803.529;1;152;-90;-82.3;43.0;43.4;12;12.2;25.7;0.0;
28/02/2025 01:25:54;100;0;150.60;-4;-20.92;-5.32;108.9;18.20;76748;2840.402;-1803.528;1;152;-90;-82.3;43.0;43.6;12;12.6;25.7;0.0;
28/02/2025 01:26:14;100;0;152.54;-4;-21.66;-5.32;111.4;18.20;76730;2840.401;-1803.527;1;152;-90;-82.3;43.0;43.4;12;12.6;25.7;0.0;
28/02/2025 01:26:34;100;0;155.83;-4;-22.01;-5.25;114.1;18.20;76723;2840.400;-1803.527;1;152;-90;-82.3;42.4;42.4;12;12.6;25.7;0.0;
28/02/2025 01:26:54;100;0;155.20;-4;-19.75;-5.16;116.7;18.10;76710;2840.399;-1803.526;1;152;-90;-82.3;42.4;42.1;12;12.6;25.7;0.0;
28/02/2025 01:27:14;100;0;154.82;-4;-18.85;-5.24;119.2;18.10;76703;2840.397;-1803.525;1;152;-90;-82.3;42.7;42.7;12;12.6;25.7;0.0;
28/02/2025 01:27:34;100;0;153.76;-4;-19.35;-5.32;121.6;18.10;76690;2840.396;-1803.524;1;152;-90;-80.6;42.7;42.7;12;12.6;25.7;0.0;
28/02/2025 01:27:54;100;0;153.12;-4;-19.42;-5.30;124.0;18.00;76694;2840.396;-1803.523;1;152;-90;-82.3;42.7;42.7;12;12.6;25.7;0.0;
28/02/2025 01:28:14;100;0;151.35;-4;-19.59;-5.23;126.4;18.00;76684;2840.395;-1803.522;1;152;-90;-82.3;42.7;42.7;12;12.6;25.7;0.0;
28/02/2025 01:28:34;100;0;149.34;-4;-19.33;-5.31;129.0;18.00;76678;2840.394;-1803.521;1;152;-90;-82.3;42.7;42.7;12;12.6;25.7;0.0;
28/02/2025 01:28:54;100;0;148.64;-4;-19.24;-5.30;131.3;18.00;76681;2840.393;-1803.520;1;152;-90;-82.3;42.7;42.9;12;12.6;25.7;0.0;
28/02/2025 01:29:14;100;0;147.49;-4;-19.30;-5.30;133.7;17.90;76680;2840.392;-1803.519;1;152;-90;-82.3;42.7;42.9;10;9.9;25.7;0.0;
28/02/2025 01:29:34;100;0;149.64;-4;-19.19;-6.90;136.3;17.90;76670;2840.391;-1803.518;1;152;-90;-82.3;42.7;42.9;12;12.2;25.7;0.0;
28/02/2025 01:29:54;100;0;153.35;-4;-19.21;-5.33;138.6;17.90;76666;2840.390;-1803.517;1;152;-90;-82.3;42.7;42.7;12;12.6;25.7;0.0;
28/02/2025 01:30:14;100;0;156.08;-4;-19.21;-5.43;141.3;17.90;76666;2840.389;-1803.516;1;152;-90;-82.3;42.7;42.9;12;12.6;25.7;0.0;
28/02/2025 01:30:34;100;0;157.33;-4;-19.14;-5.37;143.6;17.80;76653;2840.388;-1803.515;1;152;-90;-82.3;42.7;42.9;12;12.6;25.7;0.0;
28/02/2025 01:30:54;100;0;153.97;-4;-19.27;-5.47;146.0;17.80;76638;2840.387;-1803.514;1;152;-90;-82.3;42.7;42.9;12;12.2;25.7;0.0;
28/02/2025 01:31:14;100;0;154.56;-4;-18.90;-5.32;148.1;17.80;76642;2840.386;-1803.514;1;152;-90;-82.3;43.1;43.0;12;12.6;25.7;0.0;
28/02/2025 01:31:34;100;0;156.42;-4;-19.12;-5.48;150.5;17.70;76623;2840.385;-1803.513;1;152;-90;-82.3;43.1;43.0;12;12.6;25.7;0.0;
28/02/2025 01:31:54;100;0;159.54;-4;-19.93;-5.37;152.9;17.70;76619;2840.384;-1803.513;1;152;-90;-82.3;43.1;43.0;12;12.6;25.7;0.0;
28/02/2025 01:32:14;100;0;158.16;-4;-18.97;-5.39;155.4;17.70;76615;2840.383;-1803.512;1;152;-90;-82.3;43.4;43.4;12;12.6;25.7;0.0;
28/02/2025 01:32:34;100;0;158.31;-4;-20.18;-5.43;157.9;17.60;76605;2840.382;-1803.511;1;152;-90;-82.3;43.4;43.4;12;12.2;25.7;0.0;
28/02/2025 01:32:54;100;0;158.07;-4;-20.33;-5.44;160.2;17.60;76600;2840.381;-1803.511;1;152;-90;-80.6;43.4;43.4;12;12.6;25.7;0.0;
28/02/2025 01:33:14;100;0;156.63;-4;-20.46;-5.44;162.6;17.60;76601;2840.380;-1803.510;1;152;-90;-82.3;43.4;43.6;12;12.6;25.7;0.0;
28/02/2025 01:33:34;100;0;159.39;-4;-20.68;-5.37;165.1;17.60;76594;2840.380;-1803.510;1;152;-90;-82.3;43.4;43.6;12;12.6;25.7;0.0;
28/02/2025 01:33:54;100;0;162.90;-4;-20.82;-5.36;167.7;17.50;76581;2840.378;-1803.509;1;152;-90;-82.3;43.4;43.6;14;14.0;25.7;0.0;
28/02/2025 01:34:14;100;0;164.53;-4;-21.25;-4.44;170.4;17.50;76575;2840.377;-1803.509;1;152;-90;-82.3;43.4;43.6;14;14.4;25.7;0.0;
28/02/2025 01:34:34;100;0;161.81;-4;-21.05;-4.53;173.0;17.50;76570;2840.376;-1803.509;1;152;-90;-82.3;43.4;43.6;14;14.4;25.7;0.0;
28/02/2025 01:34:54;100;0;160.29;-4;-21.01;-4.46;175.7;17.40;76550;2840.375;-1803.508;1;152;-90;-83.9;43.4;43.6;14;14.0;25.7;0.0;
28/02/2025 01:35:14;100;0;161.89;-4;-20.93;-4.44;178.3;17.40;76540;2840.374;-1803.508;1;152;-90;-82.3;43.4;43.6;14;14.4;25.7;0.0;
28/02/2025 01:35:34;100;0;163.06;-4;-20.78;-4.45;180.7;17.40;76539;2840.373;-1803.508;1;152;-90;-82.3;43.4;43.7;14;14.4;25.7;0.0;
28/02/2025 01:35:54;100;0;163.95;-4;-21.11;-4.41;183.3;17.30;76529;2840.371;-1803.507;1;152;-90;-83.9;43.4;43.7;14;14.4;25.7;0.0;
28/02/2025 01:36:14;100;0;163.24;-4;-21.24;-4.40;186.1;17.30;76522;2840.370;-1803.507;1;152;-90;-82.3;43.4;43.6;14;14.4;25.7;0.0;
28/02/2025 01:36:34;100;0;164.75;-4;-20.74;-4.48;188.7;17.30;76513;2840.369;-1803.507;1;152;-90;-80.6;43.4;43.6;14;14.4;25.7;0.0;
28/02/2025 01:36:54;100;0;166.20;-4;-20.94;-4.41;191.3;17.20;76506;2840.368;-1803.507;1;152;-90;-82.3;43.4;43.6;14;14.4;25.7;0.0;
28/02/2025 01:37:14;100;0;166.24;-4;-21.19;-4.42;193.7;17.20;76502;2840.367;-1803.506;1;152;-90;-82.3;43.4;43.6;14;14.4;25.7;0.0;
28/02/2025 01:37:34;100;0;167.76;-4;-20.98;-4.40;196.5;17.20;76494;2840.365;-1803.506;1;152;-90;-82.3;43.4;43.6;17;17.6;25.7;0.0;
28/02/2025 01:37:54;100;0;168.59;-4;-20.93;-2.79;199.0;17.10;76493;2840.364;-1803.506;1;152;-90;-82.3;43.4;43.6;17;17.6;25.7;0.0;
28/02/2025 01:38:14;100;0;169.92;-4;-20.92;-2.85;201.4;17.10;76497;2840.363;-1803.507;1;152;-90;-82.3;43.4;43.7;19;19.0;25.7;0.0;
28/02/2025 01:38:34;100;0;168.31;-4;-21.66;-1.93;204.0;17.10;76475;2840.362;-1803.507;1;152;-90;-83.9;43.4;43.6;17;17.1;25.7;0.0;
28/02/2025 01:38:54;100;0;165.91;-4;-21.39;-3.30;206.5;17.00;76472;2840.361;-1803.507;1;152;-90;-82.3;43.4;43.6;15;14.4;25.7;0.0;
28/02/2025 01:39:14;100;0;166.70;-4;-21.04;-4.50;209.3;17.00;76470;2840.359;-1803.506;1;152;-90;-83.9;43.4;43.6;17;17.1;25.7;0.0;
28/02/2025 01:39:34;100;0;167.12;-4;-21.11;-2.79;211.8;17.00;76449;2840.358;-1803.506;1;152;-90;-82.3;43.4;43.6;17;17.6;25.7;0.0;
28/02/2025 01:39:54;100;0;164.88;-4;-21.34;-2.85;214.2;16.90;76462;2840.357;-1803.506;1;152;-90;-82.3;43.4;43.7;15;14.9;25.7;0.0;
28/02/2025 01:40:14;100;0;162.89;-4;-20.64;-4.46;216.8;16.90;76448;2840.356;-1803.506;1;152;-90;-80.6;43.4;43.6;15;14.4;25.7;0.0;
28/02/2025 01:40:34;100;0;162.11;-4;-21.09;-4.44;219.2;16.90;76432;2840.355;-1803.506;1;152;-90;-82.3;43.4;43.6;15;14.4;25.7;0.0;
28/02/2025 01:40:54;100;0;162.19;-4;-21.18;-4.38;221.5;16.80;76422;2840.354;-1803.505;1;152;-90;-82.3;43.4;43.6;15;14.4;25.7;0.0;
28/02/2025 01:41:14;100;0;164.55;-4;-20.80;-4.46;223.9;16.80;76415;2840.353;-1803.505;1;152;-90;-82.3;43.4;43.6;15;14.4;25.7;0.0;
28/02/2025 01:41:34;100;0;166.18;-4;-20.72;-4.47;226.2;16.80;76406;2840.353;-1803.505;1;152;-90;-82.3;43.4;43.6;15;14.4;25.7;0.0;
28/02/2025 01:41:54;100;0;165.15;-4;-20.77;-4.45;228.6;16.70;76399;2840.352;-1803.505;1;152;-90;-83.9;43.4;43.6;15;14.4;25.7;0.0;
28/02/2025 01:42:14;100;0;164.38;-4;-20.60;-4.45;230.7;16.70;76394;2840.351;-1803.505;1;152;-90;-82.3;43.4;43.6;15;14.4;25.7;0.0;
28/02/2025 01:42:34;100;0;163.80;-4;-20.42;-4.46;233.1;16.70;76379;2840.350;-1803.505;1;152;-90;-82.3;43.4;43.6;15;14.4;25.7;0.0;
28/02/2025 01:42:54;100;0;165.33;-4;-20.77;-4.48;235.0;16.60;76384;2840.350;-1803.505;1;152;-110;-109.7;43.4;43.6;15;14.4;25.7;0.0;
28/02/2025 01:43:14;100;0;167.01;-4;-20.47;-4.64;237.5;16.60;76443;2840.348;-1803.505;1;152;-110;-111.3;43.4;43.6;15;14.4;25.7;0.0;
28/02/2025 01:43:34;100;0;168.35;-4;-20.54;-4.38;239.7;16.60;76436;2840.348;-1803.505;1;152;-110;-111.3;43.4;43.6;17;17.1;25.7;0.0;
28/02/2025 01:43:54;100;0;171.00;-4;-20.66;-2.66;242.6;16.50;76426;2840.346;-1803.505;1;152;-110;-109.7;43.4;43.6;22;22.6;25.7;0.0;
28/02/2025 01:44:14;100;0;170.49;-4;-20.75;-0.11;245.0;16.50;76421;2840.345;-1803.505;1;152;-110;-111.3;43.4;43.6;20;19.9;25.7;0.0;
28/02/2025 01:44:34;100;0;168.15;-4;-20.52;-1.66;247.5;16.50;76421;2840.344;-1803.505;1;152;-110;-111.3;43.4;43.7;17;17.1;25.7;0.0;
28/02/2025 01:44:54;100;0;164.56;-4;-20.28;-3.24;250.0;16.50;76405;2840.343;-1803.505;1;152;-110;-111.3;43.4;43.6;15;14.9;25.7;0.0;
28/02/2025 01:45:14;100;0;159.68;-4;-20.69;-4.48;252.5;16.40;76410;2840.342;-1803.505;1;152;-110;-109.7;43.4;43.6;15;14.4;25.7;0.0;
28/02/2025 01:45:34;100;0;158.05;-4;-20.50;-4.23;254.9;16.40;76400;2840.341;-1803.504;1;152;-110;-109.7;43.4;43.6;15;14.4;25.7;0.0;
28/02/2025 01:45:54;100;0;153.01;-4;-20.27;-4.34;257.3;16.30;76388;2840.340;-1803.503;1;152;-110;-111.3;43.4;43.6;15;14.4;25.7;0.0;
28/02/2025 01:46:14;100;0;151.85;-4;-20.08;-4.33;259.5;16.30;76392;2840.340;-1803.502;1;152;-110;-109.7;43.4;43.6;13;13.1;25.7;0.0;
28/02/2025 01:46:34;100;0;149.80;-4;-19.96;-5.07;262.0;16.30;76379;2840.339;-1803.501;1;152;-110;-112.9;43.4;43.6;13;13.1;25.7;0.0;
28/02/2025 01:46:54;100;0;147.90;-4;-19.93;-5.02;264.2;16.30;76376;2840.338;-1803.500;1;152;-110;-111.3;43.4;43.7;11;10.8;25.7;0.0;
28/02/2025 01:47:14;100;0;146.92;-4;-19.87;-6.36;266.3;16.20;76372;2840.338;-1803.499;1;152;-110;-111.3;43.4;43.6;9;8.6;25.7;0.0;
28/02/2025 01:47:34;100;0;148.06;-4;-19.93;-7.28;268.6;16.20;76359;2840.337;-1803.498;1;152;-110;-111.3;43.4;43.6;11;10.8;25.7;0.0;
28/02/2025 01:47:54;100;0;150.71;-4;-20.18;-5.81;270.8;16.20;76357;2840.337;-1803.498;1;152;-110;-109.7;43.4;43.6;13;13.1;25.7;0.0;
28/02/2025 01:48:14;100;0;151.18;-4;-20.22;-4.84;273.3;16.10;76348;2840.336;-1803.497;1;152;-110;-111.3;43.4;43.7;13;13.1;25.7;0.0;
28/02/2025 01:48:34;100;0;150.59;-4;-20.15;-4.90;275.5;16.10;76333;2840.335;-1803.496;1;152;-110;-109.7;43.4;43.6;13;13.5;25.7;0.0;
28/02/2025 01:48:54;100;0;150.16;-4;-20.15;-4.88;277.6;16.10;76332;2840.335;-1803.495;1;152;-110;-111.3;43.4;43.6;13;13.1;25.7;0.0;
28/02/2025 01:49:14;100;0;151.29;-4;-20.10;-4.91;279.9;16.00;76311;2840.334;-1803.494;1;152;-110;-112.9;43.4;43.6;13;13.1;25.7;0.0;
28/02/2025 01:49:34;100;0;151.36;-4;-20.08;-4.86;282.0;16.00;76315;2840.334;-1803.493;1;152;-110;-111.3;43.4;43.6;13;13.1;25.7;0.0;
28/02/2025 01:49:54;100;0;151.33;-4;-20.12;-4.87;284.2;16.00;76308;2840.333;-1803.493;1;152;-110;-112.9;43.4;43.6;13;13.1;25.7;0.0;
28/02/2025 01:50:14;100;0;152.31;-4;-20.22;-4.84;286.5;15.90;76296;2840.332;-1803.492;1;152;-110;-111.3;43.4;43.6;13;13.1;25.7;0.0;
28/02/2025 01:50:34;100;0;152.65;-4;-20.16;-4.85;288.7;15.90;76295;2840.332;-1803.491;1;152;-110;-111.3;43.4;43.6;13;13.1;25.7;0.0;
28/02/2025 01:50:54;100;0;153.48;-4;-20.06;-4.86;291.0;15.90;76297;2840.331;-1803.490;1;152;-110;-111.3;43.4;43.6;13;13.1;25.7;0.0;
28/02/2025 01:51:14;100;0;153.62;-4;-20.10;-4.86;293.3;15.80;76284;2840.330;-1803.490;1;152;-110;-111.3;43.4;43.6;13;13.1;25.7;0.0;
28/02/2025 01:51:34;100;0;151.74;-4;-19.81;-4.79;295.4;15.80;76278;2840.330;-1803.489;1;152;-110;-111.3;43.4;43.6;13;13.1;25.7;0.0;
28/02/2025 01:51:54;100;0;151.55;-4;-19.85;-4.96;297.6;15.80;76284;2840.329;-1803.488;1;152;-110;-111.3;43.4;43.6;13;13.1;25.7;0.0;
28/02/2025 01:52:14;100;0;153.04;-4;-20.09;-4.90;299.8;15.80;76274;2840.329;-1803.487;1;152;-110;-111.3;43.4;43.6;13;13.1;25.7;0.0;
28/02/2025 01:52:34;100;0;156.92;-4;-20.11;-4.82;302.0;15.70;76273;2840.328;-1803.487;1;152;-110;-112.9;43.4;43.6;13;13.1;25.7;0.0;
28/02/2025 01:52:54;100;0;158.22;-4;-20.01;-4.86;304.1;15.70;76252;2840.327;-1803.486;1;152;-110;-112.9;43.4;43.6;13;13.1;25.7;0.0;
28/02/2025 01:53:14;100;0;159.17;-4;-20.15;-4.90;306.4;15.70;76250;2840.327;-1803.486;1;152;-110;-111.3;43.4;43.6;13;13.1;25.7;0.0;
28/02/2025 01:53:34;100;0;159.90;-4;-20.14;-4.82;308.7;15.60;76239;2840.326;-1803.486;1;152;-110;-111.3;43.4;43.6;13;13.1;25.7;0.0;
28/02/2025 01:53:54;100;0;161.73;-4;-20.21;-4.80;311.1;15.60;76228;2840.325;-1803.485;1;152;-110;-111.3;43.4;43.7;13;13.1;25.7;0.0;
28/02/2025 01:54:14;100;0;159.71;-4;-20.05;-4.88;313.5;15.60;76218;2840.324;-1803.485;1;152;-110;-112.9;43.4;43.6;13;13.1;25.7;0.0;
28/02/2025 01:54:34;100;0;158.69;-4;-20.08;-4.85;315.7;15.50;76211;2840.323;-1803.484;1;152;-110;-111.3;43.4;43.6;13;13.5;25.7;0.0;
28/02/2025 01:54:54;100;0;158.24;-4;-20.22;-4.85;318.0;15.50;76207;2840.322;-1803.484;1;152;-110;-114.5;43.4;43.6;13;13.1;25.7;0.0;
28/02/2025 01:55:14;100;0;158.10;-4;-20.24;-4.87;320.4;15.50;76201;2840.321;-1803.483;1;152;-110;-111.3;43.4;43.7;13;13.1;25.7;0.0;
28/02/2025 01:55:34;100;0;157.26;-4;-20.11;-4.83;323.0;15.40;76198;2840.320;-1803.483;1;152;-110;-112.9;43.4;43.6;13;13.1;25.7;0.0;
28/02/2025 01:55:54;100;0;155.83;-4;-20.11;-4.88;325.3;15.40;76192;2840.319;-1803.482;1;152;-110;-112.9;43.4;43.6;13;13.1;25.7;0.0;
28/02/2025 01:56:14;100;0;155.24;-4;-20.12;-4.86;327.8;15.40;76190;2840.318;-1803.481;1;152;-110;-112.9;43.4;43.6;13;13.1;25.7;0.0;
28/02/2025 01:56:34;100;0;155.69;-4;-20.37;-4.91;330.2;15.30;76180;2840.317;-1803.480;1;152;-110;-109.7;43.4;43.6;13;13.1;25.7;0.0;
28/02/2025 01:56:54;100;0;157.41;-4;-20.19;-4.83;332.9;15.30;76177;2840.316;-1803.480;1;152;-110;-112.9;43.4;43.6;13;13.1;25.7;0.0;
28/02/2025 01:57:15;100;0;156.95;-4;-19.95;-4.83;335.4;15.30;76173;2840.315;-1803.479;1;152;-110;-111.3;43.4;43.6;13;13.1;25.7;0.0;
28/02/2025 01:57:35;100;0;158.19;-4;-19.98;-4.88;338.0;15.30;76168;2840.314;-1803.478;1;152;-110;-111.3;43.4;43.6;13;13.1;25.7;0.0;
28/02/2025 01:57:55;100;0;158.71;-4;-20.02;-4.91;340.7;15.20;76163;2840.313;-1803.478;1;152;-110;-112.9;43.4;43.7;13;13.1;25.7;0.0;
28/02/2025 01:58:15;100;0;160.83;-4;-19.90;-4.79;343.1;15.20;76157;2840.312;-1803.477;1;152;-110;-111.3;43.4;43.6;13;13.1;25.7;0.0;
28/02/2025 01:58:35;100;0;161.98;-4;-20.00;-4.86;345.6;15.20;76146;2840.310;-1803.477;1;152;-110;-111.3;43.4;43.6;13;13.1;25.7;0.0;
28/02/2025 01:58:55;100;0;163.88;-4;-19.90;-4.87;348.5;15.10;76146;2840.309;-1803.476;1;152;-110;-111.3;43.4;43.6;15;15.3;25.7;0.0;
28/02/2025 01:59:15;100;0;163.07;-4;-19.93;-3.72;351.2;15.10;76144;2840.307;-1803.476;1;152;-110;-111.3;43.4;43.6;15;15.3;25.7;0.0;
28/02/2025 01:59:35;100;0;161.05;-4;-20.06;-3.79;353.9;15.10;76135;2840.306;-1803.476;1;152;-110;-111.3;43.4;43.6;15;15.3;25.7;0.0;
28/02/2025 01:59:55;100;0;161.80;-4;-20.06;-3.77;356.4;15.10;76123;2840.305;-1803.475;1;152;-110;-111.3;43.4;43.6;15;15.3;25.7;0.0;
28/02/2025 02:00:15;100;0;162.22;-4;-20.07;-3.71;359.2;15.00;76113;2840.303;-1803.475;1;152;-110;-111.3;43.4;43.6;15;15.8;25.7;0.0;
28/02/2025 02:00:35;100;0;162.64;-4;-20.16;-3.76;362.1;15.00;76114;2840.302;-1803.474;1;152;-110;-111.3;43.4;43.6;15;15.3;25.7;0.0;
28/02/2025 02:00:55;100;0;162.84;-4;-20.27;-3.71;365.0;15.00;76105;2840.300;-1803.474;1;152;-110;-111.3;43.4;43.6;15;15.8;25.7;0.0;
28/02/2025 02:01:15;100;0;163.20;-4;-19.68;-3.80;367.7;14.90;76100;2840.299;-1803.473;1;152;-110;-111.3;43.4;43.6;15;15.3;25.7;0.0;
28/02/2025 02:01:35;100;0;162.97;-4;-19.72;-3.89;370.5;14.90;76091;2840.297;-1803.473;1;152;-110;-111.3;43.4;43.6;15;15.3;25.7;0.0;
28/02/2025 02:01:55;100;0;161.70;-4;-19.56;-3.75;373.2;14.90;76092;2840.296;-1803.472;1;152;-110;-111.3;43.4;43.6;15;15.3;25.7;0.0;
28/02/2025 02:02:15;100;0;159.95;-4;-19.68;-3.92;375.9;14.80;76089;2840.294;-1803.472;1;152;-110;-112.9;43.4;43.7;15;15.3;25.7;0.0;
28/02/2025 02:02:35;100;0;159.08;-4;-19.86;-3.89;378.6;14.80;76086;2840.293;-1803.471;1;152;-110;-111.3;43.4;43.6;15;15.3;25.7;0.0;
28/02/2025 02:02:55;100;0;156.82;-4;-20.11;-3.74;381.2;14.80;76077;2840.292;-1803.470;1;152;-110;-112.9;43.4;43.6;15;15.3;25.7;0.0;
28/02/2025 02:03:15;100;0;157.94;-4;-19.18;-3.80;384.2;14.80;76068;2840.290;-1803.469;1;152;-110;-111.3;43.4;43.6;15;15.8;25.7;0.0;
28/02/2025 02:03:35;100;0;158.03;-4;-19.69;-3.81;386.9;14.70;76063;2840.289;-1803.469;1;152;-110;-111.3;43.4;43.6;15;15.3;25.7;0.0;
28/02/2025 02:03:55;100;0;158.15;-4;-19.57;-3.78;389.6;14.70;76067;2840.288;-1803.468;1;152;-110;-112.9;43.4;43.6;15;15.3;25.7;0.0;
28/02/2025 02:04:15;100;0;156.29;-4;-19.55;-3.82;392.3;14.70;76060;2840.286;-1803.467;1;152;-110;-111.3;43.4;43.6;15;15.3;25.7;0.0;
28/02/2025 02:04:35;100;0;151.91;-4;-19.83;-3.78;395.0;14.70;76053;2840.285;-1803.466;1;152;-110;-112.9;43.4;43.6;13;13.1;25.7;0.0;
28/02/2025 02:04:55;100;0;153.64;-4;-19.42;-5.02;397.6;14.60;76045;2840.284;-1803.465;1;152;-110;-112.9;43.4;43.6;13;13.1;25.7;0.0;
28/02/2025 02:05:15;100;0;155.06;-4;-19.24;-5.17;400.3;14.60;76047;2840.283;-1803.464;1;152;-110;-111.3;43.4;43.6;13;13.1;25.7;0.0;
28/02/2025 02:05:35;100;0;155.86;-4;-19.51;-5.17;402.9;14.60;76032;2840.282;-1803.463;1;152;-110;-111.3;43.4;43.6;13;13.1;25.7;0.0;
28/02/2025 02:05:55;100;0;157.69;-4;-19.69;-5.10;405.5;14.50;76034;2840.280;-1803.462;1;152;-110;-111.3;43.4;43.7;13;13.1;25.7;0.0;
28/02/2025 02:06:15;100;0;158.56;-4;-19.77;-5.10;408.2;14.50;76034;2840.279;-1803.462;1;152;-110;-109.7;43.4;43.6;13;13.1;25.7;0.0;
28/02/2025 02:06:35;100;0;158.38;-4;-19.90;-5.09;411.0;14.50;76022;2840.278;-1803.461;1;152;-110;-111.3;43.4;43.6;13;13.1;25.7;0.0;
28/02/2025 02:06:55;100;0;157.82;-4;-19.36;-5.10;413.8;14.50;76022;2840.276;-1803.460;1;152;-110;-111.3;43.4;43.4;13;13.1;25.7;0.0;
28/02/2025 02:07:15;100;0;157.75;-4;-19.23;-5.18;416.2;14.50;76010;2840.275;-1803.460;1;152;-110;-111.3;43.4;43.6;13;13.1;25.7;0.0;
28/02/2025 02:07:35;100;0;157.48;-4;-19.29;-5.14;418.8;14.40;76009;2840.274;-1803.459;1;152;-110;-111.3;43.4;43.6;13;13.1;25.7;0.0;
28/02/2025 02:07:55;100;0;157.92;-4;-19.70;-5.06;421.3;14.40;76009;2840.273;-1803.458;1;152;-110;-111.3;43.4;43.6;13;13.1;25.7;0.0;
28/02/2025 02:08:15;100;0;158.16;-4;-19.78;-5.14;423.9;14.40;76005;2840.271;-1803.457;1;152;-110;-111.3;43.4;43.6;13;13.1;25.7;0.0;
28/02/2025 02:08:35;100;0;161.47;-4;-19.76;-4.98;426.6;14.40;75993;2840.270;-1803.457;1;152;-110;-111.3;43.4;43.6;13;13.1;25.7;0.0;
28/02/2025 02:08:55;100;0;164.07;-4;-19.79;-5.05;429.2;14.30;75988;2840.269;-1803.457;1;152;-110;-109.7;43.4;43.7;15;14.9;25.7;0.0;
28/02/2025 02:09:15;100;0;168.12;-4;-19.70;-3.78;432.0;14.30;75995;2840.267;-1803.457;1;152;-110;-111.3;43.4;43.6;18;18.1;25.7;0.0;
28/02/2025 02:09:35;100;0;168.44;-4;-19.91;-2.27;434.9;14.30;75981;2840.266;-1803.457;1;152;-110;-111.3;43.4;43.6;18;18.5;25.7;0.0;
28/02/2025 02:09:55;100;0;168.87;-4;-19.87;-2.21;437.5;14.30;75980;2840.264;-1803.457;1;152;-110;-111.3;43.4;43.6;18;18.5;25.7;0.0;
28/02/2025 02:10:15;100;0;167.55;-4;-20.01;-2.24;440.4;14.20;75982;2840.262;-1803.456;1;152;-110;-111.3;43.4;43.6;18;18.5;25.7;0.0;
28/02/2025 02:10:35;100;0;167.63;-4;-19.88;-2.23;443.2;14.20;75970;2840.261;-1803.456;1;152;-110;-111.3;43.4;43.6;18;18.5;25.7;0.0;
28/02/2025 02:10:55;100;0;166.45;-4;-19.97;-2.25;445.9;14.20;75970;2840.259;-1803.456;1;152;-110;-109.7;43.4;43.6;18;18.5;25.7;0.0;
28/02/2025 02:11:15;100;0;162.75;-4;-19.73;-2.29;448.7;14.20;75976;2840.258;-1803.456;1;152;-110;-111.3;43.4;43.6;15;14.9;25.7;0.0;
28/02/2025 02:11:35;100;0;161.70;-4;-19.56;-4.36;451.4;14.10;75960;2840.257;-1803.455;1;152;-110;-111.3;43.4;43.6;15;14.4;25.7;0.0;
28/02/2025 02:11:55;100;0;162.38;-4;-19.59;-4.30;454.0;14.10;75953;2840.255;-1803.455;1;152;-110;-112.9;43.4;43.6;15;14.4;25.7;0.0;
28/02/2025 02:12:15;100;0;163.44;-4;-19.79;-4.26;456.8;14.10;75951;2840.254;-1803.454;1;152;-110;-111.3;43.4;43.7;15;14.4;25.7;0.0;
28/02/2025 02:12:35;100;0;161.65;-4;-19.68;-4.33;459.7;14.10;75947;2840.252;-1803.454;1;152;-110;-111.3;43.4;43.6;15;14.4;25.7;0.0;
28/02/2025 02:12:55;100;0;160.44;-4;-19.62;-4.31;462.4;14.00;75951;2840.251;-1803.453;1;152;-110;-111.3;43.4;43.7;15;14.4;25.7;0.0;
28/02/2025 02:13:15;100;0;160.14;-4;-19.61;-4.29;465.0;14.00;75940;2840.249;-1803.453;1;152;-110;-111.3;43.4;43.6;15;14.4;25.7;0.0;
28/02/2025 02:13:35;100;0;159.43;-4;-19.53;-4.31;467.9;14.00;75930;2840.248;-1803.452;1;152;-110;-111.3;43.4;43.6;15;14.4;25.7;0.0;
28/02/2025 02:13:55;100;0;156.81;-4;-19.50;-4.33;470.5;14.00;75935;2840.247;-1803.451;1;152;-110;-109.7;43.4;43.6;15;14.4;25.7;0.0;
28/02/2025 02:14:15;100;0;155.55;-4;-19.43;-4.33;473.2;14.00;75913;2840.245;-1803.450;1;152;-110;-111.3;43.4;43.6;15;14.4;25.7;0.0;
28/02/2025 02:14:35;100;0;153.39;-4;-19.35;-4.38;475.9;13.90;75929;2840.244;-1803.449;1;152;-110;-111.3;43.4;43.6;15;14.4;25.7;0.0;
28/02/2025 02:14:55;100;0;154.02;-4;-19.53;-4.31;478.6;13.90;75913;2840.243;-1803.448;1;152;-110;-109.7;43.4;43.6;15;14.4;25.7;0.0;
28/02/2025 02:15:15;100;0;153.11;-4;-19.22;-4.31;481.3;13.90;75909;2840.242;-1803.447;1;152;-110;-114.5;43.4;43.6;15;14.4;25.7;0.0;
28/02/2025 02:15:35;100;0;152.52;-4;-19.45;-4.31;483.8;13.90;75907;2840.241;-1803.446;1;152;-110;-111.3;43.4;43.6;15;14.4;25.7;0.0;
28/02/2025 02:15:55;100;0;153.58;-4;-19.38;-4.24;486.5;13.80;75903;2840.239;-1803.445;1;152;-110;-111.3;43.4;43.6;15;14.4;25.7;0.0;
28/02/2025 02:16:15;100;0;154.81;-4;-19.36;-4.37;489.0;13.80;75898;2840.238;-1803.444;1;152;-110;-112.9;43.4;43.7;15;14.4;25.7;0.0;
28/02/2025 02:16:35;100;0;156.77;-4;-19.46;-4.30;491.5;13.80;75899;2840.237;-1803.443;1;152;-110;-109.7;43.4;43.6;15;14.4;25.7;0.0;
28/02/2025 02:16:55;100;0;159.15;-4;-19.37;-4.40;494.1;13.80;75888;2840.236;-1803.443;1;152;-110;-114.5;43.4;43.6;15;14.4;25.7;0.0;
28/02/2025 02:17:15;100;0;161.03;-4;-19.26;-4.37;496.5;13.70;75881;2840.235;-1803.442;1;152;-110;-111.3;43.4;43.6;15;14.4;25.7;0.0;
28/02/2025 02:17:35;100;0;162.46;-4;-19.29;-4.41;499.2;13.70;75885;2840.233;-1803.442;1;152;-110;-111.3;43.4;43.6;15;14.4;25.7;0.0;
28/02/2025 02:17:55;100;0;164.23;-4;-18.87;-4.33;501.7;13.70;75880;2840.232;-1803.441;1;152;-110;-111.3;43.7;43.7;15;14.4;25.7;0.0;
28/02/2025 02:18:15;100;0;164.78;-4;-19.09;-4.39;504.0;13.70;75878;2840.231;-1803.441;1;152;-110;-111.3;43.7;43.6;15;14.4;25.7;0.0;
28/02/2025 02:18:35;100;0;164.14;-4;-19.35;-4.34;506.4;13.60;75869;2840.230;-1803.441;1;152;-110;-111.3;43.7;43.6;15;14.4;25.7;0.0;
28/02/2025 02:18:55;100;0;163.37;-4;-19.35;-4.37;508.8;13.60;75858;2840.228;-1803.441;1;152;-110;-111.3;43.7;43.6;15;14.4;25.7;0.0;
28/02/2025 02:19:15;100;0;162.65;-4;-19.42;-4.39;511.3;13.60;75860;2840.227;-1803.440;1;152;-110;-111.3;43.7;43.6;15;14.4;25.7;0.0;
28/02/2025 02:19:35;100;0;163.04;-4;-19.28;-4.38;513.7;13.60;75861;2840.226;-1803.440;1;152;-110;-111.3;43.7;43.7;15;14.4;25.7;0.0;
28/02/2025 02:19:55;100;0;161.87;-4;-19.25;-4.30;516.3;13.60;75859;2840.225;-1803.440;1;152;-110;-111.3;43.7;43.6;15;14.4;25.7;0.0;
28/02/2025 02:20:15;100;0;161.18;-4;-19.37;-4.37;518.8;13.50;75854;2840.223;-1803.439;1;152;-110;-109.7;43.7;43.6;15;14.4;25.7;0.0;
28/02/2025 02:20:35;100;0;160.49;-4;-19.04;-4.30;521.2;13.50;75843;2840.222;-1803.439;1;152;-110;-111.3;43.7;43.6;15;14.4;25.7;0.0;
28/02/2025 02:20:55;100;0;161.59;-4;-18.90;-4.42;523.5;13.50;75847;2840.221;-1803.438;1;152;-110;-111.3;44.0;44.2;15;14.4;25.7;0.0;
28/02/2025 02:21:15;100;0;165.72;-4;-20.50;-4.40;525.9;13.50;75843;2840.220;-1803.438;1;152;-110;-109.7;44.0;44.3;15;14.4;25.7;0.0;
28/02/2025 02:21:35;100;0;167.76;-4;-20.28;-4.34;528.5;13.50;75842;2840.219;-1803.438;1;152;-110;-112.9;44.0;44.3;18;18.1;25.7;0.0;
28/02/2025 02:21:55;100;0;169.59;-4;-20.77;-2.35;530.9;13.40;75834;2840.218;-1803.438;1;152;-110;-109.7;44.0;44.3;18;18.5;25.7;0.0;
28/02/2025 02:22:15;100;0;172.10;-4;-19.57;-2.32;533.3;13.40;75824;2840.217;-1803.439;1;152;-110;-111.3;44.0;44.3;22;22.1;25.7;0.0;
28/02/2025 02:22:35;100;0;167.93;-4;-20.17;-0.34;535.5;13.40;75825;2840.216;-1803.439;1;152;-110;-111.3;44.0;44.3;17;17.1;25.7;0.0;
28/02/2025 02:22:55;100;0;166.24;-4;-19.83;-3.25;537.6;13.40;75807;2840.215;-1803.439;1;152;-110;-111.3;44.0;44.5;17;16.7;25.7;0.0;
28/02/2025 02:23:15;100;0;166.87;-4;-21.32;-3.14;540.1;13.40;75824;2840.214;-1803.439;1;152;-110;-111.3;44.0;44.3;17;17.1;25.7;0.0;
28/02/2025 02:23:35;100;0;163.52;-4;-21.02;-3.21;542.8;13.30;75809;2840.213;-1803.438;1;152;-110;-111.3;44.0;44.3;17;17.1;25.7;0.0;
28/02/2025 02:23:55;100;0;164.77;-4;-20.62;-3.32;545.4;13.30;75811;2840.212;-1803.438;1;152;-110;-111.3;44.0;44.3;17;17.1;25.7;0.0;
28/02/2025 02:24:15;100;0;164.95;-4;-20.96;-3.20;547.8;13.30;75811;2840.211;-1803.438;1;152;-110;-111.3;44.0;44.3;17;17.1;25.7;0.0;
28/02/2025 02:24:35;100;0;165.09;-4;-20.95;-3.13;550.5;13.30;75817;2840.209;-1803.438;1;152;-110;-111.3;44.0;44.3;17;17.1;25.7;0.0;
28/02/2025 02:24:55;100;0;163.29;-4;-20.97;-3.09;553.0;13.30;75804;2840.208;-1803.437;1;152;-110;-111.3;44.0;44.5;15;14.9;25.7;0.0;
28/02/2025 02:25:15;100;0;161.01;-4;-20.92;-4.38;555.7;13.30;75801;2840.207;-1803.437;1;152;-110;-111.3;44.0;44.3;15;14.4;25.7;0.0;
28/02/2025 02:25:35;100;0;157.85;-4;-20.80;-4.45;558.4;13.20;75797;2840.206;-1803.436;1;152;-110;-111.3;44.0;44.3;15;14.4;25.7;0.0;
28/02/2025 02:25:55;100;0;153.57;-4;-20.94;-4.33;561.0;13.20;75796;2840.205;-1803.435;1;152;-110;-111.3;44.0;44.3;15;14.4;25.7;0.0;
28/02/2025 02:26:15;100;0;151.48;-4;-20.80;-4.42;563.9;13.20;75780;2840.204;-1803.434;1;152;-110;-111.3;44.0;44.3;15;14.4;25.7;0.0;
28/02/2025 02:26:35;100;0;149.98;-4;-20.69;-4.41;566.6;13.20;75787;2840.203;-1803.433;1;152;-110;-111.3;44.0;44.3;15;14.4;25.7;0.0;
28/02/2025 02:26:55;100;0;147.81;-4;-20.91;-4.38;569.4;13.20;75787;2840.202;-1803.432;1;152;-110;-111.3;44.0;44.3;12;12.2;25.7;0.0;
28/02/2025 02:27:15;100;0;146.49;-4;-20.85;-5.46;572.3;13.10;75783;2840.201;-1803.430;1;152;-110;-111.3;44.0;44.3;12;12.2;25.7;0.0;
28/02/2025 02:27:35;100;0;147.44;-4;-20.61;-5.47;575.1;13.10;75778;2840.200;-1803.429;1;152;-110;-112.9;44.0;44.3;12;12.2;25.7;0.0;
28/02/2025 02:27:55;100;0;148.17;-4;-20.54;-5.51;577.9;13.10;75780;2840.199;-1803.427;1;152;-110;-111.3;44.0;44.3;12;12.2;25.7;0.0;
28/02/2025 02:28:15;100;0;147.61;-4;-20.54;-5.55;580.8;13.10;75772;2840.198;-1803.426;1;152;-110;-111.3;44.0;44.3;12;12.2;25.7;0.0;
28/02/2025 02:28:35;100;0;146.49;-4;-20.42;-5.56;583.5;13.10;75767;2840.197;-1803.425;1;152;-110;-111.3;44.0;44.3;12;12.2;25.7;0.0;
28/02/2025 02:28:55;100;0;145.62;-4;-20.55;-5.55;586.2;13.00;75760;2840.196;-1803.423;1;152;-110;-111.3;44.0;44.3;10;9.9;25.7;0.0;
28/02/2025 02:29:15;100;0;144.80;-4;-20.12;-6.71;589.0;13.00;75768;2840.195;-1803.422;1;152;-110;-111.3;44.0;44.3;10;9.9;25.7;0.0;
28/02/2025 02:29:35;100;0;148.91;-4;-19.96;-6.62;591.5;13.00;75751;2840.194;-1803.420;1;152;-110;-111.3;44.0;44.3;12;12.2;25.7;0.0;
28/02/2025 02:29:55;100;0;152.61;-4;-20.34;-5.50;594.1;13.00;75760;2840.193;-1803.419;1;152;-110;-111.3;44.0;44.3;14;14.0;25.7;0.0;
28/02/2025 02:30:15;100;0;152.14;-4;-20.11;-4.27;596.8;13.00;75741;2840.192;-1803.418;1;152;-110;-111.3;44.0;44.3;14;14.9;25.7;0.0;
28/02/2025 02:30:35;100;0;150.80;-4;-20.12;-4.32;599.2;12.90;75738;2840.191;-1803.417;1;152;-110;-111.3;44.0;44.3;14;14.4;25.7;0.0;
28/02/2025 02:30:55;100;0;150.49;-4;-20.14;-4.34;601.7;12.90;75736;2840.190;-1803.416;1;152;-110;-111.3;44.0;44.3;14;14.4;25.7;0.0;
28/02/2025 02:31:15;100;0;150.15;-4;-20.39;-4.25;604.0;12.90;75729;2840.189;-1803.415;1;152;-110;-111.3;44.0;44.3;14;14.4;25.7;0.0;
28/02/2025 02:31:36;100;0;147.07;-4;-20.58;-4.55;606.6;12.90;75724;2840.189;-1803.414;1;152;-110;-112.9;44.0;44.3;10;9.5;25.7;0.0;
28/02/2025 02:31:56;100;0;146.11;-4;-20.11;-6.73;609.1;12.90;75719;2840.188;-1803.413;1;152;-110;-111.3;44.0;44.3;10;9.5;25.7;0.0;
28/02/2025 02:32:16;100;0;144.96;-4;-20.74;-6.84;611.4;12.80;75707;2840.187;-1803.412;1;152;-110;-111.3;44.0;44.3;8;8.1;25.7;0.0;
28/02/2025 02:32:36;100;0;145.15;-4;-20.63;-7.42;614.2;12.80;75716;2840.187;-1803.410;1;152;-110;-111.3;44.0;44.5;8;8.1;25.7;0.0;
28/02/2025 02:32:56;100;0;148.29;-4;-20.34;-7.42;616.7;12.80;75703;2840.186;-1803.409;1;152;-110;-112.9;44.0;44.3;11;10.8;25.7;0.0;
28/02/2025 02:33:16;100;0;151.73;-4;-20.34;-5.82;619.2;12.80;75698;2840.185;-1803.408;1;152;-110;-111.3;44.0;44.3;13;13.1;25.7;0.0;
28/02/2025 02:33:36;100;0;152.30;-4;-20.23;-4.76;621.7;12.80;75688;2840.184;-1803.407;1;152;-110;-111.3;44.0;44.3;13;13.5;25.7;0.0;
28/02/2025 02:33:56;100;0;151.07;-4;-20.01;-4.77;624.0;12.80;75697;2840.183;-1803.406;1;152;-110;-111.3;44.0;44.3;13;13.5;25.7;0.0;
28/02/2025 02:34:16;100;0;149.64;-4;-20.09;-4.78;626.3;12.70;75680;2840.183;-1803.405;1;152;-110;-109.7;44.0;44.3;13;13.5;25.7;0.0;
28/02/2025 02:34:36;100;0;148.72;-4;-20.00;-4.81;628.7;12.70;75675;2840.182;-1803.404;1;152;-110;-114.5;44.0;44.3;11;10.8;25.7;0.0;
28/02/2025 02:34:56;100;0;148.86;-4;-20.14;-6.26;630.8;12.70;75676;2840.181;-1803.404;1;152;-110;-111.3;44.0;44.3;11;10.8;25.7;0.0;
28/02/2025 02:35:16;100;0;147.26;-4;-20.41;-6.27;633.0;12.70;75674;2840.181;-1803.402;1;152;-110;-111.3;44.0;44.3;11;10.8;25.7;0.0;
28/02/2025 02:35:36;100;0;150.05;-4;-20.25;-6.27;635.4;12.60;75653;2840.180;-1803.401;1;152;-110;-111.3;44.0;44.3;11;10.4;25.7;0.0;
28/02/2025 02:35:56;100;0;153.65;-4;-20.17;-6.21;637.7;12.60;75664;2840.179;-1803.401;1;152;-110;-111.3;44.0;44.3;14;14.4;25.7;0.0;
28/02/2025 02:36:16;100;0;153.24;-4;-20.25;-4.12;640.1;12.60;75649;2840.179;-1803.400;1;152;-110;-111.3;44.0;44.3;14;14.9;25.7;0.0;
28/02/2025 02:36:36;100;0;151.58;-4;-20.24;-4.13;642.4;12.60;75637;2840.178;-1803.399;1;152;-110;-111.3;44.0;44.3;14;14.9;25.7;0.0;
28/02/2025 02:36:56;100;0;150.89;-4;-20.41;-4.14;644.7;12.60;75627;2840.177;-1803.398;1;152;-110;-111.3;44.0;44.3;14;14.4;25.7;0.0;
28/02/2025 02:37:16;100;0;151.94;-4;-20.32;-4.18;647.1;12.50;75625;2840.176;-1803.397;1;152;-110;-109.7;44.0;44.3;14;14.4;25.7;0.0;
28/02/2025 02:37:36;100;0;153.03;-4;-20.28;-4.25;649.4;12.50;75617;2840.176;-1803.397;1;152;-110;-111.3;44.0;44.3;14;14.9;25.7;0.0;
28/02/2025 02:37:56;100;0;154.75;-4;-20.25;-4.15;651.9;12.50;75610;2840.175;-1803.396;1;152;-110;-111.3;44.0;44.5;14;14.9;25.7;0.0;
28/02/2025 02:38:16;100;0;156.49;-4;-20.10;-4.25;654.2;12.50;75599;2840.174;-1803.395;1;152;-110;-112.9;44.0;44.3;14;14.9;25.7;0.0;
28/02/2025 02:38:36;100;0;159.19;-4;-19.95;-4.09;656.6;12.40;75596;2840.173;-1803.395;1;152;-110;-111.3;44.0;44.3;14;14.9;25.7;0.0;
28/02/2025 02:38:56;100;0;162.47;-4;-20.38;-4.20;659.0;12.40;75595;2840.172;-1803.394;1;152;-110;-111.3;44.0;44.3;14;14.9;25.7;0.0;
28/02/2025 02:39:16;100;0;161.04;-4;-20.17;-4.23;661.7;12.40;75586;2840.171;-1803.394;1;152;-110;-111.3;44.0;44.3;14;14.9;25.7;0.0;
28/02/2025 02:39:36;100;0;158.64;-4;-19.94;-4.24;664.0;12.40;75566;2840.170;-1803.393;1;152;-110;-109.7;44.0;44.5;14;14.4;25.7;0.0;
28/02/2025 02:39:56;100;0;157.48;-4;-20.20;-4.22;666.5;12.30;75562;2840.169;-1803.393;1;152;-110;-114.5;44.0;44.5;14;14.9;25.7;0.0;
28/02/2025 02:40:16;100;0;156.68;-4;-20.24;-4.14;668.9;12.30;75553;2840.168;-1803.392;1;152;-110;-111.3;44.0;44.5;14;14.9;25.7;0.0;
28/02/2025 02:40:36;100;0;155.13;-4;-19.91;-4.21;671.2;12.30;75545;2840.167;-1803.391;1;152;-110;-112.9;44.0;44.3;14;14.9;25.7;0.0;
28/02/2025 02:40:56;100;0;154.38;-4;-19.89;-4.17;673.6;12.30;75549;2840.166;-1803.391;1;152;-110;-111.3;44.0;44.3;14;14.4;25.7;0.0;
28/02/2025 02:41:16;100;0;153.99;-4;-20.03;-4.17;675.9;12.30;75539;2840.165;-1803.390;1;152;-110;-111.3;44.0;44.5;14;14.9;25.7;0.0;
28/02/2025 02:41:36;100;0;153.58;-4;-20.16;-4.16;678.2;12.20;75530;2840.165;-1803.389;1;152;-110;-111.3;44.0;44.3;14;14.4;25.7;0.0;
28/02/2025 02:41:56;100;0;152.91;-4;-20.17;-4.20;680.5;12.20;75528;2840.164;-1803.388;1;152;-110;-111.3;44.0;44.3;14;14.9;25.7;0.0;
28/02/2025 02:42:16;100;0;152.52;-4;-20.12;-4.20;682.8;12.20;75518;2840.163;-1803.387;1;152;-110;-111.3;44.0;44.5;14;14.9;25.7;0.0;
28/02/2025 02:42:36;100;0;151.24;-4;-19.92;-4.24;685.1;12.10;75520;2840.163;-1803.387;1;152;-110;-111.3;44.0;44.3;14;14.9;25.7;0.0;
28/02/2025 02:42:56;100;0;150.42;-4;-19.84;-4.26;687.3;12.10;75515;2840.162;-1803.386;1;152;-110;-109.7;44.0;44.3;12;12.2;25.7;0.0;
28/02/2025 02:43:16;100;0;151.72;-4;-19.79;-5.63;689.4;12.10;75519;2840.162;-1803.385;1;152;-110;-111.3;44.0;44.5;12;11.7;25.7;0.0;
28/02/2025 02:43:36;100;0;152.49;-4;-19.68;-5.77;691.5;12.10;75509;2840.161;-1803.384;1;152;-110;-111.3;44.0;44.5;12;11.7;25.7;0.0;
28/02/2025 02:43:56;100;0;153.44;-4;-19.34;-5.70;693.7;12.10;75510;2840.160;-1803.384;1;152;-110;-111.3;44.0;44.3;12;11.7;25.7;0.0;
28/02/2025 02:44:16;100;0;154.36;-4;-20.14;-5.71;695.6;12.00;75516;2840.160;-1803.383;1;152;-130;-130.6;44.0;44.3;12;11.7;25.7;0.0;
28/02/2025 02:44:36;100;0;156.86;-4;-19.99;-5.73;698.0;12.00;75551;2840.159;-1803.383;1;152;-130;-132.3;44.0;44.3;12;11.7;25.7;0.0;
28/02/2025 02:44:56;100;0;157.76;-4;-19.64;-5.62;700.4;12.00;75549;2840.158;-1803.382;1;152;-130;-132.3;44.0;44.5;12;11.7;25.7;0.0;
28/02/2025 02:45:16;100;0;158.76;-4;-19.57;-5.53;702.7;12.00;75559;2840.157;-1803.382;1;152;-130;-132.3;44.0;44.3;12;11.7;25.7;0.0;
28/02/2025 02:45:36;100;0;159.10;-4;-19.74;-5.56;705.1;12.00;75551;2840.156;-1803.381;1;152;-130;-132.3;44.0;44.5;12;11.7;25.7;0.0;
28/02/2025 02:45:56;100;0;160.24;-4;-19.78;-5.50;707.6;11.90;75548;2840.155;-1803.381;1;152;-130;-132.3;44.0;44.3;14;14.0;25.7;0.0;
28/02/2025 02:46:16;100;0;160.87;-4;-19.47;-4.19;710.1;11.90;75543;2840.154;-1803.380;1;152;-130;-132.3;44.0;44.3;14;14.4;25.7;0.0;
28/02/2025 02:46:36;100;0;160.48;-4;-19.78;-4.23;712.4;11.90;75538;2840.153;-1803.380;1;152;-130;-132.3;44.0;44.3;14;14.4;25.7;0.0;
28/02/2025 02:46:56;100;0;161.18;-4;-19.93;-4.22;714.8;11.90;75548;2840.152;-1803.379;1;152;-130;-133.9;44.0;44.3;14;14.4;25.7;0.0;
28/02/2025 02:47:16;100;0;160.73;-4;-20.03;-4.23;717.5;11.90;75535;2840.151;-1803.379;1;152;-130;-132.3;44.0;44.5;14;14.4;25.7;0.0;
28/02/2025 02:47:36;100;0;160.63;-4;-20.04;-4.28;719.9;11.80;75531;2840.150;-1803.378;1;152;-130;-132.3;44.0;44.3;14;14.4;25.7;0.0;
28/02/2025 02:47:56;100;0;160.72;-4;-19.74;-4.24;722.3;11.80;75523;2840.149;-1803.378;1;152;-130;-132.3;44.0;44.3;14;14.4;25.7;0.0;
28/02/2025 02:48:16;100;0;160.23;-4;-19.53;-4.47;724.9;11.80;75520;2840.148;-1803.377;1;152;-130;-132.3;44.0;44.3;14;14.4;25.7;0.0;
28/02/2025 02:48:36;100;0;160.27;-4;-19.78;-4.32;727.4;11.80;75525;2840.147;-1803.377;1;152;-130;-132.3;44.0;44.3;14;14.4;25.7;0.0;
28/02/2025 02:48:56;100;0;160.39;-4;-19.79;-4.25;730.0;11.80;75514;2840.145;-1803.376;1;152;-130;-132.3;44.0;44.3;14;14.4;25.7;0.0;
28/02/2025 02:49:16;100;0;159.68;-4;-19.65;-4.32;732.6;11.80;75512;2840.144;-1803.376;1;152;-130;-132.3;44.0;44.5;14;14.4;25.7;0.0;
28/02/2025 02:49:36;100;0;158.23;-4;-19.89;-4.20;735.3;11.70;75508;2840.143;-1803.375;1;152;-130;-132.3;44.0;44.3;14;14.4;25.7;0.0;
28/02/2025 02:49:56;100;0;157.74;-4;-19.63;-4.25;737.9;11.70;75496;2840.142;-1803.374;1;152;-130;-132.3;44.0;44.3;14;14.4;25.7;0.0;
28/02/2025 02:50:16;100;0;156.92;-4;-19.63;-4.30;740.8;11.70;75503;2840.140;-1803.374;1;152;-130;-132.3;44.0;44.3;14;14.4;25.7;0.0;
28/02/2025 02:50:36;100;0;156.58;-4;-19.67;-4.25;743.5;11.70;75495;2840.139;-1803.373;1;152;-130;-132.3;44.0;44.3;14;14.4;25.7;0.0;
28/02/2025 02:50:56;100;0;156.33;-4;-19.69;-4.31;746.1;11.70;75488;2840.138;-1803.372;1;152;-130;-132.3;44.0;44.5;14;14.4;25.7;0.0;
28/02/2025 02:51:16;100;0;156.64;-4;-19.79;-4.33;749.1;11.60;75483;2840.136;-1803.371;1;152;-130;-132.3;44.0;44.3;14;14.4;25.6;0.0;
28/02/2025 02:51:36;100;0;155.87;-4;-19.60;-4.25;751.8;11.60;75474;2840.135;-1803.370;1;152;-130;-132.3;44.0;44.3;14;14.4;25.7;0.0;
28/02/2025 02:51:56;100;0;154.98;-4;-20.30;-4.20;754.7;11.60;75480;2840.133;-1803.369;1;152;-130;-132.3;44.0;44.3;14;14.4;25.7;0.0;
28/02/2025 02:52:16;100;0;154.77;-4;-19.87;-4.23;757.7;11.60;75466;2840.132;-1803.368;1;152;-130;-132.3;44.0;44.3;14;14.4;25.7;0.0;
28/02/2025 02:52:36;100;0;156.56;-4;-20.04;-4.24;760.7;11.60;75469;2840.130;-1803.367;1;152;-130;-132.3;44.0;44.5;14;14.4;25.7;0.0;
28/02/2025 02:52:56;100;0;157.68;-4;-19.65;-4.22;763.5;11.50;75451;2840.129;-1803.366;1;152;-130;-133.9;44.0;44.5;14;14.4;25.7;0.0;
28/02/2025 02:53:16;100;0;160.06;-4;-19.56;-4.23;766.3;11.50;75454;2840.127;-1803.365;1;152;-130;-132.3;44.0;44.3;14;14.4;25.7;0.0;
28/02/2025 02:53:36;100;0;162.05;-4;-19.22;-4.10;769.2;11.50;75455;2840.126;-1803.365;1;152;-130;-132.3;44.0;44.3;14;14.4;25.7;0.0;
28/02/2025 02:53:56;100;0;161.99;-4;-19.62;-4.36;771.8;11.50;75447;2840.124;-1803.364;1;152;-130;-132.3;44.0;44.3;14;14.4;25.7;0.0;
28/02/2025 02:54:16;100;0;164.24;-4;-19.75;-4.24;774.6;11.50;75450;2840.123;-1803.364;1;152;-130;-133.9;44.0;44.5;14;14.4;25.7;0.0;
28/02/2025 02:54:36;100;0;164.11;-4;-19.62;-4.22;777.2;11.40;75442;2840.122;-1803.364;1;152;-130;-132.3;44.0;44.3;14;14.4;25.7;0.0;
28/02/2025 02:54:56;100;0;164.89;-4;-19.77;-4.16;779.9;11.40;75435;2840.120;-1803.364;1;152;-130;-132.3;44.0;44.3;14;14.4;25.7;0.0;
28/02/2025 02:55:16;100;0;165.04;-4;-19.52;-4.23;782.5;11.40;75441;2840.119;-1803.363;1;152;-130;-132.3;44.0;44.5;14;14.4;25.7;0.0;
28/02/2025 02:55:36;100;0;166.11;-4;-19.59;-4.22;785.1;11.40;75428;2840.117;-1803.363;1;152;-130;-132.3;44.0;44.3;16;15.8;25.7;0.0;
28/02/2025 02:55:56;100;0;165.88;-4;-19.90;-3.42;787.6;11.40;75429;2840.116;-1803.363;1;152;-130;-132.3;44.0;44.3;16;16.2;25.7;0.0;
28/02/2025 02:56:16;100;0;165.58;-4;-19.65;-3.36;790.2;11.30;75426;2840.115;-1803.363;1;152;-130;-132.3;44.0;44.3;16;16.2;25.7;0.0;
28/02/2025 02:56:36;100;0;165.85;-4;-19.97;-3.36;793.0;11.30;75428;2840.113;-1803.363;1;152;-130;-132.3;44.0;44.3;16;16.2;25.7;0.0;
28/02/2025 02:56:56;100;0;165.06;-4;-19.86;-3.49;795.9;11.30;75422;2840.112;-1803.362;1;152;-130;-132.3;44.0;44.3;16;16.2;25.7;0.0;
28/02/2025 02:57:16;100;0;162.77;-4;-19.72;-3.38;798.7;11.30;75421;2840.110;-1803.362;1;152;-130;-132.3;44.0;44.3;16;16.2;25.7;0.0;
28/02/2025 02:57:36;100;0;161.47;-4;-19.89;-3.28;801.6;11.30;75414;2840.108;-1803.361;1;152;-130;-132.3;44.0;44.3;14;14.0;25.7;0.0;
28/02/2025 02:57:56;100;0;160.57;-4;-19.95;-4.65;804.5;11.20;75415;2840.107;-1803.360;1;152;-130;-132.3;44.0;44.3;14;13.5;25.7;0.0;
28/02/2025 02:58:16;100;0;160.45;-4;-19.65;-4.64;807.4;11.20;75409;2840.105;-1803.360;1;152;-130;-132.3;44.0;44.3;14;13.5;25.7;0.0;
28/02/2025 02:58:36;100;0;161.79;-4;-19.92;-4.66;810.3;11.20;75400;2840.104;-1803.359;1;152;-130;-132.3;44.0;44.3;14;13.5;25.7;0.0;
28/02/2025 02:58:56;100;0;161.48;-4;-19.68;-4.62;813.2;11.20;75399;2840.102;-1803.359;1;152;-130;-132.3;44.0;44.3;14;13.5;25.7;0.0;
28/02/2025 02:59:16;100;0;163.92;-4;-19.18;-4.67;815.9;11.20;75394;2840.101;-1803.358;1;152;-130;-132.3;44.0;44.3;14;13.5;25.7;0.0;
28/02/2025 02:59:36;100;0;164.54;-4;-19.21;-4.66;818.7;11.20;75381;2840.099;-1803.358;1;152;-130;-132.3;44.0;44.3;16;15.8;25.7;0.0;
28/02/2025 02:59:56;100;0;163.95;-4;-19.39;-3.62;821.2;11.10;75368;2840.098;-1803.358;1;152;-130;-132.3;44.0;44.3;16;15.8;25.7;0.0;
28/02/2025 03:00:16;100;0;163.77;-4;-19.37;-3.62;823.9;11.10;75361;2840.096;-1803.357;1;152;-130;-130.6;44.0;44.3;16;15.8;25.7;0.0;
28/02/2025 03:00:36;100;0;163.61;-4;-19.26;-3.63;826.5;11.10;75357;2840.095;-1803.357;1;152;-130;-132.3;44.0;44.3;16;15.8;25.7;0.0;
28/02/2025 03:00:56;100;0;163.49;-4;-19.32;-3.62;829.1;11.10;75358;2840.093;-1803.356;1;152;-130;-132.3;44.0;44.3;16;15.8;25.7;0.0;
28/02/2025 03:01:16;100;0;162.67;-4;-19.19;-3.59;831.5;11.00;75345;2840.092;-1803.356;1;152;-130;-133.9;44.0;44.5;16;15.8;25.7;0.0;
28/02/2025 03:01:36;100;0;161.90;-4;-19.37;-3.65;833.9;11.00;75343;2840.091;-1803.356;1;152;-130;-133.9;44.0;44.3;16;15.8;25.7;0.0;
28/02/2025 03:01:56;100;0;161.97;-4;-19.06;-3.50;836.4;11.00;75347;2840.090;-1803.355;1;152;-130;-132.3;44.0;44.3;16;15.8;25.7;0.0;
28/02/2025 03:02:16;100;0;161.53;-4;-19.26;-3.50;838.7;11.00;75335;2840.089;-1803.355;1;152;-130;-132.3;44.0;44.3;16;15.8;25.7;0.0;
28/02/2025 03:02:36;100;0;161.10;-4;-19.25;-3.55;841.0;11.00;75332;2840.088;-1803.355;1;152;-130;-133.9;44.0;44.3;14;14.0;25.7;0.0;
28/02/2025 03:02:56;100;0;159.42;-4;-19.37;-4.61;843.4;11.00;75324;2840.087;-1803.354;1;152;-130;-132.3;44.0;44.5;14;14.0;25.7;0.0;
28/02/2025 03:03:16;100;0;156.47;-4;-19.42;-4.67;845.6;10.90;75329;2840.086;-1803.353;1;152;-130;-132.3;44.0;44.3;14;14.0;25.7;0.0;
28/02/2025 03:03:36;100;0;157.00;-4;-18.47;-4.62;847.8;10.90;75313;2840.085;-1803.353;1;152;-130;-132.3;44.5;44.5;14;14.0;25.7;0.0;
28/02/2025 03:03:56;100;0;158.82;-4;-19.67;-4.81;850.0;10.90;75311;2840.084;-1803.352;1;152;-130;-132.3;44.5;44.6;14;14.0;25.7;0.0;
28/02/2025 03:04:16;100;0;159.22;-4;-19.71;-4.60;852.3;10.90;75310;2840.083;-1803.352;1;152;-130;-132.3;44.5;44.8;14;14.0;25.7;0.0;
28/02/2025 03:04:36;100;0;160.83;-4;-19.73;-4.46;854.4;10.90;75308;2840.083;-1803.352;1;152;-130;-132.3;44.5;44.6;14;14.0;25.7;0.0;
28/02/2025 03:04:56;100;0;163.48;-4;-19.71;-4.57;856.8;10.80;75297;2840.082;-1803.352;1;152;-130;-132.3;44.5;44.6;14;14.0;25.7;0.0;
28/02/2025 03:05:16;100;0;165.85;-4;-20.01;-4.62;859.1;10.80;75280;2840.081;-1803.351;1;152;-130;-132.3;44.5;44.6;16;15.8;25.7;0.0;
28/02/2025 03:05:36;100;0;166.01;-4;-20.28;-3.37;861.5;10.80;75280;2840.080;-1803.351;1;152;-130;-130.6;44.5;44.6;16;16.2;25.7;0.0;
28/02/2025 03:05:56;100;0;166.59;-4;-19.92;-3.44;863.8;10.80;75278;2840.079;-1803.351;1;152;-130;-133.9;44.5;44.8;16;15.8;25.7;0.0;
28/02/2025 03:06:16;100;0;168.08;-4;-19.90;-3.49;866.0;10.80;75285;2840.078;-1803.351;1;152;-130;-132.3;44.5;44.8;18;18.1;25.7;0.0;
28/02/2025 03:06:37;100;0;166.88;-4;-20.53;-2.39;868.5;10.70;75272;2840.077;-1803.351;1;152;-130;-132.3;44.5;44.6;18;18.5;25.7;0.0;
28/02/2025 03:06:57;100;0;165.62;-4;-20.37;-2.30;871.0;10.70;75267;2840.076;-1803.351;1;152;-130;-132.3;44.5;44.8;16;15.8;25.7;0.0;
28/02/2025 03:07:17;100;0;164.35;-4;-20.10;-3.92;873.4;10.70;75269;2840.075;-1803.351;1;152;-130;-132.3;44.5;44.8;16;15.8;25.7;0.0;
28/02/2025 03:07:37;100;0;159.90;-4;-19.76;-3.57;875.8;10.70;75267;2840.074;-1803.351;1;152;-130;-132.3;44.5;44.6;16;15.8;25.7;0.0;
28/02/2025 03:07:57;100;0;157.72;-4;-19.63;-3.63;878.3;10.60;75256;2840.073;-1803.350;1;152;-130;-132.3;44.5;44.8;16;15.8;25.6;0.0;
28/02/2025 03:08:17;100;0;156.39;-4;-19.98;-3.66;880.6;10.60;75258;2840.072;-1803.349;1;152;-130;-130.6;44.5;44.8;16;15.8;25.7;0.0;
28/02/2025 03:08:37;100;0;154.64;-4;-19.89;-3.66;883.1;10.60;75246;2840.071;-1803.348;1;152;-130;-132.3;44.5;44.8;14;14.0;25.7;0.0;
28/02/2025 03:08:57;100;0;152.91;-4;-19.77;-4.79;885.4;10.60;75250;2840.070;-1803.348;1;152;-130;-132.3;44.5;44.6;14;13.5;25.7;0.0;
28/02/2025 03:09:17;100;0;151.01;-4;-19.76;-4.81;887.9;10.60;75242;2840.069;-1803.347;1;152;-130;-132.3;44.5;44.8;14;13.5;25.7;0.0;
28/02/2025 03:09:37;100;0;150.18;-4;-19.82;-4.76;890.1;10.60;75252;2840.069;-1803.346;1;152;-130;-133.9;44.5;44.8;14;13.5;25.7;0.0;
28/02/2025 03:09:57;100;0;149.82;-4;-19.65;-4.78;892.6;10.50;75241;2840.068;-1803.345;1;152;-130;-132.3;44.5;44.8;14;13.5;25.7;0.0;
28/02/2025 03:10:17;100;0;149.24;-4;-19.42;-4.78;894.9;10.50;75238;2840.067;-1803.344;1;152;-130;-133.9;44.5;44.8;12;12.2;25.7;0.0;
28/02/2025 03:10:37;100;0;151.10;-4;-19.38;-5.40;897.2;10.50;75238;2840.067;-1803.343;1;152;-130;-132.3;44.5;44.8;12;12.2;25.7;0.0;
28/02/2025 03:10:57;100;0;152.51;-4;-19.98;-5.51;899.4;10.50;75234;2840.066;-1803.342;1;152;-130;-130.6;44.5;44.8;14;14.0;25.7;0.0;
28/02/2025 03:11:17;100;0;152.97;-4;-19.88;-4.48;901.7;10.50;75231;2840.065;-1803.341;1;152;-130;-132.3;44.5;44.6;14;14.4;25.7;0.0;
28/02/2025 03:11:37;100;0;154.02;-4;-19.68;-4.47;904.0;10.40;75236;2840.064;-1803.341;1;152;-130;-132.3;44.5;44.8;14;14.4;25.7;0.0;
28/02/2025 03:11:57;100;0;154.68;-4;-19.71;-4.43;906.4;10.40;75220;2840.063;-1803.340;1;152;-130;-132.3;44.5;44.8;14;14.4;25.7;0.0;
28/02/2025 03:12:17;100;0;155.56;-4;-19.94;-4.40;908.8;10.40;75219;2840.062;-1803.339;1;152;-130;-132.3;44.5;44.8;14;14.4;25.7;0.0;
28/02/2025 03:12:37;100;0;154.48;-4;-19.81;-4.38;911.2;10.40;75212;2840.062;-1803.338;1;152;-130;-133.9;44.5;44.8;14;14.4;25.7;0.0;
28/02/2025 03:12:57;100;0;154.32;-4;-19.91;-4.31;913.7;10.40;75209;2840.061;-1803.338;1;152;-130;-132.3;44.5;44.8;14;14.4;25.7;0.0;
28/02/2025 03:13:17;100;0;155.26;-4;-19.85;-4.34;915.9;10.30;75214;2840.060;-1803.337;1;152;-130;-132.3;44.5;44.8;14;14.4;25.7;0.0;
28/02/2025 03:13:37;100;0;157.36;-4;-19.79;-4.32;918.4;10.30;75205;2840.059;-1803.336;1;152;-130;-133.9;44.5;44.8;14;14.4;25.7;0.0;
28/02/2025 03:13:57;100;0;157.85;-4;-19.75;-4.24;920.7;10.30;75217;2840.058;-1803.336;1;152;-130;-133.9;44.5;44.8;14;14.4;25.7;0.0;
28/02/2025 03:14:17;100;0;159.32;-4;-20.20;-4.43;923.1;10.30;75204;2840.057;-1803.335;1;152;-130;-133.9;44.5;44.8;14;14.4;25.7;0.0;
28/02/2025 03:14:37;100;0;159.92;-4;-19.86;-4.31;925.3;10.30;75211;2840.056;-1803.335;1;152;-130;-132.3;44.5;44.8;14;14.4;25.7;0.0;
28/02/2025 03:14:57;100;0;159.23;-4;-19.35;-4.25;927.6;10.30;75197;2840.055;-1803.334;1;152;-130;-132.3;44.5;44.6;14;14.4;25.7;0.0;
28/02/2025 03:15:17;100;0;159.86;-4;-19.83;-4.30;929.7;10.30;75198;2840.055;-1803.334;1;152;-130;-132.3;44.5;44.6;14;14.4;25.7;0.0;
28/02/2025 03:15:37;100;0;159.64;-4;-19.91;-4.38;931.9;10.20;75194;2840.054;-1803.334;1;152;-130;-130.6;44.5;44.6;14;14.4;25.7;0.0;
28/02/2025 03:15:57;100;0;159.76;-4;-19.67;-4.37;933.9;10.20;75192;2840.054;-1803.333;1;152;-130;-130.6;44.5;44.8;14;14.4;25.7;0.0;
28/02/2025 03:16:17;100;0;159.86;-4;-19.73;-4.28;935.9;10.20;75195;2840.053;-1803.333;1;152;-130;-132.3;44.5;44.8;14;14.4;25.7;0.0;
28/02/2025 03:16:37;100;0;161.03;-4;-19.47;-4.17;937.9;10.20;75185;2840.053;-1803.333;1;152;-150;-150.0;44.5;44.8;14;14.4;25.7;0.0;
28/02/2025 03:16:57;100;0;160.07;-4;-19.71;-4.15;939.9;10.20;75238;2840.052;-1803.333;1;152;-170;-169.4;44.5;44.8;14;14.4;25.7;0.0;
28/02/2025 03:17:17;100;0;160.67;-4;-19.19;-4.24;942.1;10.20;75288;2840.051;-1803.332;1;152;-170;-171.0;44.5;44.8;14;14.4;25.7;0.0;
28/02/2025 03:17:37;100;0;161.25;-4;-19.00;-4.29;944.1;10.20;75272;2840.050;-1803.332;1;152;-170;-169.4;44.8;44.8;14;14.4;25.7;0.0;
28/02/2025 03:17:57;100;0;161.92;-4;-19.11;-4.19;946.2;10.10;75270;2840.050;-1803.332;1;152;-170;-169.4;44.8;44.8;14;14.4;25.7;0.0;
28/02/2025 03:18:17;100;0;161.94;-4;-19.19;-4.23;948.3;10.10;75269;2840.049;-1803.332;1;152;-170;-171.0;44.8;44.8;14;14.4;25.7;0.0;
28/02/2025 03:18:37;100;0;162.60;-4;-19.38;-4.31;950.4;10.10;75264;2840.048;-1803.331;1;152;-170;-171.0;44.8;44.6;14;14.4;25.7;0.0;
28/02/2025 03:18:57;100;0;163.13;-4;-19.49;-4.12;952.4;10.10;75260;2840.048;-1803.331;1;152;-170;-171.0;44.8;44.6;14;14.4;25.7;0.0;
28/02/2025 03:19:17;100;0;164.03;-4;-19.43;-4.20;954.6;10.10;75262;2840.047;-1803.331;1;152;-170;-171.0;44.8;44.8;14;14.4;25.7;0.0;
28/02/2025 03:19:37;100;0;164.17;-4;-19.55;-4.16;956.6;10.10;75260;2840.046;-1803.331;1;152;-170;-171.0;44.8;44.8;14;14.4;25.7;0.0;
28/02/2025 03:19:57;100;0;166.89;-4;-19.52;-4.20;958.9;10.10;75253;2840.045;-1803.331;1;152;-170;-171.0;44.8;44.8;17;17.1;25.7;0.0;
28/02/2025 03:20:17;100;0;165.53;-4;-19.48;-2.74;961.2;10.00;75258;2840.044;-1803.331;1;152;-170;-171.0;44.8;44.8;17;17.1;25.7;0.0;
28/02/2025 03:20:37;100;0;162.89;-4;-19.74;-2.76;963.5;10.00;75255;2840.043;-1803.331;1;152;-170;-171.0;44.8;44.8;15;14.9;25.7;0.0;
28/02/2025 03:20:57;100;0;162.58;-4;-18.99;-4.29;965.6;10.00;75260;2840.042;-1803.331;1;152;-170;-172.6;45.1;45.1;15;14.4;25.7;0.0;
28/02/2025 03:21:17;100;0;161.58;-4;-20.13;-4.14;968.1;10.00;75253;2840.041;-1803.330;1;152;-170;-171.0;45.1;45.4;15;14.4;25.7;0.0;
28/02/2025 03:21:37;100;0;162.37;-4;-20.40;-4.20;970.4;10.00;75248;2840.041;-1803.330;1;152;-170;-171.0;45.1;45.2;15;14.4;25.7;0.0;
28/02/2025 03:21:57;100;0;162.63;-4;-20.51;-4.07;972.7;10.00;75247;2840.040;-1803.330;1;152;-170;-171.0;45.1;45.4;15;14.4;25.7;0.0;
28/02/2025 03:22:17;100;0;162.25;-4;-19.86;-4.08;975.1;10.00;75248;2840.039;-1803.329;1;152;-170;-171.0;45.1;45.2;15;14.4;25.7;0.0;
28/02/2025 03:22:37;100;0;161.03;-4;-20.14;-4.09;977.4;10.00;75248;2840.038;-1803.329;1;152;-170;-172.6;45.1;45.2;15;14.4;25.7;0.0;
28/02/2025 03:22:57;100;0;160.52;-4;-20.71;-4.28;979.6;10.00;75248;2840.037;-1803.329;1;152;-170;-171.0;45.1;45.2;15;14.4;25.7;0.0;
28/02/2025 03:23:17;100;0;158.77;-4;-20.70;-4.07;981.9;10.00;75243;2840.036;-1803.328;1;152;-170;-172.6;45.1;45.2;15;14.4;25.7;0.0;
28/02/2025 03:23:37;100;0;158.04;-4;-20.39;-4.12;984.3;9.90;75239;2840.036;-1803.328;1;152;-170;-171.0;45.1;45.4;15;14.4;25.7;0.0;
28/02/2025 03:23:57;100;0;157.28;-4;-20.57;-4.17;986.4;9.90;75239;2840.035;-1803.327;1;152;-170;-171.0;45.1;45.2;15;14.4;25.7;0.0;
28/02/2025 03:24:17;100;0;155.82;-4;-20.85;-4.04;988.7;9.90;75240;2840.034;-1803.327;1;152;-170;-171.0;45.1;45.2;15;14.4;25.7;0.0;
28/02/2025 03:24:37;100;0;155.21;-4;-20.66;-4.06;991.1;9.90;75234;2840.034;-1803.326;1;152;-170;-171.0;45.1;45.2;15;14.4;25.7;0.0;
28/02/2025 03:24:57;100;0;155.13;-4;-20.13;-4.18;993.2;9.90;75228;2840.033;-1803.326;1;152;-170;-171.0;45.1;45.2;15;14.4;25.7;0.0;
28/02/2025 03:25:17;100;0;153.35;-4;-20.82;-3.97;995.6;9.90;75234;2840.032;-1803.325;1;152;-170;-172.6;45.1;45.4;15;14.4;25.7;0.0;
28/02/2025 03:25:37;100;0;152.26;-4;-19.95;-4.26;997.9;9.80;75229;2840.032;-1803.324;1;152;-170;-171.0;45.1;45.2;15;14.4;25.7;0.0;
28/02/2025 03:25:46;118;0;152.76;-4;-20.20;-4.10;998.9;9.80;75224;2840.031;-1803.324;1;152;450;-169.4;22.5;22.5;7;7.2;25.7;0.0;
28/02/2025 03:25:56;118;0;122.14;-4;-7.73;-8.79;999.8;9.80;75206;2840.031;-1803.322;1;152;450;-45.2;22.5;22.4;7;7.2;24.3;-1.0;
28/02/2025 03:26:06;118;0;103.01;-4;17.24;-8.58;999.7;9.80;74933;2840.032;-1803.323;1;152;450;80.6;22.5;22.5;7;7.2;24.3;-1.0;
28/02/2025 03:26:16;118;0;97.37;-4;27.73;-8.87;998.7;9.80;74679;2840.033;-1803.322;1;152;450;204.8;22.5;22.7;7;6.8;24.2;-1.0;
28/02/2025 03:26:26;118;0;98.05;-4;27.90;-8.82;997.3;9.80;74439;2840.034;-1803.321;1;152;450;327.4;22.5;22.7;7;6.8;24.1;-1.0;
28/02/2025 03:26:36;118;0;97.54;-4;26.17;-8.41;995.7;9.90;74188;2840.034;-1803.319;1;152;450;441.9;22.5;22.7;7;7.2;24.0;-1.0;
28/02/2025 03:26:46;118;0;98.39;-4;23.46;-7.90;993.7;9.90;73956;2840.035;-1803.317;1;152;450;451.6;22.5;22.7;7;7.2;24.1;-1.0;
28/02/2025 03:26:56;118;0;147.21;-4;20.97;-7.71;991.6;9.90;73944;2840.034;-1803.316;1;152;450;451.6;22.5;22.7;7;7.2;25.6;-1.0;
28/02/2025 03:27:16;117;0;140.91;-4;18.38;-7.59;987.9;10.00;73956;2840.032;-1803.313;1;152;450;451.6;22.5;22.7;7;7.2;25.6;-1.0;
28/02/2025 03:27:36;117;0;133.67;-4;17.96;-7.67;983.9;10.00;73945;2840.030;-1803.309;1;152;450;451.6;21.9;21.5;49;49.2;25.6;-1.0;
28/02/2025 03:27:56;117;0;139.26;-4;21.40;14.01;980.0;10.10;73964;2840.028;-1803.307;1;152;450;451.6;21.9;21.4;40;40.2;25.7;-1.0;
28/02/2025 03:28:16;117;0;143.96;-4;22.53;9.05;975.7;10.10;73945;2840.026;-1803.304;1;152;450;451.6;22.7;22.8;34;33.8;25.7;-1.0;
28/02/2025 03:28:36;117;0;146.78;-4;20.53;5.83;971.3;10.10;73938;2840.024;-1803.301;1;152;450;453.2;22.7;22.8;31;31.1;25.7;-1.0;
28/02/2025 03:28:56;117;0;148.09;-4;20.32;4.30;967.6;10.10;73935;2840.022;-1803.299;1;152;450;450.0;22.7;22.8;31;30.7;25.7;-1.0;
28/02/2025 03:29:16;117;0;148.88;-4;19.75;4.38;963.9;10.10;73935;2840.019;-1803.297;1;152;450;451.6;22.7;22.8;31;30.7;25.7;-1.0;
28/02/2025 03:29:36;117;0;150.44;-4;20.03;4.12;960.3;10.10;73932;2840.017;-1803.295;1;152;450;451.6;22.7;22.8;29;28.9;25.7;-1.0;
28/02/2025 03:29:56;117;0;150.61;-4;20.02;3.36;956.6;10.10;73921;2840.015;-1803.293;1;152;450;451.6;22.7;23.0;29;28.9;25.7;-1.0;
28/02/2025 03:30:16;117;0;151.60;-4;19.86;3.51;953.0;10.00;73918;2840.013;-1803.292;1;152;450;453.2;22.7;23.0;29;28.4;25.7;-1.0;
28/02/2025 03:30:36;117;0;152.37;-4;19.92;3.38;949.4;10.10;73924;2840.011;-1803.290;1;152;450;451.6;22.7;22.8;29;28.9;25.7;-1.0;
28/02/2025 03:30:56;117;0;153.45;-4;20.33;3.18;945.9;10.00;73912;2840.009;-1803.288;1;152;450;451.6;22.7;22.8;29;28.9;25.6;-1.0;
28/02/2025 03:31:16;117;0;152.97;-4;19.82;3.20;942.3;10.00;73914;2840.006;-1803.287;1;152;450;451.6;22.7;23.0;29;28.9;25.7;-1.0;
28/02/2025 03:31:36;117;0;153.77;-4;19.97;3.54;938.7;10.00;73916;2840.004;-1803.285;1;152;450;450.0;22.7;23.0;29;28.9;25.7;-1.0;
28/02/2025 03:31:56;117;0;154.44;-4;19.48;3.42;935.5;10.00;73909;2840.002;-1803.284;1;152;450;451.6;22.7;22.8;29;28.4;25.7;-1.0;
28/02/2025 03:32:16;117;0;154.63;-4;19.39;3.50;932.3;10.00;73915;2840.000;-1803.283;1;152;450;451.6;22.7;23.0;29;28.9;25.7;-1.0;
28/02/2025 03:32:36;117;0;154.59;-4;19.84;3.36;929.2;10.00;73907;2839.999;-1803.281;1;152;450;450.0;22.7;23.0;29;28.9;25.7;-1.0;
28/02/2025 03:32:56;117;0;155.35;-4;19.75;3.34;926.1;10.00;73905;2839.997;-1803.280;1;152;450;451.6;22.7;23.0;29;28.9;25.7;-1.0;
28/02/2025 03:33:16;117;0;155.03;-4;19.56;3.49;923.1;10.00;73903;2839.995;-1803.279;1;152;450;451.6;22.7;22.8;29;28.9;25.7;-1.0;
28/02/2025 03:33:36;117;0;156.06;-4;19.55;3.37;920.0;9.90;73903;2839.994;-1803.278;1;152;450;451.6;22.7;23.0;29;28.9;25.7;-1.0;
28/02/2025 03:33:56;117;0;156.31;-4;19.83;3.29;917.1;9.90;73896;2839.992;-1803.277;1;152;450;451.6;22.7;23.0;29;28.9;25.7;-1.0;
28/02/2025 03:34:16;117;0;154.91;-4;19.74;3.39;914.2;9.90;73884;2839.991;-1803.276;1;152;450;450.0;22.7;23.0;29;28.9;25.7;-1.0;
28/02/2025 03:34:36;117;0;154.83;-4;19.82;3.38;911.3;9.90;73883;2839.989;-1803.275;1;152;450;451.6;22.7;23.0;29;28.9;25.7;-1.0;
28/02/2025 03:34:56;117;0;154.95;-4;19.71;3.40;908.4;9.90;73886;2839.988;-1803.274;1;152;450;450.0;22.7;23.0;29;28.9;25.7;-1.0;
28/02/2025 03:35:16;117;0;155.13;-4;19.97;3.40;905.5;9.90;73885;2839.986;-1803.273;1;152;450;451.6;22.7;22.8;29;28.9;25.6;-1.0;
28/02/2025 03:35:36;117;0;155.87;-4;19.86;3.34;902.6;9.90;73888;2839.985;-1803.272;1;152;450;451.6;22.7;23.0;29;28.9;25.7;-1.0;
28/02/2025 03:35:56;117;0;156.28;-4;19.80;3.38;899.5;9.90;73885;2839.983;-1803.271;1;152;450;451.6;22.7;22.8;29;28.9;25.7;-1.0;
28/02/2025 03:36:16;117;0;156.63;-4;19.90;3.39;896.6;9.80;73876;2839.982;-1803.270;1;152;450;451.6;22.7;23.0;29;28.9;25.7;-1.0;
28/02/2025 03:36:36;117;0;154.90;-4;19.80;3.61;893.6;9.80;73879;2839.980;-1803.269;1;152;450;451.6;22.7;23.0;29;28.9;25.7;-1.0;
28/02/2025 03:36:56;117;0;158.29;-4;20.29;3.92;890.5;9.80;73882;2839.978;-1803.268;1;152;450;451.6;22.7;23.0;29;28.9;25.6;-1.0;
28/02/2025 03:37:16;117;0;157.70;-4;19.51;3.20;887.4;9.80;73866;2839.976;-1803.267;1;152;450;451.6;22.7;22.8;29;28.9;25.7;-1.0;
28/02/2025 03:37:36;117;0;158.52;-4;18.92;3.80;884.1;9.80;73870;2839.974;-1803.266;1;152;450;451.6;22.4;22.4;29;28.9;25.7;-1.0;
28/02/2025 03:37:56;117;0;161.64;-4;20.92;3.66;880.9;9.80;73867;2839.972;-1803.265;1;152;450;450.0;22.4;22.4;29;28.9;25.7;-1.0;
28/02/2025 03:38:16;117;0;161.17;-4;18.54;3.51;877.6;9.80;73864;2839.970;-1803.264;1;152;450;451.6;21.9;21.9;29;28.9;25.7;-1.0;
28/02/2025 03:38:36;117;0;160.99;-4;23.08;2.45;874.6;9.80;73867;2839.969;-1803.264;1;152;450;453.2;22.9;22.8;29;28.9;25.7;-1.0;
28/02/2025 03:38:56;117;0;157.88;-4;19.42;3.06;870.4;9.80;73857;2839.966;-1803.262;1;152;450;453.2;22.9;23.0;29;28.9;25.7;-1.0;
28/02/2025 03:39:16;117;0;161.29;-4;19.63;3.33;867.1;9.80;73861;2839.964;-1803.261;1;152;450;448.4;22.9;22.8;29;28.9;25.7;-1.0;
28/02/2025 03:39:37;117;0;158.92;-4;19.80;3.52;864.0;9.70;73858;2839.962;-1803.260;1;152;450;451.6;22.9;23.0;29;28.4;25.7;-1.0;
28/02/2025 03:39:57;117;0;158.75;-4;19.21;3.95;860.7;9.70;73864;2839.960;-1803.259;1;152;450;451.6;22.9;23.0;29;28.9;25.6;-1.0;
28/02/2025 03:40:17;117;0;159.57;-4;19.21;3.32;857.5;9.70;73848;2839.957;-1803.258;1;152;450;451.6;22.9;23.0;29;28.9;25.7;-1.0;
28/02/2025 03:40:37;117;0;159.31;-4;19.54;3.15;854.4;9.70;73843;2839.956;-1803.258;1;152;450;454.8;22.9;23.0;29;28.9;25.7;-1.0;
28/02/2025 03:40:57;117;0;159.60;-4;19.09;2.86;851.6;9.70;73847;2839.954;-1803.257;1;152;450;451.6;22.9;23.0;29;28.4;25.7;-1.0;
28/02/2025 03:41:17;117;0;161.10;-4;19.95;3.32;848.5;9.70;73846;2839.952;-1803.256;1;152;450;451.6;22.9;23.0;29;28.9;25.7;-1.0;
28/02/2025 03:41:37;117;0;160.77;-4;19.83;3.52;845.5;9.70;73847;2839.951;-1803.255;1;152;450;451.6;22.9;22.8;29;28.9;25.7;-1.0;
28/02/2025 03:41:57;117;0;160.28;-4;19.53;3.50;842.4;9.70;73834;2839.949;-1803.255;1;152;450;453.2;22.9;23.0;29;28.4;25.7;-1.0;
28/02/2025 03:42:17;117;0;160.55;-4;19.31;3.43;839.3;9.70;73831;2839.947;-1803.254;1;152;450;451.6;22.9;23.0;29;28.9;25.7;-1.0;
28/02/2025 03:42:37;117;0;159.77;-4;19.69;3.38;836.5;9.70;73832;2839.945;-1803.253;1;152;450;450.0;22.9;23.0;29;28.9;25.6;-1.0;
28/02/2025 03:42:57;117;0;160.50;-4;19.96;3.28;833.6;9.70;73832;2839.944;-1803.253;1;152;450;451.6;22.9;23.0;29;28.4;25.7;-1.0;
28/02/2025 03:43:17;117;0;161.65;-4;19.87;3.30;830.5;9.70;73832;2839.942;-1803.252;1;152;450;451.6;22.9;23.0;29;28.9;25.7;-1.0;
28/02/2025 03:43:37;117;0;164.32;-4;19.93;3.35;827.3;9.70;73832;2839.940;-1803.251;1;152;450;451.6;22.9;23.0;27;27.1;25.7;-1.0;
28/02/2025 03:43:57;117;0;163.24;-4;19.78;2.11;824.2;9.70;73838;2839.938;-1803.251;1;152;450;453.2;22.9;23.0;27;27.1;25.7;-1.0;
28/02/2025 03:44:17;117;0;162.97;-4;19.23;2.44;821.0;9.60;73835;2839.936;-1803.250;1;152;450;451.6;22.9;22.8;27;26.6;25.7;-1.0;
28/02/2025 03:44:37;117;0;161.92;-4;19.57;2.32;818.3;9.60;73832;2839.934;-1803.250;1;152;450;451.6;22.9;23.0;27;26.6;25.7;-1.0;
28/02/2025 03:44:57;117;0;161.19;-4;19.41;2.29;815.2;9.60;73835;2839.932;-1803.249;1;152;450;451.6;22.9;23.0;27;26.6;25.7;-1.0;
28/02/2025 03:45:17;117;0;159.88;-4;19.46;2.38;812.1;9.60;73840;2839.930;-1803.248;1;152;450;451.6;22.9;23.0;27;26.6;25.7;-1.0;
28/02/2025 03:45:37;117;0;159.60;-4;19.47;2.40;809.0;9.60;73837;2839.928;-1803.247;1;152;450;451.6;22.9;23.0;27;27.1;25.7;-1.0;
28/02/2025 03:45:57;117;0;159.21;-4;19.54;2.52;806.0;9.60;73849;2839.927;-1803.246;1;152;450;453.2;22.9;23.0;27;26.6;25.7;-1.0;
28/02/2025 03:46:17;117;0;158.33;-4;19.52;2.47;803.0;9.60;73847;2839.925;-1803.245;1;152;450;451.6;22.9;22.8;27;26.6;25.7;-1.0;
28/02/2025 03:46:37;117;0;158.87;-4;19.67;2.42;799.9;9.60;73836;2839.923;-1803.245;1;152;450;453.2;22.9;23.0;27;26.6;25.7;-1.0;
28/02/2025 03:46:57;117;0;158.16;-4;19.25;2.51;796.8;9.60;73844;2839.921;-1803.244;1;152;450;453.2;22.9;23.0;27;26.6;25.7;-1.0;
28/02/2025 03:47:17;117;0;158.69;-4;19.13;2.47;793.9;9.60;73837;2839.920;-1803.243;1;152;450;451.6;22.9;23.0;27;26.6;25.7;-1.0;
28/02/2025 03:47:37;117;0;158.35;-4;19.19;2.48;791.1;9.60;73840;2839.918;-1803.242;1;152;450;451.6;22.9;23.0;27;27.1;25.7;-1.0;
28/02/2025 03:47:57;117;0;157.96;-4;19.49;2.42;788.0;9.60;73855;2839.916;-1803.241;1;152;450;451.6;22.9;22.8;27;26.6;25.7;-1.0;
28/02/2025 03:48:17;117;0;157.66;-4;19.38;2.31;785.2;9.60;73851;2839.915;-1803.240;1;152;450;453.2;22.9;23.0;27;27.1;25.7;-1.0;
28/02/2025 03:48:37;117;0;157.08;-4;19.05;2.67;782.4;9.60;73847;2839.913;-1803.239;1;152;450;451.6;22.9;23.0;27;26.6;25.7;-1.0;
28/02/2025 03:48:57;117;0;156.43;-4;19.49;2.49;779.6;9.60;73841;2839.912;-1803.238;1;152;450;451.6;22.9;23.0;27;26.6;25.7;-1.0;
28/02/2025 03:49:17;117;0;156.04;-4;19.62;2.69;776.8;9.60;73851;2839.910;-1803.237;1;152;450;451.6;22.9;23.0;27;26.6;25.7;-1.0;
28/02/2025 03:49:37;117;0;155.59;-4;19.60;2.38;773.8;9.60;73838;2839.909;-1803.236;1;152;450;451.6;22.9;23.0;27;26.6;25.7;-1.0;
28/02/2025 03:49:57;117;0;155.37;-4;19.49;2.43;771.0;9.60;73844;2839.907;-1803.235;1;152;450;451.6;22.9;23.0;27;26.6;25.7;-1.0;
28/02/2025 03:50:17;117;0;154.66;-4;19.17;2.40;768.3;9.60;73843;2839.906;-1803.234;1;152;450;451.6;22.9;23.0;29;28.9;25.7;-1.0;
28/02/2025 03:50:37;117;0;154.64;-4;19.61;3.71;765.6;9.60;73847;2839.905;-1803.233;1;152;450;453.2;22.9;23.1;29;29.3;25.7;-1.0;
28/02/2025 03:50:57;117;0;153.35;-4;19.62;3.68;762.8;9.60;73847;2839.903;-1803.232;1;152;450;450.0;22.9;23.0;29;29.3;25.7;-1.0;
28/02/2025 03:51:17;117;0;153.28;-4;19.80;3.73;760.0;9.60;73851;2839.902;-1803.231;1;152;450;451.6;22.9;23.0;29;28.9;25.7;-1.0;
28/02/2025 03:51:37;117;0;153.19;-4;19.35;3.70;757.2;9.60;73861;2839.901;-1803.230;1;152;450;451.6;22.9;23.0;29;28.9;25.7;-1.0;
28/02/2025 03:51:57;117;0;153.40;-4;19.53;3.75;754.5;9.60;73856;2839.899;-1803.229;1;152;450;451.6;22.9;23.0;29;29.3;25.7;-1.0;
28/02/2025 03:52:17;117;0;154.06;-4;19.54;3.54;751.7;9.60;73852;2839.898;-1803.228;1;152;450;453.2;22.9;22.8;29;29.3;25.6;-1.0;
28/02/2025 03:52:37;117;0;155.26;-4;19.53;3.70;749.0;9.60;73865;2839.897;-1803.227;1;152;450;453.2;22.9;23.0;29;29.3;25.7;-1.0;
28/02/2025 03:52:57;117;0;156.90;-4;19.33;3.43;746.3;9.60;73860;2839.896;-1803.226;1;152;450;451.6;22.9;23.0;29;28.9;25.7;-1.0;
28/02/2025 03:53:17;117;0;157.45;-4;19.42;3.64;743.5;9.60;73851;2839.894;-1803.225;1;152;450;451.6;22.9;23.0;29;29.3;25.7;-1.0;
28/02/2025 03:53:37;117;0;156.72;-4;19.80;3.59;740.8;9.60;73858;2839.893;-1803.224;1;152;450;453.2;22.9;23.0;29;28.9;25.7;-1.0;
28/02/2025 03:53:57;117;0;155.61;-4;19.67;3.39;738.0;9.60;73851;2839.891;-1803.224;1;152;450;453.2;22.9;23.0;29;29.3;25.7;-1.0;
28/02/2025 03:54:17;117;0;156.73;-4;19.33;3.48;735.3;9.60;73856;2839.890;-1803.223;1;152;450;453.2;22.9;23.0;29;29.3;25.7;-1.0;
28/02/2025 03:54:37;117;0;157.23;-4;19.26;3.70;732.5;9.60;73858;2839.888;-1803.222;1;152;450;451.6;22.9;23.0;29;29.3;25.7;-1.0;
28/02/2025 03:54:57;117;0;157.46;-4;19.56;3.68;729.7;9.60;73846;2839.887;-1803.221;1;152;450;453.2;22.9;22.8;29;29.3;25.7;-1.0;
28/02/2025 03:55:17;117;0;158.23;-4;18.90;3.92;727.1;9.60;73854;2839.886;-1803.220;1;152;450;451.6;22.5;22.5;29;29.3;25.7;-1.0;
28/02/2025 03:55:37;117;0;159.03;-4;19.65;3.53;724.2;9.60;73856;2839.884;-1803.219;1;152;450;450.0;22.5;22.5;29;29.3;25.7;-1.0;
28/02/2025 03:55:57;117;0;160.44;-4;20.27;3.49;721.4;9.60;73856;2839.883;-1803.219;1;152;450;453.2;22.5;22.5;29;29.3;25.7;-1.0;
28/02/2025 03:56:17;117;0;161.24;-4;19.72;3.59;718.3;9.60;73850;2839.881;-1803.218;1;152;450;453.2;22.5;22.5;29;29.3;25.7;-1.0;
28/02/2025 03:56:37;117;0;161.47;-4;19.39;3.66;715.6;9.60;73843;2839.879;-1803.218;1;152;450;451.6;22.5;22.4;29;29.3;25.7;-1.0;
28/02/2025 03:56:57;117;0;162.26;-4;19.67;3.65;712.7;9.70;73849;2839.878;-1803.217;1;152;450;453.2;22.5;22.5;29;29.3;25.7;-1.0;
28/02/2025 03:57:17;117;0;162.85;-4;19.94;3.58;709.9;9.60;73853;2839.876;-1803.217;1;152;450;451.6;22.5;22.4;29;29.3;25.7;-1.0;
28/02/2025 03:57:37;117;0;164.03;-4;19.33;3.56;706.8;9.60;73847;2839.874;-1803.216;1;152;450;453.2;22.5;22.2;27;27.1;25.7;-1.0;
28/02/2025 03:57:57;117;0;163.42;-4;19.59;2.24;703.9;9.60;73856;2839.873;-1803.216;1;152;450;451.6;22.5;22.2;27;26.6;25.7;-1.0;
28/02/2025 03:58:17;117;0;163.15;-4;19.21;2.40;701.0;9.70;73860;2839.871;-1803.215;1;152;450;451.6;22.5;22.2;27;26.6;25.7;-1.0;
28/02/2025 03:58:37;117;0;163.21;-4;19.53;2.32;698.3;9.70;73855;2839.869;-1803.215;1;152;450;451.6;22.5;22.4;27;26.6;25.7;-1.0;
28/02/2025 03:58:57;117;0;163.53;-4;19.55;2.25;695.4;9.70;73862;2839.868;-1803.214;1;152;450;453.2;22.5;22.4;27;26.6;25.7;-1.0;
28/02/2025 03:59:17;117;0;164.05;-4;19.71;2.34;692.6;9.70;73867;2839.866;-1803.214;1;152;450;451.6;22.5;22.4;27;26.6;25.7;-1.0;
28/02/2025 03:59:37;117;0;162.68;-4;19.64;2.38;689.7;9.70;73866;2839.865;-1803.213;1;152;450;451.6;22.5;22.2;27;26.6;25.7;-1.0;
28/02/2025 03:59:57;117;0;162.11;-4;19.64;2.12;687.0;9.70;73874;2839.863;-1803.213;1;152;450;451.6;22.5;22.2;27;26.6;25.7;-1.0;
28/02/2025 04:00:17;117;0;161.64;-4;19.60;2.12;684.0;9.70;73881;2839.861;-1803.212;1;152;450;451.6;22.5;22.2;27;26.6;25.6;-1.0;
28/02/2025 04:00:37;117;0;160.58;-4;19.83;2.37;681.3;9.70;73886;2839.860;-1803.212;1;152;450;451.6;22.5;22.2;27;26.6;25.7;-1.0;
28/02/2025 04:00:57;117;0;160.15;-4;19.66;2.45;678.3;9.70;73897;2839.858;-1803.211;1;152;450;451.6;22.5;22.2;27;26.6;25.7;-1.0;
28/02/2025 04:01:17;117;0;159.89;-4;19.77;2.23;675.3;9.70;73888;2839.857;-1803.210;1;152;450;453.2;22.5;22.4;27;26.6;25.7;-1.0;
28/02/2025 04:01:37;117;0;159.21;-4;19.66;2.32;672.5;9.70;73895;2839.855;-1803.209;1;152;450;450.0;22.5;22.4;27;26.6;25.7;-1.0;
28/02/2025 04:01:57;117;0;158.92;-4;19.72;2.29;669.4;9.70;73890;2839.853;-1803.209;1;152;450;453.2;22.5;22.4;27;26.6;25.7;-1.0;
28/02/2025 04:02:17;117;0;159.25;-4;19.76;2.32;666.4;9.70;73884;2839.852;-1803.208;1;152;450;453.2;22.5;22.2;27;26.6;25.6;-1.0;
28/02/2025 04:02:37;117;0;159.13;-4;19.76;2.29;663.5;9.70;73886;2839.850;-1803.207;1;152;450;450.0;22.5;22.2;27;26.6;25.7;-1.0;
28/02/2025 04:02:57;117;0;159.49;-4;19.59;2.37;660.3;9.70;73889;2839.848;-1803.206;1;152;450;453.2;22.5;22.4;27;26.6;25.7;-1.0;
28/02/2025 04:03:17;117;0;158.76;-4;19.63;2.33;657.4;9.80;73897;2839.847;-1803.205;1;152;450;453.2;22.5;22.2;27;26.6;25.7;-1.0;
28/02/2025 04:03:37;117;0;159.43;-4;19.72;2.25;654.3;9.80;73894;2839.845;-1803.204;1;152;450;453.2;22.5;22.4;27;26.6;25.7;-1.0;
28/02/2025 04:03:57;117;0;159.06;-4;19.69;2.35;651.3;9.80;73902;2839.843;-1803.204;1;152;450;451.6;22.5;22.4;27;26.6;25.7;-1.0;
28/02/2025 04:04:17;117;0;159.49;-4;19.79;2.27;648.3;9.80;73912;2839.842;-1803.203;1;152;450;451.6;22.5;22.4;27;26.6;25.7;-1.0;
28/02/2025 04:04:37;117;0;158.35;-4;19.82;2.31;645.2;9.80;73906;2839.840;-1803.202;1;152;450;453.2;22.5;22.4;27;26.6;25.7;-1.0;
28/02/2025 04:04:57;117;0;156.55;-4;19.63;2.23;642.1;9.80;73912;2839.838;-1803.201;1;152;450;453.2;22.5;22.2;27;26.6;25.7;-1.0;
28/02/2025 04:05:17;117;0;154.36;-4;19.66;2.34;639.0;9.80;73919;2839.836;-1803.200;1;152;450;453.2;22.5;22.2;27;26.6;25.7;-1.0;
28/02/2025 04:05:37;117;0;153.29;-4;19.66;2.29;635.8;9.80;73925;2839.835;-1803.198;1;152;450;453.2;22.5;22.2;27;26.6;25.7;-1.0;
28/02/2025 04:05:57;117;0;152.27;-4;19.73;2.28;632.7;9.80;73926;2839.833;-1803.197;1;152;450;453.2;22.5;22.2;27;27.1;25.7;-1.0;
28/02/2025 04:06:17;117;0;151.15;-4;19.67;2.35;629.4;9.80;73923;2839.831;-1803.195;1;152;450;453.2;22.5;22.4;29;28.9;25.7;-1.0;
28/02/2025 04:06:37;117;0;150.72;-4;19.76;3.63;626.2;9.90;73928;2839.829;-1803.194;1;152;450;453.2;22.5;22.2;29;29.3;25.7;-1.0;
28/02/2025 04:06:57;117;0;148.27;-4;19.62;3.74;622.9;9.90;73928;2839.828;-1803.192;1;152;450;453.2;22.5;22.4;29;29.3;25.7;-1.0;
28/02/2025 04:07:17;117;0;149.54;-4;19.77;3.65;619.6;9.90;73951;2839.826;-1803.190;1;152;450;453.2;22.5;22.2;29;29.3;25.7;-1.0;
28/02/2025 04:07:37;117;0;150.26;-4;19.73;3.67;616.3;9.90;73954;2839.824;-1803.189;1;152;450;451.6;22.5;22.2;29;29.3;25.7;-1.0;
28/02/2025 04:07:57;117;0;150.46;-4;19.84;3.75;613.1;9.90;73965;2839.823;-1803.187;1;152;450;453.2;22.5;22.4;29;29.3;25.7;-1.0;
28/02/2025 04:08:17;117;0;151.08;-4;19.74;3.69;609.6;9.90;73974;2839.821;-1803.185;1;152;450;453.2;22.5;22.2;29;29.3;25.7;-1.0;
28/02/2025 04:08:37;117;0;151.91;-4;19.59;3.59;606.4;9.90;73966;2839.819;-1803.184;1;152;450;453.2;22.5;22.4;29;29.3;25.7;-1.0;
28/02/2025 04:08:57;117;0;153.81;-4;19.63;3.62;603.1;10.00;73985;2839.817;-1803.183;1;152;450;450.0;22.5;22.4;29;29.3;25.7;-1.0;
28/02/2025 04:09:17;117;0;157.14;-4;19.33;3.50;599.8;10.00;73990;2839.815;-1803.181;1;152;450;453.2;22.5;22.4;29;29.3;25.7;-1.0;
28/02/2025 04:09:37;117;0;158.01;-4;19.78;3.69;596.7;10.00;73992;2839.813;-1803.180;1;152;450;453.2;22.5;22.2;29;29.3;25.7;-1.0;
28/02/2025 04:09:57;117;0;160.69;-4;19.68;3.08;593.5;10.00;73999;2839.811;-1803.180;1;152;450;453.2;22.5;22.2;29;29.3;25.7;-1.0;
28/02/2025 04:10:17;117;0;163.46;-4;19.34;3.61;590.4;10.00;74001;2839.809;-1803.179;1;152;450;453.2;22.5;22.4;27;27.1;25.7;-1.0;
28/02/2025 04:10:37;117;0;162.91;-4;19.05;2.21;587.4;10.00;74003;2839.807;-1803.179;1;152;450;453.2;22.5;22.4;27;26.6;25.6;-1.0;
28/02/2025 04:10:57;117;0;161.96;-4;19.52;2.04;584.3;10.10;74004;2839.805;-1803.178;1;152;450;453.2;22.5;22.2;27;26.6;25.7;-1.0;
28/02/2025 04:11:17;117;0;163.07;-4;19.31;2.22;581.3;10.10;74012;2839.803;-1803.177;1;152;450;453.2;22.5;22.4;27;26.6;25.7;-1.0;
28/02/2025 04:11:37;117;0;163.37;-4;18.82;2.40;578.3;10.10;74006;2839.801;-1803.177;1;152;450;451.6;22.2;22.2;27;26.6;25.7;-1.0;
28/02/2025 04:11:57;117;0;162.96;-4;19.28;2.25;575.5;10.10;74011;2839.800;-1803.176;1;152;450;453.2;22.2;22.4;27;26.6;25.6;-1.0;
28/02/2025 04:12:17;117;0;162.92;-4;18.90;2.22;572.7;10.10;74007;2839.798;-1803.176;1;152;450;453.2;21.8;21.8;27;26.6;25.7;-1.0;
28/02/2025 04:12:37;117;0;162.02;-4;20.57;2.36;569.9;10.10;74020;2839.797;-1803.175;1;152;450;453.2;21.8;21.4;27;26.6;25.6;-1.0;
28/02/2025 04:12:57;117;0;160.98;-4;21.33;2.35;566.9;10.20;74023;2839.795;-1803.175;1;152;450;451.6;21.8;21.4;27;26.6;25.7;-1.0;
28/02/2025 04:13:17;117;0;159.25;-4;21.65;2.27;563.8;10.20;74025;2839.794;-1803.174;1;152;450;451.6;21.8;21.4;27;26.6;25.7;-1.0;
28/02/2025 04:13:37;117;0;158.71;-4;22.04;2.24;560.5;10.20;74020;2839.792;-1803.173;1;152;450;453.2;22.5;22.5;27;26.6;25.6;-1.0;
28/02/2025 04:13:57;117;0;156.75;-4;20.18;2.42;557.3;10.20;74024;2839.790;-1803.172;1;152;450;451.6;22.5;22.5;27;26.6;25.7;-1.0;
28/02/2025 04:14:17;117;0;156.05;-4;19.84;2.49;554.2;10.20;74021;2839.788;-1803.171;1;152;450;453.2;22.5;22.7;27;26.6;25.6;-1.0;
28/02/2025 04:14:37;117;0;155.51;-4;19.91;2.51;551.4;10.20;74020;2839.787;-1803.170;1;152;450;453.2;22.5;22.5;27;26.6;25.7;-1.0;
28/02/2025 04:14:57;117;0;154.99;-4;19.59;2.40;548.3;10.20;74025;2839.785;-1803.169;1;152;450;453.2;22.5;22.7;27;26.6;25.7;-1.0;
28/02/2025 04:15:17;117;0;154.95;-4;19.62;2.23;545.3;10.30;74035;2839.784;-1803.168;1;152;450;453.2;22.5;22.5;27;26.6;25.7;-1.0;
28/02/2025 04:15:38;117;0;155.32;-4;19.91;2.30;542.0;10.30;74037;2839.782;-1803.166;1;152;450;453.2;22.5;22.5;27;26.6;25.7;-1.0;
28/02/2025 04:15:58;117;0;155.04;-4;19.67;2.41;538.8;10.30;74050;2839.780;-1803.165;1;152;450;453.2;22.5;22.5;27;26.6;25.7;-1.0;
28/02/2025 04:16:18;117;0;153.88;-4;19.37;2.40;535.5;10.30;74047;2839.778;-1803.164;1;152;450;453.2;22.5;22.5;27;26.6;25.7;-1.0;
28/02/2025 04:16:38;117;0;152.31;-4;19.39;2.34;532.2;10.30;74056;2839.776;-1803.162;1;152;450;453.2;22.5;22.7;27;26.6;25.7;-1.0;
28/02/2025 04:16:58;117;0;150.65;-4;19.33;2.37;528.9;10.30;74071;2839.774;-1803.160;1;152;450;453.2;22.5;22.7;29;28.9;25.6;-1.0;
28/02/2025 04:17:18;117;0;150.45;-4;19.08;3.84;525.7;10.40;74067;2839.772;-1803.159;1;152;450;453.2;22.5;22.7;29;29.3;25.7;-1.0;
28/02/2025 04:17:38;117;0;151.34;-4;19.02;3.71;522.4;10.40;74069;2839.770;-1803.157;1;152;450;453.2;22.5;22.5;29;29.3;25.7;-1.0;
28/02/2025 04:17:58;117;0;152.80;-4;19.12;3.60;519.2;10.40;74077;2839.768;-1803.156;1;152;450;454.8;22.5;22.7;29;29.3;25.7;-1.0;
28/02/2025 04:18:18;117;0;152.32;-4;19.26;3.90;516.2;10.40;74091;2839.767;-1803.154;1;152;450;453.2;22.5;22.7;29;29.3;25.7;-1.0;
28/02/2025 04:18:38;117;0;153.47;-4;19.37;3.77;513.0;10.40;74083;2839.765;-1803.153;1;152;450;453.2;22.5;22.7;29;29.3;25.7;-1.0;
28/02/2025 04:18:58;117;0;153.78;-4;18.88;3.76;509.9;10.50;74087;2839.763;-1803.152;1;152;450;454.8;22.1;22.1;29;29.3;25.7;-1.0;
28/02/2025 04:19:18;117;0;154.88;-4;20.12;3.58;506.9;10.50;74092;2839.762;-1803.150;1;152;450;453.2;22.1;21.6;29;29.3;25.6;-1.0;
28/02/2025 04:19:38;117;0;155.03;-4;20.64;3.65;503.8;10.50;74090;2839.760;-1803.149;1;152;450;453.2;22.1;21.5;29;29.3;25.7;-1.0;
28/02/2025 04:19:58;117;0;154.62;-4;20.71;3.68;500.5;10.50;74090;2839.758;-1803.148;1;152;450;453.2;22.1;21.5;29;29.3;25.7;-1.0;
28/02/2025 04:20:18;117;0;153.19;-4;20.77;3.83;497.4;10.50;74105;2839.757;-1803.147;1;152;450;453.2;22.1;21.5;29;29.3;25.7;-1.0;
28/02/2025 04:20:38;117;0;153.86;-4;20.83;3.77;494.1;10.60;74096;2839.755;-1803.146;1;152;450;453.2;22.1;21.5;29;29.3;25.7;-1.0;
28/02/2025 04:20:58;117;0;154.09;-4;20.89;3.78;490.9;10.60;74106;2839.753;-1803.144;1;152;450;453.2;22.1;21.6;29;29.3;25.7;-1.0;
28/02/2025 04:21:18;117;0;152.81;-4;20.98;3.84;487.8;10.60;74100;2839.752;-1803.143;1;152;450;453.2;22.1;21.6;29;29.3;25.7;-1.0;
28/02/2025 04:21:38;117;0;153.56;-4;21.00;3.65;484.5;10.60;74102;2839.750;-1803.142;1;152;450;453.2;22.1;21.5;29;29.3;25.7;-1.0;
28/02/2025 04:21:58;117;0;153.53;-4;20.90;3.72;481.2;10.60;74104;2839.748;-1803.140;1;152;450;453.2;22.1;21.6;29;29.3;25.7;-1.0;
28/02/2025 04:22:18;117;0;151.78;-4;21.12;3.83;478.2;10.60;74109;2839.747;-1803.139;1;152;450;453.2;22.1;21.6;29;29.3;25.7;-1.0;
28/02/2025 04:22:38;117;0;151.19;-4;20.57;3.61;475.0;10.60;74122;2839.745;-1803.138;1;152;450;453.2;22.1;21.6;29;29.3;25.7;-1.0;
28/02/2025 04:22:58;117;0;153.89;-4;20.30;3.91;471.9;10.70;74121;2839.744;-1803.137;1;152;450;453.2;22.1;21.6;29;28.9;25.7;-1.0;
28/02/2025 04:23:18;117;0;155.64;-4;20.86;3.63;469.0;10.70;74131;2839.742;-1803.136;1;152;450;453.2;22.1;21.5;29;29.3;25.7;-1.0;
28/02/2025 04:23:38;117;0;156.13;-4;20.96;3.73;466.1;10.70;74138;2839.741;-1803.135;1;152;450;454.8;22.1;21.6;29;29.3;25.6;-1.0;
28/02/2025 04:23:58;117;0;156.08;-4;20.75;3.60;463.0;10.70;74145;2839.739;-1803.134;1;152;450;454.8;22.1;21.6;29;29.3;25.7;-1.0;
28/02/2025 04:24:18;117;0;156.83;-4;20.66;3.77;460.0;10.70;74155;2839.738;-1803.133;1;152;450;453.2;22.1;21.5;29;29.3;25.7;-1.0;
28/02/2025 04:24:38;117;0;158.91;-4;20.51;3.67;457.2;10.80;74159;2839.737;-1803.132;1;152;450;453.2;22.1;21.6;29;29.3;25.7;-1.0;
28/02/2025 04:24:58;117;0;159.41;-4;20.58;3.73;454.5;10.80;74166;2839.735;-1803.132;1;152;450;453.2;22.1;21.6;29;29.3;25.7;-1.0;
28/02/2025 04:25:18;117;0;156.23;-4;20.38;3.89;451.8;10.80;74173;2839.734;-1803.131;1;152;450;453.2;22.1;21.5;29;29.3;25.7;-1.0;
28/02/2025 04:25:38;117;0;156.25;-4;20.55;3.77;448.9;10.80;74178;2839.733;-1803.130;1;152;450;453.2;22.1;21.6;29;29.3;25.7;-1.0;
28/02/2025 04:25:58;117;0;158.92;-4;20.70;3.96;446.3;10.90;74185;2839.732;-1803.129;1;152;450;453.2;22.1;21.5;29;29.3;25.7;-1.0;
28/02/2025 04:26:18;117;0;157.97;-4;21.33;3.63;443.6;10.90;74192;2839.731;-1803.129;1;152;450;453.2;22.1;21.5;29;29.3;25.6;-1.0;
28/02/2025 04:26:38;117;0;158.82;-4;20.77;3.81;440.7;10.90;74194;2839.729;-1803.128;1;152;450;454.8;22.1;21.6;29;29.3;25.7;-1.0;
28/02/2025 04:26:58;117;0;161.10;-4;20.48;3.69;437.9;10.90;74204;2839.728;-1803.127;1;152;450;453.2;22.1;21.6;29;29.3;25.7;-1.0;
28/02/2025 04:27:18;117;0;162.11;-4;20.97;3.72;435.0;11.00;74203;2839.726;-1803.127;1;152;450;453.2;22.1;21.6;29;29.3;25.7;-1.0;
28/02/2025 04:27:38;117;0;161.80;-4;21.23;3.44;432.1;11.00;74207;2839.725;-1803.126;1;152;450;453.2;22.1;21.5;29;29.3;25.7;-1.0;
28/02/2025 04:27:58;117;0;163.15;-4;20.79;3.69;429.0;11.00;74202;2839.723;-1803.126;1;152;450;453.2;22.1;21.5;29;29.3;25.6;-1.0;
28/02/2025 04:28:18;117;0;162.83;-4;20.62;3.80;426.0;11.00;74203;2839.721;-1803.125;1;152;450;453.2;22.1;21.6;29;29.3;25.7;-1.0;
28/02/2025 04:28:38;117;0;161.81;-4;20.57;3.76;422.9;11.00;74216;2839.719;-1803.125;1;152;450;450.0;22.1;21.5;29;29.3;25.6;-1.0;
28/02/2025 04:28:58;117;0;160.56;-4;20.76;3.72;419.9;11.10;74220;2839.718;-1803.124;1;152;450;453.2;22.1;21.5;29;29.3;25.6;-1.0;
28/02/2025 04:29:18;117;0;159.02;-4;20.72;3.71;416.7;11.10;74225;2839.716;-1803.123;1;152;450;453.2;22.1;21.5;29;29.3;25.7;-1.0;
28/02/2025 04:29:38;117;0;159.37;-4;20.85;3.75;413.6;11.10;74225;2839.714;-1803.122;1;152;450;453.2;22.1;21.5;29;29.3;25.7;-1.0;
28/02/2025 04:29:58;117;0;158.51;-4;20.90;3.69;410.3;11.10;74225;2839.713;-1803.121;1;152;450;454.8;22.1;21.5;29;29.3;25.7;-1.0;
28/02/2025 04:30:18;117;0;156.89;-4;20.86;3.68;406.8;11.10;74233;2839.710;-1803.120;1;152;450;453.2;22.1;21.5;29;29.3;25.7;-1.0;
28/02/2025 04:30:38;117;0;157.02;-4;20.77;3.63;403.5;11.10;74240;2839.709;-1803.119;1;152;450;453.2;22.1;21.5;29;29.3;25.7;-1.0;
28/02/2025 04:30:58;117;0;158.62;-4;20.74;3.68;399.9;11.20;74241;2839.706;-1803.118;1;152;450;453.2;22.1;21.5;29;29.3;25.6;-1.0;
28/02/2025 04:31:18;117;0;159.19;-4;20.66;3.74;396.3;11.20;74251;2839.704;-1803.117;1;152;450;453.2;22.1;21.5;29;29.3;25.6;-1.0;
28/02/2025 04:31:38;117;0;159.61;-4;20.60;3.70;392.9;11.20;74250;2839.702;-1803.116;1;152;450;453.2;22.1;21.5;29;29.3;25.6;-1.0;
28/02/2025 04:31:58;117;0;159.88;-4;20.66;3.71;389.4;11.20;74252;2839.700;-1803.115;1;152;450;453.2;22.1;21.5;29;29.3;25.7;-1.0;
28/02/2025 04:32:18;117;0;159.48;-4;20.65;3.69;385.7;11.30;74264;2839.698;-1803.114;1;152;450;451.6;22.1;21.5;29;29.3;25.7;-1.0;
28/02/2025 04:32:38;117;0;159.75;-4;20.68;3.73;382.1;11.30;74266;2839.695;-1803.113;1;152;450;453.2;22.1;21.6;29;29.3;25.7;-1.0;
28/02/2025 04:32:58;117;0;159.53;-4;20.76;3.69;378.6;11.30;74278;2839.693;-1803.112;1;152;450;454.8;22.1;21.5;29;29.3;25.7;-1.0;
28/02/2025 04:33:18;117;0;160.83;-4;20.63;3.69;374.8;11.30;74269;2839.691;-1803.111;1;152;450;453.2;22.1;21.6;29;29.3;25.6;-1.0;
28/02/2025 04:33:38;117;0;161.42;-4;20.53;3.67;371.2;11.40;74282;2839.688;-1803.110;1;152;450;453.2;22.1;21.5;27;27.1;25.7;-1.0;
28/02/2025 04:33:58;117;0;160.25;-4;20.35;2.31;367.5;11.40;74292;2839.686;-1803.109;1;152;450;453.2;22.1;21.5;27;26.6;25.7;-1.0;
28/02/2025 04:34:18;117;0;158.21;-4;20.38;2.38;363.9;11.40;74298;2839.683;-1803.108;1;152;450;453.2;22.1;21.5;27;26.6;25.6;-1.0;
28/02/2025 04:34:38;117;0;155.66;-4;20.25;2.27;360.2;11.40;74290;2839.681;-1803.106;1;152;450;451.6;22.1;21.6;27;26.6;25.7;-1.0;
28/02/2025 04:34:58;117;0;152.98;-4;20.33;2.30;356.4;11.40;74300;2839.679;-1803.105;1;152;450;453.2;22.1;21.5;27;26.6;25.7;-1.0;
28/02/2025 04:35:18;117;0;153.76;-4;20.29;2.13;352.7;11.50;74310;2839.676;-1803.103;1;152;450;453.2;22.1;21.5;27;26.6;25.7;-1.0;
28/02/2025 04:35:38;117;0;154.41;-4;20.27;2.24;349.2;11.50;74318;2839.674;-1803.102;1;152;450;453.2;22.1;21.5;27;26.6;25.7;-1.0;
28/02/2025 04:35:58;117;0;152.73;-4;20.28;2.29;345.4;11.50;74328;2839.672;-1803.100;1;152;450;454.8;22.1;21.5;27;26.6;25.7;-1.0;
28/02/2025 04:36:18;117;0;150.38;-4;20.44;2.37;342.0;11.60;74331;2839.670;-1803.098;1;152;450;453.2;22.1;21.5;29;28.9;25.7;-1.0;
28/02/2025 04:36:38;117;0;149.43;-4;20.45;3.84;338.1;11.60;74334;2839.667;-1803.096;1;152;450;454.8;22.1;21.5;29;29.3;25.6;-1.0;
28/02/2025 04:36:58;117;0;150.06;-4;20.46;3.75;334.1;11.60;74338;2839.665;-1803.094;1;152;450;453.2;22.1;21.5;29;29.3;25.7;-1.0;
28/02/2025 04:37:18;117;0;151.97;-4;20.54;3.84;330.7;11.60;74347;2839.663;-1803.092;1;152;450;453.2;22.1;21.5;29;29.3;25.7;-1.0;
28/02/2025 04:37:38;117;0;153.73;-4;20.43;3.31;327.0;11.70;74354;2839.661;-1803.091;1;152;450;453.2;22.1;21.5;29;29.3;25.7;-1.0;
28/02/2025 04:37:58;117;0;155.46;-4;20.50;3.82;323.2;11.70;74359;2839.658;-1803.089;1;152;450;453.2;22.1;21.5;29;29.3;25.7;-1.0;
28/02/2025 04:38:18;117;0;154.63;-4;20.26;3.52;319.6;11.70;74358;2839.656;-1803.088;1;152;450;454.8;22.1;21.5;29;29.3;25.7;-1.0;
28/02/2025 04:38:38;117;0;154.18;-4;20.46;3.76;316.2;11.70;74375;2839.654;-1803.086;1;152;450;453.2;22.1;21.5;29;29.3;25.7;-1.0;
28/02/2025 04:38:58;117;0;154.03;-4;20.38;3.74;312.7;11.80;74370;2839.652;-1803.085;1;152;450;453.2;22.1;21.5;29;29.3;25.7;-1.0;
28/02/2025 04:39:18;117;0;154.42;-4;20.37;3.65;309.3;11.80;74397;2839.650;-1803.083;1;152;450;451.6;22.1;21.5;29;29.3;25.7;-1.0;
28/02/2025 04:39:38;117;0;154.56;-4;20.38;3.73;305.8;11.80;74396;2839.648;-1803.082;1;152;450;453.2;22.1;21.5;29;29.3;25.7;-1.0;
28/02/2025 04:39:58;117;0;155.54;-4;20.48;3.70;302.3;11.80;74411;2839.646;-1803.080;1;152;450;453.2;22.1;21.5;29;29.3;25.7;-1.0;
28/02/2025 04:40:18;117;0;155.47;-4;20.38;3.65;298.8;11.90;74401;2839.643;-1803.079;1;152;450;453.2;22.1;21.5;29;29.3;25.6;-1.0;
28/02/2025 04:40:38;117;0;155.27;-4;20.35;3.76;295.5;11.90;74408;2839.641;-1803.078;1;152;450;453.2;22.1;21.5;29;29.3;25.6;-1.0;
28/02/2025 04:40:58;117;0;156.01;-4;20.28;3.69;292.1;11.90;74418;2839.639;-1803.076;1;152;450;454.8;22.1;21.5;29;29.3;25.7;-1.0;
28/02/2025 04:41:18;117;0;156.54;-4;20.28;3.73;288.8;11.90;74425;2839.637;-1803.075;1;152;450;453.2;22.1;21.5;29;29.3;25.7;-1.0;
28/02/2025 04:41:38;117;0;157.53;-4;20.38;3.62;285.3;12.00;74432;2839.635;-1803.074;1;152;450;453.2;22.1;21.6;29;29.3;25.7;-1.0;
28/02/2025 04:41:58;117;0;158.48;-4;20.42;3.80;282.0;12.00;74435;2839.633;-1803.073;1;152;450;453.2;22.1;21.5;29;29.3;25.7;-1.0;
28/02/2025 04:42:18;117;0;158.33;-4;20.29;3.81;278.6;12.00;74437;2839.631;-1803.072;1;152;450;454.8;22.1;21.5;29;29.3;25.7;-1.0;
28/02/2025 04:42:38;117;0;156.80;-4;20.24;3.76;275.4;12.10;74446;2839.629;-1803.071;1;152;450;454.8;22.1;21.5;29;29.3;25.7;-1.0;
28/02/2025 04:42:58;117;0;156.26;-4;20.21;3.74;272.1;12.10;74458;2839.627;-1803.070;1;152;450;453.2;22.1;21.5;29;29.3;25.7;-1.0;
28/02/2025 04:43:18;117;0;157.47;-4;20.33;3.71;268.9;12.10;74470;2839.625;-1803.069;1;152;450;454.8;22.1;21.5;29;29.3;25.6;-1.0;
28/02/2025 04:43:38;117;0;159.46;-4;20.40;3.76;265.6;12.10;74477;2839.623;-1803.068;1;152;450;453.2;22.1;21.5;29;29.3;25.7;-1.0;
28/02/2025 04:43:58;117;0;160.82;-4;20.39;3.72;262.1;12.20;74487;2839.621;-1803.067;1;152;450;454.8;22.1;21.6;29;29.3;25.7;-1.0;
28/02/2025 04:44:18;117;0;161.98;-4;20.52;3.73;258.7;12.20;74505;2839.619;-1803.066;1;152;450;453.2;22.1;21.5;27;27.1;25.7;-1.0;
28/02/2025 04:44:38;117;0;162.35;-4;20.15;2.15;255.2;12.20;74511;2839.616;-1803.065;1;152;450;454.8;22.1;21.5;27;26.6;25.7;-1.0;
28/02/2025 04:44:58;117;0;162.92;-4;20.07;2.22;252.0;12.30;74536;2839.614;-1803.065;1;152;450;454.8;22.1;21.6;27;26.6;25.6;-1.0;
28/02/2025 04:45:18;117;0;161.84;-4;19.84;2.17;248.7;12.30;74543;2839.612;-1803.064;1;152;450;453.2;22.1;21.5;27;26.6;25.6;-1.0;
28/02/2025 04:45:38;117;0;160.20;-4;19.93;2.27;245.4;12.30;74538;2839.610;-1803.063;1;152;450;454.8;22.1;21.5;27;26.6;25.7;-1.0;
28/02/2025 04:45:58;117;0;157.00;-4;19.83;2.26;242.1;12.40;74550;2839.608;-1803.062;1;152;450;453.2;22.1;21.5;27;26.6;25.7;-1.0;
28/02/2025 04:46:18;117;0;156.22;-4;19.91;2.31;239.0;12.40;74571;2839.607;-1803.061;1;152;450;453.2;22.1;21.5;27;26.6;25.7;-1.0;
28/02/2025 04:46:38;117;0;155.70;-4;19.93;2.30;236.0;12.50;74563;2839.605;-1803.060;1;152;450;453.2;22.1;21.5;27;26.6;25.7;-1.0;
28/02/2025 04:46:58;117;0;155.99;-4;20.00;2.17;232.8;12.50;74576;2839.603;-1803.059;1;152;450;453.2;22.1;21.5;27;26.6;25.7;-1.0;
28/02/2025 04:47:18;117;0;155.16;-4;19.98;2.29;229.6;12.50;74601;2839.601;-1803.057;1;152;450;454.8;22.1;21.6;27;26.6;25.7;-1.0;
28/02/2025 04:47:38;117;0;154.61;-4;19.86;2.19;226.5;12.50;74605;2839.600;-1803.056;1;152;450;453.2;22.1;21.5;27;26.6;25.7;-1.0;
28/02/2025 04:47:58;117;0;155.12;-4;19.91;2.25;223.3;12.60;74622;2839.598;-1803.055;1;152;450;454.8;22.1;21.5;27;26.6;25.7;-1.0;
28/02/2025 04:48:18;117;0;154.39;-4;19.85;2.20;220.4;12.60;74628;2839.596;-1803.054;1;152;450;454.8;22.1;21.5;27;26.6;25.6;-1.0;
28/02/2025 04:48:38;117;0;153.40;-4;19.90;2.33;217.3;12.70;74633;2839.595;-1803.053;1;152;450;453.2;22.1;21.5;27;26.6;25.7;-1.0;
28/02/2025 04:48:58;117;0;152.37;-4;20.00;2.21;214.4;12.70;74648;2839.593;-1803.051;1;152;450;453.2;22.1;21.4;27;26.6;25.7;-1.0;
28/02/2025 04:49:18;117;0;151.47;-4;19.89;2.31;211.4;12.70;74654;2839.592;-1803.050;1;152;450;454.8;22.1;21.5;29;28.9;25.7;-1.0;
28/02/2025 04:49:38;117;0;151.56;-4;19.93;3.71;208.5;12.80;74661;2839.590;-1803.049;1;152;450;454.8;22.1;21.5;29;29.3;25.7;-1.0;
28/02/2025 04:49:58;117;0;152.43;-4;20.07;3.84;205.7;12.80;74683;2839.589;-1803.048;1;152;450;453.2;22.1;21.5;29;29.3;25.7;-1.0;
28/02/2025 04:50:18;117;0;152.76;-4;20.37;3.80;202.6;12.80;74674;2839.588;-1803.046;1;152;450;451.6;22.1;21.5;29;29.3;25.7;-1.0;
28/02/2025 04:50:38;117;0;151.72;-4;20.13;3.78;199.7;12.90;74688;2839.586;-1803.045;1;152;450;453.2;22.1;21.5;29;29.3;25.7;-1.0;
28/02/2025 04:50:58;117;0;151.16;-4;20.14;3.70;196.5;12.90;74715;2839.585;-1803.044;1;152;450;454.8;22.1;21.5;29;29.3;25.7;-1.0;
28/02/2025 04:51:18;117;0;151.42;-4;20.10;3.78;193.6;13.00;74718;2839.583;-1803.042;1;152;450;456.5;22.1;21.5;29;29.3;25.7;-1.0;
28/02/2025 04:51:39;117;0;152.49;-4;20.10;3.68;190.5;13.00;74722;2839.582;-1803.041;1;152;450;454.8;22.1;21.5;29;29.3;25.7;-1.0;
28/02/2025 04:51:59;117;0;151.09;-4;20.05;3.87;187.5;13.00;74734;2839.580;-1803.040;1;152;450;454.8;22.1;21.5;29;29.3;25.7;-1.0;
28/02/2025 04:52:19;117;0;149.36;-4;20.09;3.80;184.4;13.10;74746;2839.579;-1803.038;1;152;450;454.8;22.1;21.5;29;29.3;25.6;-1.0;
28/02/2025 04:52:39;117;0;147.10;-4;20.08;3.82;181.3;13.10;74758;2839.577;-1803.036;1;152;450;454.8;22.1;21.5;31;31.1;25.6;-1.0;
28/02/2025 04:52:59;117;0;146.83;-4;20.04;4.89;178.3;13.10;74759;2839.576;-1803.035;1;152;450;454.8;22.1;21.5;31;31.6;25.7;-1.0;
28/02/2025 04:53:19;117;0;147.18;-4;20.22;4.94;175.0;13.20;74771;2839.574;-1803.033;1;152;450;454.8;22.1;21.5;31;31.6;25.7;-1.0;
28/02/2025 04:53:39;117;0;146.30;-4;20.17;4.95;172.0;13.20;74777;2839.573;-1803.031;1;152;450;454.8;22.1;21.5;31;31.6;25.6;-1.0;
28/02/2025 04:53:59;117;0;146.56;-4;20.20;4.94;168.6;13.30;74799;2839.571;-1803.029;1;152;450;453.2;22.1;21.5;31;31.6;25.7;-1.0;
28/02/2025 04:54:19;117;0;146.60;-4;20.04;4.98;165.4;13.30;74813;2839.570;-1803.027;1;152;450;453.2;22.1;21.5;31;31.6;25.6;-1.0;
28/02/2025 04:54:39;117;0;148.69;-4;19.99;4.85;162.1;13.30;74815;2839.568;-1803.026;1;152;450;454.8;22.1;21.5;31;31.6;25.7;-1.0;
28/02/2025 04:54:59;117;0;152.76;-4;19.93;4.76;158.9;13.40;74832;2839.566;-1803.024;1;152;450;454.8;22.1;21.5;29;28.9;25.6;-1.0;
28/02/2025 04:55:19;117;0;153.60;-4;19.83;3.38;155.8;13.40;74849;2839.565;-1803.023;1;152;450;453.2;22.1;21.5;29;28.4;25.7;-1.0;
28/02/2025 04:55:39;117;0;155.66;-4;19.70;3.35;152.7;13.50;74855;2839.563;-1803.022;1;152;450;454.8;22.1;21.5;29;28.9;25.7;-1.0;
28/02/2025 04:55:59;117;0;157.61;-4;19.71;3.32;149.7;13.50;74870;2839.561;-1803.021;1;152;450;454.8;22.1;21.5;29;28.4;25.7;-1.0;
28/02/2025 04:56:19;117;0;160.33;-4;19.69;3.34;146.7;13.60;74886;2839.559;-1803.020;1;152;450;454.8;22.1;21.5;29;28.4;25.7;-1.0;
28/02/2025 04:56:39;117;0;161.54;-4;19.79;3.37;143.8;13.60;74899;2839.558;-1803.020;1;152;450;454.8;22.1;21.5;29;28.9;25.7;-1.0;
28/02/2025 04:56:59;117;0;162.82;-4;19.73;3.29;140.7;13.70;74913;2839.556;-1803.019;1;152;450;453.2;22.1;21.5;29;28.9;25.7;-1.0;
28/02/2025 04:57:19;117;0;162.46;-4;19.81;3.38;137.8;13.70;74919;2839.554;-1803.018;1;152;450;454.8;22.1;21.5;29;28.9;25.7;-1.0;
28/02/2025 04:57:39;117;0;160.48;-4;19.70;3.41;135.0;13.80;74941;2839.553;-1803.018;1;152;450;454.8;22.1;21.5;29;28.9;25.7;-1.0;
28/02/2025 04:57:59;117;0;160.42;-4;19.64;3.41;132.0;13.80;74947;2839.551;-1803.017;1;152;450;456.5;22.1;21.5;29;28.9;25.7;-1.0;
28/02/2025 04:58:19;117;0;159.92;-4;19.72;3.39;129.0;13.90;74953;2839.549;-1803.016;1;152;450;454.8;22.1;21.5;29;28.9;25.7;-1.0;
28/02/2025 04:58:39;117;0;159.24;-4;19.68;3.42;126.1;13.90;74967;2839.548;-1803.016;1;152;450;454.8;22.1;21.5;29;28.9;25.6;-1.0;
28/02/2025 04:58:59;117;0;158.68;-4;19.65;3.37;123.2;13.90;74973;2839.546;-1803.015;1;152;450;454.8;22.1;21.5;29;28.9;25.6;-1.0;
28/02/2025 04:59:19;117;0;158.59;-4;19.69;3.45;120.1;14.00;74971;2839.545;-1803.014;1;152;450;454.8;22.1;21.5;29;28.9;25.7;-1.0;
28/02/2025 04:59:39;117;0;158.95;-4;19.87;3.37;117.1;14.00;74985;2839.543;-1803.013;1;152;450;453.2;22.1;21.5;29;28.9;25.7;-1.0;
28/02/2025 04:59:59;117;0;159.83;-4;19.80;3.35;114.2;14.10;75004;2839.541;-1803.012;1;152;450;454.8;22.1;21.5;29;28.9;25.6;-1.0;
28/02/2025 05:00:19;117;0;158.82;-4;19.80;3.47;111.0;14.10;75000;2839.539;-1803.011;1;152;450;454.8;22.1;21.5;29;28.9;25.7;-1.0;
28/02/2025 05:00:39;117;0;157.46;-4;19.72;3.46;108.1;14.20;75012;2839.538;-1803.010;1;152;450;456.5;22.1;21.5;29;28.9;25.7;-1.0;
28/02/2025 05:00:59;117;0;157.54;-4;19.68;3.30;104.8;14.20;75015;2839.536;-1803.009;1;152;450;454.8;22.1;21.5;29;28.9;25.7;-1.0;
28/02/2025 05:01:19;117;0;156.01;-4;19.73;3.39;101.6;14.30;75031;2839.534;-1803.008;1;152;450;456.5;22.1;21.5;29;28.9;25.7;-1.0;
28/02/2025 05:01:39;117;0;153.56;-4;19.40;3.43;98.6;14.30;75047;2839.532;-1803.007;1;152;450;454.8;22.1;21.5;29;28.9;25.7;-1.0;
28/02/2025 05:01:59;117;0;151.37;-4;19.65;3.48;95.3;14.30;75072;2839.531;-1803.005;1;152;450;454.8;22.1;21.5;29;28.4;25.7;-1.0;
28/02/2025 05:02:19;117;0;150.11;-4;19.88;3.32;92.0;14.40;75081;2839.529;-1803.004;1;152;450;453.2;22.1;21.5;29;28.9;25.7;-1.0;
28/02/2025 05:02:39;117;0;150.52;-4;19.53;3.31;88.9;14.40;75095;2839.527;-1803.002;1;152;450;454.8;22.1;21.5;29;28.9;25.7;-1.0;
28/02/2025 05:02:59;117;0;151.27;-4;19.47;3.35;85.7;14.50;75106;2839.525;-1803.001;1;152;450;453.2;22.1;21.5;29;28.9;25.7;-1.0;
28/02/2025 05:03:19;117;0;151.32;-4;19.56;3.45;82.4;14.50;75116;2839.524;-1802.999;1;152;450;454.8;22.1;21.5;29;28.4;25.7;-1.0;
28/02/2025 05:03:39;117;0;152.41;-4;19.32;3.29;79.2;14.60;75124;2839.522;-1802.998;1;152;450;454.8;22.1;21.5;29;28.9;25.7;-1.0;
28/02/2025 05:03:59;117;0;152.41;-4;19.26;3.39;76.1;14.60;75143;2839.520;-1802.996;1;152;450;453.2;22.1;21.6;29;28.9;25.7;-1.0;
28/02/2025 05:04:19;117;0;151.87;-4;19.25;3.41;73.1;14.70;75174;2839.518;-1802.995;1;152;450;456.5;22.1;21.5;29;28.9;25.7;-1.0;
28/02/2025 05:04:39;117;0;152.94;-4;19.35;3.28;70.1;14.70;75186;2839.517;-1802.994;1;152;450;453.2;22.1;21.5;29;28.9;25.7;-1.0;
28/02/2025 05:04:59;117;0;152.72;-4;19.48;3.35;67.3;14.80;75213;2839.515;-1802.992;1;152;450;454.8;22.1;21.6;29;28.9;25.7;-1.0;
28/02/2025 05:05:19;117;0;155.03;-4;19.48;3.35;64.1;14.80;75247;2839.513;-1802.991;1;152;450;454.8;22.1;21.5;29;28.9;25.6;-1.0;
28/02/2025 05:05:39;117;0;157.07;-4;19.40;3.34;60.9;14.90;75263;2839.511;-1802.990;1;152;450;454.8;22.1;21.5;29;28.9;25.7;-1.0;
28/02/2025 05:05:59;117;0;158.41;-4;19.16;3.41;57.7;15.00;75285;2839.509;-1802.989;1;152;450;454.8;22.1;21.5;29;28.9;25.7;-1.0;
28/02/2025 05:06:19;117;0;159.56;-4;18.58;3.00;54.6;15.00;75307;2839.507;-1802.988;1;152;450;454.8;21.7;21.6;29;28.4;25.7;-1.0;
28/02/2025 05:06:39;117;0;157.87;-4;18.57;3.29;51.8;15.10;75322;2839.506;-1802.987;1;152;450;454.8;21.3;21.1;29;28.9;25.7;-1.0;
28/02/2025 05:06:59;117;0;157.85;-4;20.81;3.39;48.9;15.10;75346;2839.505;-1802.986;1;152;450;454.8;21.3;20.5;29;28.9;25.7;-1.0;
28/02/2025 05:07:19;117;0;153.56;-4;21.30;3.22;45.8;15.20;75360;2839.503;-1802.985;1;152;450;454.8;21.3;20.6;29;28.9;25.7;-1.0;
28/02/2025 05:07:39;117;0;151.67;-4;21.13;3.55;42.3;15.20;75372;2839.501;-1802.984;1;152;450;454.8;21.3;20.6;29;28.9;25.6;-1.0;
28/02/2025 05:07:59;117;0;153.09;-4;20.29;3.82;38.9;15.30;75407;2839.499;-1802.982;1;152;450;453.2;21.3;20.5;29;28.9;25.7;-1.0;
28/02/2025 05:08:19;117;0;155.26;-4;21.10;3.19;35.7;15.40;75428;2839.497;-1802.981;1;152;450;454.8;21.3;20.6;29;28.9;25.7;-1.0;
28/02/2025 05:08:39;117;0;154.90;-4;19.20;4.07;32.5;15.50;75460;2839.495;-1802.980;1;152;450;456.5;21.3;20.6;29;28.9;25.7;-1.0;
28/02/2025 05:08:59;117;0;155.65;-4;21.46;3.50;29.9;15.50;75462;2839.494;-1802.979;1;152;450;454.8;21.3;20.6;29;28.9;25.6;-1.0;
28/02/2025 05:09:19;117;0;155.06;-4;20.82;3.45;26.6;15.60;75466;2839.493;-1802.978;1;152;450;454.8;21.3;20.5;29;28.9;25.7;-1.0;
28/02/2025 05:09:39;117;0;155.36;-4;21.91;3.85;23.6;15.60;75487;2839.491;-1802.977;1;152;450;454.8;21.3;20.6;29;28.9;25.7;-1.0;
28/02/2025 05:09:59;117;0;155.34;-4;22.16;3.73;20.2;15.70;75492;2839.490;-1802.976;1;152;450;454.8;21.9;21.9;29;28.9;25.7;-1.0;
28/02/2025 05:10:19;117;0;156.63;-4;19.04;3.28;16.7;15.80;75513;2839.487;-1802.974;1;152;450;454.8;21.9;22.1;29;28.9;25.7;-1.0;
28/02/2025 05:10:39;117;0;158.14;-4;18.47;4.09;14.2;15.90;75519;2839.486;-1802.973;1;152;450;453.2;21.5;21.5;29;28.4;25.7;-1.0;
28/02/2025 05:10:59;117;0;155.15;-4;19.63;3.76;11.7;15.90;75516;2839.485;-1802.973;1;152;450;454.8;21.5;21.1;29;28.9;25.7;-1.0;
28/02/2025 05:11:19;117;0;157.04;-4;18.98;3.71;9.2;16.00;75527;2839.484;-1802.972;1;152;450;454.8;21.1;21.2;29;28.9;25.7;-1.0;
28/02/2025 05:11:39;117;0;154.89;-4;22.16;3.06;6.4;16.00;75535;2839.483;-1802.971;1;152;450;454.8;21.8;21.8;29;28.9;25.7;-1.0;
28/02/2025 05:11:59;117;0;152.14;-4;22.45;4.11;2.8;16.10;75540;2839.481;-1802.970;1;152;450;454.8;22.5;21.8;29;28.9;25.6;-1.0;
28/02/2025 05:12:02;115;0;155.55;-4;17.19;2.87;2.3;16.10;75539;2839.480;-1802.969;1;152;500;458.1;100.0;63.6;0;-0.5;25.7;-1.0;
28/02/2025 05:12:12;115;0;140.49;-4;2.67;-12.71;1.3;16.10;75521;2839.481;-1802.969;1;152;500;504.8;100.0;100.1;0;-0.9;25.4;-1.0;
28/02/2025 05:12:22;115;0;146.22;-4;-61.74;-22.43;1.5;16.10;75436;2839.481;-1802.969;1;152;500;504.8;100.0;100.6;0;-0.5;25.7;-1.0;
28/02/2025 05:12:42;119;0;65.60;-4;-63.11;-23.57;0.5;16.20;75451;2839.481;-1802.969;1;152;500;506.5;100.0;100.7;0;-0.5;25.6;-1.0;
28/02/2025 05:12:52;119;0;13.68;-4;-45.83;-7.05;0.1;16.30;75447;2838.477;-1802.399;0;152;500;506.5;100.0;100.6;0;-0.5;25.7;-1.0;
