PLD_REALTIMECLOCK;NAV_RESOURCE;NAV_LONGITUDE;NAV_LATITUDE;NAV_DEPTH;NAV_HEADING;SD_CARD_USAGE;SSD_USAGE;ACQUISITION_FREQ;RECORDING;LEGATO_CONDUCTIVITY;LEGATO_TEMPERATURE;LEGATO_PRESSURE;LEGATO_SALINITY;LEGATO_CONDTEMP;LEGATO_CODA_DO;LEGATO_CODA_TEMPERATURE;LEGATO_CODA_CORR_PHASE;LEGATO_SOUND_VELOCITY;FLBBCD_CHL_COUNT;FLBBCD_CHL_SCALED;FLBBCD_CDOM_COUNT;FLBBCD_CDOM_SCALED;FLBBCD_BB_700_COUNT;FLBBCD_BB_700_SCALED;User_Field1;User_Field2;User_Field3;User_Field4;User_Field5;User_Field6;User_Field7;User_Field8;User_Field9;User_Field10;BS_HEADING;BS_ZB;BS_ZT;BS_PU;BS_PD;BS_BU;BS_BD;BS_SR;BS_ALTIMETER.ENABLE;BS_ALTIMETER.VALUE;BS_CURRENT.CORRECTION.ENABLE
16/02/2025 19:46:52.362;119;-1801.314;2837.811;-0.300;13.000;247705.12;247705.12;192000;0;50.9923;20.6606;1.5483;36.9501;20.1833;238.8250;20.6751;22.6697;1525.4720;58;0.0726;70;1.7271;93;0.000131666;0;9999;9999;9999;9999;9999;9999;9999;9999;9999;9999;9999;9999;9999;9999;9999;9999;9999;9999;9999;9999
16/02/2025 19:47:22.398;116;-1801.315;2837.814;-0.100;351.000;247705.12;247705.12;192000;0;51.0145;20.6848;1.3278;36.9471;20.2297;237.6180;20.6788;22.7140;1525.5303;58;0.0726;70;1.7271;92;0.000128604;0;9999;9999;9999;9999;9999;9999;9999;9999;9999;9999;9999;9999;9999;9999;9999;9999;9999;9999;9999;9999
16/02/2025 19:47:52.394;116;-1801.317;2837.814;0.000;339.000;247705.15;247705.15;192000;0;51.0133;20.6912;1.3283;36.9405;20.2723;237.0650;20.6771;22.7356;1525.5403;59;0.0847;70;1.7271;89;0.000119418;0;9999;9999;9999;9999;9999;9999;9999;9999;9999;9999;9999;9999;9999;9999;9999;9999;9999;9999;9999;9999
16/02/2025 19:48:22.397;116;-1801.318;2837.815;0.100;338.000;247705.17;247705.17;192000;0;50.9963;20.6696;1.5712;36.9454;20.3109;237.7129;20.6130;22.7299;1525.4914;58;0.0726;70;1.7271;92;0.000128604;0;9999;9999;9999;9999;9999;9999;9999;9999;9999;9999;9999;9999;9999;9999;9999;9999;9999;9999;9999;9999
16/02/2025 19:48:52.390;116;-1801.320;2837.812;0.100;335.000;247705.19;247705.19;192000;0;50.9363;20.6151;1.7040;36.9440;20.3380;238.0177;20.5146;22.7472;1525.3448;57;0.0605;69;1.6362;95;0.000137790;0;9999;9999;9999;9999;9999;9999;9999;9999;9999;9999;9999;9999;9999;9999;9999;9999;9999;9999;9999;9999
16/02/2025 19:49:22.378;116;-1801.323;2837.813;0.200;349.000;247705.22;247705.22;192000;0;50.9235;20.5968;1.4096;36.9496;20.3631;237.0262;20.5470;22.7740;1525.2966;59;0.0847;70;1.7271;93;0.000131666;0;9999;9999;9999;9999;9999;9999;9999;9999;9999;9999;9999;9999;9999;9999;9999;9999;9999;9999;9999;9999
16/02/2025 19:49:52.396;116;-1801.323;2837.813;0.200;349.000;247705.24;247705.24;192000;0;50.9181;20.5916;1.4496;36.9497;20.3805;238.9187;20.5213;22.7110;1525.2833;57;0.0605;70;1.7271;91;0.000125542;0;9999;9999;9999;9999;9999;9999;9999;9999;9999;9999;9999;9999;9999;9999;9999;9999;9999;9999;9999;9999
16/02/2025 19:50:22.374;116;-1801.326;2837.815;0.000;348.000;247705.26;247705.26;192000;0;50.8339;20.5093;1.5893;36.9527;20.3882;237.2700;20.4961;22.7787;1525.0659;58;0.0726;70;1.7271;92;0.000128604;0;9999;9999;9999;9999;9999;9999;9999;9999;9999;9999;9999;9999;9999;9999;9999;9999;9999;9999;9999;9999
16/02/2025 19:50:52.400;110;-1801.326;2837.816;0.600;350.000;247705.3;247705.3;192000;0;50.7450;20.4377;2.2916;36.9422;20.3959;237.6501;20.3946;22.7945;1524.8715;58;0.0726;70;1.7271;90;0.000122480;0;9999;9999;9999;9999;9999;9999;9999;9999;9999;9999;9999;9999;9999;9999;9999;9999;9999;9999;9999;9999
16/02/2025 19:51:22.373;110;-1801.325;2837.817;1.300;22.000;247705.33;-1;192000;0;50.5846;20.2930;4.4563;36.9365;20.3863;238.7029;20.2992;22.7827;1524.5071;59;0.0847;70;1.7271;103;0.000162286;0;9999;9999;9999;9999;9999;9999;9999;9999;9999;9999;9999;9999;9999;9999;9999;9999;9999;9999;9999;9999
16/02/2025 19:51:52.398;100;-1801.323;2837.820;4.700;40.000;247705.35;-1;192000;0;50.5924;20.2937;9.7154;36.9403;20.3612;239.7077;20.2960;22.7476;1524.6009;58;0.0726;70;1.7271;94;0.000134728;0;9999;9999;9999;9999;9999;9999;9999;9999;9999;9999;9999;9999;9999;9999;9999;9999;9999;9999;9999;9999
16/02/2025 19:52:22.379;100;-1801.317;2837.826;12.300;55.000;247705.37;-1;192000;0;50.4801;20.2088;15.9361;36.9200;20.3380;238.3319;20.2117;22.8257;1524.4500;60;0.0968;69;1.6362;91;0.000125542;0;9999;9999;9999;9999;9999;9999;9999;9999;9999;9999;9999;9999;9999;9999;9999;9999;9999;9999;9999;9999
16/02/2025 19:52:52.400;100;-1801.312;2837.828;16.600;67.000;247705.4;-1;192000;0;50.4947;20.2173;22.3566;36.9222;20.3148;238.3043;20.2182;22.8266;1524.5827;60;0.0968;69;1.6362;92;0.000128604;0;9999;9999;9999;9999;9999;9999;9999;9999;9999;9999;9999;9999;9999;9999;9999;9999;9999;9999;9999;9999
16/02/2025 19:53:22.372;100;-1801.304;2837.831;24.700;86.000;247705.42;-1;192000;0;50.4786;20.2005;28.7780;36.9213;20.2916;239.8603;20.2021;22.7752;1524.6428;60;0.0968;71;1.8180;93;0.000131666;0;9999;9999;9999;9999;9999;9999;9999;9999;9999;9999;9999;9999;9999;9999;9999;9999;9999;9999;9999;9999
16/02/2025 19:53:52.384;100;-1801.299;2837.831;28.800;95.000;247705.44;-1;192000;0;50.4861;20.2028;35.0793;36.9231;20.2800;239.4188;20.2039;22.7928;1524.7562;59;0.0847;70;1.7271;91;0.000125542;0;9999;9999;9999;9999;9999;9999;9999;9999;9999;9999;9999;9999;9999;9999;9999;9999;9999;9999;9999;9999
16/02/2025 19:54:22.395;100;-1801.291;2837.830;36.800;117.000;247705.46;247705.46;192000;0;50.4672;20.1843;41.2772;36.9215;20.2703;239.2236;20.1858;22.8070;1524.8071;58;0.0726;70;1.7271;99;0.000150038;0;9999;9999;9999;9999;9999;9999;9999;9999;9999;9999;9999;9999;9999;9999;9999;9999;9999;9999;9999;9999
16/02/2025 19:54:52.383;100;-1801.287;2837.829;40.700;126.000;247705.49;247705.49;192000;0;50.4555;20.1706;47.4278;36.9216;20.2549;241.1384;20.1721;22.7419;1524.8722;58;0.0726;70;1.7271;90;0.000122480;0;9999;9999;9999;9999;9999;9999;9999;9999;9999;9999;9999;9999;9999;9999;9999;9999;9999;9999;9999;9999
16/02/2025 19:55:22.396;100;-1801.281;2837.825;48.600;148.000;247705.51;247705.51;192000;0;50.4535;20.1681;53.4344;36.9198;20.2491;240.4378;20.1682;22.7707;1524.9635;61;0.1089;70;1.7271;93;0.000131666;0;9999;9999;9999;9999;9999;9999;9999;9999;9999;9999;9999;9999;9999;9999;9999;9999;9999;9999;9999;9999
16/02/2025 19:55:52.399;100;-1801.279;2837.823;52.300;157.000;247705.53;247705.53;192000;0;50.3389;20.0781;59.3189;36.9022;20.2258;242.2381;20.0804;22.7321;1524.7950;62;0.1210;69;1.6362;93;0.000131666;0;9999;9999;9999;9999;9999;9999;9999;9999;9999;9999;9999;9999;9999;9999;9999;9999;9999;9999;9999;9999
16/02/2025 19:56:22.385;100;-1801.276;2837.817;59.900;171.000;247705.56;247705.56;192000;0;50.2745;20.0251;65.0844;36.8934;20.2026;243.7707;20.0271;22.6934;1524.7355;63;0.1331;70;1.7271;96;0.000140852;0;9999;9999;9999;9999;9999;9999;9999;9999;9999;9999;9999;9999;9999;9999;9999;9999;9999;9999;9999;9999
16/02/2025 19:56:52.393;100;-1801.275;2837.814;63.700;178.000;247705.58;247705.58;192000;0;50.2665;20.0150;70.9727;36.8934;20.1813;243.5361;20.0164;22.7067;1524.8059;67;0.1815;70;1.7271;119;0.000211278;0;9999;9999;9999;9999;9999;9999;9999;9999;9999;9999;9999;9999;9999;9999;9999;9999;9999;9999;9999;9999
16/02/2025 19:57:22.398;100;-1801.274;2837.809;71.400;187.000;247705.61;247705.61;192000;0;50.2618;20.0103;76.9361;36.8915;20.1581;243.8370;20.0116;22.6989;1524.8902;66;0.1694;71;1.8180;95;0.000137790;0;9999;9999;9999;9999;9999;9999;9999;9999;9999;9999;9999;9999;9999;9999;9999;9999;9999;9999;9999;9999
16/02/2025 19:57:52.401;100;-1801.274;2837.806;75.300;188.000;247705.63;247705.63;192000;0;50.2554;20.0022;83.0161;36.8911;20.1445;243.9408;20.0031;22.6993;1524.9688;65;0.1573;70;1.7271;95;0.000137790;0;9999;9999;9999;9999;9999;9999;9999;9999;9999;9999;9999;9999;9999;9999;9999;9999;9999;9999;9999;9999
16/02/2025 19:58:22.401;100;-1801.274;2837.801;83.100;187.000;247705.65;247705.65;192000;0;50.2210;19.9716;89.0630;36.8872;20.1310;242.5670;19.9723;22.7603;1524.9809;71;0.2299;70;1.7271;98;0.000146976;0;9999;9999;9999;9999;9999;9999;9999;9999;9999;9999;9999;9999;9999;9999;9999;9999;9999;9999;9999;9999
16/02/2025 19:58:52.372;100;-1801.274;2837.798;86.900;187.000;247705.68;247705.68;192000;0;50.2020;19.9507;94.9802;36.8876;20.1116;243.2228;19.9518;22.7438;1525.0224;75;0.2783;71;1.8180;98;0.000146976;0;9999;9999;9999;9999;9999;9999;9999;9999;9999;9999;9999;9999;9999;9999;9999;9999;9999;9999;9999;9999
16/02/2025 19:59:22.398;100;-1801.273;2837.792;94.600;190.000;247705.7;247705.7;192000;0;50.1700;19.9263;101.0066;36.8803;20.0942;243.1239;19.9256;22.7571;1525.0473;80;0.3388;71;1.8180;100;0.000153100;0;9999;9999;9999;9999;9999;9999;9999;9999;9999;9999;9999;9999;9999;9999;9999;9999;9999;9999;9999;9999
16/02/2025 19:59:52.383;100;-1801.273;2837.790;98.600;189.000;247705.73;247705.73;192000;0;50.0659;19.8357;106.9141;36.8717;20.0729;239.6739;19.8356;22.9124;1524.8859;85;0.3993;71;1.8180;103;0.000162286;0;9999;9999;9999;9999;9999;9999;9999;9999;9999;9999;9999;9999;9999;9999;9999;9999;9999;9999;9999;9999
16/02/2025 20:00:22.373;100;-1801.273;2837.784;106.000;186.000;247705.76;247705.76;192000;0;49.6865;19.5650;112.6744;36.7926;20.0399;232.9096;19.5444;23.2592;1524.1415;74;0.2662;72;1.9089;102;0.000159224;0;9999;9999;9999;9999;9999;9999;9999;9999;9999;9999;9999;9999;9999;9999;9999;9999;9999;9999;9999;9999
16/02/2025 20:00:52.397;100;-1801.272;2837.781;109.800;184.000;247705.77;247705.77;192000;0;49.2390;19.2020;118.4965;36.7368;19.9351;223.7827;19.2041;23.7239;1523.1590;62;0.1210;74;2.0907;93;0.000131666;0;9999;9999;9999;9999;9999;9999;9999;9999;9999;9999;9999;9999;9999;9999;9999;9999;9999;9999;9999;9999
16/02/2025 20:01:22.398;100;-1801.271;2837.776;117.200;186.000;247705.8;247705.8;192000;0;48.6892;18.7804;124.1845;36.6450;19.8126;217.2043;18.7800;24.1286;1521.9565;54;0.0242;75;2.1816;83;0.000101046;0;9999;9999;9999;9999;9999;9999;9999;9999;9999;9999;9999;9999;9999;9999;9999;9999;9999;9999;9999;9999
16/02/2025 20:01:52.397;100;-1801.272;2837.773;121.000;194.000;247705.81;247705.81;192000;0;48.5513;18.6642;130.2385;36.6291;19.6607;216.9995;18.6643;24.1750;1521.7079;54;0.0242;75;2.1816;85;0.000107170;0;9999;9999;9999;9999;9999;9999;9999;9999;9999;9999;9999;9999;9999;9999;9999;9999;9999;9999;9999;9999
16/02/2025 20:02:22.400;100;-1801.273;2837.768;128.800;204.000;247705.84;247705.84;192000;0;48.1970;18.4039;136.4718;36.5570;19.5319;218.5170;18.3896;24.2012;1520.9836;54;0.0242;75;2.1816;86;0.000110232;0;9999;9999;9999;9999;9999;9999;9999;9999;9999;9999;9999;9999;9999;9999;9999;9999;9999;9999;9999;9999
16/02/2025 20:02:52.393;100;-1801.274;2837.766;132.700;206.000;247705.86;247705.86;192000;0;47.6583;17.9589;142.2478;36.4907;19.3481;218.8046;17.9565;24.3275;1519.7164;55;0.0363;74;2.0907;89;0.000119418;0;9999;9999;9999;9999;9999;9999;9999;9999;9999;9999;9999;9999;9999;9999;9999;9999;9999;9999;9999;9999
16/02/2025 20:03:22.375;100;-1801.276;2837.761;139.800;208.000;247705.89;247705.89;192000;0;47.4222;17.7608;147.7439;36.4624;19.1658;217.6918;17.7602;24.4382;1519.1971;54;0.0242;77;2.3634;87;0.000113294;0;9999;9999;9999;9999;9999;9999;9999;9999;9999;9999;9999;9999;9999;9999;9999;9999;9999;9999;9999;9999
16/02/2025 20:03:52.400;100;-1801.277;2837.759;143.300;200.000;247705.91;247705.91;192000;0;47.2005;17.5839;153.3157;36.4271;18.9889;216.8322;17.5746;24.5361;1518.7303;52;0.0000;76;2.2725;84;0.000104108;0;9999;9999;9999;9999;9999;9999;9999;9999;9999;9999;9999;9999;9999;9999;9999;9999;9999;9999;9999;9999
16/02/2025 20:04:22.379;100;-1801.278;2837.754;150.400;199.000;247705.93;247705.93;192000;0;46.8620;17.2887;158.9798;36.3961;18.7958;214.3170;17.2861;24.7372;1517.9172;51;-0.0121;76;2.2725;80;0.000091860;0;9999;9999;9999;9999;9999;9999;9999;9999;9999;9999;9999;9999;9999;9999;9999;9999;9999;9999;9999;9999
16/02/2025 20:04:52.392;100;-1801.278;2837.752;154.000;203.000;247705.96;247705.96;192000;0;46.8192;17.2435;164.7309;36.3973;18.6160;213.9539;17.2428;24.7681;1517.8800;50;-0.0242;76;2.2725;81;0.000094922;0;9999;9999;9999;9999;9999;9999;9999;9999;9999;9999;9999;9999;9999;9999;9999;9999;9999;9999;9999;9999
16/02/2025 20:05:22.388;100;-1801.281;2837.747;161.400;211.000;247705.98;247705.98;192000;0;46.6301;17.0935;170.6890;36.3649;18.4615;213.0768;17.0856;24.8594;1517.4957;50;-0.0242;78;2.4543;83;0.000101046;0;9999;9999;9999;9999;9999;9999;9999;9999;9999;9999;9999;9999;9999;9999;9999;9999;9999;9999;9999;9999
16/02/2025 20:05:52.389;100;-1801.282;2837.745;165.300;210.000;247706.0;-1;192000;0;46.3043;16.8193;177.0952;36.3241;18.2987;214.1833;16.8160;24.9014;1516.7349;50;-0.0242;77;2.3634;79;0.000088798;0;9999;9999;9999;9999;9999;9999;9999;9999;9999;9999;9999;9999;9999;9999;9999;9999;9999;9999;9999;9999
16/02/2025 20:06:22.401;100;-1801.284;2837.739;173.300;205.000;247706.04;-1;192000;0;46.0361;16.5910;183.0689;36.2920;18.1116;212.3618;16.5912;25.0559;1516.1096;50;-0.0242;78;2.4543;85;0.000107170;0;9999;9999;9999;9999;9999;9999;9999;9999;9999;9999;9999;9999;9999;9999;9999;9999;9999;9999;9999;9999
16/02/2025 20:06:52.397;100;-1801.285;2837.737;176.900;206.000;247706.06;-1;192000;0;45.9530;16.5265;188.8457;36.2746;17.9560;212.8487;16.5214;25.0599;1515.9904;50;-0.0242;76;2.2725;81;0.000094922;0;9999;9999;9999;9999;9999;9999;9999;9999;9999;9999;9999;9999;9999;9999;9999;9999;9999;9999;9999;9999
16/02/2025 20:07:22.399;100;-1801.287;2837.732;184.400;208.000;247706.08;-1;192000;0;45.7994;16.3923;194.6860;36.2580;17.8040;213.4920;16.3910;25.0765;1515.6613;51;-0.0121;78;2.4543;81;0.000094922;0;9999;9999;9999;9999;9999;9999;9999;9999;9999;9999;9999;9999;9999;9999;9999;9999;9999;9999;9999;9999
16/02/2025 20:07:52.386;100;-1801.289;2837.729;188.100;210.000;247706.11;247706.11;192000;0;45.6535;16.2729;200.5375;36.2344;17.6537;214.0972;16.2694;25.0926;1515.3680;50;-0.0242;79;2.5452;80;0.000091860;0;9999;9999;9999;9999;9999;9999;9999;9999;9999;9999;9999;9999;9999;9999;9999;9999;9999;9999;9999;9999
16/02/2025 20:08:22.401;100;-1801.291;2837.725;195.600;210.000;247706.13;247706.13;192000;0;45.5291;16.1683;206.4861;36.2164;17.5070;214.3899;16.1656;25.1163;1515.1267;50;-0.0242;78;2.4543;82;0.000097984;0;9999;9999;9999;9999;9999;9999;9999;9999;9999;9999;9999;9999;9999;9999;9999;9999;9999;9999;9999;9999
16/02/2025 20:08:52.396;118;-1801.292;2837.720;201.000;178.000;247706.16;247706.17;192000;0;45.5052;16.1449;209.4864;36.2153;17.3762;215.0908;16.1441;25.0939;1515.1037;50;-0.0242;77;2.3634;81;0.000094922;0;9999;9999;9999;9999;9999;9999;9999;9999;9999;9999;9999;9999;9999;9999;9999;9999;9999;9999;9999;9999
16/02/2025 20:09:22.400;118;-1801.292;2837.719;199.300;208.000;247706.19;247706.19;192000;0;45.5529;16.1845;206.2446;36.2230;17.2653;214.0167;16.1833;25.1262;1515.1798;52;0.0000;79;2.5452;83;0.000101046;0;9999;9999;9999;9999;9999;9999;9999;9999;9999;9999;9999;9999;9999;9999;9999;9999;9999;9999;9999;9999
16/02/2025 20:09:52.383;117;-1801.293;2837.716;194.500;201.000;247706.2;247706.21;192000;0;45.5920;16.2162;202.6785;36.2304;17.1744;213.7410;16.2150;25.1265;1515.2260;50;-0.0242;78;2.4543;81;0.000094922;0;9999;9999;9999;9999;9999;9999;9999;9999;9999;9999;9999;9999;9999;9999;9999;9999;9999;9999;9999;9999
16/02/2025 20:10:22.372;117;-1801.293;2837.715;191.900;201.000;247706.23;247706.23;192000;0;45.7398;16.3331;198.5937;36.2573;17.1056;212.1723;16.3353;25.1532;1515.5454;50;-0.0242;77;2.3634;81;0.000094922;0;9999;9999;9999;9999;9999;9999;9999;9999;9999;9999;9999;9999;9999;9999;9999;9999;9999;9999;9999;9999
16/02/2025 20:10:52.400;117;-1801.293;2837.711;186.300;196.000;247706.25;247706.26;192000;0;45.8333;16.4199;194.2543;36.2632;17.0651;212.3788;16.4172;25.1162;1515.7440;49;-0.0363;77;2.3634;80;0.000091860;0;9999;9999;9999;9999;9999;9999;9999;9999;9999;9999;9999;9999;9999;9999;9999;9999;9999;9999;9999;9999
16/02/2025 20:11:22.372;117;-1801.293;2837.710;183.400;194.000;247706.28;247706.28;192000;0;46.0183;16.5687;189.8742;36.2937;17.0368;213.1811;16.5675;25.0298;1516.1571;51;-0.0121;78;2.4543;89;0.000119418;0;9999;9999;9999;9999;9999;9999;9999;9999;9999;9999;9999;9999;9999;9999;9999;9999;9999;9999;9999;9999
16/02/2025 20:11:52.377;117;-1801.293;2837.706;177.600;192.000;247706.3;247706.31;192000;0;46.0610;16.6059;185.4768;36.2995;17.0206;212.7834;16.6047;25.0336;1516.2032;50;-0.0242;78;2.4543;96;0.000140852;0;9999;9999;9999;9999;9999;9999;9999;9999;9999;9999;9999;9999;9999;9999;9999;9999;9999;9999;9999;9999
16/02/2025 20:12:22.401;117;-1801.293;2837.704;174.800;192.000;247706.32;247706.32;192000;0;46.3996;16.8823;181.2258;36.3493;17.0286;212.7320;16.8816;24.9431;1517.0215;51;-0.0121;77;2.3634;83;0.000101046;0;9999;9999;9999;9999;9999;9999;9999;9999;9999;9999;9999;9999;9999;9999;9999;9999;9999;9999;9999;9999
16/02/2025 20:12:52.392;117;-1801.293;2837.701;169.700;196.000;247706.35;247706.35;192000;0;46.6456;17.0936;177.3148;36.3757;17.0692;212.6384;17.0883;24.8789;1517.6184;51;-0.0121;78;2.4543;84;0.000104108;0;9999;9999;9999;9999;9999;9999;9999;9999;9999;9999;9999;9999;9999;9999;9999;9999;9999;9999;9999;9999
16/02/2025 20:13:22.392;117;-1801.293;2837.700;167.300;198.000;247706.38;247706.38;192000;0;46.7765;17.1981;173.6843;36.3973;17.1218;212.3068;17.1987;24.8559;1517.8939;50;-0.0242;78;2.4543;82;0.000097984;0;9999;9999;9999;9999;9999;9999;9999;9999;9999;9999;9999;9999;9999;9999;9999;9999;9999;9999;9999;9999
16/02/2025 20:13:52.397;117;-1801.293;2837.697;162.500;194.000;247706.39;247706.4;192000;0;46.8218;17.2447;169.8851;36.3963;17.1723;213.2734;17.2433;24.7989;1517.9680;51;-0.0121;77;2.3634;83;0.000101046;0;9999;9999;9999;9999;9999;9999;9999;9999;9999;9999;9999;9999;9999;9999;9999;9999;9999;9999;9999;9999
16/02/2025 20:14:22.390;117;-1801.293;2837.695;159.900;191.000;247706.42;247706.42;192000;0;46.9083;17.3158;165.8249;36.4093;17.2148;214.4259;17.3190;24.7233;1518.1263;52;0.0000;78;2.4543;85;0.000107170;0;9999;9999;9999;9999;9999;9999;9999;9999;9999;9999;9999;9999;9999;9999;9999;9999;9999;9999;9999;9999
16/02/2025 20:14:52.401;117;-1801.293;2837.692;154.700;190.000;247706.44;247706.46;192000;0;47.2867;17.6326;161.7223;36.4548;17.2814;215.7855;17.6330;24.5630;1519.0448;53;0.0121;77;2.3634;84;0.000104108;0;9999;9999;9999;9999;9999;9999;9999;9999;9999;9999;9999;9999;9999;9999;9999;9999;9999;9999;9999;9999
16/02/2025 20:15:22.388;117;-1801.293;2837.690;152.100;195.000;247706.47;247706.47;192000;0;47.4429;17.7622;157.6253;36.4752;17.3661;217.3257;17.7658;24.4540;1519.3800;52;0.0000;76;2.2725;85;0.000107170;0;9999;9999;9999;9999;9999;9999;9999;9999;9999;9999;9999;9999;9999;9999;9999;9999;9999;9999;9999;9999
16/02/2025 20:15:52.391;117;-1801.294;2837.687;146.800;206.000;247706.5;247706.51;192000;0;47.6425;17.9308;153.5298;36.4978;17.4507;217.2347;17.9319;24.4039;1519.8301;52;0.0000;76;2.2725;89;0.000119418;0;9999;9999;9999;9999;9999;9999;9999;9999;9999;9999;9999;9999;9999;9999;9999;9999;9999;9999;9999;9999
16/02/2025 20:16:22.389;117;-1801.294;2837.685;144.300;203.000;247706.53;247706.53;192000;0;47.8062;18.0672;149.4115;36.5181;17.5492;217.7708;18.0638;24.3383;1520.1815;55;0.0363;75;2.1816;88;0.000116356;0;9999;9999;9999;9999;9999;9999;9999;9999;9999;9999;9999;9999;9999;9999;9999;9999;9999;9999;9999;9999
16/02/2025 20:16:52.400;117;-1801.294;2837.682;139.000;191.000;247706.54;-1;192000;0;48.2874;18.4385;145.2709;36.5998;17.6597;218.0704;18.4434;24.2033;1521.2780;53;0.0121;75;2.1816;85;0.000107170;0;9999;9999;9999;9999;9999;9999;9999;9999;9999;9999;9999;9999;9999;9999;9999;9999;9999;9999;9999;9999
16/02/2025 20:17:22.387;117;-1801.294;2837.681;136.600;193.000;247706.57;-1;192000;0;48.4411;18.5702;141.5497;36.6148;17.7960;216.3902;18.5686;24.2338;1521.6110;58;0.0726;75;2.1816;132;0.000251084;0;9999;9999;9999;9999;9999;9999;9999;9999;9999;9999;9999;9999;9999;9999;9999;9999;9999;9999;9999;9999
16/02/2025 20:17:52.400;117;-1801.294;2837.678;132.100;193.000;247706.59;-1;192000;0;48.5392;18.6491;137.9598;36.6292;17.9140;215.4975;18.6477;24.2456;1521.7933;54;0.0242;75;2.1816;85;0.000107170;0;9999;9999;9999;9999;9999;9999;9999;9999;9999;9999;9999;9999;9999;9999;9999;9999;9999;9999;9999;9999
16/02/2025 20:18:22.388;117;-1801.294;2837.676;129.900;192.000;247706.61;-1;192000;0;48.6722;18.7409;134.5327;36.6618;18.0099;216.0946;18.7482;24.1869;1522.0352;55;0.0363;76;2.2725;84;0.000104108;0;9999;9999;9999;9999;9999;9999;9999;9999;9999;9999;9999;9999;9999;9999;9999;9999;9999;9999;9999;9999
16/02/2025 20:18:52.396;117;-1801.294;2837.674;125.700;191.000;247706.64;-1;192000;0;49.0292;19.0314;131.0745;36.7067;18.1315;219.6525;19.0329;23.9490;1522.8531;59;0.0847;74;2.0907;87;0.000113294;0;9999;9999;9999;9999;9999;9999;9999;9999;9999;9999;9999;9999;9999;9999;9999;9999;9999;9999;9999;9999
16/02/2025 20:19:22.395;117;-1801.294;2837.673;123.200;196.000;247706.66;-1;192000;0;49.4049;19.3169;127.1561;36.7710;18.2689;225.8006;19.3168;23.6100;1523.6646;65;0.1573;73;1.9998;93;0.000131666;0;9999;9999;9999;9999;9999;9999;9999;9999;9999;9999;9999;9999;9999;9999;9999;9999;9999;9999;9999;9999
16/02/2025 20:19:52.396;117;-1801.294;2837.670;118.400;202.000;247706.69;-1;192000;0;49.6903;19.4802;123.4411;36.8666;18.4159;228.5832;19.5147;23.4346;1524.1674;70;0.2178;74;2.0907;95;0.000137790;0;9999;9999;9999;9999;9999;9999;9999;9999;9999;9999;9999;9999;9999;9999;9999;9999;9999;9999;9999;9999
16/02/2025 20:20:22.396;117;-1801.295;2837.669;116.100;206.000;247706.71;247706.71;192000;0;50.0303;19.7949;119.7485;36.8732;18.6001;237.0284;19.7934;23.0272;1524.9885;82;0.3630;72;1.9089;108;0.000177596;0;9999;9999;9999;9999;9999;9999;9999;9999;9999;9999;9999;9999;9999;9999;9999;9999;9999;9999;9999;9999
16/02/2025 20:20:52.398;117;-1801.296;2837.666;111.200;212.000;247706.73;247706.74;192000;0;50.1041;19.8537;115.8755;36.8840;18.7523;239.2490;19.8597;22.9231;1525.0987;87;0.4235;72;1.9089;104;0.000165348;0;9999;9999;9999;9999;9999;9999;9999;9999;9999;9999;9999;9999;9999;9999;9999;9999;9999;9999;9999;9999
16/02/2025 20:21:22.379;117;-1801.297;2837.665;108.900;216.000;247706.76;247706.76;192000;0;50.1893;19.9334;111.9611;36.8860;18.8904;242.5467;19.9340;22.7786;1525.2558;80;0.3388;70;1.7271;106;0.000171472;0;9999;9999;9999;9999;9999;9999;9999;9999;9999;9999;9999;9999;9999;9999;9999;9999;9999;9999;9999;9999
16/02/2025 20:21:52.394;117;-1801.299;2837.662;104.100;216.000;247706.78;247706.78;192000;0;50.1926;19.9371;108.2003;36.8869;19.0086;242.6421;19.9390;22.7726;1525.2044;79;0.3267;71;1.8180;98;0.000146976;0;9999;9999;9999;9999;9999;9999;9999;9999;9999;9999;9999;9999;9999;9999;9999;9999;9999;9999;9999;9999
16/02/2025 20:22:22.391;117;-1801.299;2837.661;101.700;215.000;247706.8;247706.8;192000;0;50.1907;19.9374;104.4375;36.8865;19.1127;242.2830;19.9400;22.7844;1525.1421;83;0.3751;71;1.8180;103;0.000162286;0;9999;9999;9999;9999;9999;9999;9999;9999;9999;9999;9999;9999;9999;9999;9999;9999;9999;9999;9999;9999
16/02/2025 20:22:52.401;117;-1801.301;2837.658;96.900;214.000;247706.82;247706.83;192000;0;50.1972;19.9437;100.5701;36.8878;19.2011;242.1198;19.9466;22.7873;1525.0965;77;0.3025;71;1.8180;100;0.000153100;0;9999;9999;9999;9999;9999;9999;9999;9999;9999;9999;9999;9999;9999;9999;9999;9999;9999;9999;9999;9999
16/02/2025 20:23:22.388;117;-1801.302;2837.657;94.400;213.000;247706.85;247706.85;192000;0;50.2073;19.9546;96.7336;36.8879;19.2795;241.9955;19.9571;22.7877;1525.0627;73;0.2541;72;1.9089;98;0.000146976;0;9999;9999;9999;9999;9999;9999;9999;9999;9999;9999;9999;9999;9999;9999;9999;9999;9999;9999;9999;9999
16/02/2025 20:23:52.371;117;-1801.303;2837.654;89.500;214.000;247706.87;247706.87;192000;0;50.2078;19.9571;92.8617;36.8876;19.3461;240.3949;19.9597;22.8450;1525.0047;72;0.2420;70;1.7271;99;0.000150038;0;9999;9999;9999;9999;9999;9999;9999;9999;9999;9999;9999;9999;9999;9999;9999;9999;9999;9999;9999;9999
16/02/2025 20:24:22.374;117;-1801.304;2837.653;87.000;214.000;247706.9;247706.9;192000;0;50.2162;19.9650;88.9731;36.8891;19.4029;243.1460;19.9681;22.7401;1524.9634;71;0.2299;70;1.7271;98;0.000146976;0;9999;9999;9999;9999;9999;9999;9999;9999;9999;9999;9999;9999;9999;9999;9999;9999;9999;9999;9999;9999
16/02/2025 20:24:52.391;117;-1801.306;2837.650;82.000;214.000;247706.93;247706.93;192000;0;50.2251;19.9732;85.0570;36.8907;19.4557;243.1768;19.9760;22.7356;1524.9225;70;0.2178;70;1.7271;98;0.000146976;0;9999;9999;9999;9999;9999;9999;9999;9999;9999;9999;9999;9999;9999;9999;9999;9999;9999;9999;9999;9999
16/02/2025 20:25:22.382;117;-1801.307;2837.649;79.500;214.000;247706.94;247706.94;192000;0;50.2282;19.9761;81.0977;36.8922;19.5026;241.7807;19.9791;22.7846;1524.8662;71;0.2299;70;1.7271;95;0.000137790;0;9999;9999;9999;9999;9999;9999;9999;9999;9999;9999;9999;9999;9999;9999;9999;9999;9999;9999;9999;9999
16/02/2025 20:25:52.389;117;-1801.308;2837.647;76.900;213.000;247706.97;247706.97;192000;0;50.2324;19.9820;77.0967;36.8920;19.5475;241.9371;19.9853;22.7760;1524.8155;68;0.1936;70;1.7271;96;0.000140852;0;9999;9999;9999;9999;9999;9999;9999;9999;9999;9999;9999;9999;9999;9999;9999;9999;9999;9999;9999;9999
16/02/2025 20:26:22.397;117;-1801.309;2837.644;71.800;214.000;247707.0;247707.0;192000;0;50.2411;19.9905;73.0277;36.8932;19.5866;242.4132;19.9938;22.7549;1524.7725;67;0.1815;70;1.7271;96;0.000140852;0;9999;9999;9999;9999;9999;9999;9999;9999;9999;9999;9999;9999;9999;9999;9999;9999;9999;9999;9999;9999
16/02/2025 20:26:52.377;117;-1801.311;2837.641;66.500;212.000;247707.02;247707.02;192000;0;50.2430;19.9958;68.9994;36.8916;19.6217;241.2482;19.9989;22.7952;1524.7181;65;0.1573;71;1.8180;96;0.000140852;0;9999;9999;9999;9999;9999;9999;9999;9999;9999;9999;9999;9999;9999;9999;9999;9999;9999;9999;9999;9999
16/02/2025 20:27:22.399;117;-1801.312;2837.640;64.000;211.000;247707.05;247707.05;192000;0;50.2676;20.0193;65.0124;36.8928;19.6529;244.1069;20.0220;22.6827;1524.7177;64;0.1452;71;1.8180;94;0.000134728;0;9999;9999;9999;9999;9999;9999;9999;9999;9999;9999;9999;9999;9999;9999;9999;9999;9999;9999;9999;9999
16/02/2025 20:27:52.382;117;-1801.314;2837.637;58.800;214.000;247707.06;247707.06;192000;0;50.2959;20.0428;60.9674;36.8971;19.6899;241.7773;20.0458;22.7596;1524.7197;65;0.1573;69;1.6362;95;0.000137790;0;9999;9999;9999;9999;9999;9999;9999;9999;9999;9999;9999;9999;9999;9999;9999;9999;9999;9999;9999;9999
16/02/2025 20:28:22.397;117;-1801.315;2837.636;56.200;215.000;247707.09;247707.09;192000;0;50.3139;20.0587;56.8392;36.8995;19.7192;241.2206;20.0621;22.7741;1524.6973;64;0.1452;70;1.7271;129;0.000241898;0;9999;9999;9999;9999;9999;9999;9999;9999;9999;9999;9999;9999;9999;9999;9999;9999;9999;9999;9999;9999
16/02/2025 20:28:52.397;117;-1801.317;2837.633;50.700;217.000;247707.11;247707.12;192000;0;50.3770;20.1059;52.6396;36.9117;19.7484;241.1852;20.1106;22.7597;1524.7706;62;0.1210;69;1.6362;93;0.000131666;0;9999;9999;9999;9999;9999;9999;9999;9999;9999;9999;9999;9999;9999;9999;9999;9999;9999;9999;9999;9999
16/02/2025 20:29:22.400;117;-1801.318;2837.631;48.000;216.000;247707.14;247707.14;192000;0;50.4002;20.1287;48.5262;36.9124;19.7834;241.5203;20.1307;22.7404;1524.7654;61;0.1089;70;1.7271;93;0.000131666;0;9999;9999;9999;9999;9999;9999;9999;9999;9999;9999;9999;9999;9999;9999;9999;9999;9999;9999;9999;9999
16/02/2025 20:29:52.399;117;-1801.320;2837.629;42.700;215.000;247707.16;247707.16;192000;0;50.4092;20.1364;44.4616;36.9145;19.8165;241.5156;20.1395;22.7368;1524.7211;62;0.1210;71;1.8180;93;0.000131666;0;9999;9999;9999;9999;9999;9999;9999;9999;9999;9999;9999;9999;9999;9999;9999;9999;9999;9999;9999;9999
16/02/2025 20:30:22.377;117;-1801.320;2837.627;40.100;214.000;247707.19;247707.19;192000;0;50.4052;20.1362;40.2872;36.9130;19.8457;240.7289;20.1384;22.7650;1524.6493;58;0.0726;69;1.6362;92;0.000128604;0;9999;9999;9999;9999;9999;9999;9999;9999;9999;9999;9999;9999;9999;9999;9999;9999;9999;9999;9999;9999
16/02/2025 20:30:52.385;117;-1801.322;2837.624;34.700;211.000;247707.2;-1;192000;0;50.3973;20.1315;36.0921;36.9121;19.8690;240.8369;20.1340;22.7612;1524.5654;58;0.0726;71;1.8180;93;0.000131666;0;9999;9999;9999;9999;9999;9999;9999;9999;9999;9999;9999;9999;9999;9999;9999;9999;9999;9999;9999;9999
16/02/2025 20:31:22.396;117;-1801.323;2837.623;32.000;210.000;247707.23;-1;192000;0;50.3846;20.1255;31.7805;36.9085;19.8884;241.0550;20.1283;22.7537;1524.4731;60;0.0968;70;1.7271;92;0.000128604;0;9999;9999;9999;9999;9999;9999;9999;9999;9999;9999;9999;9999;9999;9999;9999;9999;9999;9999;9999;9999
16/02/2025 20:31:52.388;117;-1801.324;2837.619;26.200;210.000;247707.25;-1;192000;0;50.4365;20.1702;27.3522;36.9137;19.9079;240.5568;20.1763;22.7567;1524.5276;59;0.0847;69;1.6362;90;0.000122480;0;9999;9999;9999;9999;9999;9999;9999;9999;9999;9999;9999;9999;9999;9999;9999;9999;9999;9999;9999;9999
16/02/2025 20:32:22.389;117;-1801.325;2837.618;23.300;212.000;247707.27;-1;192000;0;50.4779;20.2037;22.7576;36.9202;19.9351;241.1984;20.2051;22.7233;1524.5500;58;0.0726;71;1.8180;96;0.000140852;0;9999;9999;9999;9999;9999;9999;9999;9999;9999;9999;9999;9999;9999;9999;9999;9999;9999;9999;9999;9999
16/02/2025 20:32:52.395;117;-1801.327;2837.614;17.500;208.000;247707.29;247707.3;192000;0;50.4849;20.2159;18.3227;36.9169;19.9622;239.5603;20.2131;22.7805;1524.5057;59;0.0847;70;1.7271;91;0.000125542;0;9999;9999;9999;9999;9999;9999;9999;9999;9999;9999;9999;9999;9999;9999;9999;9999;9999;9999;9999;9999
16/02/2025 20:33:22.402;117;-1801.328;2837.613;14.900;208.000;247707.32;247707.32;192000;0;50.4768;20.2065;14.1665;36.9201;19.9817;239.7266;20.2089;22.7741;1524.4143;59;0.0847;70;1.7271;92;0.000128604;0;9999;9999;9999;9999;9999;9999;9999;9999;9999;9999;9999;9999;9999;9999;9999;9999;9999;9999;9999;9999
16/02/2025 20:33:52.396;117;-1801.329;2837.609;9.100;203.000;247707.35;247707.35;192000;0;50.4739;20.2102;9.6991;36.9161;19.9991;238.9174;20.2123;22.8022;1524.3454;61;0.1089;69;1.6362;95;0.000137790;0;9999;9999;9999;9999;9999;9999;9999;9999;9999;9999;9999;9999;9999;9999;9999;9999;9999;9999;9999;9999
16/02/2025 20:34:22.397;117;-1801.330;2837.607;6.400;207.000;247707.38;247707.38;192000;0;50.7433;20.4476;5.5520;36.9310;20.0340;238.9350;20.4452;22.7331;1524.9403;58;0.0726;70;1.7271;90;0.000122480;0;9999;9999;9999;9999;9999;9999;9999;9999;9999;9999;9999;9999;9999;9999;9999;9999;9999;9999;9999;9999
16/02/2025 20:34:52.396;115;-1801.330;2837.604;2.100;189.000;247707.4;247707.4;192000;0;50.8070;20.5001;3.9883;36.9378;20.0922;237.8248;20.4961;22.7593;1525.0643;58;0.0726;70;1.7271;92;0.000128604;0;9999;9999;9999;9999;9999;9999;9999;9999;9999;9999;9999;9999;9999;9999;9999;9999;9999;9999;9999;9999
16/02/2025 20:35:22.397;115;-1801.327;2837.603;-0.600;136.000;247707.44;247707.44;192000;0;50.8426;20.5237;1.3290;36.9473;20.1407;238.1160;20.5248;22.7389;1525.0946;58;0.0726;70;1.7271;102;0.000159224;0;9999;9999;9999;9999;9999;9999;9999;9999;9999;9999;9999;9999;9999;9999;9999;9999;9999;9999;9999;9999
16/02/2025 20:35:52.392;119;-1801.416;2837.599;-0.300;163.000;247707.46;247707.46;192000;0;50.8390;20.5216;1.5274;36.9462;20.1755;237.9267;20.5304;22.7444;1525.0910;58;0.0726;70;1.7271;95;0.000137790;0;9999;9999;9999;9999;9999;9999;9999;9999;9999;9999;9999;9999;9999;9999;9999;9999;9999;9999;9999;9999
16/02/2025 20:35:56.052;119;-1801.418;2837.600;-0.300;166.000;247707.46;247707.46;192000;0;50.8400;20.5228;1.6086;36.9458;20.1775;237.3096;20.5250;22.7691;1525.0952;61;0.1089;68;1.5453;95;0.000137790;0;9999;9999;9999;9999;9999;9999;9999;9999;9999;9999;9999;9999;9999;9999;9999;9999;9999;9999;9999;9999
