Timestamp;NavState;SecurityLevel;Heading;Declination;Pitch;Roll;Depth;Temperature;Pa;Lat;Lon;DeadReckoning;DesiredH;BallastCmd;BallastPos;LinCmd;LinPos;AngCmd;AngPos;Voltage;Altitude;
25/02/2025 01:30:39;119;0;116.86;-4;-54.09;-17.46;0.0;17.10;75632;2836.514;-1759.814;0;134;500;508.1;100.0;100.6;0;-0.5;26.4;-1.0;
25/02/2025 01:30:49;116;0;153.70;-4;-59.12;-32.10;0.1;17.10;75626;2836.512;-1759.824;0;134;500;508.1;100.0;100.6;0;-0.5;26.4;-1.0;
25/02/2025 01:31:19;116;0;242.62;-4;-54.05;-8.78;0.1;17.20;75650;2836.514;-1759.821;0;134;500;506.5;100.0;100.7;0;-0.5;26.4;-1.0;
25/02/2025 01:31:38;116;0;296.99;-4;-52.45;-10.91;0.1;17.30;75647;2836.514;-1759.821;0;134;500;506.5;100.0;100.6;0;-0.5;26.4;-1.0;
25/02/2025 01:31:58;116;0;294.75;-4;-45.65;-14.13;0.1;17.30;75645;2836.518;-1759.821;0;134;500;506.5;100.0;100.6;0;-0.5;26.4;-1.0;
25/02/2025 01:32:18;116;0;305.84;-4;-54.13;-16.53;0.3;17.40;75656;2836.523;-1759.822;0;134;500;508.1;100.0;100.6;0;-0.5;26.4;-1.0;
25/02/2025 01:32:38;116;0;304.90;-4;-53.32;-16.48;0.0;17.40;75664;2836.526;-1759.821;0;134;500;506.5;100.0;100.6;0;-0.5;26.4;-1.0;
25/02/2025 01:33:02;116;0;304.44;-4;-58.92;-15.22;0.2;17.50;75666;2836.531;-1759.822;0;134;500;506.5;100.0;100.7;0;-0.5;26.4;-1.0;
25/02/2025 01:33:22;116;0;310.01;-4;-55.62;-10.50;0.2;17.60;75680;2836.534;-1759.823;0;134;500;506.5;100.0;100.6;0;-0.5;26.4;-1.0;
25/02/2025 01:33:42;116;0;291.16;-4;-55.96;-19.78;-0.1;17.60;75694;2836.543;-1759.825;0;134;500;506.5;100.0;100.6;0;-0.5;26.4;-1.0;
25/02/2025 01:33:59;116;0;289.79;-4;-58.58;-12.35;-0.1;17.70;75685;2836.544;-1759.825;0;134;500;506.5;100.0;100.6;0;-0.5;26.4;-1.0;
25/02/2025 01:34:19;116;0;296.39;-4;-57.41;-23.30;-0.0;17.80;75703;2836.548;-1759.825;0;134;500;506.5;100.0;100.6;0;-0.5;26.4;-1.0;
25/02/2025 01:34:30;116;0;289.64;-4;-57.50;-10.93;-0.0;17.80;75701;2836.551;-1759.826;0;141;500;508.1;100.0;100.6;0;-0.5;26.3;-1.0;
25/02/2025 01:34:41;116;0;291.23;-4;-55.93;-8.19;-0.1;17.80;75702;2836.553;-1759.826;0;141;500;508.1;100.0;100.6;0;-0.5;26.4;-1.0;
25/02/2025 01:35:43;116;0;303.28;-4;-45.61;-6.87;-0.1;18.00;75720;2836.564;-1759.828;0;141;500;508.1;100.0;100.6;0;-0.5;26.4;-1.0;
25/02/2025 01:37:01;116;0;324.42;-4;-54.39;-7.87;0.1;18.30;75756;2836.579;-1759.830;0;141;500;506.5;100.0;100.6;0;-0.5;26.4;-1.0;
25/02/2025 01:38:11;116;0;323.31;-4;-50.90;-17.18;-0.2;18.60;75776;2836.594;-1759.832;0;141;500;506.5;100.0;100.6;0;-0.5;26.4;-1.0;
25/02/2025 01:38:31;110;0;317.92;-4;-57.66;-14.61;0.3;18.70;75780;2836.594;-1759.832;0;141;-90;387.1;100.0;100.6;-6;-5.9;26.4;-1.0;
25/02/2025 01:38:41;110;0;313.13;-4;-52.35;-6.08;0.2;18.80;76133;2836.594;-1759.832;1;141;-90;240.3;100.0;100.6;-6;-5.9;26.4;-1.0;
25/02/2025 01:38:51;110;0;319.31;-4;-52.11;-3.01;0.6;18.80;76376;2836.595;-1759.832;1;141;-90;80.6;100.0;100.6;-6;-5.9;26.4;-1.0;
25/02/2025 01:39:01;110;0;323.10;-4;-66.12;1.47;1.3;18.80;76706;2836.595;-1759.832;1;141;-90;-87.1;100.0;100.6;-6;-6.3;26.4;-1.0;
25/02/2025 01:39:11;110;0;357.90;-4;-69.03;-13.90;1.5;18.90;77066;2836.596;-1759.832;1;141;-90;-90.3;41.0;40.9;-6;-5.9;26.4;-1.0;
25/02/2025 01:39:31;100;0;5.86;-4;-27.45;-14.83;4.7;18.90;77010;2836.600;-1759.832;1;141;-90;-87.1;41.0;40.5;-6;-5.9;26.4;-1.0;
25/02/2025 01:39:51;100;0;15.24;-4;-14.84;-14.64;7.4;19.00;77032;2836.605;-1759.831;1;141;-90;-83.9;42.5;42.9;-70;-69.9;26.4;-1.0;
25/02/2025 01:40:11;100;0;23.85;-4;-22.33;-45.43;9.9;19.10;77039;2836.609;-1759.830;1;141;-90;-82.3;41.8;41.8;-70;-70.4;26.4;-1.0;
25/02/2025 01:40:31;100;0;35.60;-4;-17.58;-45.34;12.7;19.10;77042;2836.613;-1759.828;1;141;-90;-80.6;42.5;42.7;-70;-69.9;26.4;-1.0;
25/02/2025 01:40:51;100;0;45.98;-4;-18.61;-45.85;15.2;19.20;77051;2836.616;-1759.825;1;141;-90;-80.6;43.0;43.0;-70;-70.4;26.4;0.0;
25/02/2025 01:41:11;100;0;58.22;-4;-18.31;-45.35;17.8;19.20;77058;2836.619;-1759.822;1;141;-90;-82.3;43.5;43.4;-70;-69.9;26.4;0.0;
25/02/2025 01:41:31;100;0;71.15;-4;-20.80;-45.61;20.3;19.20;77062;2836.621;-1759.819;1;141;-90;-82.3;43.5;43.7;-70;-69.9;26.4;0.0;
25/02/2025 01:41:51;100;0;83.57;-4;-20.43;-45.54;23.0;19.30;77069;2836.622;-1759.815;1;141;-90;-82.3;43.5;43.7;-63;-63.2;26.4;0.0;
25/02/2025 01:42:11;100;0;96.52;-4;-20.16;-41.80;25.7;19.30;77065;2836.622;-1759.811;1;141;-90;-80.6;43.5;43.7;-47;-46.9;26.4;0.0;
25/02/2025 01:42:31;100;0;109.55;-4;-20.52;-33.50;28.4;19.30;77068;2836.622;-1759.808;1;141;-90;-82.3;43.5;43.9;-32;-31.6;26.4;0.0;
25/02/2025 01:42:51;100;0;121.46;-4;-20.40;-26.10;31.0;19.30;77065;2836.621;-1759.805;1;141;-90;-82.3;43.5;43.9;-15;-14.9;26.4;0.0;
25/02/2025 01:43:11;100;0;130.30;-4;-21.25;-17.93;33.6;19.30;77068;2836.620;-1759.802;1;141;-90;-82.3;43.5;44.0;0;0.5;26.4;0.0;
25/02/2025 01:43:31;100;0;136.79;-4;-21.48;-11.00;36.2;19.30;77088;2836.619;-1759.800;1;141;-90;-82.3;43.5;43.9;10;9.9;26.4;0.0;
25/02/2025 01:43:51;100;0;138.85;-4;-22.23;-6.30;38.9;19.30;77086;2836.617;-1759.797;1;141;-90;-82.3;42.8;42.9;10;9.9;26.4;0.0;
25/02/2025 01:44:11;100;0;140.69;-4;-20.87;-6.32;41.6;19.30;77094;2836.616;-1759.795;1;141;-90;-82.3;42.8;42.6;13;13.1;26.4;0.0;
25/02/2025 01:44:31;100;0;143.03;-4;-20.32;-4.80;44.1;19.30;77088;2836.614;-1759.793;1;141;-90;-82.3;42.8;42.6;13;13.5;26.4;0.0;
25/02/2025 01:44:51;100;0;143.69;-4;-20.17;-4.77;46.5;19.30;77097;2836.613;-1759.791;1;141;-90;-82.3;42.8;42.6;13;13.5;26.4;0.0;
25/02/2025 01:45:11;100;0;143.96;-4;-20.06;-4.82;48.9;19.30;77097;2836.611;-1759.789;1;141;-90;-82.3;42.8;42.6;13;13.1;26.4;0.0;
25/02/2025 01:45:31;100;0;142.07;-4;-20.32;-4.86;51.1;19.30;77108;2836.610;-1759.788;1;141;-90;-82.3;42.8;42.6;13;13.5;26.4;0.0;
25/02/2025 01:45:51;100;0;141.31;-4;-20.28;-4.81;53.5;19.30;77109;2836.608;-1759.786;1;141;-90;-83.9;42.8;42.6;13;13.5;26.4;0.0;
25/02/2025 01:46:11;100;0;143.16;-4;-20.03;-4.85;55.8;19.30;77119;2836.607;-1759.784;1;141;-90;-82.3;42.8;42.6;13;13.5;26.4;0.0;
25/02/2025 01:46:31;100;0;143.90;-4;-19.80;-4.79;58.1;19.30;77122;2836.605;-1759.782;1;141;-90;-82.3;42.8;42.7;13;13.5;26.4;0.0;
25/02/2025 01:46:51;100;0;143.79;-4;-19.95;-4.81;60.3;19.30;77119;2836.604;-1759.780;1;141;-90;-80.6;42.8;42.6;13;13.5;26.4;0.0;
25/02/2025 01:47:11;100;0;143.48;-4;-20.03;-4.86;62.5;19.30;77122;2836.603;-1759.778;1;141;-90;-82.3;42.8;42.6;13;13.5;26.4;0.0;
25/02/2025 01:47:31;100;0;143.68;-4;-19.96;-4.78;64.6;19.30;77131;2836.601;-1759.777;1;141;-90;-82.3;42.8;42.6;13;13.5;26.4;0.0;
25/02/2025 01:47:51;100;0;142.64;-4;-20.03;-4.80;66.8;19.30;77131;2836.600;-1759.775;1;141;-90;-82.3;42.8;42.6;13;13.5;26.4;0.0;
25/02/2025 01:48:11;100;0;142.39;-4;-19.97;-4.85;69.0;19.30;77131;2836.599;-1759.773;1;141;-90;-82.3;42.8;42.6;13;13.5;26.4;0.0;
25/02/2025 01:48:31;100;0;140.56;-4;-20.20;-4.87;71.1;19.30;77128;2836.598;-1759.771;1;141;-90;-82.3;42.8;42.6;11;10.8;26.4;0.0;
25/02/2025 01:48:51;100;0;141.32;-4;-19.88;-6.36;73.1;19.30;77137;2836.596;-1759.770;1;141;-90;-80.6;42.8;42.6;11;10.4;26.4;0.0;
25/02/2025 01:49:11;100;0;141.59;-4;-19.85;-6.28;75.1;19.30;77131;2836.595;-1759.768;1;141;-90;-82.3;42.8;42.6;11;10.4;26.4;0.0;
25/02/2025 01:49:31;100;0;142.01;-4;-19.79;-6.28;77.2;19.30;77134;2836.594;-1759.766;1;141;-90;-82.3;42.8;42.6;11;10.4;26.4;0.0;
25/02/2025 01:49:51;100;0;143.26;-4;-20.01;-6.34;79.0;19.30;77137;2836.593;-1759.765;1;141;-110;-111.3;42.8;42.6;11;10.8;26.4;0.0;
25/02/2025 01:50:11;100;0;144.11;-4;-19.14;-6.15;81.1;19.30;77214;2836.592;-1759.763;1;141;-110;-111.3;42.8;42.6;13;13.1;26.4;0.0;
25/02/2025 01:50:31;100;0;142.28;-4;-19.42;-4.80;83.2;19.30;77213;2836.591;-1759.761;1;141;-110;-112.9;42.8;42.6;13;13.5;26.4;0.0;
25/02/2025 01:50:51;100;0;142.57;-4;-19.00;-4.77;85.3;19.30;77220;2836.589;-1759.760;1;141;-110;-112.9;42.8;42.6;13;13.5;26.4;0.0;
25/02/2025 01:51:11;100;0;144.08;-4;-19.26;-4.83;87.4;19.30;77219;2836.588;-1759.758;1;141;-110;-111.3;42.8;42.6;13;13.5;26.4;0.0;
25/02/2025 01:51:31;100;0;145.15;-4;-19.41;-4.81;89.5;19.30;77209;2836.587;-1759.756;1;141;-110;-111.3;42.8;42.6;13;13.1;26.4;0.0;
25/02/2025 01:51:51;100;0;145.64;-4;-19.39;-4.80;91.5;19.30;77218;2836.585;-1759.755;1;141;-110;-112.9;42.8;42.6;13;13.5;26.4;0.0;
25/02/2025 01:52:12;100;0;148.18;-4;-19.15;-4.83;93.8;19.30;77218;2836.584;-1759.753;1;141;-110;-112.9;42.8;42.6;13;13.5;26.4;0.0;
25/02/2025 01:52:32;100;0;149.26;-4;-19.45;-4.81;95.9;19.30;77215;2836.582;-1759.752;1;141;-110;-111.3;42.8;42.6;13;13.5;26.4;0.0;
25/02/2025 01:52:52;100;0;151.53;-4;-19.23;-4.71;98.1;19.30;77206;2836.581;-1759.750;1;141;-110;-111.3;42.8;42.6;13;13.5;26.4;0.0;
25/02/2025 01:53:12;100;0;151.94;-4;-19.08;-4.83;100.2;19.20;77195;2836.579;-1759.749;1;141;-110;-111.3;42.8;42.6;13;13.5;26.4;0.0;
25/02/2025 01:53:32;100;0;156.44;-4;-18.82;-4.73;102.4;19.20;77196;2836.577;-1759.748;1;141;-110;-112.9;43.2;43.2;15;15.3;26.4;0.0;
25/02/2025 01:53:52;100;0;158.29;-4;-19.70;-3.85;104.2;19.20;77187;2836.576;-1759.747;1;141;-130;-130.6;43.2;43.4;15;15.3;26.4;0.0;
25/02/2025 01:54:12;100;0;157.24;-4;-19.22;-3.82;106.3;19.20;77217;2836.574;-1759.746;1;141;-130;-132.3;43.2;43.4;15;15.3;26.4;0.0;
25/02/2025 01:54:32;100;0;157.08;-4;-19.86;-3.71;108.4;19.20;77194;2836.573;-1759.745;1;141;-130;-132.3;43.2;43.6;15;15.3;26.4;0.0;
25/02/2025 01:54:52;100;0;150.51;-4;-19.77;-3.64;110.6;19.20;77175;2836.571;-1759.744;1;141;-130;-132.3;43.2;43.4;15;15.3;26.4;0.0;
25/02/2025 01:55:12;100;0;146.45;-4;-20.08;-3.68;112.8;19.20;77159;2836.570;-1759.742;1;141;-130;-132.3;43.2;43.4;15;15.3;26.4;0.0;
25/02/2025 01:55:32;100;0;141.42;-4;-19.98;-3.69;115.3;19.10;77148;2836.568;-1759.740;1;141;-130;-132.3;43.2;43.4;13;12.6;26.4;0.0;
25/02/2025 01:55:52;100;0;142.65;-4;-19.71;-5.11;117.6;19.10;77117;2836.567;-1759.738;1;141;-130;-132.3;43.2;43.4;13;12.6;26.4;0.0;
25/02/2025 01:56:12;100;0;144.83;-4;-19.58;-5.17;119.9;19.10;77119;2836.565;-1759.736;1;141;-130;-133.9;43.2;43.4;13;12.6;26.4;0.0;
25/02/2025 01:56:32;100;0;146.00;-4;-19.57;-5.19;122.3;19.00;77094;2836.564;-1759.734;1;141;-130;-132.3;43.2;43.4;13;12.6;26.4;0.0;
25/02/2025 01:56:52;100;0;145.74;-4;-19.76;-5.23;124.5;19.00;77083;2836.562;-1759.733;1;141;-130;-132.3;43.2;43.4;13;12.6;26.4;0.0;
25/02/2025 01:57:12;100;0;145.31;-4;-19.53;-5.10;126.8;19.00;77082;2836.561;-1759.731;1;141;-130;-132.3;43.2;43.4;13;12.6;26.4;0.0;
25/02/2025 01:57:32;100;0;146.19;-4;-19.23;-5.24;129.0;19.00;77067;2836.559;-1759.729;1;141;-130;-133.9;43.2;43.4;13;12.6;26.4;0.0;
25/02/2025 01:57:52;100;0;149.08;-4;-19.37;-5.21;131.3;19.00;77056;2836.558;-1759.728;1;141;-130;-133.9;43.2;43.4;13;12.6;26.4;0.0;
25/02/2025 01:58:12;100;0;150.34;-4;-19.78;-5.19;133.7;18.90;77046;2836.556;-1759.726;1;141;-130;-132.3;43.2;43.4;13;12.6;26.4;0.0;
25/02/2025 01:58:32;100;0;150.30;-4;-19.91;-5.11;136.2;18.90;77028;2836.554;-1759.724;1;141;-130;-132.3;43.2;43.4;13;12.6;26.4;0.0;
25/02/2025 01:58:52;100;0;149.39;-4;-19.66;-5.20;138.7;18.90;77028;2836.552;-1759.723;1;141;-130;-132.3;43.2;43.4;13;12.6;26.4;0.0;
25/02/2025 01:59:12;100;0;151.11;-4;-19.48;-5.28;141.2;18.80;77022;2836.550;-1759.721;1;141;-130;-132.3;43.2;43.6;13;12.6;26.4;0.0;
25/02/2025 01:59:32;100;0;153.37;-4;-19.28;-5.20;143.7;18.80;77007;2836.548;-1759.720;1;141;-130;-132.3;43.2;43.4;13;12.2;26.4;0.0;
25/02/2025 01:59:52;100;0;156.65;-4;-19.15;-5.34;146.2;18.80;77001;2836.546;-1759.718;1;141;-130;-132.3;43.2;43.4;16;15.8;26.4;0.0;
25/02/2025 02:00:12;100;0;158.91;-4;-19.50;-3.21;148.7;18.70;76977;2836.544;-1759.717;1;141;-130;-132.3;43.2;43.4;16;16.2;26.4;0.0;
25/02/2025 02:00:32;100;0;157.41;-4;-19.49;-3.25;151.3;18.70;76976;2836.542;-1759.716;1;141;-130;-132.3;43.2;43.4;16;16.2;26.4;0.0;
25/02/2025 02:00:52;100;0;155.01;-4;-19.56;-3.21;153.8;18.70;76955;2836.540;-1759.714;1;141;-130;-132.3;43.2;43.4;16;16.2;26.4;0.0;
25/02/2025 02:01:12;100;0;156.65;-4;-19.83;-3.18;156.6;18.60;76943;2836.537;-1759.713;1;141;-130;-132.3;43.2;43.4;16;16.2;26.4;0.0;
25/02/2025 02:01:32;100;0;157.48;-4;-19.80;-3.12;159.3;18.60;76932;2836.535;-1759.711;1;141;-130;-132.3;43.2;43.4;16;16.2;26.4;0.0;
25/02/2025 02:01:52;100;0;157.12;-4;-19.76;-3.20;162.1;18.50;76929;2836.533;-1759.710;1;141;-130;-133.9;43.2;43.4;16;16.2;26.4;0.0;
25/02/2025 02:02:12;100;0;158.20;-4;-19.71;-3.14;164.9;18.50;76914;2836.530;-1759.709;1;141;-130;-132.3;43.2;43.4;16;16.2;26.4;0.0;
25/02/2025 02:02:32;100;0;158.49;-4;-19.62;-3.09;167.6;18.50;76913;2836.528;-1759.707;1;141;-130;-132.3;43.2;43.4;16;16.2;26.4;0.0;
25/02/2025 02:02:52;100;0;158.02;-4;-19.80;-3.18;170.5;18.40;76903;2836.525;-1759.706;1;141;-130;-133.9;43.2;43.4;18;18.5;26.4;0.0;
25/02/2025 02:03:12;100;0;155.90;-4;-19.87;-1.91;173.2;18.40;76891;2836.523;-1759.705;1;141;-130;-133.9;43.2;43.4;16;15.8;26.4;0.0;
25/02/2025 02:03:32;100;0;152.96;-4;-19.76;-3.73;176.1;18.40;76884;2836.521;-1759.703;1;141;-130;-133.9;43.2;43.4;16;15.8;26.4;0.0;
25/02/2025 02:03:52;100;0;152.90;-4;-19.32;-3.68;178.9;18.30;76888;2836.518;-1759.701;1;141;-130;-132.3;43.2;43.4;16;15.3;26.4;0.0;
25/02/2025 02:04:12;100;0;151.64;-4;-19.58;-3.70;181.7;18.30;76878;2836.516;-1759.699;1;141;-130;-133.9;43.2;43.4;16;15.3;26.4;0.0;
25/02/2025 02:04:32;100;0;152.73;-4;-19.52;-3.70;184.5;18.30;76875;2836.514;-1759.698;1;141;-130;-133.9;43.2;43.4;16;15.3;26.4;0.0;
25/02/2025 02:04:52;100;0;149.57;-4;-19.80;-3.65;187.4;18.20;76866;2836.512;-1759.696;1;141;-130;-132.3;43.2;43.4;16;15.3;26.4;0.0;
25/02/2025 02:05:12;100;0;147.43;-4;-19.66;-3.62;190.4;18.20;76854;2836.509;-1759.693;1;141;-130;-132.3;43.2;43.4;16;15.3;26.4;0.0;
25/02/2025 02:05:32;100;0;147.10;-4;-19.57;-3.65;193.4;18.20;76850;2836.507;-1759.691;1;141;-130;-133.9;43.2;43.4;16;15.3;26.4;0.0;
25/02/2025 02:05:52;100;0;147.17;-4;-19.45;-3.63;196.4;18.10;76846;2836.505;-1759.689;1;141;-130;-133.9;43.2;43.4;16;15.3;26.4;0.0;
25/02/2025 02:06:12;100;0;146.54;-4;-19.51;-3.66;199.3;18.10;76836;2836.502;-1759.687;1;141;-130;-133.9;43.2;43.4;16;15.3;26.4;0.0;
25/02/2025 02:06:32;100;0;147.58;-4;-19.62;-3.62;202.1;18.00;76827;2836.500;-1759.685;1;141;-130;-133.9;43.2;43.4;16;15.3;26.4;0.0;
25/02/2025 02:06:52;100;0;147.57;-4;-19.54;-3.64;205.0;18.00;76822;2836.498;-1759.683;1;141;-130;-133.9;43.2;43.4;16;15.3;26.4;0.0;
25/02/2025 02:07:12;100;0;146.86;-4;-19.59;-3.69;207.9;18.00;76821;2836.496;-1759.680;1;141;-130;-133.9;43.2;43.4;16;15.3;26.4;0.0;
25/02/2025 02:07:32;100;0;146.95;-4;-19.69;-3.68;210.6;17.90;76809;2836.494;-1759.678;1;141;-130;-133.9;43.2;43.4;16;15.3;26.4;0.0;
25/02/2025 02:07:52;100;0;146.06;-4;-19.42;-3.70;213.6;17.90;76802;2836.492;-1759.676;1;141;-130;-132.3;43.2;43.4;14;13.5;26.4;0.0;
25/02/2025 02:08:12;100;0;146.56;-4;-19.03;-4.73;216.4;17.90;76784;2836.489;-1759.674;1;141;-130;-133.9;43.2;43.4;14;13.1;26.4;0.0;
25/02/2025 02:08:32;100;0;148.11;-4;-19.45;-4.76;219.2;17.80;76794;2836.487;-1759.672;1;141;-130;-133.9;43.2;43.4;14;13.5;26.4;0.0;
25/02/2025 02:08:52;100;0;150.26;-4;-19.76;-4.71;222.1;17.80;76776;2836.485;-1759.670;1;141;-130;-133.9;43.2;43.4;14;13.1;26.4;0.0;
25/02/2025 02:09:12;100;0;155.42;-4;-19.59;-4.72;225.0;17.80;76763;2836.482;-1759.668;1;141;-130;-133.9;43.2;43.4;16;15.8;26.4;0.0;
25/02/2025 02:09:32;100;0;155.67;-4;-20.02;-3.13;228.1;17.70;76756;2836.480;-1759.667;1;141;-130;-132.3;43.2;43.4;16;16.2;26.4;0.0;
25/02/2025 02:09:52;100;0;157.71;-4;-19.88;-3.08;231.1;17.70;76749;2836.477;-1759.665;1;141;-130;-133.9;43.2;43.4;18;18.1;26.4;0.0;
25/02/2025 02:10:12;100;0;157.37;-4;-19.72;-2.15;234.0;17.60;76732;2836.474;-1759.664;1;141;-130;-133.9;43.2;43.4;18;18.5;26.4;0.0;
25/02/2025 02:10:32;100;0;157.90;-4;-19.73;-2.20;237.0;17.60;76748;2836.472;-1759.662;1;141;-130;-132.3;43.2;43.4;18;18.5;26.4;0.0;
25/02/2025 02:10:52;100;0;154.80;-4;-19.60;-2.21;240.1;17.60;76737;2836.469;-1759.660;1;141;-130;-133.9;43.2;43.4;16;15.8;26.4;0.0;
25/02/2025 02:11:12;100;0;154.13;-4;-19.42;-3.66;242.9;17.60;76731;2836.467;-1759.659;1;141;-130;-133.9;43.2;43.6;16;15.3;26.4;0.0;
25/02/2025 02:11:32;100;0;153.11;-4;-19.41;-3.64;245.9;17.50;76721;2836.464;-1759.657;1;141;-130;-133.9;43.2;43.4;16;15.3;26.4;0.0;
25/02/2025 02:11:52;100;0;151.18;-4;-19.37;-3.65;248.7;17.50;76716;2836.462;-1759.655;1;141;-130;-132.3;43.2;43.4;16;15.3;26.4;0.0;
25/02/2025 02:12:12;100;0;151.13;-4;-19.23;-3.69;251.4;17.40;76711;2836.460;-1759.653;1;141;-130;-133.9;43.2;43.4;16;15.3;26.4;0.0;
25/02/2025 02:12:32;100;0;151.41;-4;-19.26;-3.68;254.2;17.40;76706;2836.457;-1759.651;1;141;-130;-133.9;43.2;43.4;16;15.3;26.4;0.0;
25/02/2025 02:12:52;100;0;151.53;-4;-19.20;-3.68;256.9;17.40;76694;2836.455;-1759.650;1;141;-130;-133.9;43.2;43.4;16;15.3;26.4;0.0;
25/02/2025 02:13:12;100;0;151.44;-4;-19.30;-3.69;259.5;17.30;76677;2836.453;-1759.648;1;141;-130;-133.9;43.2;43.4;16;15.3;26.4;0.0;
25/02/2025 02:13:32;100;0;153.05;-4;-19.43;-3.69;262.2;17.30;76680;2836.451;-1759.646;1;141;-130;-133.9;43.2;43.4;16;15.3;26.4;0.0;
25/02/2025 02:13:52;100;0;152.48;-4;-19.61;-3.63;265.1;17.30;76681;2836.448;-1759.644;1;141;-130;-133.9;43.2;43.4;16;15.3;26.4;0.0;
25/02/2025 02:14:12;100;0;151.73;-4;-19.60;-3.64;267.8;17.20;76664;2836.446;-1759.643;1;141;-130;-133.9;43.2;43.4;16;15.3;26.4;0.0;
25/02/2025 02:14:32;100;0;151.80;-4;-19.71;-3.61;270.7;17.20;76652;2836.444;-1759.641;1;141;-130;-132.3;43.2;43.4;16;15.8;26.4;0.0;
25/02/2025 02:14:52;100;0;152.18;-4;-19.61;-3.64;273.5;17.20;76654;2836.442;-1759.639;1;141;-130;-133.9;43.2;43.4;16;15.3;26.4;0.0;
25/02/2025 02:15:12;100;0;152.68;-4;-19.43;-3.64;276.3;17.10;76633;2836.439;-1759.637;1;141;-130;-133.9;43.2;43.4;16;15.3;26.4;0.0;
25/02/2025 02:15:32;100;0;152.87;-4;-19.63;-3.69;279.1;17.10;76639;2836.437;-1759.636;1;141;-130;-133.9;43.2;43.4;16;15.8;26.4;0.0;
25/02/2025 02:15:52;100;0;152.26;-4;-19.23;-3.68;281.8;17.10;76633;2836.435;-1759.634;1;141;-130;-132.3;43.2;43.4;16;15.3;26.4;0.0;
25/02/2025 02:16:12;100;0;151.48;-4;-19.00;-3.62;284.3;17.00;76621;2836.433;-1759.632;1;141;-130;-133.9;43.2;43.4;16;15.3;26.4;0.0;
25/02/2025 02:16:32;100;0;149.36;-4;-19.31;-3.70;286.9;17.00;76599;2836.431;-1759.630;1;141;-130;-132.3;43.2;43.4;16;15.8;26.4;0.0;
25/02/2025 02:16:52;100;0;147.15;-4;-19.35;-3.68;289.7;17.00;76591;2836.428;-1759.628;1;141;-130;-133.9;43.2;43.4;16;15.3;26.4;0.0;
25/02/2025 02:17:12;100;0;148.39;-4;-19.44;-3.66;292.5;16.90;76585;2836.426;-1759.626;1;141;-130;-133.9;43.2;43.4;16;15.3;26.4;0.0;
25/02/2025 02:17:32;100;0;148.36;-4;-19.41;-3.62;295.2;16.90;76569;2836.424;-1759.624;1;141;-130;-133.9;43.2;43.4;16;15.3;26.4;0.0;
25/02/2025 02:17:52;100;0;146.66;-4;-19.20;-3.67;298.0;16.80;76557;2836.422;-1759.622;1;141;-130;-133.9;43.2;43.6;16;15.3;26.4;0.0;
25/02/2025 02:18:12;100;0;146.20;-4;-19.34;-3.66;300.6;16.80;76553;2836.420;-1759.620;1;141;-130;-133.9;43.2;43.4;16;15.3;26.4;0.0;
25/02/2025 02:18:32;100;0;144.87;-4;-19.39;-3.65;303.3;16.80;76547;2836.418;-1759.618;1;141;-130;-133.9;43.2;43.4;16;15.3;26.4;0.0;
25/02/2025 02:18:52;100;0;143.43;-4;-19.39;-3.62;306.1;16.70;76551;2836.416;-1759.616;1;141;-130;-133.9;43.2;43.4;16;15.3;26.4;0.0;
25/02/2025 02:19:12;100;0;142.75;-4;-19.41;-3.62;308.8;16.70;76543;2836.414;-1759.613;1;141;-130;-133.9;43.2;43.4;16;15.3;26.4;0.0;
25/02/2025 02:19:32;100;0;140.91;-4;-19.29;-3.66;311.7;16.70;76540;2836.412;-1759.611;1;141;-130;-132.3;43.2;43.6;14;14.0;26.4;0.0;
25/02/2025 02:19:52;100;0;139.10;-4;-19.16;-4.43;314.3;16.60;76528;2836.410;-1759.608;1;141;-130;-132.3;43.2;43.4;12;12.2;26.4;0.0;
25/02/2025 02:20:12;100;0;139.63;-4;-19.08;-5.40;317.1;16.60;76517;2836.408;-1759.606;1;141;-130;-133.9;43.2;43.4;12;11.7;26.4;0.0;
25/02/2025 02:20:32;100;0;138.38;-4;-19.07;-5.38;319.7;16.50;76504;2836.407;-1759.603;1;141;-130;-133.9;43.2;43.4;12;11.7;26.4;0.0;
25/02/2025 02:20:52;100;0;138.05;-4;-19.38;-5.37;322.4;16.50;76508;2836.405;-1759.601;1;141;-130;-132.3;43.2;43.4;12;12.2;26.4;0.0;
25/02/2025 02:21:12;100;0;139.70;-4;-19.15;-5.35;325.3;16.50;76492;2836.403;-1759.598;1;141;-130;-132.3;43.2;43.4;12;11.7;26.4;0.0;
25/02/2025 02:21:32;100;0;140.11;-4;-19.00;-5.42;327.9;16.50;76490;2836.401;-1759.596;1;141;-130;-133.9;43.2;43.4;12;11.7;26.4;0.0;
25/02/2025 02:21:52;100;0;140.27;-4;-18.70;-5.37;330.6;16.40;76480;2836.399;-1759.593;1;141;-130;-133.9;43.5;43.6;12;11.7;26.4;0.0;
25/02/2025 02:22:12;100;0;137.06;-4;-19.30;-5.49;333.1;16.40;76466;2836.398;-1759.591;1;141;-130;-133.9;43.5;43.9;10;9.5;26.4;0.0;
25/02/2025 02:22:32;100;0;139.65;-4;-19.37;-6.67;335.7;16.30;76462;2836.396;-1759.588;1;141;-130;-133.9;43.5;43.9;12;12.2;26.4;0.0;
25/02/2025 02:22:52;100;0;139.76;-4;-19.70;-4.87;338.3;16.30;76444;2836.394;-1759.586;1;141;-130;-133.9;43.5;43.9;12;12.6;26.4;0.0;
25/02/2025 02:23:12;100;0;141.82;-4;-19.90;-4.87;341.1;16.30;76434;2836.393;-1759.584;1;141;-130;-133.9;43.5;43.9;14;14.0;26.4;0.0;
25/02/2025 02:23:32;100;0;142.56;-4;-19.80;-3.97;343.7;16.20;76433;2836.391;-1759.582;1;141;-130;-133.9;43.5;43.9;14;14.9;26.4;0.0;
25/02/2025 02:23:52;100;0;143.89;-4;-20.05;-3.99;346.5;16.20;76423;2836.389;-1759.579;1;141;-130;-132.3;43.5;43.9;14;14.4;26.4;0.0;
25/02/2025 02:24:12;100;0;144.44;-4;-20.02;-3.95;349.2;16.20;76417;2836.387;-1759.577;1;141;-130;-133.9;43.5;43.9;14;14.9;26.4;0.0;
25/02/2025 02:24:32;100;0;143.55;-4;-19.91;-3.95;351.9;16.10;76397;2836.385;-1759.575;1;141;-130;-133.9;43.5;43.9;14;14.9;26.4;0.0;
25/02/2025 02:24:52;100;0;142.94;-4;-19.87;-3.95;354.8;16.10;76398;2836.383;-1759.573;1;141;-130;-133.9;43.5;43.9;14;14.4;26.4;0.0;
25/02/2025 02:25:12;100;0;141.90;-4;-20.00;-3.96;357.5;16.00;76386;2836.381;-1759.570;1;141;-130;-135.5;43.5;43.9;14;14.9;26.4;0.0;
25/02/2025 02:25:32;100;0;140.27;-4;-20.00;-3.98;360.3;16.00;76382;2836.379;-1759.568;1;141;-130;-133.9;43.5;43.9;12;12.2;26.4;0.0;
25/02/2025 02:25:52;100;0;139.84;-4;-19.76;-5.49;363.1;16.00;76376;2836.378;-1759.565;1;141;-130;-133.9;43.5;43.9;12;11.7;26.4;0.0;
25/02/2025 02:26:13;100;0;140.17;-4;-19.40;-5.51;365.8;16.00;76372;2836.376;-1759.563;1;141;-130;-132.3;43.5;43.9;12;11.7;26.4;0.0;
25/02/2025 02:26:33;100;0;140.63;-4;-19.37;-5.58;368.4;15.90;76360;2836.374;-1759.561;1;141;-130;-132.3;43.5;43.9;12;11.7;26.4;0.0;
25/02/2025 02:26:53;100;0;142.14;-4;-19.56;-5.56;370.9;15.90;76354;2836.372;-1759.559;1;141;-130;-133.9;43.5;43.9;12;11.7;26.4;0.0;
25/02/2025 02:27:13;100;0;143.82;-4;-19.24;-5.48;373.6;15.80;76350;2836.370;-1759.556;1;141;-130;-133.9;43.5;43.9;14;14.0;26.4;0.0;
25/02/2025 02:27:33;100;0;142.47;-4;-19.44;-4.05;376.1;15.80;76327;2836.369;-1759.554;1;141;-130;-132.3;43.5;43.9;14;14.4;26.4;0.0;
25/02/2025 02:27:53;100;0;144.10;-4;-19.59;-4.01;378.7;15.80;76336;2836.367;-1759.552;1;141;-130;-133.9;43.5;43.9;14;14.9;26.4;0.0;
25/02/2025 02:28:13;100;0;145.08;-4;-19.73;-4.09;381.4;15.70;76330;2836.365;-1759.550;1;141;-130;-133.9;43.5;43.9;14;14.4;26.4;0.0;
25/02/2025 02:28:33;100;0;145.47;-4;-20.00;-3.99;384.0;15.70;76309;2836.363;-1759.548;1;141;-130;-133.9;43.5;43.9;14;14.9;26.4;0.0;
25/02/2025 02:28:53;100;0;147.36;-4;-20.18;-3.98;386.8;15.70;76310;2836.361;-1759.546;1;141;-130;-133.9;43.5;44.0;14;14.4;26.4;0.0;
25/02/2025 02:29:13;100;0;149.03;-4;-20.41;-3.93;389.7;15.60;76303;2836.359;-1759.544;1;141;-130;-133.9;43.5;43.9;14;14.4;26.4;0.0;
25/02/2025 02:29:33;100;0;150.61;-4;-20.00;-3.98;392.8;15.60;76292;2836.356;-1759.542;1;141;-130;-132.3;43.5;43.9;14;14.4;26.4;0.0;
25/02/2025 02:29:53;100;0;150.42;-4;-19.89;-3.87;395.5;15.60;76284;2836.354;-1759.540;1;141;-130;-133.9;43.5;43.9;14;14.4;26.4;0.0;
25/02/2025 02:30:13;100;0;153.06;-4;-20.16;-4.05;398.4;15.50;76278;2836.352;-1759.538;1;141;-130;-132.3;43.5;43.9;14;14.4;26.4;0.0;
25/02/2025 02:30:33;100;0;153.28;-4;-20.06;-4.03;401.4;15.50;76282;2836.349;-1759.537;1;141;-130;-132.3;43.5;43.9;14;14.4;26.4;0.0;
25/02/2025 02:30:53;100;0;155.60;-4;-19.86;-4.00;404.3;15.50;76280;2836.347;-1759.535;1;141;-130;-133.9;43.5;43.9;16;15.8;26.4;0.0;
25/02/2025 02:31:13;100;0;155.80;-4;-19.69;-3.10;407.1;15.40;76268;2836.344;-1759.534;1;141;-130;-133.9;43.5;43.9;16;16.2;26.4;0.0;
25/02/2025 02:31:33;100;0;155.76;-4;-19.69;-3.06;409.9;15.40;76255;2836.342;-1759.532;1;141;-130;-133.9;43.5;43.9;16;16.2;26.4;0.0;
25/02/2025 02:31:53;100;0;153.44;-4;-19.60;-3.11;412.7;15.30;76255;2836.340;-1759.530;1;141;-130;-133.9;43.5;43.9;16;16.2;26.4;0.0;
25/02/2025 02:32:13;100;0;150.92;-4;-19.36;-3.19;415.5;15.30;76240;2836.338;-1759.529;1;141;-130;-133.9;43.5;43.9;14;14.0;26.4;0.0;
25/02/2025 02:32:33;100;0;150.76;-4;-19.25;-4.58;418.2;15.30;76238;2836.335;-1759.527;1;141;-130;-133.9;43.5;43.7;14;14.0;26.4;0.0;
25/02/2025 02:32:53;100;0;151.12;-4;-19.31;-4.51;420.9;15.20;76231;2836.333;-1759.525;1;141;-130;-132.3;43.5;43.9;14;13.5;26.4;0.0;
25/02/2025 02:33:13;100;0;152.09;-4;-19.35;-4.52;423.7;15.20;76224;2836.331;-1759.523;1;141;-130;-133.9;43.5;43.9;14;14.0;26.4;0.0;
25/02/2025 02:33:33;100;0;152.32;-4;-19.50;-4.50;426.5;15.20;76214;2836.328;-1759.521;1;141;-130;-133.9;43.5;43.9;14;14.0;26.4;0.0;
25/02/2025 02:33:53;100;0;151.34;-4;-19.27;-4.45;429.5;15.10;76205;2836.326;-1759.519;1;141;-130;-133.9;43.5;43.9;14;14.0;26.4;0.0;
25/02/2025 02:34:13;100;0;150.45;-4;-19.26;-4.51;432.3;15.10;76206;2836.323;-1759.517;1;141;-130;-133.9;43.5;43.9;14;14.0;26.4;0.0;
25/02/2025 02:34:33;100;0;149.06;-4;-19.29;-4.56;435.4;15.10;76202;2836.321;-1759.515;1;141;-130;-133.9;43.5;43.9;14;14.0;26.4;0.0;
25/02/2025 02:34:53;100;0;150.53;-4;-19.27;-4.48;438.2;15.10;76187;2836.319;-1759.513;1;141;-130;-133.9;43.5;43.9;14;14.0;26.4;0.0;
25/02/2025 02:35:13;100;0;151.67;-4;-19.29;-4.56;441.1;15.00;76183;2836.316;-1759.511;1;141;-130;-133.9;43.5;43.9;14;14.0;26.4;0.0;
25/02/2025 02:35:33;100;0;152.21;-4;-19.32;-4.51;444.1;15.00;76171;2836.313;-1759.509;1;141;-130;-133.9;43.5;43.9;14;14.0;26.4;0.0;
25/02/2025 02:35:53;100;0;153.44;-4;-19.27;-4.51;447.2;15.00;76164;2836.311;-1759.507;1;141;-130;-130.6;43.5;43.9;14;14.0;26.4;0.0;
25/02/2025 02:36:13;100;0;154.44;-4;-19.33;-4.49;450.1;14.90;76169;2836.308;-1759.506;1;141;-130;-133.9;43.5;43.9;14;14.0;26.4;0.0;
25/02/2025 02:36:33;100;0;155.22;-4;-19.28;-4.49;453.1;14.90;76164;2836.305;-1759.504;1;141;-130;-132.3;43.5;43.9;16;15.8;26.4;0.0;
25/02/2025 02:36:53;100;0;154.76;-4;-19.37;-3.24;456.2;14.90;76157;2836.303;-1759.502;1;141;-130;-133.9;43.5;43.9;16;16.2;26.4;0.0;
25/02/2025 02:37:13;100;0;155.36;-4;-19.55;-3.29;459.3;14.80;76148;2836.300;-1759.500;1;141;-130;-133.9;43.5;43.9;16;16.2;26.4;0.0;
25/02/2025 02:37:33;100;0;156.24;-4;-19.49;-3.25;462.3;14.80;76151;2836.297;-1759.499;1;141;-130;-133.9;43.5;43.9;16;16.2;26.4;0.0;
25/02/2025 02:37:53;100;0;155.00;-4;-19.40;-3.27;465.5;14.80;76135;2836.294;-1759.497;1;141;-130;-133.9;43.5;43.9;16;16.2;26.4;0.0;
25/02/2025 02:38:13;100;0;154.99;-4;-19.43;-3.25;468.6;14.80;76141;2836.291;-1759.495;1;141;-130;-133.9;43.5;43.9;16;16.2;26.4;0.0;
25/02/2025 02:38:33;100;0;154.76;-4;-19.56;-3.14;471.8;14.70;76138;2836.289;-1759.493;1;141;-130;-133.9;43.5;43.9;16;16.2;26.4;0.0;
25/02/2025 02:38:53;100;0;153.18;-4;-19.72;-3.19;475.0;14.70;76134;2836.286;-1759.491;1;141;-130;-133.9;43.5;43.9;16;16.2;26.4;0.0;
25/02/2025 02:39:13;100;0;151.54;-4;-19.77;-3.24;478.2;14.70;76131;2836.283;-1759.489;1;141;-130;-133.9;43.5;43.9;16;16.2;26.4;0.0;
25/02/2025 02:39:33;100;0;148.43;-4;-19.59;-3.17;481.5;14.60;76122;2836.281;-1759.487;1;141;-130;-132.3;43.5;43.9;16;16.2;26.4;0.0;
25/02/2025 02:39:53;100;0;146.76;-4;-19.59;-3.23;484.5;14.60;76126;2836.278;-1759.485;1;141;-130;-133.9;43.5;43.9;16;16.2;26.4;0.0;
25/02/2025 02:40:13;100;0;146.14;-4;-19.43;-3.25;487.7;14.60;76111;2836.276;-1759.482;1;141;-130;-133.9;43.5;44.0;16;16.2;26.4;0.0;
25/02/2025 02:40:33;100;0;145.68;-4;-19.51;-3.35;490.7;14.60;76112;2836.273;-1759.480;1;141;-130;-132.3;43.5;43.9;16;16.2;26.4;0.0;
25/02/2025 02:40:53;100;0;145.59;-4;-19.47;-3.32;493.8;14.50;76105;2836.271;-1759.477;1;141;-130;-132.3;43.5;43.9;16;16.2;26.4;0.0;
25/02/2025 02:41:13;100;0;145.37;-4;-19.53;-3.18;496.9;14.50;76103;2836.269;-1759.475;1;141;-130;-133.9;43.5;43.9;16;16.2;26.4;0.0;
25/02/2025 02:41:33;100;0;145.34;-4;-19.65;-3.21;500.1;14.50;76100;2836.266;-1759.472;1;141;-130;-133.9;43.5;43.9;16;16.2;26.4;0.0;
25/02/2025 02:41:53;100;0;145.78;-4;-19.56;-3.20;503.0;14.40;76104;2836.264;-1759.470;1;141;-130;-133.9;43.5;43.9;16;16.2;26.4;0.0;
25/02/2025 02:42:13;100;0;143.97;-4;-19.89;-3.23;506.0;14.40;76097;2836.262;-1759.468;1;141;-130;-133.9;43.5;43.9;16;16.2;26.4;0.0;
25/02/2025 02:42:33;100;0;144.17;-4;-19.52;-3.19;509.1;14.40;76083;2836.260;-1759.465;1;141;-130;-132.3;43.5;43.9;16;16.2;26.4;0.0;
25/02/2025 02:42:53;100;0;143.22;-4;-19.56;-3.25;512.1;14.40;76085;2836.257;-1759.463;1;141;-130;-132.3;43.5;43.9;14;14.0;26.4;0.0;
25/02/2025 02:43:13;100;0;141.41;-4;-19.29;-4.60;515.0;14.40;76083;2836.255;-1759.460;1;141;-130;-133.9;43.5;44.0;14;13.5;26.4;0.0;
25/02/2025 02:43:33;100;0;141.04;-4;-19.22;-4.60;517.8;14.30;76082;2836.253;-1759.458;1;141;-130;-133.9;43.5;43.9;14;13.5;26.4;0.0;
25/02/2025 02:43:53;100;0;143.80;-4;-19.24;-4.54;520.5;14.30;76079;2836.251;-1759.455;1;141;-130;-133.9;43.5;43.9;14;13.5;26.4;0.0;
25/02/2025 02:44:13;100;0;145.12;-4;-19.29;-4.56;523.3;14.30;76066;2836.249;-1759.453;1;141;-130;-133.9;43.5;43.9;14;13.5;26.4;0.0;
25/02/2025 02:44:33;100;0;145.71;-4;-19.26;-4.63;526.1;14.20;76061;2836.247;-1759.451;1;141;-130;-132.3;43.5;43.9;14;13.5;26.4;0.0;
25/02/2025 02:44:53;100;0;145.55;-4;-19.32;-4.61;528.8;14.20;76056;2836.245;-1759.449;1;141;-130;-133.9;43.5;43.9;14;13.5;26.4;0.0;
25/02/2025 02:45:13;100;0;145.00;-4;-19.03;-4.59;531.5;14.20;76060;2836.243;-1759.447;1;141;-130;-132.3;43.5;43.9;14;13.5;26.4;0.0;
25/02/2025 02:45:33;100;0;141.35;-4;-19.65;-4.67;534.0;14.20;76050;2836.241;-1759.445;1;141;-130;-133.9;43.5;43.9;14;13.5;26.4;0.0;
25/02/2025 02:45:53;100;0;140.99;-4;-19.26;-4.57;536.9;14.20;76059;2836.239;-1759.442;1;141;-130;-132.3;43.5;44.0;14;13.5;26.4;0.0;
25/02/2025 02:46:13;100;0;140.44;-4;-19.31;-4.64;539.4;14.10;76044;2836.238;-1759.440;1;141;-130;-133.9;43.5;43.9;12;12.2;26.4;0.0;
25/02/2025 02:46:33;100;0;141.02;-4;-19.28;-5.57;541.9;14.10;76039;2836.236;-1759.438;1;141;-130;-133.9;43.5;43.9;12;11.7;26.4;0.0;
25/02/2025 02:46:53;100;0;141.93;-4;-19.17;-5.57;544.6;14.10;76033;2836.234;-1759.435;1;141;-130;-133.9;43.5;43.9;12;11.7;26.4;0.0;
25/02/2025 02:47:13;100;0;143.80;-4;-19.10;-5.54;547.1;14.10;76027;2836.232;-1759.433;1;141;-130;-133.9;43.5;43.9;14;14.0;26.4;0.0;
25/02/2025 02:47:33;100;0;142.64;-4;-19.15;-4.21;549.5;14.00;76016;2836.231;-1759.431;1;141;-130;-133.9;43.5;43.9;14;14.0;26.4;0.0;
25/02/2025 02:47:53;100;0;139.98;-4;-18.79;-4.34;551.9;14.00;76017;2836.229;-1759.429;1;141;-130;-133.9;43.9;43.9;12;12.2;26.4;0.0;
25/02/2025 02:48:13;100;0;144.08;-4;-18.78;-5.48;554.2;14.00;76002;2836.228;-1759.427;1;141;-130;-132.3;44.3;44.6;14;14.0;26.4;0.0;
25/02/2025 02:48:33;100;0;144.83;-4;-19.90;-4.35;556.5;14.00;76008;2836.226;-1759.425;1;141;-130;-133.9;44.3;44.6;14;14.4;26.4;0.0;
25/02/2025 02:48:53;100;0;143.09;-4;-19.88;-4.31;558.8;13.90;75994;2836.225;-1759.423;1;141;-130;-133.9;44.3;44.6;14;14.4;26.4;0.0;
25/02/2025 02:49:13;100;0;143.86;-4;-20.52;-4.18;561.2;13.90;75984;2836.223;-1759.422;1;141;-130;-133.9;44.3;44.6;14;14.4;26.4;0.0;
25/02/2025 02:49:33;100;0;144.49;-4;-20.63;-4.44;563.6;13.90;75988;2836.222;-1759.420;1;141;-130;-133.9;44.3;44.6;14;14.4;26.4;0.0;
25/02/2025 02:49:53;100;0;145.77;-4;-20.26;-4.23;565.9;13.90;75981;2836.220;-1759.418;1;141;-130;-133.9;44.3;44.6;14;14.4;26.4;0.0;
25/02/2025 02:50:13;100;0;146.86;-4;-20.93;-4.38;568.2;13.80;75972;2836.219;-1759.416;1;141;-130;-132.3;44.3;44.6;14;14.4;26.4;0.0;
25/02/2025 02:50:33;100;0;147.17;-4;-20.46;-4.26;570.6;13.80;75967;2836.217;-1759.415;1;141;-130;-133.9;44.3;44.6;14;14.0;26.4;0.0;
25/02/2025 02:50:53;100;0;149.32;-4;-20.37;-4.07;573.3;13.80;75970;2836.215;-1759.413;1;141;-130;-133.9;44.3;44.6;14;14.0;26.4;0.0;
25/02/2025 02:51:13;100;0;149.76;-4;-20.21;-4.24;575.7;13.80;75961;2836.214;-1759.411;1;141;-130;-133.9;44.3;44.6;14;14.4;26.4;0.0;
25/02/2025 02:51:33;100;0;151.95;-4;-20.33;-4.23;578.1;13.70;75964;2836.212;-1759.410;1;141;-130;-133.9;44.3;44.6;14;14.4;26.4;0.0;
25/02/2025 02:51:53;100;0;154.02;-4;-20.27;-4.18;580.6;13.70;75958;2836.210;-1759.408;1;141;-130;-133.9;44.3;44.6;14;14.4;26.4;0.0;
25/02/2025 02:52:13;100;0;153.64;-4;-20.43;-4.34;583.1;13.70;75951;2836.208;-1759.407;1;141;-130;-133.9;44.3;44.6;14;14.0;26.4;0.0;
25/02/2025 02:52:33;100;0;150.42;-4;-20.51;-4.23;585.6;13.70;75945;2836.206;-1759.405;1;141;-130;-133.9;44.3;44.6;14;14.4;26.4;0.0;
25/02/2025 02:52:53;100;0;150.11;-4;-20.55;-4.19;588.2;13.60;75938;2836.204;-1759.404;1;141;-130;-133.9;44.3;44.6;14;14.0;26.4;0.0;
25/02/2025 02:53:13;100;0;150.50;-4;-20.40;-4.21;590.7;13.60;75929;2836.202;-1759.402;1;141;-130;-133.9;44.3;44.6;14;14.4;26.4;0.0;
25/02/2025 02:53:33;100;0;150.80;-4;-20.35;-4.20;593.3;13.60;75932;2836.200;-1759.400;1;141;-130;-133.9;44.3;44.6;14;14.4;26.4;0.0;
25/02/2025 02:53:53;100;0;150.37;-4;-20.57;-4.22;595.8;13.60;75932;2836.199;-1759.399;1;141;-130;-133.9;44.3;44.6;14;14.4;26.4;0.0;
25/02/2025 02:54:13;100;0;149.00;-4;-20.49;-4.22;598.4;13.50;75921;2836.197;-1759.397;1;141;-130;-133.9;44.3;44.6;14;14.0;26.4;0.0;
25/02/2025 02:54:33;100;0;147.75;-4;-20.53;-4.20;600.9;13.50;75919;2836.195;-1759.395;1;141;-130;-133.9;44.3;44.6;14;14.0;26.4;0.0;
25/02/2025 02:54:53;100;0;150.12;-4;-20.46;-4.15;603.4;13.50;75908;2836.193;-1759.394;1;141;-130;-133.9;44.3;44.6;14;14.4;26.4;0.0;
25/02/2025 02:55:13;100;0;151.27;-4;-21.27;-4.60;606.0;13.50;75899;2836.191;-1759.392;1;141;-130;-133.9;44.3;44.6;14;14.4;26.4;0.0;
25/02/2025 02:55:33;100;0;154.01;-4;-20.56;-4.13;608.7;13.50;75897;2836.189;-1759.391;1;141;-130;-135.5;44.3;44.6;14;14.4;26.4;0.0;
25/02/2025 02:55:53;100;0;154.91;-4;-20.90;-4.09;611.3;13.40;75881;2836.187;-1759.389;1;141;-130;-132.3;44.3;44.6;14;14.4;26.4;0.0;
25/02/2025 02:56:13;100;0;155.70;-4;-20.31;-4.13;613.7;13.40;75891;2836.185;-1759.388;1;141;-130;-132.3;44.3;44.6;14;14.4;26.4;0.0;
25/02/2025 02:56:33;100;0;155.95;-4;-20.65;-4.17;616.3;13.40;75868;2836.183;-1759.387;1;141;-130;-133.9;44.3;44.6;14;14.4;26.4;0.0;
25/02/2025 02:56:53;100;0;156.47;-4;-20.74;-4.08;619.0;13.40;75870;2836.181;-1759.385;1;141;-130;-133.9;44.3;44.6;16;15.8;26.4;0.0;
25/02/2025 02:57:13;100;0;155.04;-4;-21.08;-3.62;621.6;13.30;75877;2836.179;-1759.384;1;141;-130;-135.5;44.3;44.6;16;16.2;26.4;0.0;
25/02/2025 02:57:33;100;0;158.74;-4;-21.09;-3.08;624.3;13.30;75866;2836.177;-1759.383;1;141;-130;-135.5;44.3;44.6;16;15.8;26.4;0.0;
25/02/2025 02:57:53;100;0;159.15;-4;-21.44;-3.24;627.2;13.30;75865;2836.174;-1759.381;1;141;-130;-133.9;44.3;44.6;19;19.0;26.4;0.0;
25/02/2025 02:58:13;100;0;159.15;-4;-21.16;-1.55;630.3;13.30;75851;2836.172;-1759.380;1;141;-130;-132.3;44.3;44.6;19;19.4;26.4;0.0;
25/02/2025 02:58:33;100;0;158.74;-4;-20.77;-1.67;633.0;13.20;75843;2836.170;-1759.379;1;141;-130;-133.9;44.3;44.6;17;17.1;26.4;0.0;
25/02/2025 02:58:53;100;0;158.36;-4;-20.35;-3.04;635.7;13.20;75834;2836.167;-1759.377;1;141;-130;-133.9;44.3;44.6;17;16.7;26.4;0.0;
25/02/2025 02:59:13;100;0;157.48;-4;-20.33;-3.11;638.5;13.20;75833;2836.165;-1759.376;1;141;-130;-132.3;44.3;44.6;17;16.7;26.4;0.0;
25/02/2025 02:59:33;100;0;156.87;-4;-20.31;-2.99;641.2;13.20;75826;2836.163;-1759.375;1;141;-130;-132.3;44.3;44.6;17;16.7;26.4;0.0;
25/02/2025 02:59:53;100;0;155.90;-4;-20.28;-3.13;644.0;13.10;75821;2836.160;-1759.373;1;141;-130;-132.3;44.3;44.8;17;16.7;26.4;0.0;
25/02/2025 03:00:13;100;0;153.66;-4;-20.24;-3.14;646.8;13.10;75824;2836.158;-1759.372;1;141;-130;-133.9;44.3;44.6;15;14.9;26.4;0.0;
25/02/2025 03:00:34;100;0;151.14;-4;-20.25;-4.01;649.6;13.10;75816;2836.156;-1759.370;1;141;-130;-133.9;44.3;44.6;15;14.9;26.4;0.0;
25/02/2025 03:00:54;100;0;149.59;-4;-20.22;-4.05;652.2;13.10;75811;2836.154;-1759.368;1;141;-130;-133.9;44.3;44.6;15;14.9;26.4;0.0;
25/02/2025 03:01:14;100;0;148.27;-4;-20.83;-4.00;655.1;13.10;75809;2836.152;-1759.366;1;141;-130;-133.9;44.3;44.6;15;14.9;26.4;0.0;
25/02/2025 03:01:34;100;0;144.57;-4;-19.46;-3.81;658.1;13.00;75794;2836.149;-1759.364;1;141;-130;-133.9;44.3;44.6;15;14.9;26.4;0.0;
25/02/2025 03:01:54;100;0;143.01;-4;-20.21;-4.33;660.8;13.00;75803;2836.148;-1759.361;1;141;-130;-133.9;44.3;44.6;15;14.9;26.4;0.0;
25/02/2025 03:02:14;100;0;143.44;-4;-20.20;-3.99;663.7;13.00;75788;2836.146;-1759.359;1;141;-130;-133.9;44.3;44.6;15;14.9;26.4;0.0;
25/02/2025 03:02:34;100;0;143.10;-4;-19.16;-4.07;666.5;13.00;75792;2836.143;-1759.357;1;141;-130;-133.9;44.3;44.6;15;14.9;26.4;0.0;
25/02/2025 03:02:54;100;0;145.11;-4;-19.70;-4.10;669.3;13.00;75787;2836.142;-1759.354;1;141;-130;-133.9;44.3;44.6;15;14.9;26.4;0.0;
25/02/2025 03:03:14;100;0;145.46;-4;-19.98;-4.08;671.9;12.90;75774;2836.140;-1759.352;1;141;-130;-133.9;44.3;44.6;15;14.9;26.4;0.0;
25/02/2025 03:03:34;100;0;146.65;-4;-20.13;-4.04;674.8;12.90;75751;2836.137;-1759.350;1;141;-130;-133.9;44.3;44.6;15;14.9;26.4;0.0;
25/02/2025 03:03:54;100;0;145.72;-4;-20.19;-3.97;677.7;12.90;75752;2836.135;-1759.348;1;141;-130;-133.9;44.3;44.6;15;14.9;26.4;0.0;
25/02/2025 03:04:14;100;0;146.15;-4;-20.42;-3.96;680.6;12.80;75748;2836.133;-1759.346;1;141;-130;-133.9;44.3;44.6;15;14.9;26.4;0.0;
25/02/2025 03:04:34;100;0;146.42;-4;-20.22;-4.10;683.3;12.80;75736;2836.131;-1759.344;1;141;-130;-133.9;44.3;44.8;15;14.9;26.4;0.0;
25/02/2025 03:04:54;100;0;147.23;-4;-20.35;-3.96;686.3;12.80;75743;2836.129;-1759.342;1;141;-130;-133.9;44.3;44.6;15;14.9;26.4;0.0;
25/02/2025 03:05:14;100;0;148.03;-4;-20.18;-4.04;689.1;12.80;75738;2836.127;-1759.340;1;141;-130;-133.9;44.3;44.6;15;14.9;26.4;0.0;
25/02/2025 03:05:34;100;0;149.23;-4;-20.24;-4.01;691.8;12.70;75721;2836.125;-1759.338;1;141;-130;-133.9;44.3;44.6;15;14.9;26.4;0.0;
25/02/2025 03:05:54;100;0;150.40;-4;-20.16;-4.05;694.5;12.70;75726;2836.123;-1759.336;1;141;-130;-133.9;44.3;44.6;15;14.9;26.4;0.0;
25/02/2025 03:06:14;100;0;150.20;-4;-20.27;-3.95;697.5;12.70;75716;2836.120;-1759.334;1;141;-130;-133.9;44.3;44.6;15;14.4;26.4;0.0;
25/02/2025 03:06:34;100;0;150.49;-4;-20.16;-4.00;700.1;12.70;75713;2836.118;-1759.332;1;141;-130;-133.9;44.3;44.6;15;14.9;26.4;0.0;
25/02/2025 03:06:54;100;0;150.51;-4;-20.41;-4.02;702.8;12.60;75712;2836.116;-1759.331;1;141;-130;-132.3;44.3;44.6;15;14.9;26.4;0.0;
25/02/2025 03:07:14;100;0;151.41;-4;-20.31;-4.04;705.5;12.60;75697;2836.114;-1759.329;1;141;-130;-133.9;44.3;44.6;15;14.9;26.4;0.0;
25/02/2025 03:07:34;100;0;152.09;-4;-20.34;-3.95;708.2;12.60;75695;2836.112;-1759.327;1;141;-130;-133.9;44.3;44.6;15;14.4;26.4;0.0;
25/02/2025 03:07:54;100;0;152.41;-4;-20.31;-4.00;710.9;12.60;75687;2836.110;-1759.325;1;141;-130;-133.9;44.3;44.6;15;14.9;26.4;0.0;
25/02/2025 03:08:14;100;0;152.18;-4;-20.51;-3.96;713.6;12.60;75683;2836.108;-1759.324;1;141;-130;-133.9;44.3;44.6;15;14.9;26.4;0.0;
25/02/2025 03:08:34;100;0;152.07;-4;-20.35;-3.98;716.3;12.50;75684;2836.106;-1759.322;1;141;-130;-133.9;44.3;44.6;15;14.9;26.4;0.0;
25/02/2025 03:08:54;100;0;150.43;-4;-20.06;-4.00;719.0;12.50;75682;2836.103;-1759.320;1;141;-130;-133.9;44.3;44.6;15;14.9;26.4;0.0;
25/02/2025 03:09:14;100;0;146.87;-4;-19.80;-4.10;721.5;12.50;75679;2836.102;-1759.319;1;141;-130;-132.3;44.3;44.6;15;14.9;26.4;0.0;
25/02/2025 03:09:34;100;0;146.68;-4;-19.89;-4.06;724.1;12.50;75668;2836.100;-1759.317;1;141;-130;-133.9;44.3;44.6;15;14.9;26.4;0.0;
25/02/2025 03:09:54;100;0;145.88;-4;-19.87;-4.07;726.6;12.40;75652;2836.098;-1759.315;1;141;-130;-132.3;44.3;44.6;15;14.9;26.4;0.0;
25/02/2025 03:10:14;100;0;145.09;-4;-19.83;-4.08;729.2;12.40;75654;2836.096;-1759.313;1;141;-130;-132.3;44.3;44.6;15;14.9;26.4;0.0;
25/02/2025 03:10:34;100;0;144.35;-4;-19.92;-4.08;731.8;12.40;75649;2836.095;-1759.311;1;141;-130;-132.3;44.3;44.8;15;14.9;26.4;0.0;
25/02/2025 03:10:54;100;0;142.57;-4;-20.06;-4.05;734.6;12.40;75648;2836.093;-1759.308;1;141;-130;-132.3;44.3;44.6;15;14.9;26.4;0.0;
25/02/2025 03:11:14;100;0;140.06;-4;-19.88;-4.03;737.2;12.30;75644;2836.091;-1759.306;1;141;-130;-133.9;44.3;44.6;12;12.2;26.4;0.0;
25/02/2025 03:11:34;100;0;140.56;-4;-19.70;-5.49;739.9;12.30;75637;2836.089;-1759.304;1;141;-130;-133.9;44.3;44.6;12;11.7;26.4;0.0;
25/02/2025 03:11:54;100;0;140.67;-4;-19.52;-5.46;742.4;12.30;75631;2836.088;-1759.302;1;141;-130;-133.9;44.3;44.8;12;11.7;26.4;0.0;
25/02/2025 03:12:14;100;0;141.23;-4;-19.84;-5.47;745.0;12.30;75626;2836.086;-1759.299;1;141;-130;-132.3;44.3;44.6;12;12.2;26.4;0.0;
25/02/2025 03:12:34;100;0;141.27;-4;-19.52;-5.54;747.6;12.30;75623;2836.084;-1759.297;1;141;-130;-133.9;44.3;44.6;12;11.7;26.4;0.0;
25/02/2025 03:12:54;100;0;141.52;-4;-19.80;-5.52;750.3;12.20;75621;2836.083;-1759.295;1;141;-130;-132.3;44.3;44.6;12;11.7;26.4;0.0;
25/02/2025 03:13:14;100;0;140.92;-4;-19.72;-5.53;753.0;12.20;75618;2836.081;-1759.293;1;141;-130;-133.9;44.3;44.6;12;11.7;26.4;0.0;
25/02/2025 03:13:34;100;0;141.85;-4;-19.58;-5.55;755.7;12.20;75611;2836.079;-1759.290;1;141;-130;-132.3;44.3;44.6;12;11.7;26.4;0.0;
25/02/2025 03:13:54;100;0;141.10;-4;-19.66;-5.62;758.3;12.20;75606;2836.077;-1759.288;1;141;-130;-132.3;44.3;44.6;12;11.7;26.4;0.0;
25/02/2025 03:14:14;100;0;141.32;-4;-19.87;-5.48;761.0;12.10;75589;2836.076;-1759.286;1;141;-130;-133.9;44.3;44.6;12;11.7;26.4;0.0;
25/02/2025 03:14:34;100;0;142.46;-4;-19.90;-5.48;763.8;12.10;75586;2836.074;-1759.284;1;141;-130;-133.9;44.3;44.6;12;11.7;26.4;0.0;
25/02/2025 03:14:54;100;0;143.81;-4;-19.92;-5.52;766.7;12.10;75580;2836.072;-1759.281;1;141;-130;-132.3;44.3;44.6;14;14.0;26.4;0.0;
25/02/2025 03:15:14;100;0;145.05;-4;-20.10;-4.38;769.7;12.10;75580;2836.069;-1759.279;1;141;-130;-133.9;44.3;44.6;14;14.0;26.4;0.0;
25/02/2025 03:15:34;100;0;145.52;-4;-19.99;-4.25;772.6;12.00;75575;2836.067;-1759.277;1;141;-130;-132.3;44.3;44.6;14;14.0;26.4;0.0;
25/02/2025 03:15:54;100;0;146.27;-4;-20.10;-4.34;775.5;12.00;75566;2836.065;-1759.274;1;141;-130;-133.9;44.3;44.6;14;14.0;26.4;0.0;
25/02/2025 03:16:14;100;0;148.94;-4;-20.27;-4.26;778.5;12.00;75566;2836.063;-1759.272;1;141;-130;-133.9;44.3;44.6;14;14.0;26.4;0.0;
25/02/2025 03:16:34;100;0;153.35;-4;-19.87;-4.38;781.6;12.00;75555;2836.060;-1759.270;1;141;-130;-133.9;44.3;44.6;14;14.0;26.4;0.0;
25/02/2025 03:16:54;100;0;156.15;-4;-19.75;-4.46;784.7;11.90;75562;2836.057;-1759.269;1;141;-130;-133.9;44.3;44.6;16;15.8;26.4;0.0;
25/02/2025 03:17:14;100;0;158.87;-4;-19.98;-3.32;787.5;11.90;75557;2836.055;-1759.268;1;141;-130;-133.9;44.3;44.6;18;18.1;26.4;0.0;
25/02/2025 03:17:34;100;0;161.34;-4;-20.11;-2.26;790.7;11.90;75555;2836.052;-1759.266;1;141;-130;-133.9;44.3;44.6;21;21.2;26.4;0.0;
25/02/2025 03:17:54;100;0;161.25;-4;-20.23;-0.55;793.8;11.90;75542;2836.049;-1759.265;1;141;-130;-133.9;44.3;44.8;21;21.7;26.4;0.0;
25/02/2025 03:18:14;100;0;162.40;-4;-20.22;-0.63;796.7;11.90;75540;2836.047;-1759.264;1;141;-130;-132.3;44.3;44.6;21;21.7;26.4;0.0;
25/02/2025 03:18:34;100;0;161.14;-4;-20.83;-0.71;799.7;11.80;75536;2836.044;-1759.263;1;141;-130;-133.9;44.3;44.6;21;21.7;26.4;0.0;
25/02/2025 03:18:54;100;0;160.47;-4;-19.68;-0.49;802.7;11.80;75531;2836.041;-1759.261;1;141;-130;-133.9;44.3;44.6;21;21.7;26.4;0.0;
25/02/2025 03:19:14;100;0;157.90;-4;-19.84;-0.61;805.5;11.80;75540;2836.039;-1759.260;1;141;-130;-132.3;44.3;44.6;17;17.1;26.4;0.0;
25/02/2025 03:19:34;100;0;154.89;-4;-20.05;-3.01;808.3;11.80;75528;2836.036;-1759.258;1;141;-130;-133.9;44.3;44.6;17;17.1;26.4;0.0;
25/02/2025 03:19:54;100;0;152.83;-4;-20.10;-3.01;811.0;11.80;75521;2836.034;-1759.257;1;141;-130;-133.9;44.3;44.6;15;14.9;26.4;0.0;
25/02/2025 03:20:14;100;0;149.97;-4;-19.73;-4.16;813.9;11.70;75524;2836.032;-1759.255;1;141;-130;-133.9;44.3;44.6;15;14.4;26.4;0.0;
25/02/2025 03:20:34;100;0;145.03;-4;-19.44;-4.19;816.8;11.70;75528;2836.030;-1759.252;1;141;-130;-133.9;44.3;44.6;15;14.9;26.4;0.0;
25/02/2025 03:20:54;100;0;144.18;-4;-19.64;-4.06;819.7;11.70;75516;2836.028;-1759.250;1;141;-130;-132.3;44.3;44.6;15;14.9;26.4;0.0;
25/02/2025 03:21:14;100;0;141.37;-4;-19.71;-4.13;822.5;11.70;75511;2836.026;-1759.248;1;141;-130;-133.9;44.3;44.6;13;13.1;26.4;0.0;
25/02/2025 03:21:34;100;0;139.38;-4;-19.97;-5.15;825.4;11.70;75507;2836.024;-1759.245;1;141;-130;-132.3;44.3;44.6;13;12.6;26.4;0.0;
25/02/2025 03:21:54;100;0;141.13;-4;-19.59;-5.14;828.4;11.60;75506;2836.022;-1759.243;1;141;-130;-133.9;44.3;44.6;13;12.6;26.4;0.0;
25/02/2025 03:22:14;100;0;143.65;-4;-19.62;-5.10;831.4;11.60;75504;2836.020;-1759.240;1;141;-130;-132.3;44.3;44.6;13;12.6;26.4;0.0;
25/02/2025 03:22:34;100;0;148.41;-4;-19.64;-5.02;834.3;11.60;75494;2836.017;-1759.238;1;141;-130;-133.9;44.3;44.6;13;12.6;26.4;0.0;
25/02/2025 03:22:54;100;0;150.36;-4;-19.55;-5.07;837.4;11.60;75485;2836.015;-1759.236;1;141;-130;-132.3;44.3;44.6;13;12.6;26.4;0.0;
25/02/2025 03:23:14;100;0;151.46;-4;-19.53;-5.09;840.3;11.60;75482;2836.013;-1759.234;1;141;-130;-133.9;44.3;44.6;15;14.9;26.4;0.0;
25/02/2025 03:23:34;100;0;150.30;-4;-19.59;-3.75;843.2;11.50;75473;2836.010;-1759.232;1;141;-130;-132.3;44.3;44.8;15;15.3;26.4;0.0;
25/02/2025 03:23:54;100;0;152.36;-4;-19.83;-3.79;846.1;11.50;75473;2836.008;-1759.230;1;141;-130;-133.9;44.3;44.6;15;15.3;26.4;0.0;
25/02/2025 03:24:14;100;0;152.61;-4;-19.54;-3.84;849.1;11.50;75467;2836.005;-1759.229;1;141;-130;-133.9;44.3;44.6;15;15.3;26.4;0.0;
25/02/2025 03:24:34;100;0;147.61;-4;-19.33;-3.82;851.9;11.50;75464;2836.003;-1759.226;1;141;-130;-133.9;44.3;44.8;15;15.3;26.4;0.0;
25/02/2025 03:24:54;100;0;146.54;-4;-19.84;-3.81;854.7;11.40;75446;2836.001;-1759.224;1;141;-130;-132.3;44.3;44.6;15;15.3;26.4;0.0;
25/02/2025 03:25:14;100;0;144.57;-4;-18.74;-3.81;857.4;11.40;75446;2835.999;-1759.222;1;141;-130;-132.3;44.7;44.6;15;15.3;26.4;0.0;
25/02/2025 03:25:34;100;0;143.61;-4;-19.29;-3.78;860.2;11.40;75435;2835.997;-1759.220;1;141;-130;-133.9;44.7;44.6;15;15.3;26.4;0.0;
25/02/2025 03:25:54;100;0;142.20;-4;-19.40;-3.86;863.0;11.40;75431;2835.995;-1759.217;1;141;-130;-137.1;44.7;44.6;15;15.3;26.4;0.0;
25/02/2025 03:26:14;100;0;143.37;-4;-18.95;-3.79;865.7;11.30;75426;2835.993;-1759.215;1;141;-130;-133.9;45.0;44.9;15;15.3;26.4;0.0;
25/02/2025 03:26:34;100;0;144.37;-4;-20.57;-3.78;868.7;11.30;75429;2835.991;-1759.213;1;141;-130;-133.9;45.0;45.1;15;15.3;26.4;0.0;
25/02/2025 03:26:54;100;0;143.31;-4;-20.46;-3.77;871.6;11.30;75419;2835.989;-1759.210;1;141;-130;-133.9;45.0;45.2;15;15.3;26.4;0.0;
25/02/2025 03:27:14;100;0;144.21;-4;-20.17;-3.60;874.6;11.30;75418;2835.987;-1759.208;1;141;-130;-133.9;45.0;45.2;15;15.3;26.4;0.0;
25/02/2025 03:27:34;100;0;143.36;-4;-20.41;-3.77;877.4;11.30;75411;2835.985;-1759.206;1;141;-130;-133.9;45.0;45.2;15;15.3;26.4;0.0;
25/02/2025 03:27:54;100;0;144.27;-4;-20.04;-3.73;880.1;11.20;75406;2835.983;-1759.204;1;141;-130;-133.9;45.0;45.2;15;15.3;26.4;0.0;
25/02/2025 03:28:14;100;0;145.84;-4;-20.88;-3.93;882.8;11.20;75409;2835.981;-1759.202;1;141;-130;-133.9;45.0;45.2;15;15.3;26.4;0.0;
25/02/2025 03:28:34;100;0;145.29;-4;-20.70;-3.77;885.8;11.20;75398;2835.979;-1759.199;1;141;-130;-135.5;45.0;45.2;15;15.3;26.4;0.0;
25/02/2025 03:28:54;100;0;145.48;-4;-20.17;-3.74;888.8;11.20;75401;2835.977;-1759.197;1;141;-130;-133.9;45.0;45.2;15;15.3;26.4;0.0;
25/02/2025 03:29:14;100;0;144.82;-4;-20.66;-3.79;891.5;11.20;75392;2835.975;-1759.195;1;141;-130;-133.9;45.0;45.2;15;15.3;26.4;0.0;
25/02/2025 03:29:34;100;0;145.58;-4;-20.56;-3.71;894.5;11.10;75386;2835.973;-1759.193;1;141;-130;-133.9;45.0;45.2;15;15.3;26.4;0.0;
25/02/2025 03:29:54;100;0;144.35;-4;-20.68;-3.71;897.3;11.10;75397;2835.971;-1759.191;1;141;-130;-133.9;45.0;45.1;15;15.3;26.4;0.0;
25/02/2025 03:30:14;100;0;144.68;-4;-20.68;-3.90;900.4;11.10;75392;2835.969;-1759.188;1;141;-130;-133.9;45.0;45.2;15;15.3;26.4;0.0;
25/02/2025 03:30:34;100;0;144.47;-4;-20.31;-3.75;903.1;11.10;75391;2835.967;-1759.186;1;141;-130;-132.3;45.0;45.1;15;15.3;26.4;0.0;
25/02/2025 03:30:54;100;0;145.75;-4;-20.42;-3.80;906.0;11.10;75392;2835.965;-1759.184;1;141;-130;-133.9;45.0;45.2;15;15.3;26.4;0.0;
25/02/2025 03:31:14;100;0;147.19;-4;-20.40;-3.77;908.9;11.00;75385;2835.962;-1759.182;1;141;-130;-133.9;45.0;45.2;15;15.3;26.4;0.0;
25/02/2025 03:31:34;100;0;148.03;-4;-20.60;-3.76;911.9;11.00;75380;2835.960;-1759.180;1;141;-130;-133.9;45.0;45.2;15;15.3;26.4;0.0;
25/02/2025 03:31:54;100;0;148.23;-4;-20.14;-3.74;914.7;11.00;75380;2835.958;-1759.178;1;141;-130;-133.9;45.0;45.2;15;15.3;26.4;0.0;
25/02/2025 03:32:14;100;0;150.45;-4;-20.55;-3.68;917.6;11.00;75368;2835.956;-1759.176;1;141;-130;-133.9;45.0;45.2;15;15.3;26.4;0.0;
25/02/2025 03:32:34;100;0;152.17;-4;-20.39;-3.70;920.5;11.00;75371;2835.954;-1759.174;1;141;-130;-133.9;45.0;45.2;15;15.3;26.4;0.0;
25/02/2025 03:32:54;100;0;152.93;-4;-20.16;-3.79;923.4;11.00;75361;2835.951;-1759.172;1;141;-130;-133.9;45.0;45.2;15;15.3;26.4;0.0;
25/02/2025 03:33:14;100;0;152.48;-4;-20.47;-3.75;926.2;11.00;75364;2835.949;-1759.171;1;141;-130;-133.9;45.0;45.2;15;15.3;26.4;0.0;
25/02/2025 03:33:34;100;0;151.33;-4;-20.41;-3.67;929.2;10.90;75357;2835.946;-1759.169;1;141;-130;-132.3;45.0;45.1;15;15.3;26.4;0.0;
25/02/2025 03:33:54;100;0;148.41;-4;-20.54;-3.45;932.1;10.90;75351;2835.944;-1759.167;1;141;-130;-133.9;45.0;45.2;15;15.3;26.4;0.0;
25/02/2025 03:34:14;100;0;145.44;-4;-20.28;-3.89;935.1;10.90;75351;2835.942;-1759.165;1;141;-130;-133.9;45.0;45.2;15;15.3;26.4;0.0;
25/02/2025 03:34:34;100;0;142.77;-4;-20.25;-3.81;938.0;10.90;75349;2835.940;-1759.162;1;141;-130;-133.9;45.0;45.2;15;15.3;26.4;0.0;
25/02/2025 03:34:54;100;0;143.14;-4;-20.03;-3.93;940.8;10.80;75342;2835.938;-1759.160;1;141;-130;-133.9;45.0;45.2;15;15.3;26.4;0.0;
25/02/2025 03:35:15;100;0;142.69;-4;-20.00;-3.80;943.6;10.80;75334;2835.936;-1759.158;1;141;-130;-133.9;45.0;45.1;13;13.1;26.4;0.0;
25/02/2025 03:35:35;100;0;144.27;-4;-19.95;-5.07;946.4;10.80;75332;2835.934;-1759.155;1;141;-130;-133.9;45.0;45.4;13;12.6;26.4;0.0;
25/02/2025 03:35:55;100;0;146.18;-4;-20.17;-5.05;949.1;10.80;75320;2835.932;-1759.153;1;141;-130;-133.9;45.0;45.1;13;12.6;26.4;0.0;
25/02/2025 03:36:15;100;0;146.63;-4;-19.89;-5.11;951.7;10.80;75326;2835.930;-1759.151;1;141;-130;-133.9;45.0;45.2;13;12.6;26.4;0.0;
25/02/2025 03:36:35;100;0;147.73;-4;-20.08;-5.13;954.4;10.80;75327;2835.928;-1759.149;1;141;-130;-133.9;45.0;45.2;13;12.6;26.4;0.0;
25/02/2025 03:36:55;100;0;148.16;-4;-20.03;-5.09;957.1;10.70;75320;2835.926;-1759.148;1;141;-130;-133.9;45.0;45.2;13;12.6;26.4;0.0;
25/02/2025 03:37:15;100;0;148.20;-4;-20.06;-5.17;959.7;10.70;75318;2835.924;-1759.146;1;141;-130;-133.9;45.0;45.2;13;12.6;26.4;0.0;
25/02/2025 03:37:35;100;0;147.96;-4;-20.12;-5.08;962.3;10.70;75314;2835.922;-1759.144;1;141;-130;-133.9;45.0;45.2;13;12.6;26.4;0.0;
25/02/2025 03:37:55;100;0;146.40;-4;-20.29;-5.13;965.0;10.70;75308;2835.921;-1759.142;1;141;-130;-133.9;45.0;45.2;13;12.6;26.4;0.0;
25/02/2025 03:38:15;100;0;145.44;-4;-20.29;-5.08;967.7;10.70;75317;2835.919;-1759.140;1;141;-130;-137.1;45.0;45.2;13;12.6;26.4;0.0;
25/02/2025 03:38:35;100;0;146.51;-4;-20.24;-5.02;970.4;10.60;75308;2835.917;-1759.138;1;141;-130;-133.9;45.0;45.2;13;12.6;26.4;0.0;
25/02/2025 03:38:55;100;0;147.48;-4;-20.26;-5.07;973.2;10.60;75301;2835.915;-1759.136;1;141;-130;-133.9;45.0;45.2;13;12.6;26.4;0.0;
25/02/2025 03:39:15;100;0;148.49;-4;-20.04;-5.08;975.6;10.60;75299;2835.913;-1759.134;1;141;-130;-133.9;45.0;45.2;13;12.6;26.4;0.0;
25/02/2025 03:39:35;100;0;149.93;-4;-19.83;-5.06;978.3;10.60;75305;2835.911;-1759.132;1;141;-130;-135.5;45.0;45.2;13;12.6;26.4;0.0;
25/02/2025 03:39:55;100;0;151.13;-4;-19.62;-5.10;980.7;10.60;75298;2835.909;-1759.131;1;141;-130;-135.5;45.0;45.2;13;12.6;26.4;0.0;
25/02/2025 03:40:15;100;0;151.69;-4;-19.77;-5.22;983.0;10.60;75293;2835.907;-1759.129;1;141;-130;-133.9;45.0;45.2;13;12.6;26.4;0.0;
25/02/2025 03:40:35;100;0;152.03;-4;-19.89;-5.10;985.5;10.60;75291;2835.905;-1759.128;1;141;-130;-132.3;45.0;45.1;13;12.6;26.4;0.0;
25/02/2025 03:40:55;100;0;151.56;-4;-20.51;-5.13;987.8;10.50;75294;2835.904;-1759.126;1;141;-130;-133.9;45.0;45.2;13;12.6;26.4;0.0;
25/02/2025 03:41:15;100;0;152.02;-4;-20.31;-5.07;990.3;10.50;75284;2835.902;-1759.125;1;141;-130;-135.5;45.0;45.2;13;12.6;26.4;0.0;
25/02/2025 03:41:35;100;0;152.44;-4;-20.10;-5.11;992.9;10.50;75278;2835.900;-1759.123;1;141;-130;-133.9;45.0;45.2;13;12.6;26.4;0.0;
25/02/2025 03:41:55;100;0;152.09;-4;-20.36;-5.14;995.4;10.50;75288;2835.898;-1759.122;1;141;-130;-132.3;45.0;45.2;13;12.6;26.4;0.0;
25/02/2025 03:42:15;100;0;151.50;-4;-20.11;-5.21;997.9;10.50;75275;2835.896;-1759.120;1;141;-130;-133.9;45.0;45.2;13;12.6;26.4;0.0;
25/02/2025 03:42:23;118;0;151.16;-4;-19.99;-5.15;999.0;10.40;75277;2835.895;-1759.119;1;141;450;-129.0;22.8;22.8;7;7.2;26.4;0.0;
25/02/2025 03:42:33;118;0;120.13;-4;-6.08;-8.63;999.8;10.40;75258;2835.895;-1759.118;1;141;450;-3.2;22.8;22.5;7;6.8;25.0;-1.0;
25/02/2025 03:42:43;118;0;101.60;-4;19.90;-8.69;999.7;10.40;74988;2835.895;-1759.118;1;141;450;122.6;22.8;22.8;7;7.2;24.9;-1.0;
25/02/2025 03:42:53;118;0;97.84;-4;27.97;-9.31;998.9;10.40;74735;2835.896;-1759.118;1;141;450;246.8;22.8;22.8;7;7.2;25.0;-1.0;
25/02/2025 03:43:03;118;0;98.50;-4;27.35;-8.89;997.6;10.40;74485;2835.896;-1759.116;1;141;450;367.7;22.8;22.8;7;7.2;24.9;-1.0;
25/02/2025 03:43:13;118;0;99.98;-4;24.83;-8.41;996.1;10.40;74232;2835.896;-1759.114;1;141;450;453.2;22.8;23.0;7;7.2;24.7;-1.0;
25/02/2025 03:43:23;118;0;153.58;-4;22.31;-7.67;994.3;10.50;74062;2835.895;-1759.113;1;141;450;453.2;22.8;22.8;7;7.2;26.3;-1.0;
25/02/2025 03:43:33;118;0;150.53;-4;20.20;-7.72;992.6;10.50;74062;2835.893;-1759.112;1;141;450;453.2;22.8;22.8;7;7.2;26.3;-1.0;
25/02/2025 03:43:53;117;0;144.25;-4;18.43;-7.67;989.4;10.50;74071;2835.891;-1759.110;1;141;450;453.2;22.8;22.8;7;7.2;26.4;-1.0;
25/02/2025 03:44:13;117;0;137.33;-4;17.38;-7.59;986.1;10.60;74066;2835.888;-1759.106;1;141;450;451.6;22.0;21.8;31;31.1;26.4;-1.0;
25/02/2025 03:44:33;117;0;139.04;-4;20.56;4.61;982.9;10.60;74052;2835.886;-1759.103;1;141;450;453.2;22.0;21.6;31;31.1;26.4;-1.0;
25/02/2025 03:44:53;117;0;140.71;-4;22.33;4.66;979.4;10.60;74065;2835.884;-1759.100;1;141;450;453.2;22.7;22.7;29;28.9;26.4;-1.0;
25/02/2025 03:45:13;117;0;141.52;-4;21.09;3.46;975.8;10.60;74067;2835.881;-1759.097;1;141;450;454.8;22.7;22.8;29;28.9;26.4;-1.0;
25/02/2025 03:45:33;117;0;141.79;-4;20.69;3.45;972.1;10.60;74065;2835.879;-1759.095;1;141;450;450.0;22.7;22.8;29;28.9;26.4;-1.0;
25/02/2025 03:45:53;117;0;143.45;-4;20.95;3.34;968.7;10.60;74062;2835.876;-1759.092;1;141;450;453.2;22.7;22.8;29;28.9;26.4;-1.0;
25/02/2025 03:46:13;117;0;143.78;-4;19.98;3.60;965.2;10.60;74056;2835.874;-1759.089;1;141;450;453.2;22.7;22.7;29;28.9;26.4;-1.0;
25/02/2025 03:46:33;117;0;144.55;-4;20.39;3.45;961.7;10.60;74055;2835.871;-1759.086;1;141;450;453.2;22.7;22.8;29;28.9;26.4;-1.0;
25/02/2025 03:46:53;117;0;145.21;-4;20.23;3.48;958.2;10.60;74035;2835.868;-1759.083;1;141;450;453.2;22.7;22.8;29;28.9;26.4;-1.0;
25/02/2025 03:47:13;117;0;145.75;-4;20.73;3.24;954.8;10.60;74052;2835.866;-1759.081;1;141;450;453.2;22.7;22.8;29;28.9;26.4;-1.0;
25/02/2025 03:47:33;117;0;146.54;-4;20.92;3.33;951.3;10.50;74034;2835.863;-1759.078;1;141;450;453.2;22.7;22.8;29;28.9;26.4;-1.0;
25/02/2025 03:47:53;117;0;148.29;-4;20.70;3.43;947.7;10.50;74027;2835.860;-1759.076;1;141;450;453.2;22.7;22.8;29;28.9;26.4;-1.0;
25/02/2025 03:48:13;117;0;148.87;-4;20.58;3.51;944.1;10.50;74027;2835.857;-1759.073;1;141;450;453.2;22.7;22.8;29;28.9;26.4;-1.0;
25/02/2025 03:48:33;117;0;148.87;-4;20.47;3.47;940.7;10.50;74031;2835.854;-1759.071;1;141;450;453.2;22.7;22.8;29;28.9;26.4;-1.0;
25/02/2025 03:48:53;117;0;149.68;-4;20.39;3.40;937.2;10.50;74022;2835.851;-1759.069;1;141;450;454.8;22.7;22.8;29;28.9;26.4;-1.0;
25/02/2025 03:49:13;117;0;150.45;-4;20.46;3.47;933.8;10.40;74032;2835.849;-1759.066;1;141;450;453.2;22.7;22.8;29;28.9;26.4;-1.0;
25/02/2025 03:49:33;117;0;151.80;-4;20.52;3.30;930.3;10.40;74025;2835.846;-1759.064;1;141;450;453.2;22.7;22.8;29;28.9;26.4;-1.0;
25/02/2025 03:49:53;117;0;153.00;-4;20.32;3.35;927.0;10.40;74023;2835.843;-1759.062;1;141;450;453.2;22.7;22.8;27;27.1;26.4;-1.0;
25/02/2025 03:50:13;117;0;152.77;-4;20.37;2.45;923.6;10.40;74023;2835.840;-1759.060;1;141;450;453.2;22.7;22.8;27;26.6;26.4;-1.0;
25/02/2025 03:50:33;117;0;151.38;-4;20.16;2.44;920.3;10.40;74019;2835.837;-1759.058;1;141;450;454.8;22.7;22.8;27;26.6;26.4;-1.0;
25/02/2025 03:50:53;117;0;150.39;-4;20.23;2.47;916.9;10.40;74017;2835.834;-1759.056;1;141;450;453.2;22.7;22.8;27;26.6;26.4;-1.0;
25/02/2025 03:51:13;117;0;149.45;-4;20.31;2.38;913.6;10.40;74031;2835.831;-1759.053;1;141;450;454.8;22.7;22.8;27;26.6;26.4;-1.0;
25/02/2025 03:51:33;117;0;148.61;-4;20.16;2.49;910.4;10.40;74020;2835.829;-1759.051;1;141;450;453.2;22.7;22.8;27;26.6;26.4;-1.0;
25/02/2025 03:51:53;117;0;148.07;-4;20.11;2.37;907.0;10.40;74016;2835.826;-1759.049;1;141;450;453.2;22.7;22.7;27;26.6;26.4;-1.0;
25/02/2025 03:52:13;117;0;147.34;-4;19.98;2.43;903.7;10.30;74008;2835.823;-1759.046;1;141;450;453.2;22.7;22.8;27;26.6;26.4;-1.0;
25/02/2025 03:52:33;117;0;145.99;-4;20.23;2.44;900.5;10.30;74014;2835.821;-1759.044;1;141;450;453.2;22.7;23.0;27;26.6;26.4;-1.0;
25/02/2025 03:52:53;117;0;146.05;-4;20.27;2.37;897.1;10.30;74016;2835.818;-1759.041;1;141;450;454.8;22.7;22.8;27;26.6;26.4;-1.0;
25/02/2025 03:53:13;117;0;145.84;-4;20.17;2.57;893.8;10.30;74012;2835.816;-1759.039;1;141;450;453.2;22.7;22.8;27;26.6;26.4;-1.0;
25/02/2025 03:53:33;117;0;145.87;-4;20.36;2.37;890.6;10.30;74010;2835.813;-1759.036;1;141;450;453.2;22.7;22.8;27;26.6;26.4;-1.0;
25/02/2025 03:53:53;117;0;146.65;-4;20.34;2.36;887.2;10.30;74013;2835.811;-1759.034;1;141;450;453.2;22.7;23.0;27;26.6;26.4;-1.0;
25/02/2025 03:54:13;117;0;146.42;-4;20.11;2.49;883.9;10.30;74008;2835.808;-1759.031;1;141;450;453.2;22.7;22.8;27;26.6;26.4;-1.0;
25/02/2025 03:54:33;117;0;146.35;-4;20.23;2.27;880.6;10.30;74003;2835.805;-1759.028;1;141;450;454.8;22.7;22.8;27;26.6;26.4;-1.0;
25/02/2025 03:54:53;117;0;146.67;-4;20.32;2.42;877.2;10.30;74009;2835.803;-1759.026;1;141;450;453.2;22.7;23.0;27;26.6;26.4;-1.0;
25/02/2025 03:55:13;117;0;147.46;-4;20.23;2.36;873.9;10.30;74009;2835.800;-1759.023;1;141;450;453.2;22.7;22.8;27;26.6;26.4;-1.0;
25/02/2025 03:55:33;117;0;148.93;-4;19.88;2.14;870.7;10.30;74012;2835.797;-1759.021;1;141;450;454.8;22.7;22.8;27;26.6;26.4;-1.0;
25/02/2025 03:55:53;117;0;150.02;-4;20.12;2.24;867.3;10.30;74014;2835.795;-1759.019;1;141;450;454.8;22.7;22.8;27;26.6;26.4;-1.0;
25/02/2025 03:56:13;117;0;150.53;-4;19.66;2.16;864.1;10.20;74011;2835.792;-1759.017;1;141;450;453.2;22.7;23.0;27;26.6;26.4;-1.0;
25/02/2025 03:56:33;117;0;150.08;-4;20.20;2.43;860.7;10.20;74007;2835.789;-1759.015;1;141;450;453.2;22.7;22.8;27;26.6;26.4;-1.0;
25/02/2025 03:56:53;117;0;149.12;-4;20.37;2.29;857.4;10.20;74003;2835.786;-1759.012;1;141;450;453.2;22.7;22.8;27;26.6;26.4;-1.0;
25/02/2025 03:57:13;117;0;149.09;-4;20.08;2.27;854.0;10.20;74005;2835.783;-1759.010;1;141;450;454.8;22.7;22.8;27;26.6;26.4;-1.0;
25/02/2025 03:57:33;117;0;147.80;-4;19.50;2.45;850.5;10.20;74005;2835.781;-1759.007;1;141;450;453.2;22.7;22.8;27;26.6;26.4;-1.0;
25/02/2025 03:57:53;117;0;147.76;-4;20.03;2.35;847.4;10.20;74003;2835.778;-1759.005;1;141;450;454.8;22.7;22.8;27;26.6;26.4;-1.0;
25/02/2025 03:58:13;117;0;147.54;-4;20.15;2.38;844.2;10.20;73995;2835.776;-1759.003;1;141;450;453.2;22.7;22.8;27;26.6;26.4;-1.0;
25/02/2025 03:58:33;117;0;146.92;-4;20.10;2.39;840.9;10.20;73996;2835.773;-1759.000;1;141;450;453.2;22.7;22.8;27;26.6;26.4;-1.0;
25/02/2025 03:58:53;117;0;145.08;-4;19.94;2.52;837.9;10.20;74015;2835.771;-1758.998;1;141;450;453.2;22.7;22.8;27;26.6;26.4;-1.0;
25/02/2025 03:59:13;117;0;143.03;-4;19.79;2.42;834.8;10.20;74015;2835.768;-1758.995;1;141;450;454.8;22.7;22.8;27;26.6;26.4;-1.0;
25/02/2025 03:59:33;117;0;144.18;-4;20.19;2.26;831.9;10.20;74005;2835.766;-1758.993;1;141;450;453.2;22.7;22.8;27;26.6;26.4;-1.0;
25/02/2025 03:59:53;117;0;144.78;-4;20.13;2.36;828.7;10.20;74016;2835.764;-1758.990;1;141;450;451.6;22.7;22.8;27;26.6;26.4;-1.0;
25/02/2025 04:00:13;117;0;144.03;-4;19.97;2.36;825.6;10.20;74008;2835.762;-1758.988;1;141;450;454.8;22.7;22.8;27;26.6;26.4;-1.0;
25/02/2025 04:00:33;117;0;143.47;-4;20.11;2.37;822.6;10.20;74013;2835.759;-1758.985;1;141;450;454.8;22.7;22.8;27;26.6;26.4;-1.0;
25/02/2025 04:00:53;117;0;142.63;-4;20.13;2.34;819.6;10.20;74019;2835.757;-1758.983;1;141;450;454.8;22.7;22.8;29;28.9;26.4;-1.0;
25/02/2025 04:01:13;117;0;144.30;-4;19.87;3.71;816.4;10.20;74010;2835.755;-1758.980;1;141;450;453.2;22.7;22.8;29;29.3;26.4;-1.0;
25/02/2025 04:01:33;117;0;145.63;-4;20.22;3.67;813.5;10.20;74014;2835.753;-1758.978;1;141;450;454.8;22.7;22.8;29;29.3;26.4;-1.0;
25/02/2025 04:01:53;117;0;146.98;-4;20.14;3.80;810.4;10.20;74019;2835.750;-1758.976;1;141;450;454.8;22.7;22.8;29;29.3;26.4;-1.0;
25/02/2025 04:02:13;117;0;148.62;-4;20.37;3.76;807.4;10.20;74013;2835.748;-1758.974;1;141;450;453.2;22.7;23.0;29;29.3;26.4;-1.0;
25/02/2025 04:02:33;117;0;151.47;-4;20.03;3.64;804.2;10.20;74016;2835.745;-1758.972;1;141;450;454.8;22.7;22.8;29;29.3;26.4;-1.0;
25/02/2025 04:02:53;117;0;151.92;-4;20.34;3.71;801.3;10.20;74014;2835.743;-1758.970;1;141;450;454.8;22.7;22.8;29;29.3;26.4;-1.0;
25/02/2025 04:03:13;117;0;152.80;-4;20.37;3.73;798.3;10.20;74011;2835.740;-1758.968;1;141;450;454.8;22.7;22.8;29;29.3;26.4;-1.0;
25/02/2025 04:03:33;117;0;153.09;-4;20.22;3.57;795.2;10.20;74008;2835.738;-1758.966;1;141;450;454.8;22.7;22.8;29;29.3;26.4;-1.0;
25/02/2025 04:03:53;117;0;153.33;-4;20.32;3.95;792.0;10.20;74011;2835.735;-1758.964;1;141;450;454.8;22.7;22.8;27;27.1;26.4;-1.0;
25/02/2025 04:04:13;117;0;151.99;-4;20.27;2.39;788.9;10.20;74008;2835.733;-1758.962;1;141;450;454.8;22.7;22.8;27;26.6;26.4;-1.0;
25/02/2025 04:04:33;117;0;151.85;-4;20.22;2.29;785.5;10.20;74011;2835.730;-1758.960;1;141;450;451.6;22.7;22.8;27;26.6;26.4;-1.0;
25/02/2025 04:04:53;117;0;150.51;-4;19.87;2.27;782.1;10.20;74011;2835.727;-1758.958;1;141;450;453.2;22.7;22.8;27;27.1;26.4;-1.0;
25/02/2025 04:05:13;117;0;149.78;-4;19.68;2.50;778.9;10.20;74003;2835.724;-1758.956;1;141;450;454.8;22.7;22.8;27;26.6;26.4;-1.0;
25/02/2025 04:05:33;117;0;149.81;-4;20.08;2.35;775.5;10.20;74014;2835.721;-1758.953;1;141;450;454.8;22.7;22.8;27;26.6;26.4;-1.0;
25/02/2025 04:05:53;117;0;149.22;-4;19.98;2.28;772.2;10.20;74003;2835.719;-1758.951;1;141;450;453.2;22.7;22.8;27;26.6;26.4;-1.0;
25/02/2025 04:06:13;117;0;149.13;-4;19.91;2.34;768.8;10.20;74006;2835.716;-1758.949;1;141;450;454.8;22.7;22.8;27;26.6;26.4;-1.0;
25/02/2025 04:06:33;117;0;149.44;-4;20.04;2.30;765.5;10.20;74008;2835.713;-1758.946;1;141;450;454.8;22.7;22.8;27;26.6;26.4;-1.0;
25/02/2025 04:06:53;117;0;148.16;-4;19.70;2.40;762.3;10.20;74014;2835.711;-1758.944;1;141;450;454.8;22.7;22.8;27;26.6;26.4;-1.0;
25/02/2025 04:07:13;117;0;147.69;-4;19.59;2.34;759.0;10.20;74011;2835.708;-1758.942;1;141;450;454.8;22.7;22.8;27;26.6;26.4;-1.0;
25/02/2025 04:07:33;117;0;147.81;-4;19.61;2.18;755.9;10.20;74014;2835.705;-1758.939;1;141;450;454.8;22.7;22.8;27;26.6;26.4;-1.0;
25/02/2025 04:07:53;117;0;148.43;-4;19.74;2.17;752.9;10.20;74020;2835.703;-1758.937;1;141;450;454.8;22.7;22.8;27;26.6;26.4;-1.0;
25/02/2025 04:08:13;117;0;148.82;-4;19.83;2.32;749.9;10.20;74031;2835.701;-1758.935;1;141;450;454.8;22.7;22.8;27;26.6;26.4;-1.0;
25/02/2025 04:08:33;117;0;149.53;-4;19.80;2.32;746.9;10.20;74024;2835.698;-1758.933;1;141;450;451.6;22.7;22.8;27;26.6;26.4;-1.0;
25/02/2025 04:08:54;117;0;149.32;-4;20.02;2.42;743.8;10.20;74037;2835.696;-1758.931;1;141;450;453.2;22.7;22.8;27;26.6;26.4;-1.0;
25/02/2025 04:09:14;117;0;150.65;-4;19.78;2.15;740.6;10.20;74019;2835.693;-1758.929;1;141;450;454.8;22.7;22.8;27;26.6;26.4;-1.0;
25/02/2025 04:09:34;117;0;151.92;-4;19.83;2.29;737.6;10.20;74027;2835.691;-1758.927;1;141;450;453.2;22.7;22.8;27;26.6;26.4;-1.0;
25/02/2025 04:09:54;117;0;152.42;-4;19.83;2.36;734.2;10.20;74034;2835.688;-1758.925;1;141;450;454.8;22.7;22.8;27;26.6;26.4;-1.0;
25/02/2025 04:10:14;117;0;152.15;-4;19.66;2.31;731.1;10.20;74039;2835.685;-1758.923;1;141;450;454.8;22.7;22.8;27;26.6;26.4;-1.0;
25/02/2025 04:10:34;117;0;151.88;-4;19.73;2.26;728.0;10.20;74037;2835.683;-1758.921;1;141;450;454.8;22.7;22.8;27;26.6;26.4;-1.0;
25/02/2025 04:10:54;117;0;151.73;-4;19.70;2.30;725.0;10.20;74048;2835.680;-1758.919;1;141;450;454.8;22.7;22.8;27;26.6;26.4;-1.0;
25/02/2025 04:11:14;117;0;150.69;-4;19.75;2.34;722.0;10.20;74047;2835.678;-1758.917;1;141;450;454.8;22.7;22.8;27;26.6;26.4;-1.0;
25/02/2025 04:11:34;117;0;150.64;-4;19.85;2.11;719.0;10.30;74046;2835.675;-1758.915;1;141;450;454.8;22.7;22.8;27;26.6;26.4;-1.0;
25/02/2025 04:11:54;117;0;150.70;-4;19.81;2.43;716.0;10.30;74052;2835.673;-1758.913;1;141;450;456.5;22.7;23.0;27;26.6;26.4;-1.0;
25/02/2025 04:12:14;117;0;150.79;-4;19.84;2.39;712.9;10.30;74064;2835.670;-1758.911;1;141;450;454.8;22.7;22.8;27;26.6;26.4;-1.0;
25/02/2025 04:12:34;117;0;150.80;-4;19.73;2.34;709.6;10.30;74058;2835.668;-1758.909;1;141;450;454.8;22.7;22.8;27;26.6;26.4;-1.0;
25/02/2025 04:12:54;117;0;151.02;-4;19.81;2.33;706.6;10.30;74061;2835.665;-1758.907;1;141;450;454.8;22.7;22.8;27;26.6;26.4;-1.0;
25/02/2025 04:13:14;117;0;151.22;-4;19.89;2.35;703.4;10.30;74058;2835.662;-1758.905;1;141;450;454.8;22.7;22.8;27;26.6;26.4;-1.0;
25/02/2025 04:13:34;117;0;150.70;-4;19.94;2.74;700.2;10.30;74057;2835.660;-1758.903;1;141;450;456.5;22.7;22.8;27;26.6;26.4;-1.0;
25/02/2025 04:13:54;117;0;149.50;-4;19.55;2.38;697.0;10.30;74074;2835.657;-1758.900;1;141;450;454.8;22.7;22.8;27;26.6;26.4;-1.0;
25/02/2025 04:14:14;117;0;148.71;-4;19.59;2.40;693.7;10.30;74090;2835.654;-1758.898;1;141;450;454.8;22.7;22.8;27;26.6;26.4;-1.0;
25/02/2025 04:14:34;117;0;148.23;-4;19.59;2.36;690.6;10.30;74086;2835.652;-1758.896;1;141;450;454.8;22.7;22.8;27;26.6;26.4;-1.0;
25/02/2025 04:14:54;117;0;148.07;-4;19.57;2.41;687.2;10.30;74089;2835.649;-1758.893;1;141;450;454.8;22.7;22.8;27;26.6;26.4;-1.0;
25/02/2025 04:15:14;117;0;148.01;-4;19.21;2.45;684.1;10.30;74096;2835.647;-1758.891;1;141;450;454.8;22.7;22.8;27;26.6;26.4;-1.0;
25/02/2025 04:15:34;117;0;147.71;-4;19.50;2.25;680.8;10.40;74098;2835.644;-1758.889;1;141;450;453.2;22.7;22.8;27;26.6;26.4;-1.0;
25/02/2025 04:15:54;117;0;148.29;-4;19.47;2.28;677.5;10.40;74100;2835.641;-1758.886;1;141;450;454.8;22.7;22.8;27;26.6;26.4;-1.0;
25/02/2025 04:16:14;117;0;147.58;-4;19.64;2.36;674.3;10.40;74089;2835.639;-1758.884;1;141;450;454.8;22.7;22.8;27;26.6;26.4;-1.0;
25/02/2025 04:16:34;117;0;147.40;-4;19.72;2.67;671.0;10.40;74097;2835.636;-1758.882;1;141;450;454.8;22.7;22.8;27;26.6;26.4;-1.0;
25/02/2025 04:16:54;117;0;148.47;-4;19.64;2.21;667.9;10.40;74100;2835.634;-1758.879;1;141;450;453.2;22.7;22.8;27;26.6;26.4;-1.0;
25/02/2025 04:17:14;117;0;146.77;-4;19.21;2.50;664.6;10.40;74102;2835.631;-1758.877;1;141;450;454.8;22.7;22.8;27;26.6;26.4;-1.0;
25/02/2025 04:17:34;117;0;147.85;-4;19.54;2.37;661.4;10.40;74110;2835.628;-1758.874;1;141;450;454.8;22.7;22.8;27;26.6;26.4;-1.0;
25/02/2025 04:17:54;117;0;147.32;-4;19.64;2.36;658.1;10.40;74102;2835.626;-1758.872;1;141;450;454.8;22.7;22.8;27;26.6;26.4;-1.0;
25/02/2025 04:18:14;117;0;146.52;-4;19.53;2.39;654.8;10.50;74101;2835.623;-1758.870;1;141;450;453.2;22.7;22.8;27;26.6;26.4;-1.0;
25/02/2025 04:18:34;117;0;145.64;-4;19.50;2.30;651.6;10.50;74104;2835.621;-1758.867;1;141;450;454.8;22.7;22.8;27;26.6;26.4;-1.0;
25/02/2025 04:18:54;117;0;143.74;-4;19.51;2.42;648.4;10.50;74117;2835.618;-1758.864;1;141;450;454.8;22.7;22.8;27;26.6;26.4;-1.0;
25/02/2025 04:19:14;117;0;144.51;-4;19.63;2.32;645.2;10.50;74116;2835.616;-1758.862;1;141;450;454.8;22.7;22.8;27;26.6;26.4;-1.0;
25/02/2025 04:19:34;117;0;144.77;-4;19.76;2.37;642.1;10.50;74127;2835.613;-1758.859;1;141;450;454.8;22.7;22.8;27;26.6;26.4;-1.0;
25/02/2025 04:19:54;117;0;144.53;-4;19.66;2.25;639.0;10.50;74129;2835.611;-1758.857;1;141;450;454.8;22.7;22.8;27;26.6;26.4;-1.0;
25/02/2025 04:20:14;117;0;145.15;-4;19.64;2.35;635.7;10.50;74129;2835.609;-1758.854;1;141;450;454.8;22.7;22.8;27;26.6;26.4;-1.0;
25/02/2025 04:20:34;117;0;145.68;-4;19.60;2.33;632.7;10.50;74133;2835.606;-1758.852;1;141;450;454.8;22.7;22.8;27;26.6;26.4;-1.0;
25/02/2025 04:20:54;117;0;144.34;-4;19.50;2.44;629.7;10.50;74136;2835.604;-1758.850;1;141;450;454.8;22.7;22.8;27;26.6;26.4;-1.0;
25/02/2025 04:21:14;117;0;143.83;-4;19.46;2.35;626.8;10.60;74140;2835.602;-1758.847;1;141;450;454.8;22.7;22.8;27;26.6;26.4;-1.0;
25/02/2025 04:21:34;117;0;143.23;-4;19.52;2.39;623.7;10.60;74153;2835.600;-1758.845;1;141;450;454.8;22.7;22.8;27;26.6;26.4;-1.0;
25/02/2025 04:21:54;117;0;143.14;-4;19.55;2.29;620.7;10.60;74145;2835.598;-1758.842;1;141;450;454.8;22.7;22.8;27;26.6;26.4;-1.0;
25/02/2025 04:22:14;117;0;143.22;-4;19.58;2.39;617.8;10.60;74152;2835.595;-1758.840;1;141;450;456.5;22.7;22.8;27;26.6;26.4;-1.0;
25/02/2025 04:22:34;117;0;143.28;-4;19.52;2.21;614.9;10.60;74148;2835.593;-1758.838;1;141;450;456.5;22.7;23.0;27;26.6;26.4;-1.0;
25/02/2025 04:22:54;117;0;144.22;-4;19.44;2.18;612.0;10.60;74159;2835.591;-1758.835;1;141;450;454.8;22.7;22.8;27;26.6;26.4;-1.0;
25/02/2025 04:23:14;117;0;145.55;-4;19.46;2.22;608.9;10.60;74162;2835.589;-1758.833;1;141;450;456.5;22.7;22.8;27;26.6;26.4;-1.0;
25/02/2025 04:23:34;117;0;146.60;-4;19.52;2.31;606.0;10.60;74155;2835.587;-1758.831;1;141;450;454.8;22.7;22.8;27;26.6;26.4;-1.0;
25/02/2025 04:23:54;117;0;146.30;-4;19.45;2.29;603.1;10.70;74173;2835.584;-1758.828;1;141;450;454.8;22.7;22.8;27;26.6;26.4;-1.0;
25/02/2025 04:24:14;117;0;144.00;-4;19.50;2.35;600.3;10.70;74176;2835.582;-1758.826;1;141;450;454.8;22.7;22.8;27;26.6;26.4;-1.0;
25/02/2025 04:24:34;117;0;143.17;-4;19.40;2.34;597.3;10.70;74172;2835.580;-1758.823;1;141;450;454.8;22.7;22.8;27;26.6;26.4;-1.0;
25/02/2025 04:24:54;117;0;142.19;-4;19.24;2.34;594.4;10.70;74183;2835.578;-1758.821;1;141;450;456.5;22.7;22.8;29;28.9;26.4;-1.0;
25/02/2025 04:25:14;117;0;141.84;-4;19.37;3.75;591.6;10.70;74186;2835.576;-1758.818;1;141;450;456.5;22.7;23.0;29;29.3;26.4;-1.0;
25/02/2025 04:25:34;117;0;142.41;-4;19.47;3.74;588.5;10.70;74192;2835.573;-1758.816;1;141;450;454.8;22.7;22.8;29;29.3;26.4;-1.0;
25/02/2025 04:25:54;117;0;142.38;-4;19.29;3.68;585.5;10.80;74194;2835.571;-1758.813;1;141;450;454.8;22.7;22.8;29;29.3;26.4;-1.0;
25/02/2025 04:26:14;117;0;143.22;-4;19.36;3.74;582.6;10.80;74188;2835.569;-1758.811;1;141;450;454.8;22.7;23.0;29;29.3;26.4;-1.0;
25/02/2025 04:26:34;117;0;144.26;-4;19.43;3.76;579.7;10.80;74199;2835.567;-1758.808;1;141;450;454.8;22.7;22.8;29;29.3;26.4;-1.0;
25/02/2025 04:26:54;117;0;145.17;-4;19.41;3.78;576.7;10.80;74192;2835.565;-1758.806;1;141;450;454.8;22.7;22.8;29;29.3;26.4;-1.0;
25/02/2025 04:27:14;117;0;146.75;-4;19.49;3.81;573.8;10.80;74197;2835.562;-1758.804;1;141;450;454.8;22.7;22.8;29;29.3;26.4;-1.0;
25/02/2025 04:27:34;117;0;146.21;-4;19.40;3.82;570.8;10.80;74205;2835.560;-1758.801;1;141;450;454.8;22.7;22.8;29;29.3;26.4;-1.0;
25/02/2025 04:27:54;117;0;145.77;-4;19.34;3.80;567.9;10.80;74204;2835.558;-1758.799;1;141;450;453.2;22.7;22.8;29;29.3;26.4;-1.0;
25/02/2025 04:28:14;117;0;146.15;-4;19.46;3.75;564.9;10.90;74212;2835.555;-1758.797;1;141;450;454.8;22.7;22.8;29;29.3;26.4;-1.0;
25/02/2025 04:28:34;117;0;147.21;-4;19.49;3.74;562.0;10.90;74227;2835.553;-1758.794;1;141;450;454.8;22.7;22.8;29;29.3;26.4;-1.0;
25/02/2025 04:28:54;117;0;148.25;-4;19.53;3.74;559.1;10.90;74230;2835.551;-1758.792;1;141;450;456.5;22.7;22.8;29;29.3;26.4;-1.0;
25/02/2025 04:29:14;117;0;149.79;-4;19.59;3.69;556.2;10.90;74232;2835.548;-1758.790;1;141;450;454.8;22.7;22.8;29;29.3;26.4;-1.0;
25/02/2025 04:29:34;117;0;151.96;-4;19.54;3.76;553.2;10.90;74238;2835.546;-1758.788;1;141;450;454.8;22.7;22.8;29;29.3;26.4;-1.0;
25/02/2025 04:29:54;117;0;153.51;-4;19.35;3.77;550.2;11.00;74231;2835.543;-1758.787;1;141;450;456.5;22.7;22.8;27;27.1;26.4;-1.0;
25/02/2025 04:30:14;117;0;153.96;-4;19.25;2.29;547.3;11.00;74242;2835.541;-1758.785;1;141;450;456.5;22.7;22.8;27;26.6;26.4;-1.0;
25/02/2025 04:30:34;117;0;154.75;-4;19.16;2.22;544.5;11.00;74247;2835.538;-1758.783;1;141;450;453.2;22.7;22.8;27;26.6;26.4;-1.0;
25/02/2025 04:30:54;117;0;154.90;-4;19.23;2.20;541.7;11.00;74251;2835.536;-1758.782;1;141;450;456.5;22.7;22.8;27;26.6;26.4;-1.0;
25/02/2025 04:31:14;117;0;155.83;-4;19.20;2.27;538.8;11.00;74256;2835.533;-1758.780;1;141;450;454.8;22.7;22.8;27;26.6;26.4;-1.0;
25/02/2025 04:31:34;117;0;156.01;-4;18.86;2.25;536.1;11.00;74263;2835.531;-1758.778;1;141;450;454.8;22.3;22.4;27;26.6;26.4;-1.0;
25/02/2025 04:31:54;117;0;156.45;-4;19.85;2.20;533.3;11.00;74252;2835.529;-1758.777;1;141;450;454.8;22.3;21.9;27;26.6;26.4;-1.0;
25/02/2025 04:32:14;117;0;155.74;-4;20.12;2.35;530.4;11.10;74264;2835.526;-1758.775;1;141;450;453.2;22.3;22.1;27;26.6;26.4;-1.0;
25/02/2025 04:32:34;117;0;155.03;-4;19.79;2.36;527.6;11.10;74258;2835.524;-1758.774;1;141;450;454.8;22.3;22.1;27;26.6;26.4;-1.0;
25/02/2025 04:32:54;117;0;154.74;-4;19.90;2.31;524.8;11.10;74258;2835.521;-1758.772;1;141;450;453.2;22.3;22.1;27;26.6;26.4;-1.0;
25/02/2025 04:33:14;117;0;155.22;-4;20.33;2.22;522.2;11.10;74267;2835.519;-1758.771;1;141;450;454.8;22.3;21.9;27;26.6;26.4;-1.0;
25/02/2025 04:33:34;117;0;155.06;-4;20.24;2.21;519.2;11.10;74264;2835.517;-1758.769;1;141;450;456.5;22.3;22.1;27;26.6;26.4;-1.0;
25/02/2025 04:33:54;117;0;154.73;-4;20.18;2.31;516.5;11.10;74272;2835.514;-1758.768;1;141;450;454.8;22.3;22.1;27;26.6;26.4;-1.0;
25/02/2025 04:34:14;117;0;155.97;-4;20.29;2.17;513.7;11.20;74273;2835.512;-1758.766;1;141;450;456.5;22.3;22.1;27;26.6;26.4;-1.0;
25/02/2025 04:34:34;117;0;156.79;-4;20.25;2.22;510.9;11.20;74288;2835.510;-1758.765;1;141;450;453.2;22.3;21.9;25;24.8;26.4;-1.0;
25/02/2025 04:34:54;117;0;156.67;-4;20.35;1.16;507.9;11.20;74280;2835.507;-1758.763;1;141;450;454.8;22.3;21.9;25;24.4;26.4;-1.0;
25/02/2025 04:35:14;117;0;156.23;-4;20.19;1.08;505.0;11.20;74287;2835.505;-1758.762;1;141;450;456.5;22.3;21.9;25;24.4;26.4;-1.0;
25/02/2025 04:35:34;117;0;154.67;-4;20.05;1.09;502.0;11.20;74296;2835.502;-1758.760;1;141;450;454.8;22.3;21.9;27;27.1;26.4;-1.0;
25/02/2025 04:35:54;117;0;154.57;-4;20.67;3.02;499.0;11.20;74296;2835.500;-1758.758;1;141;450;456.5;22.3;21.9;27;28.0;26.4;-1.0;
25/02/2025 04:36:14;117;0;154.83;-4;20.48;2.85;495.8;11.20;74285;2835.497;-1758.756;1;141;450;456.5;22.3;21.9;27;28.0;26.4;-1.0;
25/02/2025 04:36:34;117;0;154.23;-4;20.33;3.06;492.8;11.30;74295;2835.494;-1758.755;1;141;450;454.8;22.3;21.9;27;28.0;26.4;-1.0;
25/02/2025 04:36:54;117;0;153.77;-4;20.46;3.01;489.7;11.30;74292;2835.492;-1758.753;1;141;450;456.5;22.3;21.9;27;28.0;26.4;-1.0;
25/02/2025 04:37:14;117;0;154.05;-4;20.35;2.97;486.6;11.30;74301;2835.489;-1758.751;1;141;450;456.5;22.3;21.9;27;28.0;26.4;-1.0;
25/02/2025 04:37:34;117;0;154.24;-4;20.41;2.96;483.4;11.30;74305;2835.486;-1758.749;1;141;450;454.8;22.3;21.9;27;28.0;26.4;-1.0;
25/02/2025 04:37:54;117;0;154.36;-4;20.42;3.01;480.3;11.30;74304;2835.484;-1758.747;1;141;450;456.5;22.3;21.9;27;28.0;26.4;-1.0;
25/02/2025 04:38:14;117;0;154.67;-4;20.08;3.08;477.2;11.40;74311;2835.481;-1758.746;1;141;450;454.8;22.3;21.9;27;28.0;26.4;-1.0;
25/02/2025 04:38:34;117;0;154.93;-4;20.16;2.98;474.2;11.40;74311;2835.478;-1758.744;1;141;450;456.5;22.3;21.9;27;28.0;26.4;-1.0;
25/02/2025 04:38:54;117;0;154.88;-4;20.14;2.93;471.1;11.40;74310;2835.476;-1758.742;1;141;450;454.8;22.3;22.1;27;28.0;26.4;-1.0;
25/02/2025 04:39:14;117;0;155.21;-4;20.11;2.95;468.2;11.40;74324;2835.473;-1758.741;1;141;450;454.8;22.3;21.9;27;28.0;26.4;-1.0;
25/02/2025 04:39:34;117;0;156.23;-4;20.13;2.93;465.2;11.40;74327;2835.471;-1758.739;1;141;450;456.5;22.3;21.9;25;24.4;26.4;-1.0;
25/02/2025 04:39:54;117;0;154.93;-4;19.93;0.91;462.3;11.50;74337;2835.468;-1758.737;1;141;450;456.5;22.3;21.9;25;24.4;26.4;-1.0;
25/02/2025 04:40:14;117;0;152.05;-4;19.87;1.00;459.3;11.50;74338;2835.466;-1758.735;1;141;450;456.5;22.3;21.9;27;27.1;26.4;-1.0;
25/02/2025 04:40:34;117;0;151.33;-4;20.12;2.69;456.3;11.50;74336;2835.463;-1758.733;1;141;450;454.8;22.3;21.9;27;27.5;26.4;-1.0;
25/02/2025 04:40:54;117;0;152.13;-4;20.24;2.65;453.4;11.50;74343;2835.461;-1758.732;1;141;450;456.5;22.3;21.9;27;27.5;26.4;-1.0;
25/02/2025 04:41:14;117;0;152.44;-4;20.38;2.69;450.3;11.50;74347;2835.458;-1758.730;1;141;450;454.8;22.3;21.9;27;27.5;26.4;-1.0;
25/02/2025 04:41:34;117;0;151.81;-4;20.26;2.75;447.2;11.50;74346;2835.456;-1758.728;1;141;450;454.8;22.3;21.9;27;27.5;26.4;-1.0;
25/02/2025 04:41:54;117;0;150.40;-4;20.20;2.74;444.1;11.50;74349;2835.453;-1758.726;1;141;450;458.1;22.3;21.9;27;27.5;26.4;-1.0;
25/02/2025 04:42:14;117;0;148.69;-4;20.15;2.79;441.2;11.60;74361;2835.451;-1758.724;1;141;450;454.8;22.3;21.9;27;27.5;26.4;-1.0;
25/02/2025 04:42:34;117;0;148.47;-4;20.31;2.70;438.0;11.60;74369;2835.449;-1758.721;1;141;450;454.8;22.3;21.9;27;27.5;26.4;-1.0;
25/02/2025 04:42:54;117;0;147.04;-4;20.25;2.73;435.0;11.60;74363;2835.446;-1758.719;1;141;450;456.5;22.3;21.9;27;27.5;26.4;-1.0;
25/02/2025 04:43:14;117;0;145.65;-4;20.18;2.79;431.8;11.60;74378;2835.444;-1758.717;1;141;450;456.5;22.3;21.9;27;27.5;26.4;-1.0;
25/02/2025 04:43:35;117;0;146.01;-4;20.08;2.65;428.9;11.60;74378;2835.442;-1758.715;1;141;450;454.8;22.3;21.9;27;27.5;26.4;-1.0;
25/02/2025 04:43:55;117;0;145.74;-4;20.33;2.63;425.7;11.70;74384;2835.439;-1758.712;1;141;450;456.5;22.3;21.9;27;27.5;26.4;-1.0;
25/02/2025 04:44:15;117;0;146.82;-4;20.10;2.61;422.5;11.70;74386;2835.437;-1758.710;1;141;450;458.1;22.3;21.9;27;27.5;26.4;-1.0;
25/02/2025 04:44:35;117;0;146.55;-4;20.35;2.77;419.5;11.70;74393;2835.434;-1758.707;1;141;450;454.8;22.3;21.9;27;27.5;26.4;-1.0;
25/02/2025 04:44:55;117;0;146.17;-4;20.21;2.72;416.5;11.70;74403;2835.432;-1758.705;1;141;450;456.5;22.3;22.1;27;27.1;26.4;-1.0;
25/02/2025 04:45:15;117;0;145.90;-4;20.24;2.77;413.3;11.70;74399;2835.430;-1758.703;1;141;450;456.5;22.3;21.9;27;27.1;26.4;-1.0;
25/02/2025 04:45:35;117;0;145.90;-4;20.13;2.61;410.4;11.80;74406;2835.427;-1758.701;1;141;450;456.5;22.3;22.1;27;27.1;26.4;-1.0;
25/02/2025 04:45:55;117;0;144.96;-4;20.12;2.69;407.3;11.80;74406;2835.425;-1758.698;1;141;450;456.5;22.3;21.9;27;27.1;26.4;-1.0;
25/02/2025 04:46:15;117;0;144.20;-4;19.97;2.78;404.3;11.80;74423;2835.423;-1758.696;1;141;450;454.8;22.3;21.9;27;27.5;26.4;-1.0;
25/02/2025 04:46:35;117;0;143.44;-4;20.01;2.75;401.4;11.80;74420;2835.421;-1758.693;1;141;450;454.8;22.3;21.9;27;27.1;26.4;-1.0;
25/02/2025 04:46:55;117;0;143.87;-4;19.97;2.72;398.4;11.80;74427;2835.419;-1758.691;1;141;450;456.5;22.3;21.9;27;27.5;26.4;-1.0;
25/02/2025 04:47:15;117;0;143.95;-4;19.87;2.78;395.5;11.90;74432;2835.417;-1758.689;1;141;450;456.5;22.3;21.9;27;27.5;26.4;-1.0;
25/02/2025 04:47:35;117;0;142.43;-4;19.85;2.66;392.7;11.90;74436;2835.415;-1758.686;1;141;450;454.8;22.3;22.1;27;27.1;26.4;-1.0;
25/02/2025 04:47:55;117;0;140.54;-4;19.93;2.74;389.8;11.90;74443;2835.413;-1758.684;1;141;450;456.5;22.3;21.9;29;28.9;26.4;-1.0;
25/02/2025 04:48:15;117;0;139.80;-4;19.87;3.70;386.9;11.90;74445;2835.411;-1758.681;1;141;450;454.8;22.3;22.1;29;29.3;26.4;-1.0;
25/02/2025 04:48:35;117;0;139.93;-4;19.90;3.69;384.1;12.00;74456;2835.409;-1758.679;1;141;450;456.5;22.3;21.9;29;29.3;26.4;-1.0;
25/02/2025 04:48:55;117;0;141.71;-4;20.00;3.61;381.3;12.00;74464;2835.407;-1758.676;1;141;450;453.2;22.3;21.9;29;29.3;26.4;-1.0;
25/02/2025 04:49:15;117;0;143.70;-4;20.18;3.59;378.5;12.00;74465;2835.405;-1758.674;1;141;450;456.5;22.3;21.9;29;29.3;26.4;-1.0;
25/02/2025 04:49:35;117;0;145.44;-4;20.08;3.61;375.7;12.00;74472;2835.403;-1758.672;1;141;450;456.5;22.3;21.9;27;27.1;26.4;-1.0;
25/02/2025 04:49:55;117;0;145.70;-4;20.00;2.36;373.0;12.00;74487;2835.401;-1758.670;1;141;450;454.8;22.3;21.9;27;27.1;26.4;-1.0;
25/02/2025 04:50:15;117;0;145.36;-4;19.93;2.39;370.3;12.10;74492;2835.399;-1758.668;1;141;450;456.5;22.3;21.9;27;27.1;26.4;-1.0;
25/02/2025 04:50:35;117;0;145.01;-4;20.01;2.41;367.6;12.10;74494;2835.397;-1758.666;1;141;450;456.5;22.3;21.9;27;27.1;26.4;-1.0;
25/02/2025 04:50:55;117;0;144.62;-4;20.04;2.40;364.8;12.10;74509;2835.395;-1758.664;1;141;450;456.5;22.3;21.9;27;27.1;26.4;-1.0;
25/02/2025 04:51:15;117;0;143.98;-4;19.94;2.42;362.0;12.10;74509;2835.393;-1758.661;1;141;450;456.5;22.3;22.1;27;27.1;26.4;-1.0;
25/02/2025 04:51:35;117;0;143.09;-4;19.83;2.50;359.2;12.20;74518;2835.391;-1758.659;1;141;450;456.5;22.3;21.9;27;27.1;26.4;-1.0;
25/02/2025 04:51:55;117;0;143.60;-4;19.93;2.43;356.3;12.20;74533;2835.389;-1758.657;1;141;450;456.5;22.3;21.9;27;27.1;26.4;-1.0;
25/02/2025 04:52:15;117;0;142.63;-4;19.97;2.45;353.5;12.20;74540;2835.387;-1758.654;1;141;450;456.5;22.3;21.9;27;27.1;26.4;-1.0;
25/02/2025 04:52:35;117;0;142.20;-4;19.91;2.50;350.6;12.30;74548;2835.385;-1758.652;1;141;450;456.5;22.3;21.9;27;27.1;26.4;-1.0;
25/02/2025 04:52:55;117;0;142.02;-4;19.95;2.47;347.7;12.30;74558;2835.383;-1758.649;1;141;450;454.8;22.3;21.9;27;27.1;26.4;-1.0;
25/02/2025 04:53:15;117;0;142.01;-4;19.81;2.46;344.8;12.30;74557;2835.381;-1758.647;1;141;450;454.8;22.3;21.9;27;27.1;26.4;-1.0;
25/02/2025 04:53:35;117;0;141.91;-4;19.87;2.44;341.7;12.30;74567;2835.379;-1758.644;1;141;450;456.5;22.3;21.9;27;27.1;26.4;-1.0;
25/02/2025 04:53:55;117;0;141.70;-4;19.86;2.42;338.6;12.40;74571;2835.377;-1758.642;1;141;450;456.5;22.3;21.9;29;28.9;26.4;-1.0;
25/02/2025 04:54:15;117;0;142.48;-4;19.85;3.76;335.6;12.40;74579;2835.375;-1758.639;1;141;450;454.8;22.3;21.9;29;29.3;26.4;-1.0;
25/02/2025 04:54:35;117;0;143.63;-4;19.86;3.68;332.7;12.40;74584;2835.373;-1758.637;1;141;450;456.5;22.3;21.9;29;29.3;26.4;-1.0;
25/02/2025 04:54:55;117;0;144.94;-4;19.93;3.63;329.6;12.40;74581;2835.370;-1758.634;1;141;450;456.5;22.3;22.1;29;29.3;26.4;-1.0;
25/02/2025 04:55:15;117;0;146.30;-4;20.01;3.65;326.6;12.50;74588;2835.368;-1758.632;1;141;450;454.8;22.3;21.9;29;29.3;26.4;-1.0;
25/02/2025 04:55:35;117;0;147.63;-4;19.93;3.73;323.6;12.50;74600;2835.366;-1758.630;1;141;450;456.5;22.3;21.8;29;29.3;26.4;-1.0;
25/02/2025 04:55:55;117;0;148.79;-4;19.84;3.67;320.5;12.50;74612;2835.363;-1758.628;1;141;450;456.5;22.3;21.9;29;29.3;26.4;-1.0;
25/02/2025 04:56:15;117;0;150.65;-4;19.79;3.73;317.5;12.50;74608;2835.361;-1758.626;1;141;450;456.5;22.3;21.9;29;29.3;26.4;-1.0;
25/02/2025 04:56:35;117;0;151.60;-4;19.90;3.73;314.6;12.60;74612;2835.359;-1758.624;1;141;450;454.8;22.3;21.9;29;29.3;26.3;-1.0;
25/02/2025 04:56:55;117;0;152.60;-4;19.92;3.75;311.7;12.60;74611;2835.356;-1758.622;1;141;450;456.5;22.3;21.9;27;27.1;26.4;-1.0;
25/02/2025 04:57:15;117;0;153.32;-4;19.80;2.55;308.7;12.60;74615;2835.354;-1758.620;1;141;450;456.5;22.3;21.9;27;27.1;26.4;-1.0;
25/02/2025 04:57:35;117;0;153.91;-4;19.88;2.51;305.9;12.70;74619;2835.351;-1758.619;1;141;450;456.5;22.3;21.9;27;27.1;26.4;-1.0;
25/02/2025 04:57:55;117;0;154.74;-4;19.72;2.43;302.9;12.70;74613;2835.349;-1758.617;1;141;450;456.5;22.3;21.9;27;27.1;26.4;-1.0;
25/02/2025 04:58:15;117;0;154.78;-4;19.71;2.50;300.1;12.70;74631;2835.347;-1758.616;1;141;450;456.5;22.3;21.9;27;27.1;26.4;-1.0;
25/02/2025 04:58:35;117;0;155.90;-4;19.53;2.46;297.2;12.70;74628;2835.344;-1758.614;1;141;450;456.5;22.3;21.9;27;27.1;26.4;-1.0;
25/02/2025 04:58:55;117;0;156.63;-4;19.54;2.53;294.6;12.70;74640;2835.342;-1758.613;1;141;450;454.8;22.3;21.9;27;27.1;26.4;-1.0;
25/02/2025 04:59:15;117;0;156.91;-4;19.70;2.44;291.7;12.80;74638;2835.339;-1758.611;1;141;450;456.5;22.3;21.9;25;24.8;26.4;-1.0;
25/02/2025 04:59:35;117;0;157.47;-4;19.47;0.99;289.0;12.80;74656;2835.337;-1758.610;1;141;450;456.5;22.3;21.9;25;24.4;26.4;-1.0;
25/02/2025 04:59:55;117;0;158.68;-4;19.82;0.96;286.2;12.80;74658;2835.335;-1758.608;1;141;450;454.8;22.3;21.9;25;24.4;26.4;-1.0;
25/02/2025 05:00:15;117;0;157.67;-4;19.50;1.07;283.5;12.90;74670;2835.332;-1758.607;1;141;450;454.8;22.3;21.9;25;24.4;26.4;-1.0;
25/02/2025 05:00:35;117;0;155.98;-4;19.44;0.95;280.8;12.90;74678;2835.330;-1758.606;1;141;450;456.5;22.3;21.9;25;24.4;26.4;-1.0;
25/02/2025 05:00:55;117;0;154.58;-4;19.65;1.10;278.2;12.90;74678;2835.328;-1758.604;1;141;450;456.5;22.3;21.9;27;27.1;26.4;-1.0;
25/02/2025 05:01:15;117;0;153.68;-4;19.41;2.78;275.4;12.90;74694;2835.325;-1758.602;1;141;450;456.5;22.3;21.9;27;27.5;26.4;-1.0;
25/02/2025 05:01:35;117;0;151.65;-4;19.47;2.99;272.8;13.00;74706;2835.323;-1758.601;1;141;450;454.8;22.3;21.9;27;28.0;26.4;-1.0;
25/02/2025 05:01:55;117;0;151.53;-4;19.59;2.88;270.0;13.00;74715;2835.321;-1758.599;1;141;450;456.5;22.3;21.9;27;28.0;26.4;-1.0;
25/02/2025 05:02:15;117;0;152.40;-4;19.67;2.90;267.3;13.00;74726;2835.319;-1758.597;1;141;450;456.5;22.3;21.9;27;28.0;26.4;-1.0;
25/02/2025 05:02:35;117;0;152.79;-4;19.78;2.88;264.5;13.00;74732;2835.317;-1758.596;1;141;450;456.5;22.3;21.9;27;28.0;26.4;-1.0;
25/02/2025 05:02:55;117;0;153.37;-4;19.87;2.93;261.8;13.10;74733;2835.314;-1758.594;1;141;450;458.1;22.3;21.9;27;28.0;26.4;-1.0;
25/02/2025 05:03:15;117;0;152.74;-4;19.76;2.83;259.0;13.10;74759;2835.312;-1758.592;1;141;450;456.5;22.3;21.9;27;27.5;26.4;-1.0;
25/02/2025 05:03:35;117;0;152.93;-4;19.70;2.93;256.1;13.10;74773;2835.310;-1758.590;1;141;450;456.5;22.3;21.9;27;28.0;26.4;-1.0;
25/02/2025 05:03:55;117;0;153.15;-4;19.57;2.92;253.3;13.20;74777;2835.307;-1758.589;1;141;450;456.5;22.3;21.9;27;28.0;26.4;-1.0;
25/02/2025 05:04:15;117;0;152.77;-4;19.73;2.93;250.4;13.20;74784;2835.305;-1758.587;1;141;450;456.5;22.3;21.9;27;28.0;26.4;-1.0;
25/02/2025 05:04:35;117;0;152.41;-4;19.63;2.94;247.6;13.20;74782;2835.303;-1758.585;1;141;450;456.5;22.3;21.9;27;28.0;26.4;-1.0;
25/02/2025 05:04:55;117;0;152.15;-4;19.60;2.91;244.7;13.30;74802;2835.301;-1758.584;1;141;450;456.5;22.3;21.9;27;28.0;26.4;-1.0;
25/02/2025 05:05:15;117;0;152.13;-4;19.71;2.91;241.8;13.30;74808;2835.298;-1758.582;1;141;450;454.8;22.3;21.9;27;28.0;26.4;-1.0;
25/02/2025 05:05:35;117;0;152.52;-4;19.73;2.95;238.9;13.30;74821;2835.296;-1758.580;1;141;450;456.5;22.3;21.9;27;28.0;26.4;-1.0;
25/02/2025 05:05:55;117;0;151.83;-4;19.81;2.92;236.0;13.40;74825;2835.293;-1758.578;1;141;450;456.5;22.3;21.9;27;28.0;26.4;-1.0;
25/02/2025 05:06:15;117;0;152.05;-4;19.88;2.98;232.9;13.40;74837;2835.291;-1758.576;1;141;450;456.5;22.3;21.9;27;27.5;26.4;-1.0;
25/02/2025 05:06:35;117;0;150.97;-4;19.73;2.91;229.9;13.40;74827;2835.288;-1758.574;1;141;450;456.5;22.3;21.9;27;28.0;26.4;-1.0;
25/02/2025 05:06:55;117;0;151.22;-4;19.78;2.91;226.8;13.50;74843;2835.286;-1758.572;1;141;450;456.5;22.3;21.9;27;28.0;26.4;-1.0;
25/02/2025 05:07:15;117;0;151.37;-4;19.79;2.86;223.7;13.50;74852;2835.283;-1758.570;1;141;450;456.5;22.3;21.9;27;28.0;26.4;-1.0;
25/02/2025 05:07:35;117;0;151.12;-4;19.53;2.91;220.5;13.60;74880;2835.281;-1758.568;1;141;450;456.5;22.3;21.9;27;28.0;26.4;-1.0;
25/02/2025 05:07:55;117;0;151.26;-4;19.51;2.85;217.4;13.60;74890;2835.278;-1758.566;1;141;450;453.2;22.3;21.9;27;28.0;26.4;-1.0;
25/02/2025 05:08:15;117;0;150.39;-4;19.38;2.91;214.3;13.60;74899;2835.275;-1758.564;1;141;450;456.5;22.3;21.9;27;28.0;26.3;-1.0;
25/02/2025 05:08:35;117;0;150.45;-4;19.55;2.88;211.3;13.60;74907;2835.273;-1758.562;1;141;450;456.5;22.3;21.9;27;28.0;26.4;-1.0;
25/02/2025 05:08:55;117;0;149.43;-4;19.36;2.81;208.1;13.70;74922;2835.270;-1758.560;1;141;450;453.2;22.3;21.9;27;28.0;26.4;-1.0;
25/02/2025 05:09:15;117;0;148.47;-4;19.38;2.88;205.1;13.70;74919;2835.268;-1758.557;1;141;450;454.8;22.3;21.9;27;28.0;26.4;-1.0;
25/02/2025 05:09:35;117;0;148.51;-4;19.50;2.83;202.1;13.80;74930;2835.265;-1758.555;1;141;450;456.5;22.3;21.9;27;28.0;26.4;-1.0;
25/02/2025 05:09:55;117;0;150.85;-4;19.70;2.90;199.1;13.80;74942;2835.263;-1758.553;1;141;450;456.5;22.3;21.9;27;28.0;26.4;-1.0;
25/02/2025 05:10:15;117;0;152.53;-4;19.74;2.83;196.0;13.80;74943;2835.260;-1758.551;1;141;450;454.8;22.3;21.9;27;28.0;26.4;-1.0;
25/02/2025 05:10:35;117;0;154.22;-4;19.73;2.87;192.8;13.90;74947;2835.258;-1758.550;1;141;450;456.5;22.3;21.9;27;28.0;26.4;-1.0;
25/02/2025 05:10:55;117;0;155.85;-4;19.54;2.84;189.6;13.90;74954;2835.255;-1758.548;1;141;450;456.5;22.3;21.9;25;24.8;26.4;-1.0;
25/02/2025 05:11:15;117;0;153.91;-4;19.46;1.04;186.3;13.90;74963;2835.252;-1758.546;1;141;450;458.1;22.3;21.9;25;24.4;26.4;-1.0;
25/02/2025 05:11:35;117;0;151.08;-4;19.19;1.23;183.1;14.00;74974;2835.249;-1758.544;1;141;450;456.5;22.3;22.1;27;27.1;26.4;-1.0;
25/02/2025 05:11:55;117;0;149.81;-4;19.31;2.92;180.0;14.00;74990;2835.246;-1758.541;1;141;450;456.5;22.3;21.9;27;28.0;26.4;-1.0;
25/02/2025 05:12:15;117;0;148.99;-4;19.40;2.89;177.1;14.10;74995;2835.244;-1758.539;1;141;450;456.5;22.3;21.9;27;28.0;26.4;-1.0;
25/02/2025 05:12:35;117;0;149.59;-4;19.47;2.99;174.0;14.10;74991;2835.241;-1758.537;1;141;450;456.5;22.3;21.9;27;28.0;26.4;-1.0;
25/02/2025 05:12:55;117;0;150.43;-4;19.47;3.00;170.7;14.10;75011;2835.238;-1758.535;1;141;450;456.5;22.3;21.9;27;28.0;26.4;-1.0;
25/02/2025 05:13:15;117;0;149.35;-4;19.15;3.01;167.6;14.20;75017;2835.236;-1758.533;1;141;450;454.8;22.3;21.9;27;28.0;26.4;-1.0;
25/02/2025 05:13:35;117;0;146.16;-4;19.21;3.09;164.5;14.20;75035;2835.233;-1758.530;1;141;450;456.5;22.3;21.9;27;28.0;26.4;-1.0;
25/02/2025 05:13:55;117;0;144.60;-4;19.06;2.91;161.6;14.30;75057;2835.231;-1758.528;1;141;450;456.5;22.3;21.9;27;28.0;26.4;-1.0;
25/02/2025 05:14:15;117;0;144.29;-4;19.46;2.94;158.6;14.30;75082;2835.229;-1758.525;1;141;450;456.5;22.3;21.9;27;28.0;26.4;-1.0;
25/02/2025 05:14:35;117;0;143.31;-4;18.79;3.06;155.6;14.30;75084;2835.226;-1758.523;1;141;450;456.5;22.0;21.9;27;28.0;26.4;-1.0;
25/02/2025 05:14:55;117;0;143.84;-4;19.14;2.82;152.8;14.40;75099;2835.224;-1758.520;1;141;450;456.5;22.0;21.9;27;28.0;26.4;-1.0;
25/02/2025 05:15:15;117;0;145.70;-4;19.65;2.79;150.0;14.40;75108;2835.222;-1758.518;1;141;450;458.1;22.0;21.9;27;28.0;26.4;-1.0;
25/02/2025 05:15:35;117;0;144.53;-4;19.96;2.99;147.1;14.40;75114;2835.220;-1758.516;1;141;450;456.5;22.0;21.9;27;28.0;26.4;-1.0;
25/02/2025 05:15:55;117;0;139.83;-4;18.73;3.00;144.3;14.50;75117;2835.218;-1758.513;1;141;450;453.2;21.6;21.6;29;28.9;26.4;-1.0;
25/02/2025 05:16:15;117;0;137.28;-4;20.10;3.71;141.4;14.50;75135;2835.216;-1758.511;1;141;450;458.1;21.6;21.2;31;31.1;26.4;-1.0;
25/02/2025 05:16:35;117;0;139.33;-4;20.87;4.94;138.3;14.60;75153;2835.215;-1758.508;1;141;450;456.5;21.6;21.2;29;28.9;26.4;-1.0;
25/02/2025 05:16:55;117;0;140.34;-4;21.05;3.36;135.1;14.60;75179;2835.212;-1758.505;1;141;450;454.8;21.6;21.2;29;28.9;26.4;-1.0;
25/02/2025 05:17:15;117;0;144.31;-4;20.95;3.29;131.8;14.70;75186;2835.210;-1758.503;1;141;450;456.5;21.6;21.1;27;27.1;26.4;-1.0;
25/02/2025 05:17:35;117;0;144.14;-4;20.81;2.61;128.6;14.70;75203;2835.208;-1758.500;1;141;450;456.5;21.6;21.1;27;27.1;26.4;-1.0;
25/02/2025 05:17:55;117;0;144.41;-4;20.71;2.52;125.2;14.80;75227;2835.205;-1758.498;1;141;450;456.5;21.6;21.1;27;27.1;26.4;-1.0;
25/02/2025 05:18:16;117;0;144.54;-4;20.78;2.51;122.1;14.80;75246;2835.203;-1758.495;1;141;450;456.5;21.6;21.1;27;27.1;26.4;-1.0;
25/02/2025 05:18:36;117;0;142.93;-4;20.49;2.52;119.1;14.90;75273;2835.201;-1758.493;1;141;450;456.5;21.6;21.2;27;27.1;26.4;-1.0;
25/02/2025 05:18:56;117;0;139.90;-4;20.59;2.44;116.0;14.90;75301;2835.199;-1758.490;1;141;450;456.5;21.6;21.1;29;28.9;26.4;-1.0;
25/02/2025 05:19:16;117;0;137.93;-4;20.76;3.89;112.8;15.00;75320;2835.197;-1758.487;1;141;450;456.5;21.6;21.2;29;29.8;26.4;-1.0;
25/02/2025 05:19:36;117;0;135.71;-4;20.60;3.82;109.7;15.00;75342;2835.195;-1758.484;1;141;450;456.5;21.6;21.1;33;32.9;26.4;-1.0;
25/02/2025 05:19:56;117;0;140.12;-4;20.78;5.95;106.4;15.10;75371;2835.193;-1758.482;1;141;450;456.5;21.6;21.1;29;28.4;26.4;-1.0;
25/02/2025 05:20:16;117;0;142.78;-4;20.72;3.01;103.2;15.10;75399;2835.191;-1758.479;1;141;450;456.5;21.6;21.1;29;28.0;26.4;-1.0;
25/02/2025 05:20:36;117;0;142.88;-4;20.64;3.14;100.0;15.20;75412;2835.188;-1758.477;1;141;450;456.5;21.6;21.1;29;28.0;26.4;-1.0;
25/02/2025 05:20:56;117;0;141.66;-4;20.76;2.99;96.8;15.30;75440;2835.186;-1758.474;1;141;450;454.8;21.6;21.2;29;28.0;26.4;-1.0;
25/02/2025 05:21:16;117;0;140.97;-4;20.61;3.00;93.7;15.40;75464;2835.184;-1758.471;1;141;450;456.5;21.6;21.2;29;28.0;26.4;-1.0;
25/02/2025 05:21:36;117;0;140.41;-4;20.56;2.92;90.5;15.40;75469;2835.182;-1758.469;1;141;450;456.5;21.6;21.2;29;28.0;26.4;-1.0;
25/02/2025 05:21:56;117;0;139.28;-4;20.84;3.10;87.3;15.50;75494;2835.180;-1758.466;1;141;450;456.5;21.6;21.1;29;28.0;26.4;-1.0;
25/02/2025 05:22:16;117;0;136.97;-4;20.81;3.08;84.0;15.50;75507;2835.178;-1758.463;1;141;450;456.5;21.6;21.2;31;31.1;26.4;-1.0;
25/02/2025 05:22:36;117;0;138.44;-4;20.75;4.96;80.7;15.60;75519;2835.176;-1758.460;1;141;450;456.5;21.6;21.1;29;28.4;26.4;-1.0;
25/02/2025 05:22:56;117;0;139.07;-4;20.35;2.93;77.5;15.70;75528;2835.174;-1758.457;1;141;450;456.5;21.6;21.2;29;28.0;26.4;-1.0;
25/02/2025 05:23:16;117;0;138.46;-4;20.63;2.93;74.2;15.70;75550;2835.171;-1758.454;1;141;450;454.8;21.6;21.2;29;28.0;26.4;-1.0;
25/02/2025 05:23:36;117;0;138.23;-4;20.70;3.00;70.8;15.80;75559;2835.169;-1758.451;1;141;450;456.5;21.6;21.2;29;28.0;26.4;-1.0;
25/02/2025 05:23:56;117;0;138.56;-4;20.91;2.98;67.6;15.90;75567;2835.167;-1758.448;1;141;450;456.5;21.6;21.2;29;28.0;26.4;-1.0;
25/02/2025 05:24:16;117;0;138.85;-4;20.27;2.99;64.5;15.90;75580;2835.165;-1758.446;1;141;450;456.5;21.6;21.1;29;28.0;26.4;-1.0;
25/02/2025 05:24:36;117;0;137.78;-4;20.56;3.10;61.4;16.00;75593;2835.163;-1758.443;1;141;450;458.1;21.6;21.1;31;31.1;26.4;-1.0;
25/02/2025 05:24:56;117;0;138.76;-4;20.79;4.77;58.0;16.00;75599;2835.161;-1758.440;1;141;450;456.5;21.6;21.2;29;28.9;26.4;-1.0;
25/02/2025 05:25:16;117;0;139.29;-4;20.58;3.16;54.9;16.10;75611;2835.159;-1758.437;1;141;450;456.5;21.6;21.2;29;28.4;26.4;-1.0;
25/02/2025 05:25:36;117;0;140.03;-4;20.75;3.16;51.6;16.20;75621;2835.157;-1758.434;1;141;450;456.5;21.6;21.2;29;28.4;26.4;-1.0;
25/02/2025 05:25:56;117;0;140.44;-4;20.61;3.25;48.4;16.20;75629;2835.155;-1758.432;1;141;450;456.5;21.6;21.2;29;28.4;26.4;-1.0;
25/02/2025 05:26:16;117;0;140.71;-4;20.84;3.16;45.0;16.30;75646;2835.152;-1758.429;1;141;450;456.5;21.6;21.1;29;28.4;26.4;-1.0;
25/02/2025 05:26:36;117;0;139.52;-4;20.93;3.30;41.8;16.30;75644;2835.150;-1758.426;1;141;450;456.5;21.6;21.1;29;28.4;26.4;-1.0;
25/02/2025 05:26:56;117;0;139.43;-4;20.32;3.13;38.8;16.40;75641;2835.148;-1758.423;1;141;450;456.5;21.6;21.2;29;28.4;26.4;-1.0;
25/02/2025 05:27:16;117;0;139.07;-4;20.13;3.28;35.5;16.40;75659;2835.146;-1758.420;1;141;450;456.5;21.6;21.2;29;28.4;26.4;-1.0;
25/02/2025 05:27:36;117;0;138.69;-4;20.60;3.20;32.4;16.50;75663;2835.144;-1758.418;1;141;450;456.5;21.6;21.1;29;28.4;26.4;-1.0;
25/02/2025 05:27:56;117;0;139.39;-4;20.37;2.98;29.2;16.60;75684;2835.142;-1758.415;1;141;450;456.5;21.6;21.2;29;28.4;26.4;-1.0;
25/02/2025 05:28:16;117;0;138.93;-4;20.53;3.21;26.0;16.60;75694;2835.140;-1758.412;1;141;450;456.5;21.6;21.2;29;28.4;26.4;-1.0;
25/02/2025 05:28:36;117;0;138.16;-4;20.66;3.17;22.8;16.70;75697;2835.138;-1758.409;1;141;450;456.5;21.6;21.2;31;31.1;26.4;-1.0;
25/02/2025 05:28:56;117;0;138.89;-4;20.72;5.06;19.7;16.70;75702;2835.136;-1758.406;1;141;450;456.5;21.6;21.2;31;31.6;26.4;-1.0;
25/02/2025 05:29:16;117;0;139.27;-4;20.91;5.05;16.4;16.80;75708;2835.134;-1758.403;1;141;450;454.8;21.6;21.1;31;31.6;26.4;-1.0;
25/02/2025 05:29:36;117;0;142.08;-4;20.96;5.02;13.2;16.80;75714;2835.132;-1758.401;1;141;450;456.5;21.6;21.1;29;28.9;26.4;-1.0;
25/02/2025 05:29:56;117;0;141.01;-4;20.50;3.21;10.1;16.90;75736;2835.129;-1758.398;1;141;450;456.5;21.6;21.1;29;28.4;26.4;-1.0;
25/02/2025 05:30:16;117;0;140.89;-4;20.44;3.12;6.9;16.90;75732;2835.127;-1758.395;1;141;450;456.5;21.6;21.1;29;28.4;26.4;-1.0;
25/02/2025 05:30:36;117;0;138.11;-4;20.86;3.16;3.8;17.00;75752;2835.125;-1758.393;1;141;450;456.5;21.6;21.1;31;31.1;26.4;-1.0;
25/02/2025 05:30:40;115;0;138.64;-4;20.02;5.28;3.1;17.00;75748;2835.125;-1758.392;1;141;500;461.3;100.0;61.9;0;-0.5;26.4;-1.0;
25/02/2025 05:30:50;115;0;121.90;-4;5.84;-11.12;2.0;17.00;75727;2835.124;-1758.390;1;141;500;506.5;100.0;100.0;0;-0.5;26.1;-1.0;
25/02/2025 05:31:00;115;0;126.24;-4;-64.36;-15.41;2.3;17.00;75633;2835.125;-1758.390;1;141;500;506.5;100.0;100.6;0;-0.5;26.4;-1.0;
25/02/2025 05:31:20;119;0;123.84;-4;-43.21;-9.82;0.2;17.10;75654;2835.125;-1758.390;1;141;500;506.5;100.0;100.4;0;-0.5;26.4;-1.0;
25/02/2025 05:31:30;119;0;106.17;-4;-56.95;-8.03;0.5;17.10;75649;2834.867;-1758.233;0;141;500;506.5;100.0;100.6;0;-0.5;26.4;-1.0;
