PLD_REALTIMECLOCK;NAV_RESOURCE;NAV_LONGITUDE;NAV_LATITUDE;NAV_DEPTH;NAV_HEADING;SD_CARD_USAGE;SSD_USAGE;ACQUISITION_FREQ;RECORDING;LEGATO_CONDUCTIVITY;LEGATO_TEMPERATURE;LEGATO_PRESSURE;LEGATO_SALINITY;LEGATO_CONDTEMP;LEGATO_CODA_DO;LEGATO_CODA_TEMPERATURE;LEGATO_CODA_CORR_PHASE;LEGATO_SOUND_VELOCITY;FLBBCD_CHL_COUNT;FLBBCD_CHL_SCALED;FLBBCD_CDOM_COUNT;FLBBCD_CDOM_SCALED;FLBBCD_BB_700_COUNT;FLBBCD_BB_700_SCALED;User_Field1;User_Field2;User_Field3;User_Field4;User_Field5;User_Field6;User_Field7;User_Field8;User_Field9;User_Field10;BS_HEADING;BS_ZB;BS_ZT;BS_PU;BS_PD;BS_BU;BS_BD;BS_SR;BS_ALTIMETER.ENABLE;BS_ALTIMETER.VALUE;BS_CURRENT.CORRECTION.ENABLE
16/02/2025 18:11:22.586;119;-1801.567;2838.222;-0.300;334.000;247701.41;247701.41;192000;0;51.2088;20.7848;1.4076;37.0182;20.2046;237.5257;20.7257;22.7012;1525.8805;56;0.0484;68;1.5453;94;0.000134728;0;9999;9999;9999;9999;9999;9999;9999;9999;9999;9999;9999;9999;9999;9999;9999;9999;9999;9999;9999;9999
16/02/2025 18:11:52.621;116;-1801.569;2838.223;-0.400;323.000;247701.41;247701.41;192000;0;51.1834;20.7757;1.5223;37.0055;20.2568;236.1288;20.7156;22.7572;1525.8438;58;0.0726;66;1.3635;94;0.000134728;0;9999;9999;9999;9999;9999;9999;9999;9999;9999;9999;9999;9999;9999;9999;9999;9999;9999;9999;9999;9999
16/02/2025 18:12:22.613;116;-1801.570;2838.225;-0.300;331.000;247701.45;247701.45;192000;0;51.2286;20.8064;1.4552;37.0155;20.3052;235.6431;20.7541;22.7639;1525.9364;54;0.0242;69;1.6362;91;0.000125542;0;9999;9999;9999;9999;9999;9999;9999;9999;9999;9999;9999;9999;9999;9999;9999;9999;9999;9999;9999;9999
16/02/2025 18:12:52.610;116;-1801.572;2838.227;-0.300;337.000;247701.47;247701.47;192000;0;51.2212;20.7934;1.4999;37.0208;20.3457;236.1765;20.7500;22.7446;1525.9081;55;0.0363;69;1.6362;93;0.000131666;0;9999;9999;9999;9999;9999;9999;9999;9999;9999;9999;9999;9999;9999;9999;9999;9999;9999;9999;9999;9999
16/02/2025 18:13:22.625;116;-1801.570;2838.227;-0.100;349.000;247701.5;247701.5;192000;0;51.2092;20.7928;1.5426;37.0115;20.3901;236.5718;20.7667;22.7253;1525.8968;58;0.0726;69;1.6362;91;0.000125542;0;9999;9999;9999;9999;9999;9999;9999;9999;9999;9999;9999;9999;9999;9999;9999;9999;9999;9999;9999;9999
16/02/2025 18:13:52.595;116;-1801.570;2838.227;-0.100;349.000;247701.52;247701.52;192000;0;51.2279;20.8130;1.5059;37.0091;20.4210;236.1060;20.7940;22.7351;1525.9479;56;0.0484;67;1.4544;94;0.000134728;0;9999;9999;9999;9999;9999;9999;9999;9999;9999;9999;9999;9999;9999;9999;9999;9999;9999;9999;9999;9999
16/02/2025 18:14:22.623;116;-1801.572;2838.225;-0.100;337.000;247701.54;247701.54;192000;0;51.2321;20.8132;1.4382;37.0124;20.4538;235.9199;20.8153;22.7356;1525.9510;57;0.0605;70;1.7271;93;0.000131666;0;9999;9999;9999;9999;9999;9999;9999;9999;9999;9999;9999;9999;9999;9999;9999;9999;9999;9999;9999;9999
16/02/2025 18:14:52.624;110;-1801.572;2838.226;0.200;339.000;247701.58;247701.58;192000;0;51.2324;20.8143;1.7916;37.0115;20.4847;236.5423;20.7947;22.7185;1525.9588;52;0.0000;71;1.8180;94;0.000134728;0;9999;9999;9999;9999;9999;9999;9999;9999;9999;9999;9999;9999;9999;9999;9999;9999;9999;9999;9999;9999
16/02/2025 18:15:22.603;110;-1801.573;2838.227;1.400;353.000;247701.6;-1;192000;0;51.0349;20.6509;3.7063;36.9925;20.5098;237.7190;20.6246;22.7241;1525.5290;52;0.0000;70;1.7271;91;0.000125542;0;9999;9999;9999;9999;9999;9999;9999;9999;9999;9999;9999;9999;9999;9999;9999;9999;9999;9999;9999;9999
16/02/2025 18:15:52.619;100;-1801.573;2838.231;5.000;7.000;247701.62;-1;192000;0;50.7823;20.4309;8.7857;36.9763;20.4827;237.7500;20.4349;22.7787;1524.9994;56;0.0484;68;1.5453;95;0.000137790;0;9999;9999;9999;9999;9999;9999;9999;9999;9999;9999;9999;9999;9999;9999;9999;9999;9999;9999;9999;9999
16/02/2025 18:16:22.618;100;-1801.572;2838.238;12.400;24.000;247701.66;-1;192000;0;50.7697;20.4158;14.6315;36.9771;20.4596;239.0248;20.4201;22.7370;1525.0567;55;0.0363;66;1.3635;93;0.000131666;0;9999;9999;9999;9999;9999;9999;9999;9999;9999;9999;9999;9999;9999;9999;9999;9999;9999;9999;9999;9999
16/02/2025 18:16:52.599;100;-1801.570;2838.242;16.300;32.000;247701.67;-1;192000;0;50.7277;20.3795;20.7458;36.9721;20.4422;238.1486;20.3810;22.7828;1525.0543;59;0.0847;68;1.5453;93;0.000131666;0;9999;9999;9999;9999;9999;9999;9999;9999;9999;9999;9999;9999;9999;9999;9999;9999;9999;9999;9999;9999
16/02/2025 18:17:22.621;100;-1801.565;2838.248;24.300;51.000;247701.69;-1;192000;0;50.6493;20.3230;27.0111;36.9550;20.4152;237.9804;20.3230;22.8083;1524.9857;56;0.0484;70;1.7271;92;0.000128604;0;9999;9999;9999;9999;9999;9999;9999;9999;9999;9999;9999;9999;9999;9999;9999;9999;9999;9999;9999;9999
16/02/2025 18:17:52.621;100;-1801.562;2838.251;28.400;62.000;247701.72;247701.72;192000;0;50.5537;20.2581;33.3971;36.9309;20.3978;239.9349;20.2577;22.7574;1524.8881;58;0.0726;71;1.8180;91;0.000125542;0;9999;9999;9999;9999;9999;9999;9999;9999;9999;9999;9999;9999;9999;9999;9999;9999;9999;9999;9999;9999
16/02/2025 18:18:22.622;100;-1801.555;2838.254;36.400;86.000;247701.74;247701.74;192000;0;50.4973;20.2018;39.7183;36.9315;20.3631;240.0178;20.2037;22.7715;1524.8402;61;0.1089;70;1.7271;93;0.000131666;0;9999;9999;9999;9999;9999;9999;9999;9999;9999;9999;9999;9999;9999;9999;9999;9999;9999;9999;9999;9999
16/02/2025 18:18:52.603;100;-1801.552;2838.254;40.600;98.000;247701.76;247701.76;192000;0;50.4927;20.1961;46.1538;36.9303;20.3360;240.6427;20.1972;22.7521;1524.9305;58;0.0726;68;1.5453;91;0.000125542;0;9999;9999;9999;9999;9999;9999;9999;9999;9999;9999;9999;9999;9999;9999;9999;9999;9999;9999;9999;9999
16/02/2025 18:19:22.598;100;-1801.545;2838.253;48.800;121.000;247701.79;247701.79;192000;0;50.4301;20.1551;52.5304;36.9123;20.3148;241.7724;20.1520;22.7263;1524.9044;62;0.1210;71;1.8180;95;0.000137790;0;9999;9999;9999;9999;9999;9999;9999;9999;9999;9999;9999;9999;9999;9999;9999;9999;9999;9999;9999;9999
16/02/2025 18:19:52.606;100;-1801.542;2838.252;52.700;128.000;247701.81;247701.81;192000;0;50.3138;20.0608;58.6530;36.8969;20.2839;242.2290;20.0632;22.7374;1524.7304;65;0.1573;69;1.6362;99;0.000150038;0;9999;9999;9999;9999;9999;9999;9999;9999;9999;9999;9999;9999;9999;9999;9999;9999;9999;9999;9999;9999
16/02/2025 18:20:22.624;100;-1801.537;2838.248;60.800;141.000;247701.84;247701.84;192000;0;50.3019;20.0474;64.9095;36.8964;20.2491;243.3641;20.0491;22.7017;1524.7973;65;0.1573;68;1.5453;94;0.000134728;0;9999;9999;9999;9999;9999;9999;9999;9999;9999;9999;9999;9999;9999;9999;9999;9999;9999;9999;9999;9999
16/02/2025 18:20:52.625;100;-1801.534;2838.246;64.900;145.000;247701.86;247701.86;192000;0;50.2659;20.0199;71.2629;36.8885;20.2258;242.1149;20.0203;22.7580;1524.8187;68;0.1936;72;1.9089;93;0.000131666;0;9999;9999;9999;9999;9999;9999;9999;9999;9999;9999;9999;9999;9999;9999;9999;9999;9999;9999;9999;9999
16/02/2025 18:21:22.606;100;-1801.531;2838.241;73.000;151.000;247701.88;247701.88;192000;0;50.2201;19.9760;77.5425;36.8870;20.1929;242.7822;19.9776;22.7476;1524.8008;73;0.2541;71;1.8180;95;0.000137790;0;9999;9999;9999;9999;9999;9999;9999;9999;9999;9999;9999;9999;9999;9999;9999;9999;9999;9999;9999;9999
16/02/2025 18:21:52.624;100;-1801.529;2838.239;77.000;154.000;247701.91;247701.91;192000;0;50.1660;19.9297;83.8079;36.8806;20.1601;240.4556;19.9242;22.8508;1524.7705;91;0.4719;71;1.8180;97;0.000143914;0;9999;9999;9999;9999;9999;9999;9999;9999;9999;9999;9999;9999;9999;9999;9999;9999;9999;9999;9999;9999
16/02/2025 18:22:22.622;100;-1801.525;2838.234;85.100;153.000;247701.93;247701.93;192000;0;50.0913;19.8620;89.9871;36.8759;20.1271;240.4662;19.8624;22.8702;1524.6812;99;0.5687;72;1.9089;98;0.000146976;0;9999;9999;9999;9999;9999;9999;9999;9999;9999;9999;9999;9999;9999;9999;9999;9999;9999;9999;9999;9999
16/02/2025 18:22:52.605;100;-1801.524;2838.232;88.900;154.000;247701.95;247701.95;192000;0;49.9966;19.7863;96.0417;36.8618;20.0961;234.5497;19.7879;23.1166;1524.5569;90;0.4598;70;1.7271;96;0.000140852;0;9999;9999;9999;9999;9999;9999;9999;9999;9999;9999;9999;9999;9999;9999;9999;9999;9999;9999;9999;9999
16/02/2025 18:23:22.624;100;-1801.521;2838.227;96.700;161.000;247701.98;247701.98;192000;0;49.5326;19.4513;102.0664;36.7686;20.0340;227.0575;19.4433;23.5156;1523.6205;64;0.1452;72;1.9089;93;0.000131666;0;9999;9999;9999;9999;9999;9999;9999;9999;9999;9999;9999;9999;9999;9999;9999;9999;9999;9999;9999;9999
16/02/2025 18:23:52.624;100;-1801.520;2838.224;100.700;164.000;247702.0;247702.0;192000;0;49.0329;19.0726;108.2676;36.6820;19.9253;222.6368;19.0587;23.8140;1522.5621;59;0.0847;74;2.0907;86;0.000110232;0;9999;9999;9999;9999;9999;9999;9999;9999;9999;9999;9999;9999;9999;9999;9999;9999;9999;9999;9999;9999
16/02/2025 18:24:22.623;100;-1801.518;2838.219;109.000;158.000;247702.04;247702.04;192000;0;48.7076;18.8064;114.8006;36.6411;19.7912;218.8230;18.7897;24.0559;1521.8699;57;0.0605;75;2.1816;86;0.000110232;0;9999;9999;9999;9999;9999;9999;9999;9999;9999;9999;9999;9999;9999;9999;9999;9999;9999;9999;9999;9999
16/02/2025 18:24:52.623;100;-1801.517;2838.217;113.200;161.000;247702.05;-1;192000;0;48.3837;18.5673;121.4301;36.5763;19.6431;221.8581;18.5424;24.0113;1521.2244;55;0.0363;75;2.1816;88;0.000116356;0;9999;9999;9999;9999;9999;9999;9999;9999;9999;9999;9999;9999;9999;9999;9999;9999;9999;9999;9999;9999
16/02/2025 18:25:22.625;100;-1801.516;2838.211;121.500;174.000;247702.08;-1;192000;0;47.8199;18.0938;127.8479;36.5145;19.4713;220.2973;18.0811;24.2217;1519.8961;54;0.0242;76;2.2725;88;0.000116356;0;9999;9999;9999;9999;9999;9999;9999;9999;9999;9999;9999;9999;9999;9999;9999;9999;9999;9999;9999;9999
16/02/2025 18:25:52.605;100;-1801.516;2838.208;125.300;180.000;247702.1;-1;192000;0;47.5447;17.8772;133.6322;36.4693;19.2756;218.4104;17.8681;24.3702;1519.3106;54;0.0242;75;2.1816;87;0.000113294;0;9999;9999;9999;9999;9999;9999;9999;9999;9999;9999;9999;9999;9999;9999;9999;9999;9999;9999;9999;9999
16/02/2025 18:26:22.618;100;-1801.515;2838.204;132.300;169.000;247702.12;-1;192000;0;47.4273;17.7657;139.1780;36.4657;19.0970;217.4430;17.7661;24.4442;1519.0729;53;0.0121;75;2.1816;84;0.000104108;0;9999;9999;9999;9999;9999;9999;9999;9999;9999;9999;9999;9999;9999;9999;9999;9999;9999;9999;9999;9999
16/02/2025 18:26:52.622;100;-1801.514;2838.201;135.800;166.000;247702.14;247702.14;192000;0;47.1991;17.5797;144.7916;36.4330;18.9357;215.6431;17.5811;24.5815;1518.5831;51;-0.0121;76;2.2725;94;0.000134728;0;9999;9999;9999;9999;9999;9999;9999;9999;9999;9999;9999;9999;9999;9999;9999;9999;9999;9999;9999;9999
16/02/2025 18:27:22.609;100;-1801.513;2838.197;143.200;171.000;247702.17;247702.17;192000;0;46.8985;17.3263;150.5036;36.3973;18.7602;214.5013;17.3216;24.7156;1517.8892;51;-0.0121;76;2.2725;83;0.000101046;0;9999;9999;9999;9999;9999;9999;9999;9999;9999;9999;9999;9999;9999;9999;9999;9999;9999;9999;9999;9999
16/02/2025 18:27:52.611;100;-1801.512;2838.194;146.800;177.000;247702.19;247702.19;192000;0;46.7835;17.2178;156.3861;36.3925;18.5922;213.2847;17.2166;24.8031;1517.6596;53;0.0121;76;2.2725;82;0.000097984;0;9999;9999;9999;9999;9999;9999;9999;9999;9999;9999;9999;9999;9999;9999;9999;9999;9999;9999;9999;9999
16/02/2025 18:28:22.614;100;-1801.513;2838.189;154.200;179.000;247702.21;247702.21;192000;0;46.5939;17.0654;162.2155;36.3618;18.4278;213.6549;17.0557;24.8416;1517.2676;52;0.0000;77;2.3634;83;0.000101046;0;9999;9999;9999;9999;9999;9999;9999;9999;9999;9999;9999;9999;9999;9999;9999;9999;9999;9999;9999;9999
16/02/2025 18:28:52.617;100;-1801.512;2838.187;158.000;177.000;247702.24;247702.24;192000;0;46.2823;16.8181;168.2233;36.3093;18.2709;213.4976;16.8031;24.9336;1516.5670;51;-0.0121;76;2.2725;88;0.000116356;0;9999;9999;9999;9999;9999;9999;9999;9999;9999;9999;9999;9999;9999;9999;9999;9999;9999;9999;9999;9999
16/02/2025 18:29:22.623;100;-1801.512;2838.182;165.100;171.000;247702.27;247702.27;192000;0;46.0797;16.6320;173.5975;36.2971;18.0997;212.5230;16.6321;25.0327;1516.0821;51;-0.0121;77;2.3634;82;0.000097984;0;9999;9999;9999;9999;9999;9999;9999;9999;9999;9999;9999;9999;9999;9999;9999;9999;9999;9999;9999;9999
16/02/2025 18:29:52.621;100;-1801.511;2838.179;168.500;167.000;247702.29;247702.29;192000;0;45.8811;16.4698;178.8190;36.2664;17.9440;213.5762;16.4684;25.0428;1515.6429;50;-0.0242;76;2.2725;80;0.000091860;0;9999;9999;9999;9999;9999;9999;9999;9999;9999;9999;9999;9999;9999;9999;9999;9999;9999;9999;9999;9999
16/02/2025 18:30:22.594;100;-1801.510;2838.175;175.000;176.000;247702.32;247702.32;192000;0;45.5959;16.2471;184.0446;36.2132;17.7780;214.5724;16.2338;25.0800;1514.9912;52;0.0000;78;2.4543;87;0.000113294;0;9999;9999;9999;9999;9999;9999;9999;9999;9999;9999;9999;9999;9999;9999;9999;9999;9999;9999;9999;9999
16/02/2025 18:30:52.622;100;-1801.510;2838.173;178.400;177.000;247702.34;247702.34;192000;0;45.4551;16.1143;189.4160;36.2064;17.6035;214.0491;16.1140;25.1433;1514.6669;51;-0.0121;77;2.3634;79;0.000088798;0;9999;9999;9999;9999;9999;9999;9999;9999;9999;9999;9999;9999;9999;9999;9999;9999;9999;9999;9999;9999
16/02/2025 18:31:22.618;100;-1801.510;2838.168;185.600;176.000;247702.35;247702.35;192000;0;45.1809;15.8849;195.1200;36.1678;17.4426;216.2350;15.8849;25.1272;1514.0128;50;-0.0242;77;2.3634;84;0.000104108;0;9999;9999;9999;9999;9999;9999;9999;9999;9999;9999;9999;9999;9999;9999;9999;9999;9999;9999;9999;9999
16/02/2025 18:31:52.624;100;-1801.510;2838.166;189.000;174.000;247702.38;247702.38;192000;0;45.0670;15.7896;200.4317;36.1506;17.2753;216.5148;15.7893;25.1489;1513.7873;50;-0.0242;79;2.5452;81;0.000094922;0;9999;9999;9999;9999;9999;9999;9999;9999;9999;9999;9999;9999;9999;9999;9999;9999;9999;9999;9999;9999
16/02/2025 18:32:22.622;100;-1801.509;2838.161;195.800;170.000;247702.41;247702.41;192000;0;45.0197;15.7498;205.8075;36.1422;17.1258;215.5981;15.7475;25.2040;1513.7438;50;-0.0242;78;2.4543;80;0.000091860;0;9999;9999;9999;9999;9999;9999;9999;9999;9999;9999;9999;9999;9999;9999;9999;9999;9999;9999;9999;9999
16/02/2025 18:32:52.624;118;-1801.507;2838.158;200.200;146.000;247702.43;247702.43;192000;0;44.8975;15.6369;209.6675;36.1339;16.9841;215.3801;15.6396;25.2502;1513.4488;50;-0.0242;78;2.4543;84;0.000104108;0;9999;9999;9999;9999;9999;9999;9999;9999;9999;9999;9999;9999;9999;9999;9999;9999;9999;9999;9999;9999
16/02/2025 18:33:22.624;118;-1801.507;2838.157;199.800;168.000;247702.46;247702.46;192000;0;44.9924;15.7202;206.1153;36.1445;16.8684;215.2390;15.7198;25.2285;1513.6600;50;-0.0242;77;2.3634;81;0.000094922;0;9999;9999;9999;9999;9999;9999;9999;9999;9999;9999;9999;9999;9999;9999;9999;9999;9999;9999;9999;9999
16/02/2025 18:33:52.610;117;-1801.506;2838.154;194.000;163.000;247702.48;247702.48;192000;0;45.0461;15.7687;201.6715;36.1504;16.7708;216.4413;15.7664;25.1599;1513.7431;51;-0.0121;79;2.5452;79;0.000088798;0;9999;9999;9999;9999;9999;9999;9999;9999;9999;9999;9999;9999;9999;9999;9999;9999;9999;9999;9999;9999
16/02/2025 18:34:22.618;117;-1801.505;2838.152;191.000;164.000;247702.5;247702.5;192000;0;45.0652;15.7831;197.1170;36.1562;16.6915;215.8092;15.7852;25.1792;1513.7187;50;-0.0242;78;2.4543;81;0.000094922;0;9999;9999;9999;9999;9999;9999;9999;9999;9999;9999;9999;9999;9999;9999;9999;9999;9999;9999;9999;9999
16/02/2025 18:34:52.607;117;-1801.504;2838.149;184.900;167.000;247702.52;247702.52;192000;0;45.2948;15.9539;192.4049;36.2082;16.6344;215.6030;15.9737;25.1221;1514.2268;50;-0.0242;77;2.3634;81;0.000094922;0;9999;9999;9999;9999;9999;9999;9999;9999;9999;9999;9999;9999;9999;9999;9999;9999;9999;9999;9999;9999
16/02/2025 18:35:22.605;117;-1801.503;2838.147;181.600;168.000;247702.54;247702.54;192000;0;45.4386;16.0986;187.7430;36.2067;16.6161;215.1615;16.0947;25.1009;1514.5915;50;-0.0242;78;2.4543;80;0.000091860;0;9999;9999;9999;9999;9999;9999;9999;9999;9999;9999;9999;9999;9999;9999;9999;9999;9999;9999;9999;9999
16/02/2025 18:35:52.623;117;-1801.502;2838.143;175.900;167.000;247702.58;247702.58;192000;0;45.5447;16.1804;183.3426;36.2286;16.5977;214.1562;16.1842;25.1128;1514.7939;52;0.0000;78;2.4543;81;0.000094922;0;9999;9999;9999;9999;9999;9999;9999;9999;9999;9999;9999;9999;9999;9999;9999;9999;9999;9999;9999;9999
16/02/2025 18:36:22.621;117;-1801.502;2838.142;173.000;166.000;247702.6;247702.6;192000;0;45.8135;16.4032;178.9308;36.2669;16.6079;213.9934;16.4058;25.0448;1515.4433;50;-0.0242;79;2.5452;82;0.000097984;0;9999;9999;9999;9999;9999;9999;9999;9999;9999;9999;9999;9999;9999;9999;9999;9999;9999;9999;9999;9999
16/02/2025 18:36:52.603;117;-1801.500;2838.138;167.200;158.000;247702.62;247702.62;192000;0;45.9544;16.5233;174.3821;36.2845;16.6385;212.8705;16.5210;25.0542;1515.7521;50;-0.0242;77;2.3634;81;0.000094922;0;9999;9999;9999;9999;9999;9999;9999;9999;9999;9999;9999;9999;9999;9999;9999;9999;9999;9999;9999;9999
16/02/2025 18:37:22.622;117;-1801.499;2838.137;164.100;160.000;247702.65;247702.65;192000;0;46.1344;16.6728;169.6621;36.3099;16.6711;212.6148;16.6713;25.0143;1516.1545;50;-0.0242;76;2.2725;83;0.000101046;0;9999;9999;9999;9999;9999;9999;9999;9999;9999;9999;9999;9999;9999;9999;9999;9999;9999;9999;9999;9999
16/02/2025 18:37:52.625;117;-1801.498;2838.133;158.000;161.000;247702.67;-1;192000;0;46.4291;16.9180;164.8104;36.3494;16.7322;212.6729;16.9170;24.9296;1516.8560;50;-0.0242;78;2.4543;82;0.000097984;0;9999;9999;9999;9999;9999;9999;9999;9999;9999;9999;9999;9999;9999;9999;9999;9999;9999;9999;9999;9999
16/02/2025 18:38:22.604;117;-1801.497;2838.132;155.000;162.000;247702.7;-1;192000;0;46.6187;17.0714;160.4500;36.3789;16.8034;213.1761;17.0740;24.8549;1517.2758;51;-0.0121;78;2.4543;88;0.000116356;0;9999;9999;9999;9999;9999;9999;9999;9999;9999;9999;9999;9999;9999;9999;9999;9999;9999;9999;9999;9999
16/02/2025 18:38:52.623;117;-1801.496;2838.129;149.700;165.000;247702.72;-1;192000;0;46.7694;17.2030;156.2539;36.3935;16.8826;213.3139;17.2001;24.8070;1517.6146;51;-0.0121;76;2.2725;85;0.000107170;0;9999;9999;9999;9999;9999;9999;9999;9999;9999;9999;9999;9999;9999;9999;9999;9999;9999;9999;9999;9999
16/02/2025 18:39:22.624;117;-1801.495;2838.127;146.900;165.000;247702.74;-1;192000;0;46.8469;17.2705;152.0589;36.4020;16.9557;213.6863;17.2697;24.7672;1517.7550;51;-0.0121;78;2.4543;86;0.000110232;0;9999;9999;9999;9999;9999;9999;9999;9999;9999;9999;9999;9999;9999;9999;9999;9999;9999;9999;9999;9999
16/02/2025 18:39:52.620;117;-1801.494;2838.124;141.600;160.000;247702.77;247702.77;192000;0;46.9150;17.3317;147.9588;36.4079;17.0226;213.0893;17.3321;24.7717;1517.8750;53;0.0121;77;2.3634;83;0.000101046;0;9999;9999;9999;9999;9999;9999;9999;9999;9999;9999;9999;9999;9999;9999;9999;9999;9999;9999;9999;9999
16/02/2025 18:40:22.624;117;-1801.493;2838.123;139.100;156.000;247702.79;247702.79;192000;0;47.2388;17.6021;143.8395;36.4476;17.0955;215.1661;17.5989;24.5953;1518.6498;53;0.0121;76;2.2725;87;0.000113294;0;9999;9999;9999;9999;9999;9999;9999;9999;9999;9999;9999;9999;9999;9999;9999;9999;9999;9999;9999;9999
16/02/2025 18:40:52.612;117;-1801.491;2838.120;133.700;158.000;247702.81;247702.81;192000;0;47.3756;17.7182;139.5401;36.4635;17.1885;216.3577;17.7167;24.5057;1518.9372;55;0.0363;77;2.3634;86;0.000110232;0;9999;9999;9999;9999;9999;9999;9999;9999;9999;9999;9999;9999;9999;9999;9999;9999;9999;9999;9999;9999
16/02/2025 18:41:22.616;117;-1801.491;2838.119;130.900;158.000;247702.84;247702.84;192000;0;47.4469;17.7774;135.1723;36.4738;17.2834;216.6605;17.7781;24.4718;1519.0498;54;0.0242;75;2.1816;86;0.000110232;0;9999;9999;9999;9999;9999;9999;9999;9999;9999;9999;9999;9999;9999;9999;9999;9999;9999;9999;9999;9999
16/02/2025 18:41:52.611;117;-1801.489;2838.116;125.300;163.000;247702.86;247702.86;192000;0;47.5313;17.8485;130.8165;36.4845;17.3641;215.4282;17.8510;24.4996;1519.1974;54;0.0242;77;2.3634;84;0.000104108;0;9999;9999;9999;9999;9999;9999;9999;9999;9999;9999;9999;9999;9999;9999;9999;9999;9999;9999;9999;9999
16/02/2025 18:42:22.609;117;-1801.489;2838.114;122.500;166.000;247702.88;247702.88;192000;0;47.6502;17.9456;126.4121;36.5017;17.4426;218.5923;17.9488;24.3335;1519.4269;55;0.0363;75;2.1816;92;0.000128604;0;9999;9999;9999;9999;9999;9999;9999;9999;9999;9999;9999;9999;9999;9999;9999;9999;9999;9999;9999;9999
16/02/2025 18:42:52.614;117;-1801.487;2838.111;117.000;158.000;247702.91;247702.91;192000;0;47.9504;18.1843;122.1248;36.5477;17.5311;218.9501;18.1884;24.2409;1520.1009;54;0.0242;74;2.0907;100;0.000153100;0;9999;9999;9999;9999;9999;9999;9999;9999;9999;9999;9999;9999;9999;9999;9999;9999;9999;9999;9999;9999
16/02/2025 18:43:22.624;117;-1801.486;2838.110;114.400;154.000;247702.93;247702.93;192000;0;48.2285;18.4110;118.0322;36.5847;17.6416;220.5693;18.4071;24.1037;1520.7288;54;0.0242;75;2.1816;85;0.000107170;0;9999;9999;9999;9999;9999;9999;9999;9999;9999;9999;9999;9999;9999;9999;9999;9999;9999;9999;9999;9999
16/02/2025 18:43:52.621;117;-1801.484;2838.108;109.400;151.000;247702.95;247702.95;192000;0;48.5093;18.6358;114.1455;36.6249;17.7720;218.8392;18.6290;24.1045;1521.3542;55;0.0363;75;2.1816;84;0.000104108;0;9999;9999;9999;9999;9999;9999;9999;9999;9999;9999;9999;9999;9999;9999;9999;9999;9999;9999;9999;9999
16/02/2025 18:44:22.602;117;-1801.483;2838.106;106.900;154.000;247702.98;247702.98;192000;0;48.7020;18.7874;110.2413;36.6550;17.8960;216.9807;18.7860;24.1316;1521.7557;56;0.0484;76;2.2725;88;0.000116356;0;9999;9999;9999;9999;9999;9999;9999;9999;9999;9999;9999;9999;9999;9999;9999;9999;9999;9999;9999;9999
16/02/2025 18:44:52.623;117;-1801.482;2838.104;102.000;156.000;247703.01;247703.01;192000;0;48.8929;18.9408;106.5062;36.6815;18.0159;218.1677;18.9379;24.0336;1522.1592;57;0.0605;75;2.1816;89;0.000119418;0;9999;9999;9999;9999;9999;9999;9999;9999;9999;9999;9999;9999;9999;9999;9999;9999;9999;9999;9999;9999
16/02/2025 18:45:22.609;117;-1801.481;2838.103;99.600;160.000;247703.02;247703.02;192000;0;49.1358;19.1341;102.6451;36.7163;18.1355;222.8112;19.1308;23.7817;1522.6807;60;0.0968;75;2.1816;86;0.000110232;0;9999;9999;9999;9999;9999;9999;9999;9999;9999;9999;9999;9999;9999;9999;9999;9999;9999;9999;9999;9999
16/02/2025 18:45:52.622;117;-1801.480;2838.100;94.700;164.000;247703.05;247703.05;192000;0;49.5621;19.4334;98.7934;36.8102;18.2669;225.9300;19.4519;23.5544;1523.5627;67;0.1815;72;1.9089;91;0.000125542;0;9999;9999;9999;9999;9999;9999;9999;9999;9999;9999;9999;9999;9999;9999;9999;9999;9999;9999;9999;9999
16/02/2025 18:46:22.623;117;-1801.480;2838.099;92.300;163.000;247703.07;247703.07;192000;0;50.0115;19.7835;94.7891;36.8771;18.4476;235.6188;19.7830;23.0762;1524.5454;87;0.4235;72;1.9089;101;0.000156162;0;9999;9999;9999;9999;9999;9999;9999;9999;9999;9999;9999;9999;9999;9999;9999;9999;9999;9999;9999;9999
16/02/2025 18:46:52.622;117;-1801.479;2838.096;87.100;165.000;247703.09;247703.09;192000;0;50.0716;19.8389;90.6005;36.8797;18.6258;237.5353;19.8383;22.9865;1524.6319;96;0.5324;73;1.9998;108;0.000177596;0;9999;9999;9999;9999;9999;9999;9999;9999;9999;9999;9999;9999;9999;9999;9999;9999;9999;9999;9999;9999
16/02/2025 18:47:22.606;117;-1801.478;2838.094;84.400;166.000;247703.12;247703.12;192000;0;50.0712;19.8439;86.3748;36.8765;18.7681;238.3594;19.8455;22.9525;1524.5717;94;0.5082;73;1.9998;101;0.000156162;0;9999;9999;9999;9999;9999;9999;9999;9999;9999;9999;9999;9999;9999;9999;9999;9999;9999;9999;9999;9999
16/02/2025 18:47:52.621;117;-1801.478;2838.091;79.100;170.000;247703.14;247703.14;192000;0;50.1278;19.8947;82.0316;36.8804;18.8944;240.9389;19.8969;22.8403;1524.6441;85;0.3993;72;1.9089;98;0.000146976;0;9999;9999;9999;9999;9999;9999;9999;9999;9999;9999;9999;9999;9999;9999;9999;9999;9999;9999;9999;9999
16/02/2025 18:48:22.610;117;-1801.477;2838.089;76.300;169.000;247703.17;247703.17;192000;0;50.1895;19.9485;77.7320;36.8857;19.0066;242.4731;19.9527;22.7662;1524.7268;75;0.2783;71;1.8180;94;0.000134728;0;9999;9999;9999;9999;9999;9999;9999;9999;9999;9999;9999;9999;9999;9999;9999;9999;9999;9999;9999;9999
16/02/2025 18:48:52.598;117;-1801.477;2838.086;70.800;172.000;247703.2;247703.2;192000;0;50.2489;20.0000;73.2669;36.8912;19.1147;241.3297;20.0029;22.7922;1524.8004;68;0.1936;70;1.7271;92;0.000128604;0;9999;9999;9999;9999;9999;9999;9999;9999;9999;9999;9999;9999;9999;9999;9999;9999;9999;9999;9999;9999
16/02/2025 18:49:22.618;117;-1801.477;2838.084;68.000;174.000;247703.21;-1;192000;0;50.2768;20.0245;68.9503;36.8944;19.2070;241.2761;20.0267;22.7860;1524.7994;66;0.1694;69;1.6362;95;0.000137790;0;9999;9999;9999;9999;9999;9999;9999;9999;9999;9999;9999;9999;9999;9999;9999;9999;9999;9999;9999;9999
16/02/2025 18:49:52.618;117;-1801.476;2838.081;62.700;174.000;247703.24;-1;192000;0;50.2966;20.0410;64.7751;36.8978;19.2913;241.4087;20.0440;22.7748;1524.7790;65;0.1573;70;1.7271;93;0.000131666;0;9999;9999;9999;9999;9999;9999;9999;9999;9999;9999;9999;9999;9999;9999;9999;9999;9999;9999;9999;9999
16/02/2025 18:50:22.594;117;-1801.476;2838.079;59.900;173.000;247703.26;-1;192000;0;50.3038;20.0456;60.5823;36.9013;19.3677;241.1723;20.0480;22.7810;1524.7257;65;0.1573;70;1.7271;94;0.000134728;0;9999;9999;9999;9999;9999;9999;9999;9999;9999;9999;9999;9999;9999;9999;9999;9999;9999;9999;9999;9999
16/02/2025 18:50:52.598;117;-1801.476;2838.076;54.600;172.000;247703.29;-1;192000;0;50.3276;20.0683;56.3888;36.9025;19.4303;242.0964;20.0704;22.7393;1524.7196;64;0.1452;69;1.6362;92;0.000128604;0;9999;9999;9999;9999;9999;9999;9999;9999;9999;9999;9999;9999;9999;9999;9999;9999;9999;9999;9999;9999
16/02/2025 18:51:22.623;117;-1801.476;2838.074;51.900;174.000;247703.31;-1;192000;0;50.3442;20.0813;52.1955;36.9064;19.4889;241.7070;20.0843;22.7482;1524.6897;63;0.1331;70;1.7271;112;0.000189844;0;9999;9999;9999;9999;9999;9999;9999;9999;9999;9999;9999;9999;9999;9999;9999;9999;9999;9999;9999;9999
16/02/2025 18:51:52.625;117;-1801.476;2838.071;46.500;179.000;247703.33;-1;192000;0;50.3970;20.1226;47.9915;36.9152;19.5456;241.3677;20.1251;22.7473;1524.7429;62;0.1210;71;1.8180;94;0.000134728;0;9999;9999;9999;9999;9999;9999;9999;9999;9999;9999;9999;9999;9999;9999;9999;9999;9999;9999;9999;9999
16/02/2025 18:52:22.623;117;-1801.476;2838.069;43.900;178.000;247703.35;-1;192000;0;50.4848;20.1895;43.7529;36.9305;19.6080;241.5134;20.1914;22.7210;1524.8726;58;0.0726;70;1.7271;96;0.000140852;0;9999;9999;9999;9999;9999;9999;9999;9999;9999;9999;9999;9999;9999;9999;9999;9999;9999;9999;9999;9999
16/02/2025 18:52:52.616;117;-1801.476;2838.066;38.300;176.000;247703.38;-1;192000;0;50.5025;20.2079;39.4941;36.9305;19.6626;240.0645;20.2128;22.7671;1524.8520;58;0.0726;71;1.8180;93;0.000131666;0;9999;9999;9999;9999;9999;9999;9999;9999;9999;9999;9999;9999;9999;9999;9999;9999;9999;9999;9999;9999
16/02/2025 18:53:22.623;117;-1801.476;2838.064;35.700;176.000;247703.4;-1;192000;0;50.5229;20.2234;35.2847;36.9353;19.7153;239.7343;20.2252;22.7744;1524.8296;59;0.0847;69;1.6362;91;0.000125542;0;9999;9999;9999;9999;9999;9999;9999;9999;9999;9999;9999;9999;9999;9999;9999;9999;9999;9999;9999;9999
16/02/2025 18:53:52.615;117;-1801.476;2838.060;30.200;174.000;247703.42;-1;192000;0;50.5425;20.2429;30.9948;36.9359;19.7620;240.8100;20.2458;22.7275;1524.8121;57;0.0605;69;1.6362;91;0.000125542;0;9999;9999;9999;9999;9999;9999;9999;9999;9999;9999;9999;9999;9999;9999;9999;9999;9999;9999;9999;9999
16/02/2025 18:54:22.623;117;-1801.475;2838.059;27.400;173.000;247703.44;247703.44;192000;0;50.5728;20.2679;26.8171;36.9405;19.8029;239.1173;20.2707;22.7816;1524.8159;56;0.0484;70;1.7271;95;0.000137790;0;9999;9999;9999;9999;9999;9999;9999;9999;9999;9999;9999;9999;9999;9999;9999;9999;9999;9999;9999;9999
16/02/2025 18:54:52.613;117;-1801.475;2838.055;22.000;176.000;247703.47;247703.47;192000;0;50.5766;20.2775;22.5721;36.9368;19.8457;240.1489;20.2802;22.7396;1524.7672;57;0.0605;70;1.7271;91;0.000125542;0;9999;9999;9999;9999;9999;9999;9999;9999;9999;9999;9999;9999;9999;9999;9999;9999;9999;9999;9999;9999
16/02/2025 18:55:22.596;117;-1801.475;2838.053;19.400;176.000;247703.48;247703.48;192000;0;50.5961;20.2966;18.4136;36.9376;19.8845;238.6862;20.2994;22.7872;1524.7509;57;0.0605;70;1.7271;93;0.000131666;0;9999;9999;9999;9999;9999;9999;9999;9999;9999;9999;9999;9999;9999;9999;9999;9999;9999;9999;9999;9999
16/02/2025 18:55:52.606;117;-1801.475;2838.050;14.100;172.000;247703.51;247703.51;192000;0;50.6648;20.3382;14.2827;36.9592;19.9215;239.4052;20.3505;22.7434;1524.8196;57;0.0605;70;1.7271;95;0.000137790;0;9999;9999;9999;9999;9999;9999;9999;9999;9999;9999;9999;9999;9999;9999;9999;9999;9999;9999;9999;9999
16/02/2025 18:56:22.612;117;-1801.475;2838.049;11.500;167.000;247703.54;247703.54;192000;0;50.6602;20.3528;10.3310;36.9440;19.9622;238.1658;20.3552;22.7880;1524.7765;58;0.0726;70;1.7271;97;0.000143914;0;9999;9999;9999;9999;9999;9999;9999;9999;9999;9999;9999;9999;9999;9999;9999;9999;9999;9999;9999;9999
16/02/2025 18:56:52.618;117;-1801.474;2838.046;6.400;174.000;247703.56;247703.56;192000;0;50.8511;20.5095;6.3751;36.9647;20.0088;240.5286;20.5125;22.6534;1525.1597;56;0.0484;70;1.7271;91;0.000125542;0;9999;9999;9999;9999;9999;9999;9999;9999;9999;9999;9999;9999;9999;9999;9999;9999;9999;9999;9999;9999
16/02/2025 18:57:22.624;115;-1801.474;2838.042;2.100;159.000;247703.6;247703.6;192000;0;50.8960;20.5497;2.9920;36.9676;20.0651;238.2298;20.5502;22.7269;1525.2155;55;0.0363;69;1.6362;92;0.000128604;0;9999;9999;9999;9999;9999;9999;9999;9999;9999;9999;9999;9999;9999;9999;9999;9999;9999;9999;9999;9999
16/02/2025 18:57:52.602;115;-1801.471;2838.043;-0.700;79.000;247703.63;247703.63;192000;0;51.0326;20.6723;1.1503;36.9728;20.1058;238.2804;20.6367;22.7002;1525.5222;56;0.0484;69;1.6362;92;0.000128604;0;9999;9999;9999;9999;9999;9999;9999;9999;9999;9999;9999;9999;9999;9999;9999;9999;9999;9999;9999;9999
16/02/2025 18:58:22.603;119;-1801.471;2838.043;-0.400;16.000;247703.65;247703.65;192000;0;51.0172;20.6602;1.4635;36.9707;20.1601;238.8527;20.6258;22.6822;1525.4924;55;0.0363;69;1.6362;93;0.000131666;0;9999;9999;9999;9999;9999;9999;9999;9999;9999;9999;9999;9999;9999;9999;9999;9999;9999;9999;9999;9999
16/02/2025 18:58:32.056;119;-1801.414;2838.020;-0.400;337.000;247703.66;247703.66;192000;0;51.0132;20.6561;1.5335;36.9710;20.1775;237.5573;20.6215;22.7317;1525.4829;55;0.0363;68;1.5453;92;0.000128604;0;9999;9999;9999;9999;9999;9999;9999;9999;9999;9999;9999;9999;9999;9999;9999;9999;9999;9999;9999;9999
