Timestamp;NavState;SecurityLevel;Heading;Declination;Pitch;Roll;Depth;Temperature;Pa;Lat;Lon;DeadReckoning;DesiredH;BallastCmd;BallastPos;LinCmd;LinPos;AngCmd;AngPos;Voltage;Altitude;
03/03/2025 14:55:54;119;0;191.69;-4;-52.46;-16.86;-0.1;16.60;75630;2835.373;-1758.040;0;160;500;506.5;100.0;100.4;0;-0.5;25.1;-1.0;
03/03/2025 14:56:04;116;0;225.49;-4;-59.45;-31.22;0.1;16.70;75634;2835.378;-1758.041;0;160;500;506.5;100.0;100.4;0;-0.5;25.1;-1.0;
03/03/2025 14:56:29;116;0;225.20;-4;-58.20;-13.65;-0.1;16.80;75649;2835.383;-1758.042;0;160;500;506.5;100.0;100.4;0;-0.5;25.1;-1.0;
03/03/2025 14:56:55;116;0;239.07;-4;-58.96;-15.52;-0.1;16.90;75651;2835.383;-1758.041;0;310;500;506.5;100.0;100.4;0;-0.5;25.1;-1.0;
03/03/2025 14:57:18;116;0;249.24;-4;-52.21;-22.43;-0.2;16.90;75672;2835.388;-1758.040;0;310;500;506.5;100.0;100.4;0;-0.5;25.1;-1.0;
03/03/2025 14:58:20;116;0;239.29;-4;-51.49;-21.39;-0.1;17.20;75701;2835.398;-1758.041;0;310;500;506.5;100.0;100.4;0;-0.5;25.1;-1.0;
03/03/2025 14:58:50;116;0;227.01;-4;-53.97;-10.10;0.0;17.30;75708;2835.404;-1758.043;0;310;500;504.8;100.0;100.4;0;-0.5;25.1;-1.0;
03/03/2025 14:59:52;116;0;216.83;-4;-56.55;-17.63;-0.1;17.60;75749;2835.415;-1758.047;0;310;500;506.5;100.0;100.4;0;-0.5;25.1;-1.0;
03/03/2025 15:00:49;116;0;224.86;-4;-54.89;-18.53;-0.2;17.90;75769;2835.425;-1758.049;0;310;500;506.5;100.0;100.4;0;-0.5;25.1;-1.0;
03/03/2025 15:01:52;116;0;214.22;-4;-61.28;-18.06;-0.1;18.20;75806;2835.437;-1758.053;0;310;500;506.5;100.0;100.4;0;-0.5;25.1;-1.0;
03/03/2025 15:03:15;116;0;246.54;-4;-50.69;-18.74;-0.1;18.60;75838;2835.454;-1758.057;0;310;500;506.5;100.0;100.4;0;0.0;25.1;-1.0;
03/03/2025 15:03:27;116;0;247.07;-4;-55.30;-24.83;-0.1;18.70;75838;2835.456;-1758.057;0;310;500;506.5;100.0;100.4;0;-0.5;25.1;-1.0;
03/03/2025 15:03:47;110;0;235.60;-4;-45.75;-20.04;0.0;18.80;75843;2835.456;-1758.057;0;310;-110;385.5;100.0;100.4;-8;-8.1;25.1;-1.0;
03/03/2025 15:03:57;110;0;208.16;-4;-54.72;-2.31;0.2;18.80;76205;2835.457;-1758.058;1;310;-110;240.3;100.0;100.4;-8;-8.1;25.1;-1.0;
03/03/2025 15:04:07;110;0;220.31;-4;-61.22;-10.48;0.5;18.90;76438;2835.457;-1758.059;1;310;-110;88.7;100.0;100.4;-8;-8.1;25.1;-1.0;
03/03/2025 15:04:17;110;0;200.79;-4;-66.19;-3.14;0.8;18.90;76758;2835.458;-1758.059;1;310;-110;-64.5;100.0;100.4;-8;-8.6;25.1;-1.0;
03/03/2025 15:04:27;110;0;218.21;-4;-64.91;-26.23;1.0;19.00;77087;2835.459;-1758.060;1;310;-110;-109.7;42.2;55.8;-8;-8.1;25.1;-1.0;
03/03/2025 15:04:37;110;0;226.59;-4;-54.50;-15.11;2.1;19.00;77130;2835.459;-1758.061;1;310;-110;-109.7;42.2;42.1;-8;-8.6;25.1;-1.0;
03/03/2025 15:04:57;100;0;243.14;-4;-20.05;-15.79;5.1;19.10;77129;2835.459;-1758.066;1;310;-110;-106.5;42.2;42.0;-8;-8.1;25.1;-1.0;
03/03/2025 15:05:17;100;0;247.68;-4;-18.75;-16.01;7.7;19.10;77133;2835.460;-1758.071;1;310;-110;-104.8;42.6;42.7;-46;-46.0;25.1;-1.0;
03/03/2025 15:05:37;100;0;256.89;-4;-18.27;-33.82;10.0;19.10;77134;2835.461;-1758.075;1;310;-110;-103.2;43.1;43.4;-35;-35.2;25.1;-1.0;
03/03/2025 15:05:57;100;0;270.52;-4;-20.73;-28.04;12.5;19.20;77134;2835.463;-1758.080;1;310;-110;-103.2;43.1;43.4;-15;-14.9;25.2;-1.0;
03/03/2025 15:06:17;100;0;268.93;-4;-20.76;-17.72;15.0;19.20;77141;2835.464;-1758.085;1;310;-110;-103.2;43.1;43.4;-15;-14.4;25.1;0.0;
03/03/2025 15:06:37;100;0;275.27;-4;-20.95;-17.84;17.4;19.30;77152;2835.466;-1758.089;1;310;-110;-103.2;43.1;43.6;-5;-5.0;25.1;0.0;
03/03/2025 15:06:57;100;0;282.16;-4;-21.31;-13.40;20.3;19.30;77151;2835.469;-1758.094;1;310;-110;-103.2;43.1;43.6;3;3.2;25.1;0.0;
03/03/2025 15:07:17;100;0;277.75;-4;-22.09;-9.83;23.0;19.30;77149;2835.471;-1758.099;1;310;-110;-106.5;42.5;42.3;-3;-3.6;25.1;0.0;
03/03/2025 15:07:37;100;0;277.83;-4;-19.59;-13.59;25.6;19.30;77145;2835.473;-1758.104;1;310;-110;-103.2;42.5;42.4;-3;-3.6;25.1;0.0;
03/03/2025 15:07:57;100;0;279.85;-4;-19.60;-13.45;28.0;19.30;77139;2835.475;-1758.108;1;310;-110;-103.2;42.5;42.3;1;1.4;25.1;0.0;
03/03/2025 15:08:17;100;0;283.04;-4;-19.78;-10.80;30.5;19.30;77145;2835.478;-1758.113;1;310;-110;-103.2;42.5;42.3;5;5.0;25.1;0.0;
03/03/2025 15:08:37;100;0;285.89;-4;-19.77;-8.86;33.1;19.30;77145;2835.480;-1758.118;1;310;-110;-104.8;42.5;42.3;8;8.1;25.1;0.0;
03/03/2025 15:08:57;100;0;287.48;-4;-19.97;-7.27;35.8;19.30;77150;2835.483;-1758.123;1;310;-110;-103.2;42.5;42.3;10;9.9;25.1;0.0;
03/03/2025 15:09:17;100;0;288.64;-4;-20.18;-6.37;38.5;19.30;77145;2835.486;-1758.127;1;310;-110;-103.2;42.5;42.3;10;10.4;25.1;0.0;
03/03/2025 15:09:37;100;0;290.04;-4;-19.95;-6.38;40.9;19.30;77156;2835.488;-1758.132;1;310;-110;-103.2;42.5;42.3;12;12.2;25.1;0.0;
03/03/2025 15:09:57;100;0;291.48;-4;-20.03;-5.33;43.5;19.30;77158;2835.491;-1758.137;1;310;-110;-103.2;42.5;42.3;12;12.2;25.1;0.0;
03/03/2025 15:10:17;100;0;291.80;-4;-20.36;-5.30;46.3;19.30;77169;2835.494;-1758.141;1;310;-110;-104.8;42.5;42.3;12;12.2;25.1;0.0;
03/03/2025 15:10:37;100;0;292.45;-4;-20.18;-5.33;49.0;19.30;77165;2835.497;-1758.146;1;310;-110;-103.2;42.5;42.3;12;12.2;25.1;0.0;
03/03/2025 15:10:57;100;0;293.83;-4;-20.08;-5.34;51.4;19.30;77175;2835.500;-1758.151;1;310;-110;-103.2;42.5;42.3;14;14.0;25.1;0.0;
03/03/2025 15:11:17;100;0;295.49;-4;-20.05;-4.36;54.0;19.30;77175;2835.503;-1758.155;1;310;-110;-103.2;42.5;42.3;14;14.0;25.1;0.0;
03/03/2025 15:11:37;100;0;297.16;-4;-20.17;-4.46;56.6;19.30;77173;2835.507;-1758.159;1;310;-110;-103.2;42.5;42.4;14;14.4;25.1;0.0;
03/03/2025 15:11:57;100;0;299.05;-4;-20.13;-4.42;59.4;19.30;77178;2835.510;-1758.164;1;310;-110;-103.2;42.5;42.3;14;14.4;25.1;0.0;
03/03/2025 15:12:17;100;0;298.75;-4;-20.04;-4.43;61.9;19.30;77179;2835.513;-1758.169;1;310;-110;-103.2;42.5;42.3;14;14.4;25.1;0.0;
03/03/2025 15:12:37;100;0;297.89;-4;-20.00;-4.47;64.6;19.30;77184;2835.517;-1758.173;1;310;-110;-103.2;42.5;42.3;14;14.0;25.1;0.0;
03/03/2025 15:12:57;100;0;296.33;-4;-19.57;-4.45;67.1;19.30;77179;2835.520;-1758.177;1;310;-110;-104.8;42.5;42.3;14;14.0;25.1;0.0;
03/03/2025 15:13:17;100;0;296.85;-4;-19.79;-4.44;69.6;19.30;77182;2835.523;-1758.182;1;310;-110;-103.2;42.5;42.3;14;14.4;25.1;0.0;
03/03/2025 15:13:37;100;0;297.02;-4;-19.74;-4.45;72.0;19.30;77190;2835.526;-1758.186;1;310;-110;-103.2;42.5;42.3;14;14.4;25.1;0.0;
03/03/2025 15:13:57;100;0;300.16;-4;-20.26;-4.38;74.7;19.30;77202;2835.529;-1758.191;1;310;-110;-103.2;42.5;42.3;14;14.4;25.1;0.0;
03/03/2025 15:14:17;100;0;303.88;-4;-20.26;-4.78;77.2;19.30;77185;2835.533;-1758.195;1;310;-110;-103.2;42.5;42.3;14;14.4;25.1;0.0;
03/03/2025 15:14:37;100;0;307.48;-4;-20.16;-4.33;79.6;19.30;77182;2835.536;-1758.199;1;310;-110;-103.2;42.5;42.3;18;18.1;25.1;0.0;
03/03/2025 15:14:57;100;0;302.76;-4;-20.94;-2.35;82.4;19.30;77179;2835.540;-1758.203;1;310;-110;-104.8;42.5;42.3;14;14.0;25.1;0.0;
03/03/2025 15:15:17;100;0;294.75;-4;-20.14;-4.82;85.0;19.30;77160;2835.543;-1758.208;1;310;-110;-103.2;42.5;42.3;14;14.0;25.1;0.0;
03/03/2025 15:15:37;100;0;283.16;-4;-21.02;-4.79;87.7;19.20;77135;2835.545;-1758.212;1;310;-110;-103.2;42.5;42.3;5;5.0;25.1;0.0;
03/03/2025 15:15:57;100;0;276.38;-4;-19.68;-9.19;90.5;19.20;77114;2835.547;-1758.218;1;310;-110;-103.2;42.5;42.3;-7;-7.2;25.1;0.0;
03/03/2025 15:16:17;100;0;280.50;-4;-18.32;-15.37;93.2;19.20;77089;2835.550;-1758.223;1;310;-110;-103.2;43.0;43.3;0;0.0;25.1;0.0;
03/03/2025 15:16:37;100;0;286.26;-4;-19.45;-11.41;95.5;19.20;77073;2835.552;-1758.227;1;310;-110;-103.2;43.0;43.2;9;9.0;25.1;0.0;
03/03/2025 15:16:57;100;0;289.48;-4;-20.24;-7.09;98.0;19.20;77063;2835.555;-1758.232;1;310;-110;-103.2;43.0;43.2;12;12.2;25.1;0.0;
03/03/2025 15:17:17;100;0;291.28;-4;-20.42;-5.49;100.5;19.10;77042;2835.558;-1758.236;1;310;-110;-103.2;43.0;43.3;12;12.6;25.1;0.0;
03/03/2025 15:17:37;100;0;292.92;-4;-20.62;-5.39;103.1;19.10;77042;2835.561;-1758.241;1;310;-110;-103.2;43.0;43.3;12;12.6;25.1;0.0;
03/03/2025 15:17:57;100;0;292.76;-4;-21.26;-5.23;105.9;19.10;77035;2835.564;-1758.245;1;310;-110;-103.2;43.0;43.3;12;12.6;25.1;0.0;
03/03/2025 15:18:17;100;0;291.15;-4;-21.28;-5.24;108.7;19.00;77020;2835.567;-1758.250;1;310;-110;-103.2;43.0;43.3;12;12.6;25.1;0.0;
03/03/2025 15:18:37;100;0;291.67;-4;-20.74;-5.27;111.6;19.00;77012;2835.570;-1758.255;1;310;-110;-103.2;43.0;43.3;12;12.6;25.1;0.0;
03/03/2025 15:18:57;100;0;293.44;-4;-20.03;-5.30;114.4;19.00;76999;2835.573;-1758.260;1;310;-110;-103.2;43.0;43.3;12;12.6;25.1;0.0;
03/03/2025 15:19:17;100;0;291.40;-4;-19.33;-5.26;116.6;19.00;76998;2835.576;-1758.264;1;310;-110;-103.2;43.0;43.3;12;12.2;25.1;0.0;
03/03/2025 15:19:37;100;0;289.97;-4;-20.25;-5.39;118.8;18.90;76982;2835.578;-1758.268;1;310;-110;-103.2;43.0;43.3;12;12.6;25.1;0.0;
03/03/2025 15:19:57;100;0;297.73;-4;-23.80;-5.47;121.3;18.90;76985;2835.581;-1758.272;1;310;-110;-103.2;41.8;41.8;14;14.4;25.1;0.0;
03/03/2025 15:20:17;100;0;287.68;-4;-16.66;-5.29;124.1;18.90;76970;2835.584;-1758.278;1;310;-110;-103.2;42.8;43.0;8;7.7;25.1;0.0;
03/03/2025 15:20:37;100;0;296.91;-4;-21.32;-7.88;126.9;18.80;76963;2835.588;-1758.282;1;310;-110;-103.2;42.8;43.0;14;14.0;25.1;0.0;
03/03/2025 15:20:57;100;0;293.09;-4;-21.21;-4.45;129.8;18.80;76955;2835.591;-1758.287;1;310;-110;-103.2;42.8;43.0;14;14.4;25.1;0.0;
03/03/2025 15:21:17;100;0;298.77;-4;-20.82;-4.32;132.6;18.80;76940;2835.594;-1758.292;1;310;-110;-101.6;42.8;43.0;14;14.4;25.1;0.0;
03/03/2025 15:21:37;100;0;299.84;-4;-20.64;-4.31;135.4;18.80;76922;2835.597;-1758.296;1;310;-110;-101.6;42.8;43.0;14;14.4;25.1;0.0;
03/03/2025 15:21:57;100;0;296.01;-4;-20.70;-4.39;138.3;18.70;76898;2835.601;-1758.301;1;310;-110;-103.2;42.8;43.2;14;14.4;25.1;0.0;
03/03/2025 15:22:17;100;0;293.91;-4;-20.07;-4.41;141.0;18.70;76888;2835.604;-1758.306;1;310;-110;-103.2;42.8;43.0;14;14.4;25.1;0.0;
03/03/2025 15:22:37;100;0;296.27;-4;-20.18;-4.38;143.8;18.60;76882;2835.607;-1758.311;1;310;-110;-103.2;42.8;43.0;14;14.4;25.1;0.0;
03/03/2025 15:22:57;100;0;296.04;-4;-20.04;-4.41;146.7;18.60;76868;2835.610;-1758.315;1;310;-110;-103.2;42.8;43.0;14;14.0;25.1;0.0;
03/03/2025 15:23:17;100;0;294.71;-4;-19.63;-4.48;149.3;18.50;76842;2835.613;-1758.320;1;310;-110;-103.2;42.8;43.2;14;14.4;25.1;0.0;
03/03/2025 15:23:37;100;0;292.55;-4;-19.73;-4.51;152.0;18.50;76832;2835.616;-1758.325;1;310;-110;-103.2;42.8;43.2;14;14.4;25.1;0.0;
03/03/2025 15:23:57;100;0;292.59;-4;-19.62;-4.44;154.8;18.50;76828;2835.619;-1758.330;1;310;-110;-104.8;42.8;43.2;14;14.4;25.1;0.0;
03/03/2025 15:24:17;100;0;289.25;-4;-19.48;-4.48;157.2;18.40;76819;2835.622;-1758.334;1;310;-110;-103.2;42.8;43.0;11;10.8;25.1;0.0;
03/03/2025 15:24:37;100;0;285.98;-4;-19.36;-6.33;159.7;18.40;76799;2835.625;-1758.339;1;310;-110;-104.8;42.8;43.0;8;8.1;25.1;0.0;
03/03/2025 15:24:57;100;0;283.54;-4;-19.00;-7.80;162.3;18.30;76789;2835.627;-1758.344;1;310;-110;-103.2;43.1;43.4;4;4.1;25.1;0.0;
03/03/2025 15:25:17;100;0;287.87;-4;-19.74;-9.88;164.5;18.30;76768;2835.630;-1758.348;1;310;-110;-103.2;43.1;43.4;12;12.2;25.1;0.0;
03/03/2025 15:25:37;100;0;289.94;-4;-20.17;-5.26;167.1;18.30;76753;2835.633;-1758.353;1;310;-110;-103.2;43.1;43.4;12;12.6;25.1;0.0;
03/03/2025 15:25:57;100;0;290.47;-4;-20.51;-5.25;169.8;18.20;76752;2835.636;-1758.357;1;310;-110;-103.2;43.1;43.4;12;12.6;25.1;0.0;
03/03/2025 15:26:17;100;0;289.46;-4;-20.57;-5.25;172.4;18.20;76734;2835.638;-1758.362;1;310;-110;-103.2;43.1;43.6;12;12.6;25.1;0.0;
03/03/2025 15:26:37;100;0;294.62;-4;-20.64;-5.15;175.0;18.10;76725;2835.641;-1758.366;1;310;-110;-103.2;43.1;43.4;12;12.6;25.1;0.0;
03/03/2025 15:26:57;100;0;299.10;-4;-20.56;-5.17;177.5;18.10;76702;2835.645;-1758.371;1;310;-110;-103.2;43.1;43.4;12;12.6;25.1;0.0;
03/03/2025 15:27:17;100;0;302.13;-4;-20.42;-5.20;180.3;18.00;76690;2835.648;-1758.375;1;310;-110;-103.2;43.1;43.4;12;12.6;25.1;0.0;
03/03/2025 15:27:37;100;0;304.49;-4;-20.37;-5.18;183.1;18.00;76688;2835.652;-1758.380;1;310;-110;-103.2;43.1;43.4;14;14.0;25.1;0.0;
03/03/2025 15:27:57;100;0;305.62;-4;-20.54;-4.38;185.6;17.90;76682;2835.655;-1758.384;1;310;-110;-103.2;43.1;43.4;14;14.4;25.1;0.0;
03/03/2025 15:28:17;100;0;307.07;-4;-20.96;-4.28;188.2;17.90;76665;2835.659;-1758.388;1;310;-110;-103.2;43.1;43.4;16;15.8;25.1;0.0;
03/03/2025 15:28:37;100;0;304.92;-4;-20.80;-3.51;191.0;17.80;76651;2835.663;-1758.392;1;310;-110;-103.2;43.1;43.4;14;14.0;25.1;0.0;
03/03/2025 15:28:57;100;0;304.42;-4;-20.69;-4.86;193.9;17.80;76650;2835.666;-1758.396;1;310;-110;-103.2;43.1;43.4;14;13.5;25.1;0.0;
03/03/2025 15:29:18;100;0;306.79;-4;-20.56;-4.77;196.8;17.70;76641;2835.670;-1758.401;1;310;-110;-103.2;43.1;43.4;14;13.5;25.1;0.0;
03/03/2025 15:29:38;100;0;309.05;-4;-20.59;-4.72;199.4;17.70;76646;2835.674;-1758.405;1;310;-110;-103.2;43.1;43.4;17;17.1;25.1;0.0;
03/03/2025 15:29:58;100;0;311.70;-4;-20.79;-2.70;202.1;17.70;76628;2835.678;-1758.409;1;310;-110;-101.6;43.1;43.3;19;19.0;25.1;0.0;
03/03/2025 15:30:18;100;0;315.06;-4;-20.75;-1.94;204.9;17.60;76626;2835.682;-1758.413;1;310;-110;-103.2;43.1;43.4;24;23.9;25.1;0.0;
03/03/2025 15:30:38;100;0;312.24;-4;-21.49;0.55;207.8;17.60;76621;2835.686;-1758.417;1;310;-110;-103.2;43.1;43.4;20;19.9;25.1;0.0;
03/03/2025 15:30:58;100;0;311.06;-4;-21.24;-1.79;210.7;17.50;76613;2835.690;-1758.421;1;310;-110;-103.2;43.1;43.4;20;19.4;25.1;0.0;
03/03/2025 15:31:18;100;0;307.51;-4;-21.10;-1.84;213.7;17.50;76603;2835.694;-1758.425;1;310;-110;-104.8;43.1;43.4;15;14.9;25.1;0.0;
03/03/2025 15:31:38;100;0;307.19;-4;-20.45;-4.38;216.3;17.50;76592;2835.698;-1758.430;1;310;-110;-103.2;43.1;43.4;15;14.4;25.1;0.0;
03/03/2025 15:31:58;100;0;306.08;-4;-20.41;-4.43;218.9;17.40;76584;2835.701;-1758.434;1;310;-110;-103.2;43.1;43.4;15;14.4;25.1;0.0;
03/03/2025 15:32:18;100;0;302.47;-4;-20.38;-4.39;221.7;17.40;76569;2835.705;-1758.438;1;310;-110;-103.2;43.1;43.4;15;14.4;25.1;0.0;
03/03/2025 15:32:38;100;0;295.89;-4;-20.25;-4.41;224.2;17.30;76552;2835.708;-1758.443;1;310;-110;-103.2;43.1;43.4;15;14.4;25.1;0.0;
03/03/2025 15:32:58;100;0;295.11;-4;-20.16;-4.46;226.9;17.30;76543;2835.711;-1758.447;1;310;-110;-103.2;43.1;43.4;13;13.1;25.1;0.0;
03/03/2025 15:33:18;100;0;294.50;-4;-20.17;-5.27;229.4;17.20;76520;2835.714;-1758.452;1;310;-110;-106.5;43.1;43.4;13;13.1;25.1;0.0;
03/03/2025 15:33:38;100;0;292.61;-4;-20.31;-5.23;232.1;17.20;76508;2835.717;-1758.456;1;310;-110;-103.2;43.1;43.4;13;12.6;25.1;0.0;
03/03/2025 15:33:58;100;0;289.67;-4;-20.33;-5.17;234.8;17.10;76499;2835.720;-1758.461;1;310;-110;-103.2;43.1;43.4;11;10.8;25.1;0.0;
03/03/2025 15:34:18;100;0;288.43;-4;-20.01;-6.50;237.3;17.10;76485;2835.723;-1758.466;1;310;-110;-104.8;43.1;43.4;11;10.4;25.1;0.0;
03/03/2025 15:34:38;100;0;289.44;-4;-19.97;-6.48;239.9;17.10;76485;2835.726;-1758.470;1;310;-110;-103.2;43.1;43.4;11;10.4;25.1;0.0;
03/03/2025 15:34:58;100;0;292.02;-4;-19.98;-6.53;242.3;17.00;76484;2835.728;-1758.475;1;310;-110;-103.2;43.1;43.4;13;13.1;25.1;0.0;
03/03/2025 15:35:18;100;0;290.09;-4;-20.07;-4.67;244.9;17.00;76476;2835.731;-1758.480;1;310;-110;-103.2;43.1;43.4;13;13.5;25.1;0.0;
03/03/2025 15:35:38;100;0;290.69;-4;-20.12;-4.99;247.6;16.90;76453;2835.734;-1758.484;1;310;-110;-103.2;43.1;43.6;13;13.5;25.1;0.0;
03/03/2025 15:35:58;100;0;286.66;-4;-20.17;-4.38;249.9;16.90;76446;2835.737;-1758.489;1;310;-110;-101.6;43.1;43.4;10;9.9;25.1;0.0;
03/03/2025 15:36:18;100;0;287.43;-4;-19.72;-6.92;252.5;16.80;76439;2835.739;-1758.493;1;310;-110;-103.2;43.1;43.4;10;9.5;25.1;0.0;
03/03/2025 15:36:38;100;0;289.96;-4;-20.03;-6.86;255.1;16.80;76436;2835.742;-1758.498;1;310;-110;-103.2;43.1;43.4;12;12.2;25.1;0.0;
03/03/2025 15:36:58;100;0;290.78;-4;-20.08;-5.44;257.8;16.80;76435;2835.745;-1758.503;1;310;-110;-103.2;43.1;43.4;12;12.2;25.1;0.0;
03/03/2025 15:37:18;100;0;291.59;-4;-20.19;-5.43;260.3;16.70;76426;2835.748;-1758.507;1;310;-110;-101.6;43.1;43.4;12;12.6;25.1;0.0;
03/03/2025 15:37:38;100;0;292.87;-4;-20.12;-5.35;263.1;16.70;76419;2835.751;-1758.512;1;310;-110;-103.2;43.1;43.4;12;12.2;25.1;0.0;
03/03/2025 15:37:58;100;0;293.31;-4;-20.18;-5.42;265.5;16.60;76402;2835.754;-1758.517;1;310;-110;-104.8;43.1;43.4;12;12.2;25.1;0.0;
03/03/2025 15:38:18;100;0;294.28;-4;-20.44;-5.47;268.1;16.60;76413;2835.757;-1758.521;1;310;-110;-103.2;43.1;43.4;12;12.6;25.1;0.0;
03/03/2025 15:38:38;100;0;296.78;-4;-20.43;-5.40;271.0;16.60;76403;2835.760;-1758.526;1;310;-110;-103.2;43.1;43.4;12;12.2;25.1;0.0;
03/03/2025 15:38:58;100;0;301.01;-4;-20.27;-5.32;273.6;16.50;76385;2835.764;-1758.530;1;310;-110;-104.8;43.1;43.4;12;12.2;25.1;0.0;
03/03/2025 15:39:18;100;0;302.25;-4;-20.40;-5.37;276.4;16.50;76393;2835.767;-1758.535;1;310;-110;-101.6;43.1;43.4;12;12.2;25.1;0.0;
03/03/2025 15:39:38;100;0;304.74;-4;-20.19;-5.37;278.9;16.40;76386;2835.771;-1758.539;1;310;-110;-103.2;43.1;43.4;14;14.0;25.1;0.0;
03/03/2025 15:39:58;100;0;307.02;-4;-19.88;-4.49;281.7;16.40;76380;2835.775;-1758.544;1;310;-110;-104.8;43.1;43.4;14;14.0;25.1;0.0;
03/03/2025 15:40:18;100;0;307.45;-4;-20.28;-4.50;284.4;16.40;76374;2835.779;-1758.548;1;310;-110;-104.8;43.1;43.4;14;14.0;25.1;0.0;
03/03/2025 15:40:38;100;0;307.20;-4;-20.14;-4.45;287.0;16.30;76368;2835.782;-1758.552;1;310;-110;-101.6;43.1;43.4;14;14.0;25.1;0.0;
03/03/2025 15:40:58;100;0;309.66;-4;-20.30;-4.50;289.7;16.30;76363;2835.786;-1758.556;1;310;-110;-103.2;43.1;43.4;17;17.1;25.1;0.0;
03/03/2025 15:41:18;100;0;311.31;-4;-20.61;-2.82;292.4;16.20;76357;2835.790;-1758.560;1;310;-110;-103.2;43.1;43.4;20;19.9;25.1;0.0;
03/03/2025 15:41:38;100;0;311.17;-4;-20.75;-1.53;295.3;16.20;76361;2835.794;-1758.564;1;310;-110;-101.6;43.1;43.4;20;19.9;25.1;0.0;
03/03/2025 15:41:58;100;0;308.93;-4;-20.85;-1.53;298.0;16.20;76358;2835.798;-1758.568;1;310;-110;-103.2;43.1;43.4;17;16.7;25.1;0.0;
03/03/2025 15:42:18;100;0;308.25;-4;-20.49;-3.45;300.7;16.10;76348;2835.802;-1758.572;1;310;-110;-103.2;43.1;43.4;17;16.7;25.1;0.0;
03/03/2025 15:42:38;100;0;307.03;-4;-20.48;-3.42;303.6;16.10;76339;2835.806;-1758.577;1;310;-110;-103.2;43.1;43.4;15;14.9;25.1;0.0;
03/03/2025 15:42:58;100;0;307.97;-4;-20.45;-4.39;306.3;16.10;76341;2835.809;-1758.581;1;310;-110;-103.2;43.1;43.4;15;14.4;25.1;0.0;
03/03/2025 15:43:18;100;0;309.13;-4;-20.29;-4.30;309.1;16.00;76337;2835.813;-1758.585;1;310;-110;-103.2;43.1;43.4;17;17.1;25.1;0.0;
03/03/2025 15:43:38;100;0;309.02;-4;-20.27;-2.82;311.9;16.00;76327;2835.817;-1758.590;1;310;-110;-103.2;43.1;43.4;17;17.6;25.1;0.0;
03/03/2025 15:43:58;100;0;310.15;-4;-20.47;-2.81;314.6;16.00;76320;2835.821;-1758.594;1;310;-110;-103.2;43.1;43.4;17;18.1;25.1;0.0;
03/03/2025 15:44:18;100;0;310.11;-4;-20.68;-2.64;317.1;15.90;76318;2835.825;-1758.598;1;310;-110;-103.2;43.1;43.4;19;19.0;25.1;0.0;
03/03/2025 15:44:38;100;0;311.02;-4;-20.64;-1.81;319.8;15.90;76309;2835.829;-1758.602;1;310;-110;-103.2;43.1;43.6;19;19.4;25.1;0.0;
03/03/2025 15:44:58;100;0;312.41;-4;-20.46;-1.78;322.6;15.90;76297;2835.833;-1758.606;1;310;-110;-103.2;43.1;43.4;21;21.2;25.1;0.0;
03/03/2025 15:45:18;100;0;314.07;-4;-20.66;-0.80;325.1;15.80;76302;2835.837;-1758.609;1;310;-110;-103.2;43.1;43.4;27;27.1;25.1;0.0;
03/03/2025 15:45:38;100;0;309.75;-4;-20.97;2.05;327.8;15.80;76295;2835.841;-1758.613;1;310;-110;-104.8;43.1;43.4;17;17.1;25.1;0.0;
03/03/2025 15:45:58;100;0;307.00;-4;-20.68;-2.97;330.6;15.80;76274;2835.844;-1758.618;1;310;-110;-103.2;43.1;43.4;17;17.1;25.1;0.0;
03/03/2025 15:46:18;100;0;304.42;-4;-20.63;-3.01;333.1;15.70;76278;2835.848;-1758.622;1;310;-110;-103.2;43.1;43.4;15;14.9;25.1;0.0;
03/03/2025 15:46:38;100;0;304.35;-4;-20.48;-4.24;335.8;15.70;76263;2835.851;-1758.626;1;310;-110;-103.2;43.1;43.4;15;14.9;25.1;0.0;
03/03/2025 15:46:58;100;0;305.34;-4;-20.46;-4.24;338.2;15.70;76262;2835.855;-1758.630;1;310;-110;-103.2;43.1;43.4;15;14.4;25.1;0.0;
03/03/2025 15:47:18;100;0;304.24;-4;-20.19;-4.27;340.8;15.60;76255;2835.858;-1758.634;1;310;-110;-103.2;43.1;43.6;15;14.9;25.1;0.0;
03/03/2025 15:47:38;100;0;303.35;-4;-20.30;-4.27;343.2;15.60;76234;2835.862;-1758.638;1;310;-110;-103.2;43.1;43.6;15;14.9;25.1;0.0;
03/03/2025 15:47:58;100;0;301.30;-4;-20.19;-4.27;345.6;15.60;76238;2835.865;-1758.642;1;310;-110;-103.2;43.1;43.4;15;14.4;25.1;0.0;
03/03/2025 15:48:18;100;0;297.60;-4;-20.13;-4.31;348.3;15.50;76233;2835.868;-1758.647;1;310;-110;-103.2;43.1;43.4;15;14.9;25.1;0.0;
03/03/2025 15:48:38;100;0;297.99;-4;-19.85;-4.26;350.6;15.50;76227;2835.871;-1758.651;1;310;-110;-103.2;43.1;43.4;15;14.9;25.1;0.0;
03/03/2025 15:48:58;100;0;297.55;-4;-19.82;-4.37;352.8;15.50;76215;2835.874;-1758.655;1;310;-110;-103.2;43.1;43.4;15;14.9;25.1;0.0;
03/03/2025 15:49:18;100;0;296.73;-4;-20.05;-4.50;355.2;15.40;76213;2835.878;-1758.659;1;310;-110;-103.2;43.1;43.6;15;14.9;25.1;0.0;
03/03/2025 15:49:38;100;0;296.46;-4;-19.65;-4.36;357.4;15.40;76217;2835.880;-1758.663;1;310;-110;-103.2;43.1;43.4;15;14.9;25.1;0.0;
03/03/2025 15:49:58;100;0;295.84;-4;-19.80;-4.24;359.6;15.40;76202;2835.883;-1758.667;1;310;-110;-103.2;43.1;43.6;15;14.9;25.1;0.0;
03/03/2025 15:50:18;100;0;296.04;-4;-19.82;-4.27;361.9;15.30;76195;2835.886;-1758.671;1;310;-110;-103.2;43.1;43.4;15;14.9;25.1;0.0;
03/03/2025 15:50:38;100;0;297.05;-4;-19.74;-4.27;363.9;15.30;76194;2835.889;-1758.675;1;310;-110;-103.2;43.1;43.6;15;14.9;25.1;0.0;
03/03/2025 15:50:58;100;0;300.20;-4;-19.73;-4.27;366.2;15.30;76192;2835.892;-1758.679;1;310;-110;-103.2;43.1;43.4;15;14.4;25.1;0.0;
03/03/2025 15:51:18;100;0;304.66;-4;-19.78;-4.25;368.4;15.20;76172;2835.896;-1758.683;1;310;-110;-103.2;43.1;43.4;15;14.9;25.1;0.0;
03/03/2025 15:51:38;100;0;304.31;-4;-19.63;-4.29;370.6;15.20;76160;2835.899;-1758.686;1;310;-110;-103.2;43.1;43.4;15;14.9;25.1;0.0;
03/03/2025 15:51:58;100;0;303.42;-4;-19.79;-4.34;372.8;15.20;76154;2835.902;-1758.690;1;310;-110;-103.2;43.1;43.4;15;14.9;25.1;0.0;
03/03/2025 15:52:18;100;0;303.06;-4;-19.91;-4.33;374.9;15.20;76147;2835.905;-1758.694;1;310;-110;-103.2;43.1;43.4;15;14.9;25.1;0.0;
03/03/2025 15:52:38;100;0;305.00;-4;-19.90;-4.30;377.3;15.10;76139;2835.909;-1758.698;1;310;-110;-101.6;43.1;43.4;15;14.9;25.1;0.0;
03/03/2025 15:52:58;100;0;306.64;-4;-19.85;-4.29;379.4;15.10;76135;2835.912;-1758.702;1;310;-110;-103.2;43.1;43.4;18;18.1;25.1;0.0;
03/03/2025 15:53:18;100;0;307.24;-4;-20.14;-2.44;381.8;15.10;76129;2835.916;-1758.705;1;310;-110;-103.2;43.1;43.4;18;18.5;25.1;0.0;
03/03/2025 15:53:38;100;0;304.39;-4;-19.80;-2.46;384.0;15.00;76119;2835.919;-1758.709;1;310;-110;-103.2;43.1;43.4;16;15.3;25.1;0.0;
03/03/2025 15:53:58;100;0;303.42;-4;-19.86;-4.00;386.2;15.00;76112;2835.922;-1758.713;1;310;-110;-103.2;43.1;43.4;16;15.3;25.1;0.0;
03/03/2025 15:54:18;100;0;303.62;-4;-19.79;-4.00;388.5;15.00;76097;2835.925;-1758.717;1;310;-110;-103.2;43.1;43.4;16;15.3;25.1;0.0;
03/03/2025 15:54:38;100;0;301.85;-4;-19.90;-4.04;390.7;14.90;76090;2835.929;-1758.721;1;310;-110;-103.2;43.1;43.4;16;15.3;25.1;0.0;
03/03/2025 15:54:58;100;0;301.67;-4;-19.87;-3.99;392.9;14.90;76086;2835.932;-1758.725;1;310;-110;-103.2;43.1;43.4;16;15.3;25.1;0.0;
03/03/2025 15:55:18;100;0;300.83;-4;-20.13;-4.07;395.2;14.90;76090;2835.935;-1758.729;1;310;-110;-104.8;43.1;43.4;16;15.3;25.1;0.0;
03/03/2025 15:55:38;100;0;300.42;-4;-20.17;-3.97;397.3;14.80;76069;2835.938;-1758.732;1;310;-110;-103.2;43.1;43.4;16;15.3;25.1;0.0;
03/03/2025 15:55:58;100;0;299.65;-4;-20.26;-3.93;399.9;14.80;76074;2835.941;-1758.737;1;310;-110;-103.2;43.1;43.4;16;15.3;25.1;0.0;
03/03/2025 15:56:18;100;0;298.82;-4;-20.09;-4.00;402.1;14.80;76067;2835.944;-1758.741;1;310;-110;-101.6;43.1;43.4;16;15.3;25.1;0.0;
03/03/2025 15:56:38;100;0;298.21;-4;-19.96;-3.96;404.4;14.70;76052;2835.948;-1758.745;1;310;-110;-103.2;43.1;43.4;16;15.3;25.1;0.0;
03/03/2025 15:56:58;100;0;299.27;-4;-19.75;-4.01;406.8;14.70;76051;2835.951;-1758.749;1;310;-110;-103.2;43.1;43.4;16;15.3;25.1;0.0;
03/03/2025 15:57:18;100;0;298.35;-4;-19.70;-4.04;409.0;14.70;76052;2835.954;-1758.753;1;310;-110;-103.2;43.1;43.6;16;15.3;25.1;0.0;
03/03/2025 15:57:38;100;0;297.36;-4;-19.60;-4.05;411.1;14.70;76036;2835.957;-1758.757;1;310;-110;-103.2;43.1;43.6;16;15.3;25.1;0.0;
03/03/2025 15:57:58;100;0;294.94;-4;-19.55;-4.04;413.2;14.60;76032;2835.960;-1758.761;1;310;-110;-103.2;43.1;43.4;16;15.3;25.1;0.0;
03/03/2025 15:58:18;100;0;293.92;-4;-19.68;-4.05;415.4;14.60;76028;2835.962;-1758.765;1;310;-110;-103.2;43.1;43.4;16;15.3;25.1;0.0;
03/03/2025 15:58:38;100;0;293.98;-4;-19.48;-4.05;417.6;14.60;76021;2835.965;-1758.769;1;310;-110;-103.2;43.1;43.4;14;13.5;25.1;0.0;
03/03/2025 15:58:58;100;0;292.30;-4;-19.46;-4.76;419.7;14.50;76018;2835.968;-1758.773;1;310;-110;-103.2;43.1;43.4;14;14.0;25.1;0.0;
03/03/2025 15:59:18;100;0;291.19;-4;-19.66;-4.79;421.9;14.50;76013;2835.971;-1758.777;1;310;-110;-103.2;43.1;43.4;14;14.0;25.1;0.0;
03/03/2025 15:59:38;100;0;290.24;-4;-19.64;-4.76;424.1;14.50;75998;2835.973;-1758.781;1;310;-110;-103.2;43.1;43.4;14;14.0;25.1;0.0;
03/03/2025 15:59:58;100;0;292.15;-4;-19.96;-4.77;426.5;14.40;76002;2835.976;-1758.785;1;310;-110;-103.2;43.1;43.4;14;14.0;25.1;0.0;
03/03/2025 16:00:18;100;0;291.44;-4;-19.44;-4.75;428.9;14.40;75996;2835.979;-1758.790;1;310;-110;-106.5;43.1;43.4;14;14.0;25.1;0.0;
03/03/2025 16:00:38;100;0;289.63;-4;-19.63;-4.78;431.3;14.40;75984;2835.982;-1758.794;1;310;-110;-101.6;43.1;43.4;12;12.2;25.1;0.0;
03/03/2025 16:00:58;100;0;289.39;-4;-19.41;-5.56;433.8;14.40;75986;2835.985;-1758.799;1;310;-110;-103.2;43.1;43.6;12;11.7;25.1;0.0;
03/03/2025 16:01:18;100;0;289.37;-4;-19.51;-5.66;436.3;14.30;75967;2835.987;-1758.804;1;310;-110;-103.2;43.1;43.4;12;12.2;25.1;0.0;
03/03/2025 16:01:38;100;0;288.43;-4;-19.61;-5.68;438.6;14.30;75964;2835.990;-1758.808;1;310;-110;-103.2;43.1;43.4;12;12.2;25.1;0.0;
03/03/2025 16:01:58;100;0;285.60;-4;-19.70;-5.70;441.0;14.30;75963;2835.992;-1758.812;1;310;-110;-104.8;43.1;43.4;10;9.9;25.1;0.0;
03/03/2025 16:02:18;100;0;285.72;-4;-19.70;-6.82;443.4;14.20;75963;2835.995;-1758.817;1;310;-110;-103.2;43.1;43.4;10;9.5;25.1;0.0;
03/03/2025 16:02:38;100;0;288.79;-4;-19.13;-6.73;445.8;14.20;75968;2835.998;-1758.821;1;310;-110;-103.2;43.1;43.6;12;12.2;25.1;0.0;
03/03/2025 16:02:58;100;0;290.58;-4;-19.35;-5.31;448.1;14.20;75952;2836.000;-1758.826;1;310;-110;-103.2;43.1;43.4;12;12.6;25.1;0.0;
03/03/2025 16:03:18;100;0;293.69;-4;-19.24;-5.24;450.6;14.20;75948;2836.003;-1758.830;1;310;-110;-101.6;43.1;43.4;14;14.0;25.1;0.0;
03/03/2025 16:03:38;100;0;295.62;-4;-19.46;-4.41;452.7;14.10;75935;2836.006;-1758.834;1;310;-110;-103.2;43.1;43.4;14;14.4;25.1;0.0;
03/03/2025 16:03:58;100;0;295.14;-4;-19.62;-4.36;455.1;14.10;75936;2836.009;-1758.839;1;310;-110;-104.8;43.1;43.4;14;14.4;25.1;0.0;
03/03/2025 16:04:19;100;0;293.62;-4;-19.62;-4.44;457.4;14.10;75924;2836.012;-1758.843;1;310;-110;-103.2;43.1;43.4;14;14.4;25.1;0.0;
03/03/2025 16:04:39;100;0;293.35;-4;-19.57;-4.40;459.7;14.00;75913;2836.015;-1758.847;1;310;-110;-103.2;43.1;43.4;14;14.4;25.1;0.0;
03/03/2025 16:04:59;100;0;294.19;-4;-19.40;-4.40;462.1;14.00;75921;2836.018;-1758.851;1;310;-110;-103.2;43.1;43.4;14;14.4;25.1;0.0;
03/03/2025 16:05:19;100;0;293.98;-4;-19.27;-4.43;464.3;14.00;75920;2836.021;-1758.855;1;310;-110;-103.2;43.1;43.6;14;14.4;25.1;0.0;
03/03/2025 16:05:39;100;0;293.01;-4;-19.38;-4.43;466.5;14.00;75910;2836.024;-1758.860;1;310;-110;-103.2;43.1;43.4;14;14.4;25.1;0.0;
03/03/2025 16:05:59;100;0;294.36;-4;-19.62;-4.35;468.7;13.90;75903;2836.027;-1758.864;1;310;-110;-103.2;43.1;43.4;14;14.4;25.1;0.0;
03/03/2025 16:06:19;100;0;294.51;-4;-19.38;-4.41;470.9;13.90;75898;2836.030;-1758.868;1;310;-110;-104.8;43.1;43.4;14;14.4;25.1;0.0;
03/03/2025 16:06:39;100;0;291.34;-4;-19.41;-4.47;473.1;13.90;75902;2836.032;-1758.872;1;310;-110;-103.2;43.1;43.4;14;14.4;25.1;0.0;
03/03/2025 16:06:59;100;0;293.23;-4;-19.30;-4.38;475.3;13.90;75888;2836.035;-1758.876;1;310;-110;-101.6;43.1;43.4;14;14.4;25.1;0.0;
03/03/2025 16:07:19;100;0;294.92;-4;-19.38;-4.55;477.4;13.90;75892;2836.038;-1758.880;1;310;-110;-103.2;43.1;43.4;14;14.4;25.1;0.0;
03/03/2025 16:07:39;100;0;294.12;-4;-19.27;-4.49;479.7;13.80;75884;2836.041;-1758.884;1;310;-110;-103.2;43.1;43.4;14;14.4;25.1;0.0;
03/03/2025 16:07:59;100;0;295.92;-4;-19.37;-4.44;481.8;13.80;75876;2836.044;-1758.888;1;310;-110;-103.2;43.1;43.4;14;14.4;25.1;0.0;
03/03/2025 16:08:19;100;0;297.83;-4;-19.31;-4.42;484.1;13.80;75883;2836.047;-1758.893;1;310;-110;-103.2;43.1;43.4;14;14.4;25.1;0.0;
03/03/2025 16:08:39;100;0;298.79;-4;-19.31;-4.40;486.4;13.80;75880;2836.050;-1758.897;1;310;-110;-103.2;43.1;43.4;14;14.4;25.1;0.0;
03/03/2025 16:08:59;100;0;298.65;-4;-19.41;-4.44;488.7;13.70;75875;2836.053;-1758.901;1;310;-110;-104.8;43.1;43.4;14;14.4;25.1;0.0;
03/03/2025 16:09:19;100;0;299.15;-4;-19.30;-4.42;491.0;13.70;75866;2836.056;-1758.905;1;310;-110;-103.2;43.1;43.6;14;14.4;25.1;0.0;
03/03/2025 16:09:39;100;0;300.14;-4;-19.37;-4.40;493.3;13.70;75863;2836.060;-1758.909;1;310;-110;-104.8;43.1;43.4;14;14.4;25.1;0.0;
03/03/2025 16:09:59;100;0;298.33;-4;-19.35;-4.46;495.7;13.70;75856;2836.063;-1758.914;1;310;-110;-103.2;43.1;43.4;14;14.4;25.1;0.0;
03/03/2025 16:10:19;100;0;297.84;-4;-19.38;-4.43;498.0;13.60;75860;2836.066;-1758.918;1;310;-110;-103.2;43.1;43.4;14;14.4;25.1;0.0;
03/03/2025 16:10:39;100;0;297.31;-4;-19.35;-4.46;500.4;13.60;75845;2836.069;-1758.922;1;310;-110;-104.8;43.1;43.4;14;14.4;25.1;0.0;
03/03/2025 16:10:59;100;0;298.23;-4;-19.40;-4.41;502.9;13.60;75848;2836.072;-1758.926;1;310;-110;-103.2;43.1;43.4;14;14.4;25.1;0.0;
03/03/2025 16:11:19;100;0;299.47;-4;-19.35;-4.39;505.5;13.60;75845;2836.076;-1758.931;1;310;-110;-103.2;43.1;43.4;14;14.4;25.1;0.0;
03/03/2025 16:11:39;100;0;300.88;-4;-19.34;-4.39;507.9;13.60;75848;2836.079;-1758.935;1;310;-110;-103.2;43.1;43.4;14;14.4;25.1;0.0;
03/03/2025 16:11:59;100;0;304.32;-4;-19.31;-4.43;510.4;13.50;75837;2836.083;-1758.939;1;310;-110;-103.2;43.1;43.4;14;14.4;25.1;0.0;
03/03/2025 16:12:19;100;0;305.97;-4;-19.15;-4.38;512.9;13.50;75837;2836.086;-1758.944;1;310;-110;-101.6;43.1;43.4;14;14.4;25.1;0.0;
03/03/2025 16:12:39;100;0;306.86;-4;-19.20;-4.40;515.4;13.50;75821;2836.090;-1758.948;1;310;-110;-103.2;43.1;43.4;16;15.8;25.1;0.0;
03/03/2025 16:12:59;100;0;307.54;-4;-19.31;-3.57;517.9;13.40;75817;2836.094;-1758.952;1;310;-110;-103.2;43.1;43.4;16;16.2;25.1;0.0;
03/03/2025 16:13:19;100;0;308.60;-4;-19.29;-3.57;520.2;13.40;75820;2836.097;-1758.956;1;310;-110;-104.8;43.1;43.4;19;19.0;25.1;0.0;
03/03/2025 16:13:39;100;0;308.42;-4;-19.48;-2.05;522.5;13.40;75824;2836.101;-1758.960;1;310;-110;-103.2;43.1;43.4;19;19.4;25.1;0.0;
03/03/2025 16:13:59;100;0;309.68;-4;-19.97;-2.01;524.9;13.40;75822;2836.104;-1758.963;1;310;-110;-101.6;43.1;43.4;19;19.0;25.1;0.0;
03/03/2025 16:14:19;100;0;311.69;-4;-19.69;-1.94;527.4;13.40;75809;2836.108;-1758.967;1;310;-110;-103.2;43.1;43.4;21;21.2;25.1;0.0;
03/03/2025 16:14:39;100;0;312.16;-4;-19.62;-0.67;529.8;13.40;75793;2836.112;-1758.971;1;310;-110;-103.2;43.1;43.4;21;21.7;25.1;0.0;
03/03/2025 16:14:59;100;0;311.50;-4;-19.56;-0.77;532.1;13.30;75803;2836.116;-1758.975;1;310;-110;-104.8;43.1;43.4;21;21.7;25.1;0.0;
03/03/2025 16:15:19;100;0;308.49;-4;-19.50;-0.77;534.2;13.30;75779;2836.119;-1758.978;1;310;-110;-103.2;43.1;43.4;21;21.7;25.1;0.0;
03/03/2025 16:15:39;100;0;307.90;-4;-19.57;-0.84;536.7;13.30;75791;2836.123;-1758.982;1;310;-110;-103.2;43.1;43.4;17;17.1;25.1;0.0;
03/03/2025 16:15:59;100;0;309.38;-4;-19.43;-3.32;538.8;13.30;75786;2836.126;-1758.986;1;310;-110;-103.2;43.1;43.4;21;21.2;25.1;0.0;
03/03/2025 16:16:19;100;0;309.21;-4;-19.64;-0.81;541.1;13.30;75784;2836.130;-1758.989;1;310;-110;-103.2;43.1;43.4;21;21.7;25.1;0.0;
03/03/2025 16:16:39;100;0;306.94;-4;-19.77;-0.83;543.5;13.20;75778;2836.133;-1758.993;1;310;-110;-103.2;43.1;43.4;17;16.7;25.1;0.0;
03/03/2025 16:16:59;100;0;304.97;-4;-19.72;-3.37;545.9;13.20;75774;2836.137;-1758.997;1;310;-110;-104.8;43.1;43.4;17;16.7;25.1;0.0;
03/03/2025 16:17:19;100;0;302.27;-4;-19.77;-3.36;548.2;13.20;75774;2836.140;-1759.001;1;310;-110;-106.5;43.1;43.4;15;14.9;25.1;0.0;
03/03/2025 16:17:39;100;0;299.45;-4;-19.31;-4.35;550.6;13.20;75775;2836.143;-1759.005;1;310;-110;-103.2;43.1;43.4;15;14.9;25.1;0.0;
03/03/2025 16:17:59;100;0;296.19;-4;-19.02;-4.42;552.9;13.10;75757;2836.146;-1759.010;1;310;-110;-103.2;43.1;43.4;15;14.9;25.1;0.0;
03/03/2025 16:18:19;100;0;296.28;-4;-19.09;-4.38;555.3;13.10;75755;2836.149;-1759.014;1;310;-110;-103.2;43.1;43.4;15;14.9;25.1;0.0;
03/03/2025 16:18:39;100;0;294.48;-4;-19.04;-4.40;557.6;13.10;75744;2836.152;-1759.018;1;310;-110;-104.8;43.1;43.4;15;14.9;25.1;0.0;
03/03/2025 16:18:59;100;0;292.44;-4;-19.14;-4.41;560.0;13.10;75751;2836.155;-1759.023;1;310;-110;-101.6;43.1;43.4;15;14.4;25.1;0.0;
03/03/2025 16:19:19;100;0;289.47;-4;-18.93;-4.42;562.5;13.10;75742;2836.158;-1759.027;1;310;-110;-103.2;43.5;43.4;12;12.2;25.1;0.0;
03/03/2025 16:19:39;100;0;289.96;-4;-18.89;-5.77;564.9;13.00;75730;2836.161;-1759.032;1;310;-110;-103.2;43.8;43.7;12;11.7;25.1;0.0;
03/03/2025 16:19:59;100;0;290.56;-4;-19.73;-5.78;567.4;13.00;75720;2836.164;-1759.037;1;310;-110;-103.2;43.8;44.0;12;11.7;25.1;0.0;
03/03/2025 16:20:19;100;0;293.17;-4;-19.92;-5.73;569.8;13.00;75722;2836.167;-1759.041;1;310;-110;-103.2;43.8;43.9;14;14.0;25.1;0.0;
03/03/2025 16:20:39;100;0;295.35;-4;-20.00;-4.46;572.4;13.00;75703;2836.170;-1759.045;1;310;-110;-103.2;43.8;43.9;14;14.4;25.1;0.0;
03/03/2025 16:20:59;100;0;297.32;-4;-20.06;-4.42;575.0;12.90;75691;2836.173;-1759.050;1;310;-110;-103.2;43.8;44.0;14;14.4;25.1;0.0;
03/03/2025 16:21:19;100;0;298.39;-4;-20.06;-4.34;577.5;12.90;75681;2836.176;-1759.054;1;310;-110;-103.2;43.8;43.9;14;14.4;25.1;0.0;
03/03/2025 16:21:39;100;0;299.35;-4;-20.12;-4.41;580.0;12.90;75687;2836.179;-1759.059;1;310;-110;-103.2;43.8;44.0;14;14.4;25.1;0.0;
03/03/2025 16:21:59;100;0;298.11;-4;-20.25;-4.37;582.6;12.90;75677;2836.183;-1759.063;1;310;-110;-103.2;43.8;44.0;14;14.4;25.1;0.0;
03/03/2025 16:22:19;100;0;300.14;-4;-20.12;-4.35;585.2;12.90;75675;2836.186;-1759.067;1;310;-110;-103.2;43.8;43.9;14;14.4;25.1;0.0;
03/03/2025 16:22:39;100;0;298.61;-4;-20.28;-4.39;587.7;12.80;75662;2836.189;-1759.072;1;310;-110;-103.2;43.8;44.0;14;14.4;25.1;0.0;
03/03/2025 16:22:59;100;0;297.84;-4;-19.97;-4.39;590.2;12.80;75661;2836.192;-1759.076;1;310;-110;-103.2;43.8;44.0;14;14.4;25.1;0.0;
03/03/2025 16:23:19;100;0;297.70;-4;-20.36;-4.39;592.8;12.80;75650;2836.196;-1759.080;1;310;-110;-106.5;43.8;43.9;14;14.4;25.1;0.0;
03/03/2025 16:23:39;100;0;298.63;-4;-20.12;-4.47;595.5;12.70;75649;2836.199;-1759.085;1;310;-110;-101.6;43.8;44.0;14;14.4;25.1;0.0;
03/03/2025 16:23:59;100;0;301.19;-4;-20.04;-4.35;598.1;12.70;75645;2836.202;-1759.089;1;310;-110;-101.6;43.8;44.0;14;14.4;25.1;0.0;
03/03/2025 16:24:19;100;0;303.49;-4;-20.02;-4.43;600.7;12.70;75638;2836.206;-1759.094;1;310;-110;-103.2;43.8;44.0;14;14.4;25.1;0.0;
03/03/2025 16:24:39;100;0;304.91;-4;-20.09;-4.44;603.1;12.70;75632;2836.209;-1759.098;1;310;-110;-101.6;43.8;44.0;16;15.8;25.1;0.0;
03/03/2025 16:24:59;100;0;305.00;-4;-20.19;-3.54;605.7;12.70;75621;2836.213;-1759.102;1;310;-110;-103.2;43.8;44.0;16;16.2;25.1;0.0;
03/03/2025 16:25:19;100;0;306.07;-4;-20.31;-3.54;608.4;12.60;75625;2836.217;-1759.106;1;310;-110;-101.6;43.8;44.0;16;16.2;25.1;0.0;
03/03/2025 16:25:39;100;0;309.50;-4;-20.01;-3.54;611.0;12.60;75613;2836.220;-1759.110;1;310;-110;-103.2;43.8;43.9;18;18.1;25.1;0.0;
03/03/2025 16:25:59;100;0;311.23;-4;-19.98;-2.51;613.7;12.60;75615;2836.224;-1759.114;1;310;-110;-101.6;43.8;44.0;20;19.9;25.1;0.0;
03/03/2025 16:26:19;100;0;312.01;-4;-20.07;-1.49;616.2;12.60;75609;2836.228;-1759.118;1;310;-110;-103.2;43.8;44.0;22;22.1;25.1;0.0;
03/03/2025 16:26:39;100;0;312.88;-4;-20.34;-0.43;618.8;12.60;75599;2836.232;-1759.122;1;310;-110;-103.2;43.8;44.0;22;22.6;25.1;0.0;
03/03/2025 16:26:59;100;0;311.58;-4;-20.47;-0.33;621.2;12.50;75597;2836.236;-1759.126;1;310;-110;-101.6;43.8;44.0;22;22.6;25.1;0.0;
03/03/2025 16:27:19;100;0;304.65;-4;-20.36;-0.42;623.8;12.50;75593;2836.240;-1759.130;1;310;-110;-103.2;43.8;44.0;15;14.9;25.1;0.0;
03/03/2025 16:27:39;100;0;302.59;-4;-20.14;-4.33;626.4;12.50;75567;2836.243;-1759.134;1;310;-110;-101.6;43.8;44.0;15;14.9;25.1;0.0;
03/03/2025 16:27:59;100;0;301.01;-4;-19.81;-4.43;629.1;12.40;75576;2836.246;-1759.139;1;310;-110;-103.2;43.8;43.9;15;14.4;25.1;0.0;
03/03/2025 16:28:19;100;0;300.35;-4;-19.93;-4.38;631.6;12.40;75578;2836.250;-1759.143;1;310;-110;-103.2;43.8;44.0;15;14.4;25.1;0.0;
03/03/2025 16:28:39;100;0;300.37;-4;-19.82;-4.38;634.0;12.40;75567;2836.253;-1759.147;1;310;-110;-103.2;43.8;44.0;15;14.9;25.1;0.0;
03/03/2025 16:28:59;100;0;300.11;-4;-19.77;-4.33;636.6;12.40;75569;2836.256;-1759.152;1;310;-110;-103.2;43.8;44.0;15;14.4;25.1;0.0;
03/03/2025 16:29:19;100;0;298.58;-4;-19.58;-4.45;639.2;12.40;75573;2836.260;-1759.156;1;310;-110;-101.6;43.8;44.0;15;14.4;25.1;0.0;
03/03/2025 16:29:39;100;0;297.22;-4;-19.83;-4.57;641.7;12.30;75554;2836.263;-1759.160;1;310;-110;-104.8;43.8;44.0;15;14.9;25.1;0.0;
03/03/2025 16:29:59;100;0;293.59;-4;-19.61;-4.43;644.0;12.30;75545;2836.266;-1759.165;1;310;-110;-103.2;43.8;44.0;15;14.4;25.1;0.0;
03/03/2025 16:30:19;100;0;292.39;-4;-19.76;-4.37;646.5;12.30;75553;2836.269;-1759.169;1;310;-110;-103.2;43.8;44.0;15;14.4;25.1;0.0;
03/03/2025 16:30:39;100;0;292.61;-4;-19.76;-4.39;649.0;12.30;75535;2836.271;-1759.173;1;310;-110;-103.2;43.8;44.0;15;14.9;25.1;0.0;
03/03/2025 16:30:59;100;0;293.05;-4;-19.62;-4.38;651.5;12.20;75537;2836.274;-1759.178;1;310;-110;-103.2;43.8;44.0;15;14.4;25.1;0.0;
03/03/2025 16:31:19;100;0;292.75;-4;-19.68;-4.40;654.1;12.20;75522;2836.277;-1759.183;1;310;-110;-103.2;43.8;44.0;15;14.4;25.1;0.0;
03/03/2025 16:31:39;100;0;292.25;-4;-19.76;-4.34;656.5;12.20;75525;2836.280;-1759.187;1;310;-110;-104.8;43.8;44.0;15;14.4;25.1;0.0;
03/03/2025 16:31:59;100;0;292.81;-4;-19.58;-4.43;659.1;12.20;75513;2836.283;-1759.191;1;310;-110;-103.2;43.8;44.0;15;14.4;25.1;0.0;
03/03/2025 16:32:19;100;0;295.64;-4;-19.58;-4.45;661.7;12.10;75508;2836.286;-1759.196;1;310;-110;-103.2;43.8;44.0;15;14.4;25.1;0.0;
03/03/2025 16:32:39;100;0;296.30;-4;-19.62;-4.45;664.2;12.10;75502;2836.289;-1759.200;1;310;-110;-103.2;43.8;44.0;15;14.4;25.1;0.0;
03/03/2025 16:32:59;100;0;296.63;-4;-19.61;-4.35;666.6;12.10;75494;2836.293;-1759.205;1;310;-110;-103.2;43.8;44.0;15;14.9;25.1;0.0;
03/03/2025 16:33:19;100;0;295.82;-4;-19.54;-4.30;669.3;12.10;75482;2836.296;-1759.209;1;310;-110;-103.2;43.8;44.0;15;14.9;25.1;0.0;
03/03/2025 16:33:39;100;0;296.01;-4;-19.65;-4.37;671.7;12.10;75473;2836.299;-1759.214;1;310;-110;-101.6;43.8;44.0;15;14.9;25.1;0.0;
03/03/2025 16:33:59;100;0;296.53;-4;-19.29;-4.35;674.2;12.00;75479;2836.302;-1759.218;1;310;-110;-104.8;43.8;44.0;15;14.9;25.1;0.0;
03/03/2025 16:34:19;100;0;295.11;-4;-20.45;-4.20;676.7;12.00;75474;2836.305;-1759.222;1;310;-110;-104.8;43.8;43.9;15;14.9;25.1;0.0;
03/03/2025 16:34:39;100;0;295.34;-4;-19.72;-4.46;679.2;12.00;75476;2836.308;-1759.227;1;310;-110;-103.2;43.8;44.0;15;14.9;25.1;0.0;
03/03/2025 16:34:59;100;0;294.61;-4;-20.27;-4.35;681.7;11.90;75456;2836.311;-1759.231;1;310;-110;-103.2;43.8;44.0;15;14.9;25.1;0.0;
03/03/2025 16:35:19;100;0;294.51;-4;-19.33;-4.30;684.3;11.90;75452;2836.314;-1759.236;1;310;-110;-103.2;43.8;43.9;15;14.9;25.1;0.0;
03/03/2025 16:35:39;100;0;293.61;-4;-20.02;-4.41;686.7;11.90;75452;2836.317;-1759.240;1;310;-110;-103.2;43.8;44.0;15;14.9;25.1;0.0;
03/03/2025 16:35:59;100;0;294.94;-4;-19.98;-4.31;689.2;11.90;75448;2836.320;-1759.245;1;310;-110;-103.2;43.8;44.0;15;14.9;25.1;0.0;
03/03/2025 16:36:19;100;0;297.68;-4;-19.14;-4.40;691.6;11.90;75449;2836.323;-1759.249;1;310;-110;-104.8;43.8;44.0;15;14.4;25.1;0.0;
03/03/2025 16:36:39;100;0;298.94;-4;-20.03;-4.49;694.2;11.80;75445;2836.327;-1759.254;1;310;-110;-101.6;43.8;44.0;15;14.4;25.1;0.0;
03/03/2025 16:36:59;100;0;301.67;-4;-19.27;-4.56;696.7;11.80;75434;2836.330;-1759.258;1;310;-110;-101.6;43.8;43.9;15;14.4;25.1;0.0;
03/03/2025 16:37:19;100;0;305.71;-4;-19.07;-4.40;699.1;11.80;75430;2836.334;-1759.262;1;310;-110;-103.2;43.8;44.0;15;14.4;25.1;0.0;
03/03/2025 16:37:39;100;0;306.67;-4;-19.26;-4.38;701.4;11.80;75422;2836.337;-1759.266;1;310;-110;-104.8;43.8;44.0;17;17.1;25.1;0.0;
03/03/2025 16:38:00;100;0;307.00;-4;-19.89;-2.84;703.8;11.80;75415;2836.341;-1759.270;1;310;-110;-103.2;43.8;44.0;17;17.6;25.1;0.0;
03/03/2025 16:38:20;100;0;306.20;-4;-19.75;-2.91;705.9;11.70;75413;2836.344;-1759.273;1;310;-110;-103.2;43.8;44.0;17;17.6;25.1;0.0;
03/03/2025 16:38:40;100;0;305.73;-4;-19.79;-2.83;708.4;11.70;75407;2836.348;-1759.277;1;310;-110;-103.2;43.8;44.0;17;17.6;25.1;0.0;
03/03/2025 16:39:00;100;0;305.63;-4;-19.58;-2.76;711.0;11.70;75403;2836.351;-1759.282;1;310;-110;-103.2;43.8;44.0;17;17.6;25.1;0.0;
03/03/2025 16:39:20;100;0;303.81;-4;-19.86;-2.97;713.4;11.70;75406;2836.354;-1759.286;1;310;-110;-101.6;43.8;44.0;17;17.6;25.1;0.0;
03/03/2025 16:39:40;100;0;305.04;-4;-19.97;-2.91;715.6;11.70;75399;2836.358;-1759.289;1;310;-110;-103.2;43.8;44.0;17;17.6;25.1;0.0;
03/03/2025 16:40:00;100;0;306.05;-4;-20.15;-2.78;718.2;11.60;75396;2836.361;-1759.293;1;310;-110;-101.6;43.8;44.0;17;17.6;25.1;0.0;
03/03/2025 16:40:20;100;0;307.16;-4;-19.74;-2.88;720.6;11.60;75389;2836.365;-1759.297;1;310;-110;-101.6;43.8;44.0;17;17.6;25.1;0.0;
03/03/2025 16:40:40;100;0;307.68;-4;-20.01;-3.02;723.0;11.60;75382;2836.369;-1759.301;1;310;-110;-101.6;43.8;44.0;17;17.6;25.1;0.0;
03/03/2025 16:41:00;100;0;308.78;-4;-19.87;-2.77;725.6;11.60;75379;2836.372;-1759.305;1;310;-110;-101.6;43.8;44.0;19;19.0;25.1;0.0;
03/03/2025 16:41:20;100;0;306.95;-4;-20.12;-2.00;727.9;11.50;75367;2836.376;-1759.309;1;310;-110;-103.2;43.8;43.9;19;19.0;25.1;0.0;
03/03/2025 16:41:40;100;0;305.36;-4;-20.03;-2.01;730.5;11.50;75375;2836.379;-1759.313;1;310;-110;-103.2;43.8;44.0;16;15.8;25.1;0.0;
03/03/2025 16:42:00;100;0;305.02;-4;-19.58;-3.80;732.8;11.50;75364;2836.383;-1759.317;1;310;-110;-103.2;43.8;44.0;16;15.8;25.1;0.0;
03/03/2025 16:42:20;100;0;305.06;-4;-20.19;-3.82;735.1;11.50;75353;2836.386;-1759.321;1;310;-110;-103.2;43.8;44.0;16;15.8;25.1;0.0;
03/03/2025 16:42:40;100;0;306.14;-4;-19.59;-3.65;737.5;11.50;75346;2836.390;-1759.325;1;310;-110;-103.2;43.8;44.0;18;18.1;25.1;0.0;
03/03/2025 16:43:00;100;0;306.54;-4;-19.97;-2.47;739.6;11.40;75334;2836.393;-1759.329;1;310;-110;-103.2;43.8;44.0;18;18.5;25.1;0.0;
03/03/2025 16:43:20;100;0;307.11;-4;-20.05;-2.58;742.1;11.40;75326;2836.397;-1759.333;1;310;-110;-103.2;43.8;44.0;18;18.5;25.1;0.0;
03/03/2025 16:43:40;100;0;307.07;-4;-20.05;-2.46;744.3;11.40;75327;2836.400;-1759.336;1;310;-110;-103.2;43.8;43.9;18;18.5;25.1;0.0;
03/03/2025 16:44:00;100;0;305.88;-4;-19.78;-2.50;746.8;11.40;75331;2836.404;-1759.340;1;310;-110;-103.2;43.8;44.0;18;18.5;25.1;0.0;
03/03/2025 16:44:20;100;0;304.75;-4;-20.00;-2.45;749.0;11.30;75329;2836.407;-1759.344;1;310;-110;-103.2;43.8;44.0;18;18.5;25.1;0.0;
03/03/2025 16:44:40;100;0;304.17;-4;-19.65;-2.47;751.4;11.30;75316;2836.410;-1759.348;1;310;-110;-103.2;43.8;44.0;16;15.3;25.1;0.0;
03/03/2025 16:45:00;100;0;306.52;-4;-19.55;-3.90;753.6;11.30;75318;2836.414;-1759.352;1;310;-110;-103.2;43.8;44.0;19;19.0;25.1;0.0;
03/03/2025 16:45:20;100;0;308.84;-4;-20.10;-1.94;755.8;11.30;75321;2836.417;-1759.355;1;310;-110;-103.2;43.8;43.9;21;21.2;25.1;0.0;
03/03/2025 16:45:40;100;0;309.40;-4;-20.24;-0.84;758.1;11.30;75317;2836.421;-1759.359;1;310;-110;-101.6;43.8;44.0;21;21.2;25.1;0.0;
03/03/2025 16:46:00;100;0;306.25;-4;-20.35;-1.01;760.4;11.20;75307;2836.424;-1759.363;1;310;-110;-103.2;43.8;44.0;18;18.1;25.1;0.0;
03/03/2025 16:46:20;100;0;305.27;-4;-19.60;-3.04;762.6;11.20;75297;2836.427;-1759.367;1;310;-110;-103.2;43.8;43.9;18;17.6;25.1;0.0;
03/03/2025 16:46:40;100;0;309.21;-4;-20.31;-3.03;764.9;11.20;75301;2836.431;-1759.370;1;310;-110;-103.2;43.8;44.0;21;21.2;25.1;0.0;
03/03/2025 16:47:00;100;0;311.22;-4;-20.65;-0.80;767.2;11.20;75307;2836.435;-1759.374;1;310;-110;-101.6;43.8;44.0;25;24.8;25.1;0.0;
03/03/2025 16:47:20;100;0;310.02;-4;-19.67;0.90;769.6;11.20;75302;2836.438;-1759.378;1;310;-110;-101.6;43.8;44.0;22;22.1;25.1;0.0;
03/03/2025 16:47:40;100;0;304.00;-4;-19.76;-0.85;772.0;11.10;75296;2836.442;-1759.382;1;310;-110;-101.6;43.8;44.0;16;15.3;25.1;0.0;
03/03/2025 16:48:00;100;0;302.47;-4;-19.78;-3.87;774.3;11.10;75289;2836.445;-1759.386;1;310;-110;-101.6;43.8;44.0;16;15.3;25.1;0.0;
03/03/2025 16:48:20;100;0;305.72;-4;-19.03;-3.95;776.6;11.10;75295;2836.448;-1759.390;1;310;-110;-103.2;43.8;44.0;16;15.8;25.1;0.0;
03/03/2025 16:48:40;100;0;309.82;-4;-20.39;-3.99;778.8;11.10;75285;2836.452;-1759.393;1;310;-110;-101.6;43.8;44.0;23;23.0;25.1;0.0;
03/03/2025 16:49:00;100;0;313.10;-4;-19.36;0.04;781.2;11.10;75288;2836.456;-1759.397;1;310;-110;-103.2;43.8;44.0;25;24.8;25.1;0.0;
03/03/2025 16:49:20;100;0;311.47;-4;-19.69;0.84;783.3;11.00;75281;2836.459;-1759.400;1;310;-110;-103.2;43.8;44.0;25;25.3;25.1;0.0;
03/03/2025 16:49:40;100;0;307.62;-4;-19.67;0.79;785.4;11.00;75274;2836.462;-1759.404;1;310;-110;-103.2;43.8;44.0;20;19.4;25.1;0.0;
03/03/2025 16:50:00;100;0;304.44;-4;-19.74;-2.14;787.4;11.00;75269;2836.466;-1759.407;1;310;-110;-101.6;43.8;44.0;20;19.4;25.1;0.0;
03/03/2025 16:50:20;100;0;302.85;-4;-19.64;-2.11;789.6;11.00;75267;2836.469;-1759.411;1;310;-110;-103.2;43.8;44.0;17;17.1;25.1;0.0;
03/03/2025 16:50:40;100;0;301.79;-4;-19.64;-3.31;791.8;11.00;75253;2836.472;-1759.415;1;310;-110;-103.2;43.8;44.0;17;17.1;25.1;0.0;
03/03/2025 16:51:00;100;0;300.87;-4;-19.74;-3.25;794.0;10.90;75258;2836.475;-1759.419;1;310;-110;-103.2;43.8;43.9;17;17.1;25.1;0.0;
03/03/2025 16:51:20;100;0;300.45;-4;-19.53;-3.24;796.1;10.90;75253;2836.478;-1759.423;1;310;-110;-103.2;43.8;44.0;17;17.1;25.1;0.0;
03/03/2025 16:51:40;100;0;300.23;-4;-19.64;-3.33;798.2;10.90;75244;2836.481;-1759.426;1;310;-110;-101.6;43.8;44.0;17;17.1;25.1;0.0;
03/03/2025 16:52:00;100;0;299.97;-4;-19.60;-3.31;800.7;10.90;75245;2836.484;-1759.431;1;310;-110;-100.0;43.8;44.0;17;17.1;25.1;0.0;
03/03/2025 16:52:20;100;0;300.50;-4;-19.07;-3.32;802.9;10.90;75246;2836.488;-1759.435;1;310;-110;-103.2;43.8;44.0;17;17.1;25.1;0.0;
03/03/2025 16:52:40;100;0;298.68;-4;-20.08;-3.36;805.2;10.80;75239;2836.491;-1759.439;1;310;-110;-103.2;43.8;44.0;17;17.1;25.1;0.0;
03/03/2025 16:53:00;100;0;296.14;-4;-19.28;-3.07;807.4;10.80;75234;2836.494;-1759.443;1;310;-110;-103.2;43.8;44.0;17;17.1;25.1;0.0;
03/03/2025 16:53:20;100;0;293.95;-4;-20.03;-3.20;809.7;10.80;75232;2836.497;-1759.447;1;310;-110;-101.6;43.8;44.0;17;17.1;25.1;0.0;
03/03/2025 16:53:40;100;0;292.93;-4;-20.92;-3.46;812.1;10.80;75217;2836.499;-1759.451;1;310;-110;-103.2;43.8;44.0;17;17.1;25.1;0.0;
03/03/2025 16:54:00;100;0;293.16;-4;-19.17;-3.15;814.4;10.80;75217;2836.502;-1759.456;1;310;-110;-101.6;43.8;44.0;17;17.1;25.1;0.0;
03/03/2025 16:54:20;100;0;295.78;-4;-18.71;-3.47;817.0;10.80;75223;2836.506;-1759.460;1;310;-110;-103.2;44.2;44.2;17;16.7;25.1;0.0;
03/03/2025 16:54:40;100;0;295.26;-4;-19.01;-3.27;819.2;10.70;75206;2836.508;-1759.464;1;310;-110;-103.2;44.2;44.5;17;17.1;25.1;0.0;
03/03/2025 16:55:00;100;0;296.75;-4;-17.83;-3.51;820.9;10.70;75210;2836.511;-1759.468;1;310;-130;-130.6;44.8;44.8;17;17.1;25.1;0.0;
03/03/2025 16:55:20;100;0;293.79;-4;-21.64;-3.11;822.4;10.70;75282;2836.514;-1759.471;1;310;-150;-150.0;44.8;44.9;17;17.1;25.1;0.0;
03/03/2025 16:55:40;100;0;294.02;-4;-20.99;-2.86;824.6;10.70;75322;2836.516;-1759.475;1;310;-150;-154.8;44.8;45.1;17;17.1;25.1;0.0;
03/03/2025 16:56:00;100;0;295.06;-4;-20.02;-3.18;826.8;10.70;75320;2836.519;-1759.479;1;310;-150;-153.2;44.8;44.9;17;17.1;25.1;0.0;
03/03/2025 16:56:20;100;0;292.99;-4;-20.76;-3.10;829.3;10.70;75308;2836.522;-1759.483;1;310;-150;-153.2;44.8;44.9;15;14.9;25.1;0.0;
03/03/2025 16:56:40;100;0;295.00;-4;-19.95;-3.96;832.3;10.60;75317;2836.526;-1759.488;1;310;-150;-153.2;44.8;45.1;15;14.9;25.1;0.0;
03/03/2025 16:57:00;100;0;293.89;-4;-20.94;-4.37;835.1;10.60;75309;2836.529;-1759.493;1;310;-150;-151.6;44.8;45.1;15;14.9;25.1;0.0;
03/03/2025 16:57:20;100;0;289.86;-4;-21.34;-3.80;837.9;10.60;75316;2836.531;-1759.498;1;310;-150;-153.2;44.8;44.9;13;13.1;25.1;0.0;
03/03/2025 16:57:40;100;0;286.87;-4;-19.97;-4.69;840.8;10.60;75305;2836.534;-1759.503;1;310;-150;-153.2;44.8;45.1;11;10.8;25.1;0.0;
03/03/2025 16:58:00;100;0;288.25;-4;-20.04;-6.04;843.7;10.60;75309;2836.537;-1759.508;1;310;-150;-153.2;44.8;45.1;11;10.8;25.1;0.0;
03/03/2025 16:58:20;100;0;292.45;-4;-19.46;-6.07;846.5;10.60;75307;2836.540;-1759.513;1;310;-150;-151.6;44.8;44.9;14;14.0;25.1;0.0;
03/03/2025 16:58:40;100;0;294.18;-4;-19.05;-3.99;848.9;10.50;75305;2836.543;-1759.517;1;310;-150;-151.6;44.8;44.9;16;15.8;25.1;0.0;
03/03/2025 16:59:00;100;0;293.74;-4;-20.52;-3.73;851.2;10.50;75304;2836.546;-1759.521;1;310;-150;-153.2;44.8;44.9;16;16.2;25.1;0.0;
03/03/2025 16:59:20;100;0;289.36;-4;-20.36;-4.23;853.6;10.50;75301;2836.549;-1759.526;1;310;-150;-153.2;44.8;45.1;14;14.0;25.1;0.0;
03/03/2025 16:59:40;100;0;287.22;-4;-19.96;-4.66;855.9;10.50;75291;2836.551;-1759.530;1;310;-150;-153.2;44.8;45.1;14;13.5;25.1;0.0;
03/03/2025 17:00:00;100;0;292.09;-4;-19.80;-4.76;857.9;10.50;75295;2836.554;-1759.534;1;310;-170;-171.0;44.8;45.1;16;15.8;25.1;0.0;
03/03/2025 17:00:20;100;0;292.77;-4;-20.09;-3.21;860.0;10.50;75340;2836.557;-1759.538;1;310;-170;-171.0;44.8;44.9;16;16.2;25.1;0.0;
03/03/2025 17:00:40;100;0;291.92;-4;-20.20;-3.40;862.1;10.40;75336;2836.559;-1759.542;1;310;-170;-175.8;44.8;44.9;16;16.2;25.1;0.0;
03/03/2025 17:01:00;100;0;291.71;-4;-20.16;-3.36;864.2;10.40;75344;2836.562;-1759.546;1;310;-170;-171.0;44.8;44.9;16;16.2;25.1;0.0;
03/03/2025 17:01:20;100;0;291.71;-4;-20.73;-3.38;866.4;10.40;75322;2836.565;-1759.550;1;310;-170;-172.6;44.8;44.9;16;16.2;25.1;0.0;
03/03/2025 17:01:40;100;0;293.09;-4;-20.89;-3.28;868.8;10.40;75328;2836.568;-1759.554;1;310;-170;-171.0;44.8;45.1;16;16.2;25.1;0.0;
03/03/2025 17:02:00;100;0;296.90;-4;-20.62;-3.22;871.0;10.40;75322;2836.570;-1759.558;1;310;-170;-171.0;44.8;45.1;16;16.2;25.1;0.0;
03/03/2025 17:02:20;100;0;298.36;-4;-21.27;-3.02;873.5;10.40;75304;2836.574;-1759.562;1;310;-170;-172.6;44.8;44.9;16;16.2;25.1;0.0;
03/03/2025 17:02:40;100;0;297.66;-4;-20.49;-3.12;876.0;10.30;75313;2836.577;-1759.566;1;310;-170;-171.0;44.8;45.1;16;16.2;25.1;0.0;
03/03/2025 17:03:00;100;0;297.36;-4;-20.30;-3.33;878.5;10.30;75302;2836.580;-1759.571;1;310;-170;-174.2;44.8;45.1;16;16.2;25.1;0.0;
03/03/2025 17:03:20;100;0;297.18;-4;-20.51;-3.30;881.1;10.30;75297;2836.583;-1759.575;1;310;-170;-171.0;44.8;44.9;16;16.2;25.1;0.0;
03/03/2025 17:03:40;100;0;296.78;-4;-20.24;-3.32;883.4;10.30;75303;2836.586;-1759.579;1;310;-170;-171.0;44.8;44.9;16;16.2;25.1;0.0;
03/03/2025 17:04:00;100;0;297.38;-4;-20.64;-3.36;885.9;10.30;75296;2836.589;-1759.584;1;310;-170;-172.6;44.8;44.9;16;16.2;25.1;0.0;
03/03/2025 17:04:20;100;0;296.27;-4;-21.48;-3.32;888.5;10.30;75297;2836.592;-1759.588;1;310;-170;-171.0;44.8;45.1;16;16.2;25.1;0.0;
03/03/2025 17:04:40;100;0;296.20;-4;-21.48;-3.38;891.6;10.30;75283;2836.596;-1759.593;1;310;-170;-172.6;44.8;45.1;16;16.2;25.1;0.0;
03/03/2025 17:05:00;100;0;298.22;-4;-19.92;-3.27;894.5;10.20;75288;2836.599;-1759.598;1;310;-170;-172.6;44.8;44.9;16;16.2;25.1;0.0;
03/03/2025 17:05:20;100;0;297.18;-4;-20.87;-3.36;897.4;10.20;75285;2836.603;-1759.603;1;310;-170;-171.0;44.8;44.9;16;16.2;25.1;0.0;
03/03/2025 17:05:40;100;0;294.75;-4;-21.33;-3.29;900.6;10.20;75286;2836.606;-1759.608;1;310;-170;-172.6;44.8;45.1;16;16.2;25.1;0.0;
03/03/2025 17:06:00;100;0;293.85;-4;-20.97;-3.49;903.8;10.20;75286;2836.609;-1759.613;1;310;-170;-172.6;44.8;45.1;16;16.2;25.1;0.0;
03/03/2025 17:06:20;100;0;295.00;-4;-21.21;-3.39;907.4;10.20;75279;2836.613;-1759.619;1;310;-170;-172.6;44.8;45.1;16;16.2;25.1;0.0;
03/03/2025 17:06:40;100;0;295.21;-4;-21.27;-3.40;910.7;10.20;75275;2836.616;-1759.624;1;310;-170;-171.0;44.8;45.1;16;16.2;25.1;0.0;
03/03/2025 17:07:00;100;0;297.79;-4;-21.39;-3.17;914.4;10.20;75267;2836.620;-1759.630;1;310;-170;-172.6;44.8;44.9;16;16.2;25.1;0.0;
03/03/2025 17:07:20;100;0;298.97;-4;-19.46;-3.27;918.2;10.10;75276;2836.624;-1759.636;1;310;-170;-171.0;44.8;44.9;16;16.2;25.1;0.0;
03/03/2025 17:07:40;100;0;299.03;-4;-20.25;-3.22;921.7;10.10;75270;2836.628;-1759.641;1;310;-170;-172.6;44.8;44.9;16;16.2;25.1;0.0;
03/03/2025 17:08:00;100;0;299.96;-4;-19.56;-3.35;925.4;10.10;75267;2836.632;-1759.647;1;310;-170;-172.6;44.8;44.9;16;16.2;25.1;0.0;
03/03/2025 17:08:20;100;0;300.01;-4;-20.11;-3.14;928.9;10.10;75265;2836.636;-1759.653;1;310;-170;-171.0;44.8;45.1;16;16.2;25.1;0.0;
03/03/2025 17:08:40;100;0;300.95;-4;-20.22;-3.21;932.4;10.10;75271;2836.640;-1759.658;1;310;-170;-171.0;44.8;44.9;16;16.2;25.1;0.0;
03/03/2025 17:09:00;100;0;301.84;-4;-21.00;-3.23;935.9;10.10;75269;2836.644;-1759.663;1;310;-170;-171.0;44.8;45.1;16;16.2;25.1;0.0;
03/03/2025 17:09:20;100;0;300.16;-4;-20.64;-3.27;939.7;10.10;75269;2836.648;-1759.669;1;310;-170;-171.0;44.8;44.9;16;15.8;25.1;0.0;
03/03/2025 17:09:40;100;0;298.84;-4;-20.42;-3.13;943.7;10.00;75268;2836.652;-1759.675;1;310;-170;-172.6;44.8;45.1;16;16.2;25.1;0.0;
03/03/2025 17:10:00;100;0;295.19;-4;-20.95;-3.15;947.8;10.00;75271;2836.656;-1759.682;1;310;-170;-172.6;44.8;45.1;14;14.0;25.1;0.0;
03/03/2025 17:10:20;100;0;294.18;-4;-19.84;-4.35;951.7;10.00;75271;2836.660;-1759.688;1;310;-170;-172.6;44.8;44.9;14;14.0;25.1;0.0;
03/03/2025 17:10:40;100;0;295.25;-4;-19.63;-4.44;955.5;10.00;75258;2836.663;-1759.694;1;310;-170;-172.6;44.8;45.1;14;14.0;25.1;0.0;
03/03/2025 17:11:00;100;0;295.32;-4;-19.73;-4.42;959.1;10.00;75262;2836.667;-1759.700;1;310;-170;-172.6;44.8;44.9;14;14.0;25.1;0.0;
03/03/2025 17:11:20;100;0;296.76;-4;-19.69;-4.50;962.8;10.00;75262;2836.671;-1759.706;1;310;-170;-171.0;44.8;44.9;14;14.0;25.1;0.0;
03/03/2025 17:11:40;100;0;293.86;-4;-18.84;-4.56;966.2;10.00;75265;2836.674;-1759.712;1;310;-170;-171.0;45.2;45.2;14;14.0;25.1;0.0;
03/03/2025 17:12:00;100;0;293.07;-4;-20.44;-4.35;969.5;10.00;75266;2836.678;-1759.717;1;310;-170;-172.6;45.2;45.4;14;14.0;25.1;0.0;
03/03/2025 17:12:20;100;0;296.47;-4;-20.67;-4.27;972.7;10.00;75269;2836.681;-1759.723;1;310;-170;-172.6;45.2;45.4;14;14.0;25.1;0.0;
03/03/2025 17:12:40;100;0;300.00;-4;-20.82;-4.46;975.9;9.90;75258;2836.685;-1759.727;1;310;-170;-171.0;45.2;45.4;14;14.0;25.1;0.0;
03/03/2025 17:13:00;100;0;299.47;-4;-20.48;-4.09;979.0;9.90;75258;2836.689;-1759.733;1;310;-170;-172.6;45.2;45.4;14;14.0;25.1;0.0;
03/03/2025 17:13:20;100;0;301.77;-4;-21.34;-4.40;982.1;9.90;75254;2836.692;-1759.737;1;310;-170;-172.6;45.2;45.4;14;14.0;25.1;0.0;
03/03/2025 17:13:40;100;0;304.10;-4;-20.68;-4.30;985.0;9.90;75250;2836.696;-1759.742;1;310;-170;-171.0;45.2;45.4;16;15.8;25.1;0.0;
03/03/2025 17:14:00;100;0;299.48;-4;-20.76;-3.61;987.9;9.90;75255;2836.699;-1759.746;1;310;-170;-172.6;45.2;45.4;16;15.8;25.1;0.0;
03/03/2025 17:14:20;100;0;297.20;-4;-21.25;-3.36;990.8;9.90;75256;2836.703;-1759.751;1;310;-170;-172.6;45.2;45.4;16;15.8;25.1;0.0;
03/03/2025 17:14:40;100;0;296.20;-4;-20.68;-3.54;993.8;9.90;75254;2836.706;-1759.756;1;310;-170;-171.0;45.2;45.5;16;15.8;25.1;0.0;
03/03/2025 17:15:01;100;0;293.41;-4;-20.71;-3.59;996.9;9.90;75251;2836.709;-1759.761;1;310;-170;-172.6;45.2;45.4;14;14.0;25.1;0.0;
03/03/2025 17:15:15;118;0;291.44;-4;-20.98;-4.61;999.1;9.80;75241;2836.711;-1759.765;1;310;450;-167.7;21.1;21.1;7;7.2;25.1;0.0;
03/03/2025 17:15:25;118;0;73.37;-4;-8.32;-8.63;1000.3;9.80;75224;2836.713;-1759.763;1;310;450;-41.9;21.1;20.8;7;6.8;23.7;-1.0;
03/03/2025 17:15:35;118;0;45.37;-4;18.40;-8.56;1000.6;9.80;74959;2836.714;-1759.763;1;310;450;82.3;21.1;20.5;7;6.8;23.6;-1.0;
03/03/2025 17:15:45;118;0;33.23;-4;32.35;-9.21;999.9;9.80;74703;2836.715;-1759.763;1;310;450;208.1;21.1;21.2;7;7.2;23.5;-1.0;
03/03/2025 17:15:55;118;0;33.55;-4;30.60;-8.95;998.9;9.90;74457;2836.717;-1759.763;1;310;450;329.0;21.1;21.4;7;6.8;23.3;-1.0;
03/03/2025 17:16:05;118;0;36.68;-4;28.49;-8.60;997.5;9.90;74221;2836.719;-1759.763;1;310;450;441.9;21.1;21.4;7;7.2;23.4;-1.0;
03/03/2025 17:16:15;118;0;38.62;-4;25.95;-8.11;995.9;9.90;73979;2836.721;-1759.762;1;310;450;451.6;21.1;21.4;7;6.8;23.4;-1.0;
03/03/2025 17:16:25;118;0;291.82;-4;23.29;-7.68;994.1;9.90;73971;2836.722;-1759.765;1;310;450;451.6;21.1;21.4;7;6.8;25.1;-1.0;
03/03/2025 17:16:45;117;0;284.70;-4;20.85;-8.07;991.1;10.00;73976;2836.725;-1759.770;1;310;450;451.6;21.1;21.2;7;7.2;25.1;-1.0;
03/03/2025 17:17:05;117;0;276.52;-4;20.76;-8.11;987.9;10.00;73972;2836.727;-1759.776;1;310;450;453.2;21.1;21.4;51;51.0;25.1;-1.0;
03/03/2025 17:17:25;117;0;284.71;-4;22.05;15.19;984.9;10.10;73976;2836.730;-1759.781;1;310;450;450.0;21.7;21.8;38;37.9;25.1;-1.0;
03/03/2025 17:17:45;117;0;290.41;-4;22.37;8.26;981.5;10.10;73969;2836.733;-1759.786;1;310;450;451.6;22.4;22.5;33;32.9;25.1;-1.0;
03/03/2025 17:18:05;117;0;292.84;-4;22.23;5.61;978.4;10.10;73968;2836.736;-1759.791;1;310;450;453.2;23.1;23.1;31;31.1;25.1;-1.0;
03/03/2025 17:18:25;117;0;294.53;-4;19.69;4.79;975.3;10.10;73974;2836.739;-1759.797;1;310;450;451.6;23.1;23.4;31;31.1;25.1;-1.0;
03/03/2025 17:18:45;117;0;295.02;-4;18.92;4.52;973.0;10.10;73957;2836.742;-1759.801;1;310;450;451.6;22.7;22.7;31;31.1;25.1;-1.0;
03/03/2025 17:19:05;117;0;296.04;-4;20.24;4.46;970.2;10.10;73966;2836.746;-1759.806;1;310;450;451.6;22.7;22.1;31;31.1;25.1;-1.0;
03/03/2025 17:19:25;117;0;296.55;-4;21.00;4.60;967.4;10.10;73958;2836.749;-1759.810;1;310;450;450.0;22.7;22.1;31;31.1;25.1;-1.0;
03/03/2025 17:19:45;117;0;296.93;-4;21.30;4.30;964.4;10.10;73950;2836.752;-1759.815;1;310;450;451.6;22.7;22.1;31;31.1;25.1;-1.0;
03/03/2025 17:20:05;117;0;296.41;-4;21.22;4.63;961.3;10.00;73943;2836.756;-1759.820;1;310;450;453.2;22.7;22.1;31;31.1;25.1;-1.0;
03/03/2025 17:20:25;117;0;296.52;-4;21.49;4.75;958.0;10.00;73946;2836.759;-1759.826;1;310;450;451.6;22.7;22.1;31;31.1;25.1;-1.0;
03/03/2025 17:20:45;117;0;298.15;-4;21.32;4.76;954.5;10.00;73947;2836.763;-1759.831;1;310;450;451.6;22.7;22.1;31;31.1;25.1;-1.0;
03/03/2025 17:21:05;117;0;300.58;-4;22.60;4.84;951.2;10.00;73933;2836.766;-1759.836;1;310;450;451.6;23.5;23.7;31;31.1;25.1;-1.0;
03/03/2025 17:21:25;117;0;299.89;-4;19.12;4.89;947.1;10.00;73930;2836.771;-1759.842;1;310;450;451.6;23.5;23.9;31;31.1;25.1;-1.0;
03/03/2025 17:21:45;117;0;300.88;-4;17.99;4.75;943.8;10.00;73934;2836.775;-1759.848;1;310;450;451.6;22.9;22.8;31;31.1;25.1;-1.0;
03/03/2025 17:22:05;117;0;301.83;-4;18.92;3.89;940.4;10.00;73923;2836.779;-1759.853;1;310;450;451.6;22.6;22.5;31;31.1;25.1;-1.0;
03/03/2025 17:22:25;117;0;302.49;-4;19.93;4.71;936.8;10.00;73921;2836.783;-1759.859;1;310;450;451.6;22.6;22.7;31;31.1;25.1;-1.0;
03/03/2025 17:22:45;117;0;304.93;-4;19.59;4.54;933.2;10.00;73916;2836.787;-1759.864;1;310;450;451.6;22.6;22.7;31;31.1;25.1;-1.0;
03/03/2025 17:23:05;117;0;305.00;-4;19.36;4.58;929.3;9.90;73914;2836.792;-1759.870;1;310;450;451.6;22.6;22.7;31;31.1;25.1;-1.0;
03/03/2025 17:23:25;117;0;304.66;-4;19.79;4.64;925.4;9.90;73920;2836.797;-1759.876;1;310;450;451.6;22.6;22.7;31;31.1;25.1;-1.0;
03/03/2025 17:23:45;117;0;305.72;-4;18.99;4.55;921.5;9.90;73902;2836.801;-1759.882;1;310;450;451.6;22.3;22.2;31;31.1;25.1;-1.0;
03/03/2025 17:24:05;117;0;308.15;-4;20.47;3.77;917.7;9.90;73907;2836.806;-1759.887;1;310;450;451.6;22.3;21.6;29;28.9;25.1;-1.0;
03/03/2025 17:24:25;117;0;309.09;-4;21.35;3.41;913.7;9.90;73907;2836.811;-1759.893;1;310;450;451.6;22.3;21.8;29;28.9;25.1;-1.0;
03/03/2025 17:24:45;117;0;307.44;-4;21.30;3.70;909.6;9.90;73901;2836.816;-1759.899;1;310;450;451.6;22.3;21.6;29;28.9;25.1;-1.0;
03/03/2025 17:25:05;117;0;310.21;-4;20.22;3.25;905.7;9.90;73888;2836.821;-1759.904;1;310;450;453.2;22.3;21.6;29;28.9;25.1;-1.0;
03/03/2025 17:25:25;117;0;307.59;-4;21.16;3.25;902.1;9.90;73894;2836.825;-1759.909;1;310;450;451.6;22.3;21.6;29;28.9;25.1;-1.0;
03/03/2025 17:25:45;117;0;309.31;-4;20.87;3.25;898.5;9.80;73889;2836.829;-1759.914;1;310;450;451.6;22.3;21.6;29;28.9;25.1;-1.0;
03/03/2025 17:26:05;117;0;309.22;-4;20.98;3.39;895.2;9.80;73887;2836.834;-1759.919;1;310;450;451.6;22.3;21.6;29;28.9;25.1;-1.0;
03/03/2025 17:26:25;117;0;308.75;-4;20.58;3.54;892.4;9.80;73887;2836.837;-1759.923;1;310;450;453.2;22.3;21.6;27;27.1;25.1;-1.0;
03/03/2025 17:26:45;117;0;307.41;-4;20.61;2.22;889.7;9.80;73872;2836.841;-1759.927;1;310;450;451.6;22.3;21.6;27;26.6;25.1;-1.0;
03/03/2025 17:27:05;117;0;306.00;-4;20.89;2.27;887.1;9.80;73883;2836.845;-1759.931;1;310;450;451.6;22.3;21.6;27;26.6;25.1;-1.0;
03/03/2025 17:27:25;117;0;304.14;-4;20.13;2.48;884.8;9.80;73869;2836.848;-1759.935;1;310;450;453.2;22.3;21.6;27;26.6;25.1;-1.0;
03/03/2025 17:27:45;117;0;304.20;-4;20.45;2.36;882.8;9.80;73885;2836.851;-1759.939;1;310;470;469.4;22.3;21.6;27;26.6;25.1;-1.0;
03/03/2025 17:28:05;117;0;306.44;-4;21.09;2.51;881.1;9.80;73841;2836.854;-1759.942;1;310;490;490.3;22.3;21.6;21;21.2;25.1;-1.0;
03/03/2025 17:28:25;117;0;305.10;-4;20.32;-1.25;878.7;9.80;73794;2836.858;-1759.946;1;310;490;493.5;22.3;21.6;28;28.0;25.1;-1.0;
03/03/2025 17:28:45;117;0;303.58;-4;19.73;3.45;875.9;9.80;73806;2836.861;-1759.950;1;310;490;493.5;22.3;21.6;28;28.4;25.1;-1.0;
03/03/2025 17:29:05;117;0;303.88;-4;20.19;3.36;873.1;9.80;73805;2836.865;-1759.955;1;310;490;493.5;22.3;21.6;28;28.4;25.1;-1.0;
03/03/2025 17:29:25;117;0;302.26;-4;19.51;3.70;869.7;9.80;73791;2836.869;-1759.960;1;310;490;493.5;22.3;21.6;28;28.4;25.1;-1.0;
03/03/2025 17:29:45;117;0;303.90;-4;20.32;3.32;866.8;9.80;73797;2836.873;-1759.965;1;310;490;493.5;22.3;21.6;28;28.4;25.1;-1.0;
03/03/2025 17:30:05;117;0;301.00;-4;20.12;3.95;863.6;9.80;73803;2836.877;-1759.970;1;310;490;493.5;22.3;21.6;28;28.4;25.1;-1.0;
03/03/2025 17:30:25;117;0;302.22;-4;19.65;3.37;860.0;9.80;73786;2836.881;-1759.975;1;310;490;493.5;22.3;21.6;28;28.4;25.1;-1.0;
03/03/2025 17:30:45;117;0;301.90;-4;19.11;3.39;856.6;9.70;73790;2836.885;-1759.981;1;310;490;493.5;22.3;21.6;28;28.4;25.1;-1.0;
03/03/2025 17:31:05;117;0;302.13;-4;19.70;3.37;853.2;9.70;73781;2836.889;-1759.986;1;310;490;493.5;22.3;21.6;28;28.4;25.1;-1.0;
03/03/2025 17:31:25;117;0;302.56;-4;19.05;3.84;849.7;9.70;73784;2836.893;-1759.992;1;310;490;493.5;22.3;21.6;28;28.4;25.1;-1.0;
03/03/2025 17:31:45;117;0;304.11;-4;19.11;3.81;846.6;9.70;73790;2836.897;-1759.997;1;310;490;493.5;22.3;21.6;28;28.4;25.1;-1.0;
03/03/2025 17:32:05;117;0;304.17;-4;19.70;3.50;843.1;9.70;73776;2836.901;-1800.002;1;310;490;495.2;22.3;21.6;28;28.4;25.1;-1.0;
03/03/2025 17:32:25;117;0;304.67;-4;18.95;3.41;839.7;9.70;73769;2836.906;-1800.007;1;310;490;493.5;22.0;21.9;28;28.4;25.1;-1.0;
03/03/2025 17:32:45;117;0;307.52;-4;18.15;2.98;836.5;9.70;73775;2836.910;-1800.012;1;310;490;493.5;21.4;21.2;28;28.4;25.1;-1.0;
03/03/2025 17:33:05;117;0;304.58;-4;20.34;3.02;833.4;9.70;73769;2836.914;-1800.017;1;310;490;495.2;21.4;20.6;28;28.4;25.1;-1.0;
03/03/2025 17:33:25;117;0;306.45;-4;20.99;3.53;830.0;9.70;73769;2836.918;-1800.022;1;310;490;493.5;21.4;20.6;28;28.4;25.1;-1.0;
03/03/2025 17:33:45;117;0;308.61;-4;20.45;3.58;826.4;9.70;73776;2836.923;-1800.027;1;310;490;493.5;21.4;20.6;28;28.4;25.1;-1.0;
03/03/2025 17:34:05;117;0;307.75;-4;21.43;3.56;823.1;9.70;73767;2836.927;-1800.032;1;310;490;495.2;21.4;20.6;28;28.4;25.1;-1.0;
03/03/2025 17:34:25;117;0;307.79;-4;21.37;3.37;819.6;9.70;73768;2836.931;-1800.037;1;310;490;493.5;21.4;20.8;28;28.4;25.1;-1.0;
03/03/2025 17:34:45;117;0;308.52;-4;21.62;3.43;816.2;9.70;73777;2836.935;-1800.042;1;310;490;493.5;21.4;20.8;28;28.4;25.1;-1.0;
03/03/2025 17:35:05;117;0;309.24;-4;21.42;3.33;812.6;9.70;73767;2836.940;-1800.047;1;310;490;495.2;21.4;20.6;28;28.4;25.1;-1.0;
03/03/2025 17:35:25;117;0;310.46;-4;21.39;3.43;809.0;9.70;73771;2836.944;-1800.052;1;310;490;493.5;21.4;21.4;26;26.2;25.1;-1.0;
03/03/2025 17:35:45;117;0;310.17;-4;20.70;2.24;805.5;9.70;73760;2836.949;-1800.057;1;310;490;496.8;21.4;21.5;26;26.2;25.1;-1.0;
03/03/2025 17:36:05;117;0;308.93;-4;20.29;2.31;802.0;9.70;73763;2836.953;-1800.062;1;310;490;495.2;21.4;21.5;28;28.0;25.1;-1.0;
03/03/2025 17:36:25;117;0;308.62;-4;20.36;3.53;798.5;9.70;73766;2836.958;-1800.067;1;310;490;495.2;21.4;21.5;28;28.4;25.1;-1.0;
03/03/2025 17:36:45;117;0;307.45;-4;20.30;3.52;795.0;9.60;73761;2836.962;-1800.072;1;310;490;495.2;21.4;21.5;28;28.4;25.1;-1.0;
03/03/2025 17:37:05;117;0;303.31;-4;19.14;3.86;791.5;9.60;73770;2836.966;-1800.078;1;310;490;495.2;21.4;21.6;28;28.4;25.1;-1.0;
03/03/2025 17:37:25;117;0;304.38;-4;19.89;3.51;788.0;9.60;73770;2836.971;-1800.083;1;310;490;495.2;21.4;21.5;28;28.4;25.1;-1.0;
03/03/2025 17:37:45;117;0;303.03;-4;19.48;3.88;784.4;9.60;73774;2836.975;-1800.089;1;310;490;495.2;21.4;21.5;28;28.4;25.1;-1.0;
03/03/2025 17:38:05;117;0;300.15;-4;19.81;3.90;780.8;9.60;73765;2836.979;-1800.094;1;310;490;495.2;21.4;21.5;28;28.4;25.1;-1.0;
03/03/2025 17:38:25;117;0;299.94;-4;20.89;3.27;777.5;9.60;73765;2836.983;-1800.100;1;310;490;495.2;21.4;21.5;28;28.4;25.1;-1.0;
03/03/2025 17:38:45;117;0;299.86;-4;20.06;3.28;773.8;9.60;73774;2836.987;-1800.105;1;310;490;495.2;21.4;21.5;28;28.4;25.1;-1.0;
03/03/2025 17:39:05;117;0;299.97;-4;20.25;3.32;770.5;9.60;73765;2836.991;-1800.111;1;310;490;496.8;21.4;21.5;28;28.4;25.1;-1.0;
03/03/2025 17:39:25;117;0;298.87;-4;20.22;3.41;767.1;9.60;73777;2836.994;-1800.116;1;310;490;493.5;21.4;21.4;28;28.4;25.1;-1.0;
03/03/2025 17:39:45;117;0;298.97;-4;20.83;3.65;763.5;9.60;73765;2836.998;-1800.122;1;310;490;495.2;21.4;21.5;28;28.4;25.1;-1.0;
03/03/2025 17:40:05;117;0;299.52;-4;20.75;3.42;759.8;9.60;73771;2837.002;-1800.127;1;310;490;495.2;21.4;21.5;28;28.4;25.1;-1.0;
03/03/2025 17:40:25;117;0;299.87;-4;20.30;3.45;756.1;9.60;73772;2837.006;-1800.133;1;310;490;493.5;21.4;21.5;28;28.4;25.1;-1.0;
03/03/2025 17:40:45;117;0;300.89;-4;20.27;3.44;752.6;9.60;73772;2837.010;-1800.139;1;310;490;495.2;21.4;21.5;28;28.4;25.1;-1.0;
03/03/2025 17:41:05;117;0;301.36;-4;20.00;3.49;749.2;9.60;73774;2837.014;-1800.144;1;310;490;495.2;21.4;21.5;28;28.4;25.1;-1.0;
03/03/2025 17:41:25;117;0;301.95;-4;20.29;3.49;745.9;9.60;73781;2837.018;-1800.149;1;310;490;495.2;21.4;21.5;28;28.4;25.1;-1.0;
03/03/2025 17:41:45;117;0;299.65;-4;20.67;3.86;742.7;9.60;73786;2837.022;-1800.154;1;310;490;491.9;21.4;21.5;28;28.4;25.1;-1.0;
03/03/2025 17:42:05;117;0;297.11;-4;19.67;3.74;739.4;9.60;73788;2837.025;-1800.159;1;310;490;495.2;21.4;21.5;28;28.4;25.1;-1.0;
03/03/2025 17:42:25;117;0;298.34;-4;21.06;3.44;736.1;9.60;73784;2837.029;-1800.165;1;310;490;495.2;21.4;21.5;28;28.4;25.1;-1.0;
03/03/2025 17:42:45;117;0;299.21;-4;20.39;3.75;732.3;9.60;73786;2837.033;-1800.171;1;310;490;495.2;21.4;21.5;28;28.4;25.1;-1.0;
03/03/2025 17:43:05;117;0;298.08;-4;19.94;3.95;729.0;9.60;73786;2837.037;-1800.176;1;310;490;495.2;21.4;21.5;28;28.4;25.1;-1.0;
03/03/2025 17:43:25;117;0;297.54;-4;19.98;3.72;725.7;9.70;73780;2837.040;-1800.181;1;310;490;495.2;21.4;21.5;28;28.4;25.1;-1.0;
03/03/2025 17:43:45;117;0;298.54;-4;20.18;2.90;722.7;9.70;73783;2837.044;-1800.186;1;310;490;495.2;21.4;21.5;28;28.4;25.1;-1.0;
03/03/2025 17:44:05;117;0;298.26;-4;20.34;3.64;719.3;9.70;73772;2837.048;-1800.192;1;310;490;495.2;21.4;21.5;28;28.4;25.1;-1.0;
03/03/2025 17:44:25;117;0;298.06;-4;20.46;3.50;715.9;9.70;73772;2837.051;-1800.197;1;310;490;493.5;21.4;21.5;28;28.4;25.1;-1.0;
03/03/2025 17:44:45;117;0;295.10;-4;18.80;3.21;712.7;9.70;73786;2837.055;-1800.203;1;310;490;495.2;21.1;21.1;30;29.8;25.1;-1.0;
03/03/2025 17:45:05;117;0;296.78;-4;20.23;4.19;709.8;9.70;73793;2837.058;-1800.208;1;310;490;495.2;21.1;21.1;30;30.2;25.1;-1.0;
03/03/2025 17:45:25;117;0;297.65;-4;21.08;4.23;706.6;9.70;73802;2837.062;-1800.213;1;310;490;495.2;21.1;21.1;30;30.2;25.1;-1.0;
03/03/2025 17:45:45;117;0;297.99;-4;21.25;4.25;703.2;9.70;73802;2837.065;-1800.218;1;310;490;495.2;21.1;21.1;30;30.2;25.1;-1.0;
03/03/2025 17:46:05;117;0;298.79;-4;21.06;3.92;699.4;9.70;73812;2837.069;-1800.224;1;310;490;495.2;21.1;21.1;30;29.8;25.1;-1.0;
03/03/2025 17:46:25;117;0;299.94;-4;20.46;4.20;695.7;9.70;73812;2837.073;-1800.230;1;310;490;495.2;21.1;21.1;30;29.8;25.1;-1.0;
03/03/2025 17:46:45;117;0;300.54;-4;20.27;4.22;691.9;9.70;73814;2837.077;-1800.236;1;310;490;495.2;21.1;21.1;30;29.8;25.1;-1.0;
03/03/2025 17:47:05;117;0;301.17;-4;20.21;4.06;688.5;9.70;73818;2837.081;-1800.241;1;310;490;495.2;21.1;20.9;30;29.8;25.1;-1.0;
03/03/2025 17:47:25;117;0;301.97;-4;20.92;4.00;685.1;9.70;73821;2837.085;-1800.246;1;310;490;495.2;21.1;21.2;30;29.8;25.1;-1.0;
03/03/2025 17:47:45;117;0;302.70;-4;19.29;4.07;681.6;9.70;73815;2837.090;-1800.252;1;310;490;495.2;21.1;21.1;30;29.8;25.1;-1.0;
03/03/2025 17:48:06;117;0;304.60;-4;20.63;4.20;678.4;9.70;73824;2837.093;-1800.256;1;310;490;496.8;21.1;21.1;30;29.8;25.1;-1.0;
03/03/2025 17:48:26;117;0;304.14;-4;20.39;4.27;675.1;9.80;73835;2837.098;-1800.262;1;310;490;495.2;21.1;20.9;30;30.2;25.1;-1.0;
03/03/2025 17:48:46;117;0;303.79;-4;20.15;4.13;671.6;9.70;73833;2837.102;-1800.267;1;310;490;493.5;21.1;21.1;30;30.2;25.1;-1.0;
03/03/2025 17:49:06;117;0;303.92;-4;19.99;4.07;668.6;9.80;73832;2837.106;-1800.272;1;310;490;495.2;21.1;21.1;30;29.8;25.1;-1.0;
03/03/2025 17:49:26;117;0;303.83;-4;20.03;4.13;665.6;9.80;73841;2837.109;-1800.276;1;310;490;495.2;21.1;21.1;30;29.8;25.1;-1.0;
03/03/2025 17:49:46;117;0;303.00;-4;19.93;4.16;662.4;9.80;73835;2837.113;-1800.281;1;310;490;496.8;21.1;21.1;30;29.8;25.1;-1.0;
03/03/2025 17:50:06;117;0;303.60;-4;20.19;4.20;659.4;9.80;73847;2837.117;-1800.286;1;310;490;496.8;21.1;21.1;30;29.8;25.1;-1.0;
03/03/2025 17:50:26;117;0;306.04;-4;20.38;4.18;656.5;9.80;73860;2837.121;-1800.291;1;310;490;495.2;21.1;20.9;28;28.0;25.1;-1.0;
03/03/2025 17:50:46;117;0;305.46;-4;20.43;3.35;653.4;9.80;73861;2837.125;-1800.296;1;310;490;496.8;21.1;20.9;28;28.0;25.1;-1.0;
03/03/2025 17:51:06;117;0;305.36;-4;20.48;3.03;650.6;9.80;73858;2837.129;-1800.300;1;310;490;495.2;21.1;20.9;28;28.0;25.1;-1.0;
03/03/2025 17:51:26;117;0;305.82;-4;20.51;3.04;647.6;9.80;73865;2837.133;-1800.304;1;310;490;495.2;21.1;20.9;28;28.0;25.1;-1.0;
03/03/2025 17:51:46;117;0;305.90;-4;20.53;3.13;644.6;9.80;73864;2837.137;-1800.309;1;310;490;495.2;21.1;20.9;28;28.0;25.1;-1.0;
03/03/2025 17:52:06;117;0;306.22;-4;20.55;3.06;641.7;9.90;73871;2837.140;-1800.313;1;310;490;495.2;21.1;20.9;28;28.0;25.1;-1.0;
03/03/2025 17:52:26;117;0;307.13;-4;20.61;3.13;638.9;9.90;73868;2837.144;-1800.318;1;310;490;496.8;21.1;20.9;28;28.0;25.1;-1.0;
03/03/2025 17:52:46;117;0;307.34;-4;20.45;3.09;635.9;9.90;73879;2837.148;-1800.322;1;310;490;495.2;21.1;20.9;28;28.0;25.1;-1.0;
03/03/2025 17:53:06;117;0;307.14;-4;20.41;3.11;633.1;9.90;73896;2837.152;-1800.327;1;310;490;496.8;21.1;20.9;28;28.0;25.1;-1.0;
03/03/2025 17:53:26;117;0;306.48;-4;20.12;3.15;630.0;9.90;73914;2837.156;-1800.331;1;310;490;496.8;21.1;20.9;28;28.0;25.1;-1.0;
03/03/2025 17:53:46;117;0;306.22;-4;20.34;3.18;627.2;9.90;73926;2837.160;-1800.336;1;310;490;495.2;21.1;20.9;28;28.0;25.1;-1.0;
03/03/2025 17:54:06;117;0;304.98;-4;20.38;3.12;624.3;10.00;73928;2837.164;-1800.340;1;310;490;496.8;21.1;20.9;28;28.0;25.1;-1.0;
03/03/2025 17:54:26;117;0;303.75;-4;20.13;3.11;621.3;10.00;73932;2837.167;-1800.345;1;310;490;495.2;21.1;20.9;28;28.0;25.1;-1.0;
03/03/2025 17:54:46;117;0;304.38;-4;20.33;3.13;618.4;10.00;73943;2837.171;-1800.350;1;310;490;496.8;21.1;20.8;28;28.0;25.1;-1.0;
03/03/2025 17:55:06;117;0;304.28;-4;20.42;3.09;615.2;10.00;73948;2837.175;-1800.355;1;310;490;496.8;21.1;20.9;28;28.0;25.1;-1.0;
03/03/2025 17:55:26;117;0;302.27;-4;20.24;3.17;612.3;10.00;73947;2837.179;-1800.359;1;310;490;496.8;21.1;20.9;28;28.0;25.1;-1.0;
03/03/2025 17:55:46;117;0;300.79;-4;20.30;3.15;609.3;10.10;73959;2837.183;-1800.364;1;310;490;496.8;21.1;20.9;28;28.0;25.1;-1.0;
03/03/2025 17:56:06;117;0;302.00;-4;20.36;3.03;606.0;10.10;73964;2837.186;-1800.369;1;310;490;496.8;21.1;20.9;28;28.0;25.1;-1.0;
03/03/2025 17:56:26;117;0;301.89;-4;20.51;3.18;603.1;10.10;73964;2837.190;-1800.374;1;310;490;496.8;21.1;20.9;28;28.0;25.1;-1.0;
03/03/2025 17:56:46;117;0;302.24;-4;20.55;3.09;600.0;10.10;73973;2837.194;-1800.379;1;310;490;496.8;21.1;20.9;28;28.0;25.1;-1.0;
03/03/2025 17:57:06;117;0;303.17;-4;20.51;3.26;597.0;10.10;73972;2837.197;-1800.383;1;310;490;495.2;21.1;20.9;28;28.0;25.1;-1.0;
03/03/2025 17:57:26;117;0;303.88;-4;20.48;3.21;593.7;10.20;73979;2837.202;-1800.389;1;310;490;495.2;21.1;20.9;28;28.0;25.1;-1.0;
03/03/2025 17:57:46;117;0;304.18;-4;20.48;3.13;590.6;10.20;73984;2837.205;-1800.393;1;310;490;496.8;21.1;20.9;28;28.0;25.1;-1.0;
03/03/2025 17:58:06;117;0;304.00;-4;20.47;3.18;587.6;10.20;73991;2837.209;-1800.398;1;310;490;495.2;21.1;21.1;28;28.0;25.1;-1.0;
03/03/2025 17:58:26;117;0;303.10;-4;20.19;3.15;584.4;10.20;73993;2837.213;-1800.403;1;310;490;496.8;21.1;20.9;28;28.0;25.1;-1.0;
03/03/2025 17:58:46;117;0;301.91;-4;20.18;3.14;581.3;10.20;73997;2837.217;-1800.408;1;310;490;496.8;21.1;20.9;28;28.0;25.1;-1.0;
03/03/2025 17:59:06;117;0;301.25;-4;20.34;3.07;578.1;10.30;74004;2837.221;-1800.413;1;310;490;498.4;21.1;20.9;28;28.0;25.1;-1.0;
03/03/2025 17:59:26;117;0;300.82;-4;20.27;3.12;575.0;10.30;74000;2837.225;-1800.418;1;310;490;495.2;21.1;20.8;28;28.0;25.1;-1.0;
03/03/2025 17:59:46;117;0;300.83;-4;20.43;3.11;572.1;10.30;74000;2837.228;-1800.423;1;310;490;496.8;21.1;20.9;28;28.0;25.1;-1.0;
03/03/2025 18:00:06;117;0;300.80;-4;20.24;3.15;568.9;10.30;74007;2837.232;-1800.428;1;310;490;495.2;21.1;20.9;28;28.0;25.1;-1.0;
03/03/2025 18:00:26;117;0;300.56;-4;20.32;3.19;565.7;10.30;74011;2837.236;-1800.433;1;310;490;495.2;21.1;20.9;28;28.0;25.1;-1.0;
03/03/2025 18:00:46;117;0;299.02;-4;20.33;3.04;562.5;10.30;74016;2837.239;-1800.438;1;310;490;496.8;21.1;20.9;28;28.0;25.1;-1.0;
03/03/2025 18:01:06;117;0;296.89;-4;20.19;3.19;559.5;10.40;74023;2837.243;-1800.443;1;310;490;495.2;21.1;20.9;28;28.0;25.1;-1.0;
03/03/2025 18:01:26;117;0;295.02;-4;19.88;3.06;556.4;10.40;74011;2837.246;-1800.449;1;310;490;496.8;21.1;20.9;28;28.0;25.1;-1.0;
03/03/2025 18:01:46;117;0;294.43;-4;20.12;3.04;553.1;10.40;74034;2837.250;-1800.454;1;310;490;493.5;21.1;20.9;30;29.8;25.1;-1.0;
03/03/2025 18:02:06;117;0;295.54;-4;20.80;4.21;549.9;10.40;74047;2837.253;-1800.459;1;310;490;496.8;21.1;20.9;30;30.2;25.1;-1.0;
03/03/2025 18:02:26;117;0;295.31;-4;19.98;4.22;546.7;10.40;74038;2837.256;-1800.465;1;310;490;495.2;21.1;20.9;30;29.8;25.1;-1.0;
03/03/2025 18:02:46;117;0;296.03;-4;20.52;4.31;543.2;10.50;74039;2837.260;-1800.470;1;310;490;496.8;21.1;20.9;30;30.2;25.1;-1.0;
03/03/2025 18:03:06;117;0;294.63;-4;20.10;4.32;539.9;10.50;74049;2837.263;-1800.476;1;310;490;496.8;21.1;21.1;30;30.2;25.1;-1.0;
03/03/2025 18:03:26;117;0;295.96;-4;20.12;4.23;536.7;10.50;74046;2837.267;-1800.481;1;310;490;496.8;21.1;20.9;30;29.8;25.1;-1.0;
03/03/2025 18:03:46;117;0;296.76;-4;20.25;4.26;533.3;10.50;74065;2837.271;-1800.486;1;310;490;496.8;21.1;20.9;30;29.8;25.1;-1.0;
03/03/2025 18:04:06;117;0;297.88;-4;20.27;4.06;530.1;10.60;74072;2837.274;-1800.492;1;310;490;496.8;21.1;20.9;30;30.2;25.1;-1.0;
03/03/2025 18:04:26;117;0;299.34;-4;20.48;4.14;526.8;10.60;74063;2837.278;-1800.497;1;310;490;496.8;21.1;20.8;30;30.2;25.1;-1.0;
03/03/2025 18:04:46;117;0;301.59;-4;20.47;4.20;523.5;10.60;74068;2837.282;-1800.502;1;310;490;498.4;21.1;20.9;30;30.2;25.1;-1.0;
03/03/2025 18:05:06;117;0;303.26;-4;20.04;4.00;520.1;10.60;74060;2837.286;-1800.508;1;310;490;496.8;21.1;20.9;30;30.2;25.1;-1.0;
03/03/2025 18:05:26;117;0;304.63;-4;20.41;4.29;517.2;10.60;74079;2837.290;-1800.512;1;310;490;496.8;21.1;20.9;28;28.0;25.1;-1.0;
03/03/2025 18:05:46;117;0;304.68;-4;20.19;3.27;513.7;10.70;74073;2837.294;-1800.518;1;310;490;496.8;21.1;20.9;28;28.0;25.1;-1.0;
03/03/2025 18:06:06;117;0;305.00;-4;20.37;3.06;510.4;10.70;74082;2837.298;-1800.523;1;310;490;496.8;21.1;20.9;28;28.0;25.1;-1.0;
03/03/2025 18:06:26;117;0;304.70;-4;20.32;3.09;507.0;10.70;74077;2837.302;-1800.528;1;310;490;496.8;21.1;20.9;28;28.0;25.1;-1.0;
03/03/2025 18:06:46;117;0;305.52;-4;20.23;3.05;503.6;10.70;74081;2837.307;-1800.533;1;310;490;496.8;21.1;20.9;28;28.0;25.1;-1.0;
03/03/2025 18:07:06;117;0;306.71;-4;20.26;3.06;500.3;10.70;74091;2837.311;-1800.538;1;310;490;496.8;21.1;20.9;28;28.0;25.1;-1.0;
03/03/2025 18:07:26;117;0;307.65;-4;20.15;3.12;496.8;10.70;74088;2837.315;-1800.543;1;310;490;496.8;21.1;20.8;28;28.0;25.1;-1.0;
03/03/2025 18:07:46;117;0;309.46;-4;20.15;3.01;493.5;10.80;74100;2837.319;-1800.548;1;310;490;496.8;21.1;20.9;28;28.0;25.1;-1.0;
03/03/2025 18:08:06;117;0;310.97;-4;20.11;3.09;490.0;10.80;74091;2837.324;-1800.553;1;310;490;496.8;21.1;20.9;26;26.2;25.1;-1.0;
03/03/2025 18:08:26;117;0;311.22;-4;20.18;2.11;486.6;10.80;74109;2837.329;-1800.558;1;310;490;498.4;21.1;20.8;26;25.7;25.1;-1.0;
03/03/2025 18:08:46;117;0;310.19;-4;20.15;2.00;483.2;10.80;74108;2837.333;-1800.563;1;310;490;495.2;21.1;20.9;26;25.7;25.1;-1.0;
03/03/2025 18:09:06;117;0;309.32;-4;20.10;2.00;479.8;10.90;74123;2837.338;-1800.568;1;310;490;496.8;21.1;20.9;26;25.7;25.1;-1.0;
03/03/2025 18:09:26;117;0;308.47;-4;19.96;2.04;476.4;10.90;74119;2837.342;-1800.573;1;310;490;496.8;21.1;20.9;26;25.7;25.1;-1.0;
03/03/2025 18:09:46;117;0;305.87;-4;19.83;2.26;472.8;10.90;74122;2837.346;-1800.578;1;310;490;495.2;21.1;20.9;28;28.0;25.1;-1.0;
03/03/2025 18:10:06;117;0;305.03;-4;20.09;3.40;469.5;10.90;74130;2837.351;-1800.583;1;310;490;498.4;21.1;20.9;28;28.4;25.1;-1.0;
03/03/2025 18:10:26;117;0;305.21;-4;20.18;3.46;466.0;10.90;74138;2837.355;-1800.588;1;310;490;496.8;21.1;20.9;28;28.4;25.1;-1.0;
03/03/2025 18:10:46;117;0;305.60;-4;20.20;3.44;462.2;11.00;74139;2837.359;-1800.594;1;310;490;496.8;21.1;20.9;28;28.4;25.1;-1.0;
03/03/2025 18:11:06;117;0;305.48;-4;20.10;3.50;458.8;11.00;74146;2837.364;-1800.599;1;310;490;496.8;21.1;20.9;28;28.4;25.1;-1.0;
03/03/2025 18:11:26;117;0;305.47;-4;20.03;3.34;455.1;11.00;74141;2837.368;-1800.604;1;310;490;496.8;21.1;20.9;28;28.4;25.1;-1.0;
03/03/2025 18:11:46;117;0;305.95;-4;19.89;3.34;451.7;11.00;74139;2837.372;-1800.610;1;310;490;496.8;21.1;20.9;28;28.4;25.1;-1.0;
03/03/2025 18:12:06;117;0;305.64;-4;19.90;3.42;448.1;11.00;74152;2837.377;-1800.615;1;310;490;495.2;21.1;20.9;28;28.4;25.1;-1.0;
03/03/2025 18:12:26;117;0;306.96;-4;20.08;3.34;444.6;11.10;74170;2837.381;-1800.620;1;310;490;496.8;21.1;20.9;28;28.4;25.1;-1.0;
03/03/2025 18:12:46;117;0;305.80;-4;20.01;3.66;441.1;11.10;74150;2837.385;-1800.626;1;310;490;495.2;21.1;20.9;28;28.4;25.1;-1.0;
03/03/2025 18:13:06;117;0;303.84;-4;19.74;3.58;437.6;11.10;74162;2837.389;-1800.631;1;310;490;496.8;21.1;20.9;28;28.4;25.1;-1.0;
03/03/2025 18:13:26;117;0;302.51;-4;19.79;3.07;434.0;11.10;74167;2837.394;-1800.636;1;310;490;498.4;21.1;20.9;28;28.4;25.1;-1.0;
03/03/2025 18:13:46;117;0;301.58;-4;19.57;3.07;430.6;11.10;74181;2837.398;-1800.642;1;310;490;498.4;21.1;20.9;28;28.4;25.1;-1.0;
03/03/2025 18:14:06;117;0;301.84;-4;20.10;3.37;427.1;11.20;74176;2837.402;-1800.647;1;310;490;495.2;21.1;20.9;28;28.4;25.1;-1.0;
03/03/2025 18:14:26;117;0;299.86;-4;19.59;3.31;423.5;11.20;74188;2837.406;-1800.653;1;310;490;496.8;21.1;20.9;28;28.4;25.1;-1.0;
03/03/2025 18:14:46;117;0;299.38;-4;19.40;3.36;420.1;11.20;74185;2837.410;-1800.658;1;310;490;496.8;21.1;20.9;28;28.4;25.1;-1.0;
03/03/2025 18:15:06;117;0;298.99;-4;19.78;3.37;416.5;11.20;74200;2837.413;-1800.664;1;310;490;495.2;21.1;21.1;28;28.4;25.1;-1.0;
03/03/2025 18:15:26;117;0;299.51;-4;19.77;3.19;413.1;11.30;74187;2837.417;-1800.670;1;310;490;496.8;21.1;20.9;28;28.4;25.1;-1.0;
03/03/2025 18:15:46;117;0;300.02;-4;19.73;3.27;409.7;11.30;74195;2837.421;-1800.675;1;310;490;498.4;21.1;20.9;28;28.4;25.1;-1.0;
03/03/2025 18:16:06;117;0;300.12;-4;19.85;3.32;406.3;11.30;74192;2837.425;-1800.680;1;310;490;495.2;21.1;20.9;28;28.4;25.1;-1.0;
03/03/2025 18:16:26;117;0;300.63;-4;19.61;3.41;402.9;11.30;74200;2837.429;-1800.686;1;310;490;496.8;21.1;20.9;28;28.4;25.1;-1.0;
03/03/2025 18:16:46;117;0;300.62;-4;19.55;3.41;399.8;11.40;74203;2837.433;-1800.691;1;310;490;498.4;21.1;20.9;28;28.4;25.1;-1.0;
03/03/2025 18:17:06;117;0;299.68;-4;19.66;3.41;396.6;11.40;74199;2837.436;-1800.696;1;310;490;496.8;21.1;20.9;28;28.4;25.1;-1.0;
03/03/2025 18:17:26;117;0;298.74;-4;19.88;3.43;393.4;11.40;74221;2837.440;-1800.701;1;310;490;498.4;21.1;20.9;28;28.4;25.1;-1.0;
03/03/2025 18:17:46;117;0;298.33;-4;19.70;3.45;390.3;11.40;74215;2837.444;-1800.706;1;310;490;496.8;21.1;21.1;28;28.4;25.1;-1.0;
03/03/2025 18:18:06;117;0;299.23;-4;19.85;3.39;387.1;11.40;74235;2837.447;-1800.711;1;310;490;496.8;21.1;20.9;28;28.4;25.1;-1.0;
03/03/2025 18:18:26;117;0;299.63;-4;19.82;3.35;384.0;11.50;74245;2837.451;-1800.716;1;310;490;496.8;21.1;20.9;28;28.4;25.1;-1.0;
03/03/2025 18:18:46;117;0;299.12;-4;19.77;3.43;380.9;11.50;74249;2837.455;-1800.722;1;310;490;496.8;21.1;20.9;28;28.4;25.1;-1.0;
03/03/2025 18:19:06;117;0;298.57;-4;19.77;3.42;377.8;11.50;74245;2837.458;-1800.727;1;310;490;498.4;21.1;20.9;28;28.4;25.1;-1.0;
03/03/2025 18:19:26;117;0;297.86;-4;19.77;3.45;374.7;11.50;74266;2837.462;-1800.732;1;310;490;496.8;21.1;20.9;28;28.4;25.1;-1.0;
03/03/2025 18:19:46;117;0;297.28;-4;19.78;3.27;371.8;11.60;74265;2837.465;-1800.737;1;310;490;496.8;21.1;20.9;28;28.4;25.1;-1.0;
03/03/2025 18:20:06;117;0;296.55;-4;19.88;3.40;368.7;11.60;74264;2837.469;-1800.742;1;310;490;496.8;21.1;20.9;28;28.4;25.1;-1.0;
03/03/2025 18:20:26;117;0;297.93;-4;19.74;3.33;365.8;11.60;74262;2837.472;-1800.747;1;310;490;498.4;21.1;20.9;28;28.4;25.1;-1.0;
03/03/2025 18:20:46;117;0;299.70;-4;19.77;3.31;362.8;11.60;74267;2837.476;-1800.751;1;310;490;498.4;21.1;20.9;28;28.4;25.1;-1.0;
03/03/2025 18:21:06;117;0;300.33;-4;19.68;3.49;360.0;11.60;74272;2837.479;-1800.756;1;310;490;498.4;21.1;20.9;28;28.4;25.1;-1.0;
03/03/2025 18:21:26;117;0;300.69;-4;19.73;3.46;357.0;11.70;74281;2837.483;-1800.761;1;310;490;496.8;21.1;20.9;28;28.4;25.1;-1.0;
03/03/2025 18:21:46;117;0;299.78;-4;19.65;3.47;354.2;11.70;74288;2837.486;-1800.766;1;310;490;495.2;21.1;20.9;28;28.4;25.1;-1.0;
03/03/2025 18:22:06;117;0;299.61;-4;19.75;3.39;351.5;11.70;74306;2837.490;-1800.770;1;310;490;496.8;21.1;20.9;28;28.4;25.1;-1.0;
03/03/2025 18:22:26;117;0;298.90;-4;19.65;3.44;348.5;11.70;74316;2837.493;-1800.775;1;310;490;498.4;21.1;20.9;28;28.4;25.1;-1.0;
03/03/2025 18:22:46;117;0;298.64;-4;19.71;3.48;345.7;11.80;74311;2837.497;-1800.780;1;310;490;496.8;21.1;20.9;28;28.4;25.1;-1.0;
03/03/2025 18:23:07;117;0;298.17;-4;19.83;3.33;342.9;11.80;74313;2837.500;-1800.784;1;310;490;496.8;21.1;20.9;28;28.4;25.1;-1.0;
03/03/2025 18:23:27;117;0;297.22;-4;19.79;3.50;340.3;11.80;74327;2837.503;-1800.789;1;310;490;496.8;21.1;20.9;28;28.4;25.1;-1.0;
03/03/2025 18:23:47;117;0;296.20;-4;19.83;3.44;337.4;11.80;74325;2837.506;-1800.794;1;310;490;496.8;21.1;20.9;28;28.4;25.1;-1.0;
03/03/2025 18:24:07;117;0;295.81;-4;19.88;3.47;334.6;11.90;74328;2837.510;-1800.799;1;310;490;496.8;21.1;20.9;28;28.4;25.1;-1.0;
03/03/2025 18:24:27;117;0;295.80;-4;19.93;3.45;331.7;11.90;74338;2837.513;-1800.804;1;310;490;496.8;21.1;20.8;28;28.4;25.1;-1.0;
03/03/2025 18:24:47;117;0;297.19;-4;19.81;3.33;328.6;11.90;74342;2837.516;-1800.809;1;310;490;496.8;21.1;20.9;28;28.4;25.1;-1.0;
03/03/2025 18:25:07;117;0;297.84;-4;19.78;3.42;325.9;11.90;74350;2837.520;-1800.813;1;310;490;496.8;21.1;20.9;28;28.4;25.1;-1.0;
03/03/2025 18:25:27;117;0;298.50;-4;19.74;3.43;323.1;12.00;74356;2837.523;-1800.818;1;310;490;496.8;21.1;20.9;28;28.4;25.1;-1.0;
03/03/2025 18:25:47;117;0;298.58;-4;19.83;3.39;320.0;12.00;74363;2837.527;-1800.823;1;310;490;495.2;21.1;20.9;28;28.4;25.1;-1.0;
03/03/2025 18:26:07;117;0;298.73;-4;19.76;3.33;317.0;12.00;74378;2837.530;-1800.828;1;310;490;495.2;21.1;20.9;28;28.4;25.1;-1.0;
03/03/2025 18:26:27;117;0;298.86;-4;19.75;3.50;314.1;12.00;74379;2837.534;-1800.833;1;310;490;496.8;21.1;20.9;28;28.4;25.1;-1.0;
03/03/2025 18:26:47;117;0;297.98;-4;19.58;3.47;311.2;12.10;74379;2837.537;-1800.838;1;310;490;496.8;21.1;20.8;28;28.4;25.1;-1.0;
03/03/2025 18:27:07;117;0;298.69;-4;19.60;3.42;308.1;12.10;74393;2837.541;-1800.843;1;310;490;498.4;21.1;20.9;28;28.4;25.1;-1.0;
03/03/2025 18:27:27;117;0;300.10;-4;19.49;3.34;305.2;12.10;74404;2837.544;-1800.848;1;310;490;496.8;21.1;20.9;28;28.4;25.1;-1.0;
03/03/2025 18:27:47;117;0;300.43;-4;19.47;3.62;302.1;12.20;74413;2837.548;-1800.853;1;310;490;496.8;21.1;20.9;28;28.4;25.1;-1.0;
03/03/2025 18:28:07;117;0;300.74;-4;19.50;3.56;299.2;12.20;74425;2837.552;-1800.858;1;310;490;496.8;21.1;20.9;28;28.4;25.1;-1.0;
03/03/2025 18:28:27;117;0;300.90;-4;19.76;3.38;296.1;12.20;74431;2837.556;-1800.863;1;310;490;498.4;21.1;20.9;28;28.4;25.1;-1.0;
03/03/2025 18:28:47;117;0;300.10;-4;19.38;3.36;293.1;12.20;74436;2837.559;-1800.868;1;310;490;498.4;21.1;20.9;28;28.4;25.1;-1.0;
03/03/2025 18:29:07;117;0;300.60;-4;19.45;3.40;290.1;12.30;74431;2837.563;-1800.873;1;310;490;496.8;21.1;20.9;28;28.4;25.1;-1.0;
03/03/2025 18:29:27;117;0;301.42;-4;19.49;3.46;287.1;12.30;74440;2837.567;-1800.878;1;310;490;498.4;21.1;20.9;28;28.4;25.1;-1.0;
03/03/2025 18:29:47;117;0;301.76;-4;19.32;3.40;283.9;12.30;74455;2837.571;-1800.883;1;310;490;496.8;21.1;20.9;28;28.4;25.1;-1.0;
03/03/2025 18:30:07;117;0;302.20;-4;19.37;3.35;281.0;12.30;74457;2837.574;-1800.888;1;310;490;496.8;21.1;20.9;28;28.4;25.1;-1.0;
03/03/2025 18:30:27;117;0;303.28;-4;19.45;3.38;278.0;12.40;74467;2837.578;-1800.893;1;310;490;496.8;21.1;20.9;28;28.0;25.1;-1.0;
03/03/2025 18:30:47;117;0;303.52;-4;19.37;3.43;274.7;12.40;74476;2837.582;-1800.898;1;310;490;498.4;21.1;20.9;28;28.4;25.1;-1.0;
03/03/2025 18:31:07;117;0;302.78;-4;19.40;3.35;271.7;12.40;74493;2837.586;-1800.903;1;310;490;498.4;21.1;20.9;28;28.4;25.1;-1.0;
03/03/2025 18:31:27;117;0;303.38;-4;19.55;3.33;268.9;12.50;74498;2837.590;-1800.907;1;310;490;498.4;21.1;20.9;28;28.4;25.1;-1.0;
03/03/2025 18:31:47;117;0;303.67;-4;19.50;3.38;266.1;12.50;74516;2837.594;-1800.912;1;310;490;496.8;21.1;20.9;28;28.4;25.1;-1.0;
03/03/2025 18:32:07;117;0;302.65;-4;19.44;3.42;263.1;12.50;74530;2837.597;-1800.917;1;310;490;496.8;21.1;20.9;28;28.4;25.1;-1.0;
03/03/2025 18:32:27;117;0;302.99;-4;19.55;3.41;260.3;12.60;74534;2837.601;-1800.921;1;310;490;498.4;21.1;20.9;28;28.4;25.1;-1.0;
03/03/2025 18:32:47;117;0;302.87;-4;19.62;3.39;257.2;12.60;74550;2837.605;-1800.926;1;310;490;496.8;21.1;20.9;28;28.4;25.1;-1.0;
03/03/2025 18:33:07;117;0;302.69;-4;19.79;3.34;254.1;12.60;74561;2837.609;-1800.931;1;310;490;496.8;21.1;20.9;28;28.4;25.1;-1.0;
03/03/2025 18:33:27;117;0;303.43;-4;19.58;3.27;251.1;12.70;74573;2837.613;-1800.936;1;310;490;496.8;21.1;20.9;28;28.4;25.1;-1.0;
03/03/2025 18:33:47;117;0;303.37;-4;18.82;3.79;247.9;12.70;74600;2837.617;-1800.941;1;310;490;496.8;20.7;20.8;28;28.4;25.1;-1.0;
03/03/2025 18:34:07;117;0;305.68;-4;20.31;3.09;245.1;12.80;74609;2837.620;-1800.946;1;310;490;498.4;20.7;20.8;28;28.4;25.1;-1.0;
03/03/2025 18:34:27;117;0;305.23;-4;19.82;3.43;241.9;12.80;74611;2837.624;-1800.951;1;310;490;498.4;20.7;20.8;28;28.4;25.1;-1.0;
03/03/2025 18:34:47;117;0;303.69;-4;19.37;3.34;238.8;12.80;74618;2837.628;-1800.956;1;310;490;496.8;20.7;20.9;28;28.4;25.1;-1.0;
03/03/2025 18:35:07;117;0;304.09;-4;19.60;3.56;235.5;12.90;74629;2837.632;-1800.961;1;310;490;496.8;20.7;20.8;28;28.4;25.1;-1.0;
03/03/2025 18:35:27;117;0;303.31;-4;19.33;3.21;232.3;12.90;74630;2837.636;-1800.966;1;310;490;498.4;20.7;20.8;28;28.4;25.1;-1.0;
03/03/2025 18:35:47;117;0;302.42;-4;19.21;3.39;229.1;13.00;74647;2837.640;-1800.971;1;310;490;498.4;20.7;20.9;28;28.4;25.1;-1.0;
03/03/2025 18:36:07;117;0;302.40;-4;19.37;3.28;226.0;13.00;74650;2837.644;-1800.976;1;310;490;498.4;20.7;20.9;28;28.4;25.1;-1.0;
03/03/2025 18:36:27;117;0;301.37;-4;19.57;3.55;222.9;13.00;74651;2837.648;-1800.981;1;310;490;498.4;20.7;20.8;28;28.4;25.1;-1.0;
03/03/2025 18:36:47;117;0;300.87;-4;19.23;3.66;219.7;13.10;74663;2837.652;-1800.986;1;310;490;498.4;20.7;20.8;28;28.4;25.1;-1.0;
03/03/2025 18:37:07;117;0;299.12;-4;19.16;3.55;216.6;13.10;74671;2837.656;-1800.991;1;310;490;496.8;20.7;20.9;28;28.4;25.1;-1.0;
03/03/2025 18:37:27;117;0;299.32;-4;19.30;3.37;213.5;13.20;74684;2837.659;-1800.997;1;310;490;498.4;20.7;20.8;28;28.4;25.1;-1.0;
03/03/2025 18:37:47;117;0;300.53;-4;19.31;3.34;210.5;13.20;74687;2837.663;-1801.002;1;310;490;498.4;20.7;20.9;28;28.4;25.1;-1.0;
03/03/2025 18:38:07;117;0;302.41;-4;19.36;3.40;207.3;13.20;74708;2837.667;-1801.007;1;310;490;498.4;20.7;20.8;28;28.4;25.1;-1.0;
03/03/2025 18:38:27;117;0;303.62;-4;19.21;3.30;204.2;13.30;74719;2837.671;-1801.012;1;310;490;498.4;20.7;20.9;28;28.4;25.1;-1.0;
03/03/2025 18:38:47;117;0;303.62;-4;19.19;3.37;201.2;13.30;74734;2837.675;-1801.017;1;310;490;498.4;20.7;20.9;28;28.4;25.1;-1.0;
03/03/2025 18:39:07;117;0;303.18;-4;19.17;3.43;198.1;13.30;74731;2837.679;-1801.022;1;310;490;498.4;20.7;20.8;28;28.4;25.1;-1.0;
03/03/2025 18:39:27;117;0;301.51;-4;19.18;3.37;195.2;13.40;74749;2837.682;-1801.027;1;310;490;496.8;20.7;20.9;28;28.4;25.1;-1.0;
03/03/2025 18:39:47;117;0;301.09;-4;19.34;3.43;192.1;13.40;74753;2837.686;-1801.032;1;310;490;498.4;20.7;20.9;28;28.4;25.1;-1.0;
03/03/2025 18:40:07;117;0;301.21;-4;19.11;3.53;188.9;13.50;74760;2837.690;-1801.037;1;310;490;498.4;20.7;20.9;28;28.4;25.1;-1.0;
03/03/2025 18:40:27;117;0;302.12;-4;19.50;3.40;185.9;13.50;74772;2837.694;-1801.042;1;310;490;498.4;20.7;20.8;28;28.4;25.1;-1.0;
03/03/2025 18:40:47;117;0;302.95;-4;19.42;3.24;182.8;13.50;74778;2837.698;-1801.047;1;310;490;498.4;20.7;20.9;28;28.4;25.1;-1.0;
03/03/2025 18:41:07;117;0;303.01;-4;19.27;3.45;179.5;13.60;74794;2837.702;-1801.052;1;310;490;496.8;20.7;20.9;28;28.4;25.1;-1.0;
03/03/2025 18:41:27;117;0;303.76;-4;19.38;3.42;176.5;13.60;74786;2837.706;-1801.057;1;310;490;498.4;20.7;20.9;28;28.4;25.1;-1.0;
03/03/2025 18:41:47;117;0;302.24;-4;19.21;3.39;173.3;13.70;74809;2837.710;-1801.062;1;310;490;498.4;20.7;20.9;28;28.4;25.1;-1.0;
03/03/2025 18:42:07;117;0;300.66;-4;19.25;3.45;170.1;13.70;74813;2837.714;-1801.068;1;310;490;498.4;20.7;20.9;28;28.4;25.1;-1.0;
03/03/2025 18:42:27;117;0;299.98;-4;19.07;3.37;166.7;13.70;74823;2837.718;-1801.073;1;310;490;498.4;20.7;20.8;28;28.4;25.1;-1.0;
03/03/2025 18:42:47;117;0;299.48;-4;19.04;3.41;163.4;13.80;74837;2837.721;-1801.079;1;310;490;496.8;20.7;20.9;28;28.4;25.1;-1.0;
03/03/2025 18:43:07;117;0;298.91;-4;19.06;3.39;160.3;13.80;74843;2837.725;-1801.084;1;310;490;498.4;20.7;20.9;28;28.4;25.1;-1.0;
03/03/2025 18:43:27;117;0;298.90;-4;19.09;3.36;156.9;13.80;74839;2837.729;-1801.089;1;310;490;498.4;20.7;20.9;28;28.4;25.1;-1.0;
03/03/2025 18:43:47;117;0;299.90;-4;19.06;3.32;153.7;13.90;74866;2837.733;-1801.095;1;310;490;498.4;20.7;20.8;28;28.4;25.1;-1.0;
03/03/2025 18:44:07;117;0;300.70;-4;19.17;3.42;150.4;13.90;74863;2837.737;-1801.100;1;310;490;498.4;20.7;20.9;28;28.4;25.1;-1.0;
03/03/2025 18:44:27;117;0;299.87;-4;19.19;3.44;147.2;14.00;74877;2837.740;-1801.105;1;310;490;496.8;20.7;20.8;28;28.4;25.1;-1.0;
03/03/2025 18:44:47;117;0;299.34;-4;19.04;3.38;143.9;14.00;74880;2837.744;-1801.111;1;310;490;498.4;20.7;20.8;28;28.4;25.1;-1.0;
03/03/2025 18:45:07;117;0;301.84;-4;18.98;3.29;140.7;14.00;74901;2837.748;-1801.116;1;310;490;498.4;20.4;20.2;28;28.4;25.1;-1.0;
03/03/2025 18:45:27;117;0;304.08;-4;20.64;3.26;137.4;14.10;74918;2837.752;-1801.121;1;310;490;498.4;20.4;19.9;28;28.4;25.1;-1.0;
03/03/2025 18:45:47;117;0;304.34;-4;21.17;3.38;133.9;14.10;74935;2837.756;-1801.126;1;310;490;496.8;20.4;19.7;28;28.4;25.1;-1.0;
03/03/2025 18:46:07;117;0;304.83;-4;21.16;3.35;130.5;14.20;74938;2837.760;-1801.131;1;310;490;498.4;20.4;19.9;28;28.4;25.1;-1.0;
03/03/2025 18:46:27;117;0;305.36;-4;21.27;3.43;126.8;14.20;74945;2837.765;-1801.137;1;310;490;498.4;20.4;19.9;28;28.4;25.1;-1.0;
03/03/2025 18:46:47;117;0;306.35;-4;21.35;3.43;123.4;14.30;74970;2837.769;-1801.142;1;310;490;498.4;20.4;19.9;28;28.4;25.1;-1.0;
03/03/2025 18:47:07;117;0;304.88;-4;21.47;3.50;119.9;14.30;74980;2837.773;-1801.147;1;310;490;498.4;20.4;19.9;28;28.4;25.1;-1.0;
03/03/2025 18:47:27;117;0;302.59;-4;21.24;3.50;116.3;14.40;74993;2837.777;-1801.152;1;310;490;498.4;20.4;19.9;28;28.4;25.1;-1.0;
03/03/2025 18:47:47;117;0;299.71;-4;20.94;3.48;112.9;14.40;75015;2837.781;-1801.157;1;310;490;498.4;20.4;19.9;28;28.4;25.1;-1.0;
03/03/2025 18:48:07;117;0;296.64;-4;20.95;3.54;109.4;14.40;75035;2837.785;-1801.163;1;310;490;498.4;20.4;19.9;28;28.4;25.1;-1.0;
03/03/2025 18:48:27;117;0;295.23;-4;21.15;3.42;105.9;14.50;75044;2837.788;-1801.168;1;310;490;498.4;20.4;19.9;28;28.4;25.1;-1.0;
03/03/2025 18:48:47;117;0;297.70;-4;21.06;3.44;102.4;14.50;75070;2837.792;-1801.174;1;310;490;500.0;20.4;19.9;28;28.4;25.1;-1.0;
03/03/2025 18:49:07;117;0;299.98;-4;21.10;3.41;98.8;14.60;75094;2837.796;-1801.179;1;310;490;498.4;20.4;19.9;28;28.4;25.1;-1.0;
03/03/2025 18:49:27;117;0;301.36;-4;21.19;3.58;95.3;14.60;75109;2837.800;-1801.185;1;310;490;498.4;20.4;19.9;28;28.4;25.1;-1.0;
03/03/2025 18:49:47;117;0;301.99;-4;21.02;3.53;91.8;14.70;75133;2837.804;-1801.190;1;310;490;498.4;20.4;19.9;28;28.4;25.1;-1.0;
03/03/2025 18:50:07;117;0;301.32;-4;21.05;3.49;88.3;14.80;75166;2837.808;-1801.195;1;310;490;500.0;20.4;19.9;28;28.4;25.1;-1.0;
03/03/2025 18:50:27;117;0;300.72;-4;20.72;3.53;84.8;14.80;75181;2837.811;-1801.201;1;310;490;498.4;20.4;19.9;28;28.4;25.1;-1.0;
03/03/2025 18:50:47;117;0;301.12;-4;20.72;3.49;81.5;14.90;75229;2837.815;-1801.206;1;310;490;498.4;20.4;19.7;28;28.4;25.1;-1.0;
03/03/2025 18:51:07;117;0;299.79;-4;20.76;3.46;78.3;15.00;75259;2837.819;-1801.211;1;310;490;496.8;20.4;19.9;28;28.4;25.1;-1.0;
03/03/2025 18:51:27;117;0;300.03;-4;20.73;3.48;75.0;15.00;75278;2837.823;-1801.216;1;310;490;498.4;20.4;19.9;28;28.4;25.1;-1.0;
03/03/2025 18:51:47;117;0;299.59;-4;20.88;3.49;71.7;15.10;75308;2837.826;-1801.221;1;310;490;500.0;20.4;19.9;28;28.4;25.1;-1.0;
03/03/2025 18:52:07;117;0;299.17;-4;20.86;3.62;68.4;15.20;75327;2837.830;-1801.226;1;310;490;498.4;20.4;19.9;28;28.4;25.1;-1.0;
03/03/2025 18:52:27;117;0;297.95;-4;21.10;3.53;65.0;15.20;75335;2837.834;-1801.232;1;310;490;498.4;20.4;19.9;28;28.4;25.1;-1.0;
03/03/2025 18:52:47;117;0;297.00;-4;20.91;3.47;61.7;15.30;75337;2837.837;-1801.237;1;310;490;498.4;20.4;19.9;28;28.4;25.1;-1.0;
03/03/2025 18:53:07;117;0;295.95;-4;21.04;3.48;58.2;15.40;75362;2837.841;-1801.242;1;310;490;498.4;20.4;19.9;28;28.4;25.1;-1.0;
03/03/2025 18:53:27;117;0;294.95;-4;20.99;3.44;54.8;15.40;75375;2837.844;-1801.248;1;310;490;498.4;20.4;19.9;28;28.4;25.1;-1.0;
03/03/2025 18:53:47;117;0;293.66;-4;21.04;3.56;51.4;15.50;75384;2837.848;-1801.253;1;310;490;498.4;20.4;19.9;28;28.4;25.1;-1.0;
03/03/2025 18:54:07;117;0;292.41;-4;20.95;3.56;47.9;15.60;75384;2837.851;-1801.259;1;310;490;498.4;20.4;20.5;30;30.2;25.1;-1.0;
03/03/2025 18:54:27;117;0;292.61;-4;20.55;4.46;44.4;15.60;75397;2837.854;-1801.265;1;310;490;498.4;20.4;20.6;30;30.2;25.1;-1.0;
03/03/2025 18:54:47;117;0;293.01;-4;20.49;4.40;40.9;15.70;75401;2837.858;-1801.271;1;310;490;498.4;20.4;20.8;30;30.2;25.1;-1.0;
03/03/2025 18:55:07;117;0;294.51;-4;20.07;4.45;37.5;15.80;75420;2837.861;-1801.276;1;310;490;498.4;20.4;20.6;30;30.2;25.1;-1.0;
03/03/2025 18:55:27;117;0;296.76;-4;20.16;4.46;34.0;15.80;75420;2837.865;-1801.282;1;310;490;496.8;20.4;20.8;30;30.2;25.1;-1.0;
03/03/2025 18:55:47;117;0;297.99;-4;19.93;4.45;30.6;15.90;75439;2837.869;-1801.287;1;310;490;498.4;20.4;20.6;28;28.0;25.1;-1.0;
03/03/2025 18:56:07;117;0;297.22;-4;19.85;2.77;27.3;15.90;75436;2837.872;-1801.293;1;310;490;498.4;20.4;20.6;28;27.5;25.1;-1.0;
03/03/2025 18:56:27;117;0;297.02;-4;19.77;2.95;23.9;16.00;75450;2837.876;-1801.298;1;310;490;498.4;20.4;20.8;28;27.5;25.1;-1.0;
03/03/2025 18:56:47;117;0;296.42;-4;19.95;3.03;20.6;16.00;75462;2837.880;-1801.304;1;310;490;500.0;20.4;20.6;28;27.1;25.1;-1.0;
03/03/2025 18:57:07;117;0;296.41;-4;19.94;2.84;17.3;16.10;75467;2837.883;-1801.309;1;310;490;498.4;20.4;20.6;28;27.5;25.1;-1.0;
03/03/2025 18:57:27;117;0;295.33;-4;19.44;3.18;14.0;16.20;75488;2837.887;-1801.315;1;310;490;500.0;20.4;20.8;28;27.1;25.1;-1.0;
03/03/2025 18:57:47;117;0;291.84;-4;20.30;2.11;10.8;16.20;75497;2837.890;-1801.320;1;310;490;500.0;20.4;20.6;31;31.1;25.1;-1.0;
03/03/2025 18:58:07;117;0;291.01;-4;19.92;4.66;7.3;16.30;75504;2837.893;-1801.326;1;310;490;498.4;20.4;20.8;33;32.9;25.1;-1.0;
03/03/2025 18:58:27;117;0;296.45;-4;19.64;6.71;3.6;16.30;75505;2837.897;-1801.332;1;310;490;500.0;20.4;20.6;29;29.8;25.1;-1.0;
03/03/2025 18:58:30;115;0;289.84;-4;20.40;2.44;3.2;16.30;75510;2837.897;-1801.333;1;310;500;496.8;100.0;59.8;0;-0.5;25.1;-1.0;
03/03/2025 18:58:41;115;0;285.64;-4;8.45;-12.26;1.9;16.40;75511;2837.899;-1801.336;1;310;500;496.8;100.0;100.0;0;-0.5;25.1;-1.0;
03/03/2025 18:58:51;115;0;269.52;-4;-56.54;-8.77;2.2;16.40;75532;2837.900;-1801.336;1;310;500;498.4;100.0;100.4;0;-0.5;25.1;-1.0;
03/03/2025 18:59:11;119;0;316.24;-4;-44.18;-5.23;-0.3;16.50;75544;2837.900;-1801.336;1;310;500;498.4;100.0;100.4;0;-0.5;25.1;-1.0;
03/03/2025 18:59:21;119;0;22.43;-4;-60.19;-11.61;-0.1;16.50;75531;2836.617;-1800.938;0;310;500;500.0;100.0;100.4;0;-0.5;25.1;-1.0;
