PLD_REALTIMECLOCK;NAV_RESOURCE;NAV_LONGITUDE;NAV_LATITUDE;NAV_DEPTH;NAV_HEADING;SD_CARD_USAGE;SSD_USAGE;ACQUISITION_FREQ;RECORDING;LEGATO_CONDUCTIVITY;LEGATO_TEMPERATURE;LEGATO_PRESSURE;LEGATO_SALINITY;LEGATO_CONDTEMP;LEGATO_CODA_DO;LEGATO_CODA_TEMPERATURE;LEGATO_CODA_CORR_PHASE;LEGATO_SOUND_VELOCITY;FLBBCD_CHL_COUNT;FLBBCD_CHL_SCALED;FLBBCD_CDOM_COUNT;FLBBCD_CDOM_SCALED;FLBBCD_BB_700_COUNT;FLBBCD_BB_700_SCALED;User_Field1;User_Field2;User_Field3;User_Field4;User_Field5;User_Field6;User_Field7;User_Field8;User_Field9;User_Field10;BS_HEADING;BS_ZB;BS_ZT;BS_PU;BS_PD;BS_BU;BS_BD;BS_SR;BS_ALTIMETER.ENABLE;BS_ALTIMETER.VALUE;BS_CURRENT.CORRECTION.ENABLE
17/02/2025 07:32:03.532;119;-1759.590;2838.740;0.100;103.000;247738.09;-1;192000;0;50.9271;20.5194;1.4640;37.0202;20.1794;236.5988;20.5228;22.7924;1525.1666;57;0.0605;69;1.6362;100;0.000153100;0;9999;9999;9999;9999;9999;9999;9999;9999;9999;9999;9999;9999;9999;9999;9999;9999;9999;9999;9999;9999
17/02/2025 07:32:32.757;116;-1759.591;2838.741;0.100;121.000;247738.12;247738.12;192000;0;50.9266;20.5192;1.3857;37.0199;20.2007;236.5059;20.5249;22.7953;1525.1644;56;0.0484;70;1.7271;101;0.000156162;0;9999;9999;9999;9999;9999;9999;9999;9999;9999;9999;9999;9999;9999;9999;9999;9999;9999;9999;9999;9999
17/02/2025 07:33:02.751;116;-1759.593;2838.743;0.100;90.000;247738.16;-1;192000;0;50.9283;20.5205;1.4098;37.0202;20.2239;236.6777;20.5206;22.7902;1525.1686;56;0.0484;70;1.7271;109;0.000180658;0;9999;9999;9999;9999;9999;9999;9999;9999;9999;9999;9999;9999;9999;9999;9999;9999;9999;9999;9999;9999
17/02/2025 07:33:32.757;116;-1759.593;2838.743;0.100;106.000;247738.21;-1;192000;0;50.9238;20.5169;1.4012;37.0197;20.2394;236.9161;20.5172;22.7822;1525.1582;57;0.0605;70;1.7271;100;0.000153100;0;9999;9999;9999;9999;9999;9999;9999;9999;9999;9999;9999;9999;9999;9999;9999;9999;9999;9999;9999;9999
17/02/2025 07:34:02.755;116;-1759.596;2838.743;0.100;121.000;247738.27;247738.27;192000;0;50.9273;20.5201;1.3518;37.0197;20.2626;237.1568;20.5229;22.7715;1525.1660;58;0.0726;69;1.6362;103;0.000162286;0;9999;9999;9999;9999;9999;9999;9999;9999;9999;9999;9999;9999;9999;9999;9999;9999;9999;9999;9999;9999
17/02/2025 07:34:32.757;116;-1759.596;2838.744;0.200;111.000;247738.31;247738.31;192000;0;50.9264;20.5177;1.3816;37.0211;20.2781;236.1969;20.5230;22.8074;1525.1616;58;0.0726;68;1.5453;106;0.000171472;0;9999;9999;9999;9999;9999;9999;9999;9999;9999;9999;9999;9999;9999;9999;9999;9999;9999;9999;9999;9999
17/02/2025 07:35:02.755;116;-1759.598;2838.744;0.100;77.000;247738.36;247738.36;192000;0;50.9276;20.5181;1.4792;37.0217;20.2935;236.4685;20.5205;22.7980;1525.1650;55;0.0363;69;1.6362;100;0.000153100;0;9999;9999;9999;9999;9999;9999;9999;9999;9999;9999;9999;9999;9999;9999;9999;9999;9999;9999;9999;9999
17/02/2025 07:35:32.760;116;-1759.599;2838.744;0.200;94.000;247738.4;247738.4;192000;0;50.9229;20.5132;1.4569;37.0221;20.3109;236.1872;20.5179;22.8092;1525.1517;56;0.0484;69;1.6362;105;0.000168410;0;9999;9999;9999;9999;9999;9999;9999;9999;9999;9999;9999;9999;9999;9999;9999;9999;9999;9999;9999;9999
17/02/2025 07:36:02.755;116;-1759.599;2838.744;0.100;105.000;247738.45;247738.45;192000;0;50.9308;20.5207;1.3680;37.0221;20.3225;236.8953;20.5204;22.7820;1525.1706;56;0.0484;70;1.7271;107;0.000174534;0;9999;9999;9999;9999;9999;9999;9999;9999;9999;9999;9999;9999;9999;9999;9999;9999;9999;9999;9999;9999
17/02/2025 07:36:32.744;116;-1759.600;2838.744;0.100;98.000;247738.49;247738.49;192000;0;50.9294;20.5190;1.3833;37.0224;20.3380;236.7020;20.5215;22.7888;1525.1666;58;0.0726;68;1.5453;101;0.000156162;0;9999;9999;9999;9999;9999;9999;9999;9999;9999;9999;9999;9999;9999;9999;9999;9999;9999;9999;9999;9999
17/02/2025 07:37:02.740;116;-1759.600;2838.744;0.000;99.000;247738.54;247738.54;192000;0;50.9270;20.5160;1.4014;37.0230;20.3477;235.9959;20.5208;22.8155;1525.1594;58;0.0726;69;1.6362;101;0.000156162;0;9999;9999;9999;9999;9999;9999;9999;9999;9999;9999;9999;9999;9999;9999;9999;9999;9999;9999;9999;9999
17/02/2025 07:37:32.751;116;-1759.602;2838.744;0.000;95.000;247738.58;247738.58;192000;0;50.9256;20.5154;1.4643;37.0225;20.3631;236.6367;20.5199;22.7917;1525.1583;57;0.0605;70;1.7271;100;0.000153100;0;9999;9999;9999;9999;9999;9999;9999;9999;9999;9999;9999;9999;9999;9999;9999;9999;9999;9999;9999;9999
17/02/2025 07:38:02.759;116;-1759.603;2838.745;0.100;100.000;247738.64;247738.64;192000;0;50.9253;20.5141;1.3704;37.0234;20.3728;236.9543;20.5188;22.7800;1525.1542;55;0.0363;70;1.7271;99;0.000150038;0;9999;9999;9999;9999;9999;9999;9999;9999;9999;9999;9999;9999;9999;9999;9999;9999;9999;9999;9999;9999
17/02/2025 07:38:32.759;116;-1759.604;2838.745;0.100;81.000;247738.68;247738.68;192000;0;50.9249;20.5143;1.3447;37.0229;20.3766;236.2048;20.5193;22.8080;1525.1538;57;0.0605;70;1.7271;101;0.000156162;0;9999;9999;9999;9999;9999;9999;9999;9999;9999;9999;9999;9999;9999;9999;9999;9999;9999;9999;9999;9999
17/02/2025 07:39:02.747;116;-1759.605;2838.745;0.000;106.000;247738.73;247738.73;192000;0;50.9247;20.5152;1.4144;37.0219;20.3882;237.4932;20.5188;22.7600;1525.1562;57;0.0605;71;1.8180;113;0.000192906;0;9999;9999;9999;9999;9999;9999;9999;9999;9999;9999;9999;9999;9999;9999;9999;9999;9999;9999;9999;9999
17/02/2025 07:39:32.757;116;-1759.606;2838.745;0.100;96.000;247738.78;-1;192000;0;50.9223;20.5114;1.3191;37.0232;20.3998;237.7312;20.5147;22.7522;1525.1458;58;0.0726;69;1.6362;104;0.000165348;0;9999;9999;9999;9999;9999;9999;9999;9999;9999;9999;9999;9999;9999;9999;9999;9999;9999;9999;9999;9999
17/02/2025 07:40:02.734;116;-1759.607;2838.747;0.100;75.000;247738.81;-1;192000;0;50.9224;20.5108;1.3578;37.0239;20.4036;237.4781;20.5127;22.7622;1525.1456;56;0.0484;69;1.6362;100;0.000153100;0;9999;9999;9999;9999;9999;9999;9999;9999;9999;9999;9999;9999;9999;9999;9999;9999;9999;9999;9999;9999
17/02/2025 07:40:32.746;116;-1759.608;2838.747;0.100;89.000;247738.85;247738.85;192000;0;50.9192;20.5076;1.4542;37.0240;20.4114;235.6565;20.5169;22.8293;1525.1386;57;0.0605;70;1.7271;100;0.000153100;0;9999;9999;9999;9999;9999;9999;9999;9999;9999;9999;9999;9999;9999;9999;9999;9999;9999;9999;9999;9999
17/02/2025 07:41:02.755;116;-1759.607;2838.748;0.100;92.000;247738.9;247738.9;192000;0;50.9170;20.5062;1.3042;37.0235;20.4230;235.6745;20.5094;22.8308;1525.1318;55;0.0363;69;1.6362;103;0.000162286;0;9999;9999;9999;9999;9999;9999;9999;9999;9999;9999;9999;9999;9999;9999;9999;9999;9999;9999;9999;9999
17/02/2025 07:41:32.757;116;-1759.609;2838.748;0.000;94.000;247738.93;247738.93;192000;0;50.9186;20.5066;1.3817;37.0244;20.4268;236.3191;20.5100;22.8064;1525.1352;54;0.0242;69;1.6362;106;0.000171472;0;9999;9999;9999;9999;9999;9999;9999;9999;9999;9999;9999;9999;9999;9999;9999;9999;9999;9999;9999;9999
17/02/2025 07:42:02.749;116;-1759.610;2838.749;0.000;112.000;247738.98;247738.98;192000;0;50.9199;20.5101;1.5118;37.0224;20.4306;236.5876;20.5138;22.7953;1525.1446;56;0.0484;68;1.5453;104;0.000165348;0;9999;9999;9999;9999;9999;9999;9999;9999;9999;9999;9999;9999;9999;9999;9999;9999;9999;9999;9999;9999
17/02/2025 07:42:32.759;116;-1759.610;2838.749;0.100;106.000;247739.02;247739.02;192000;0;50.9217;20.5109;1.3737;37.0232;20.4384;236.3088;20.5148;22.8055;1525.1454;55;0.0363;70;1.7271;100;0.000153100;0;9999;9999;9999;9999;9999;9999;9999;9999;9999;9999;9999;9999;9999;9999;9999;9999;9999;9999;9999;9999
17/02/2025 07:43:02.758;110;-1759.610;2838.749;0.100;106.000;247739.07;247739.07;192000;0;50.9228;20.5145;1.3896;37.0209;20.4442;237.0761;20.5174;22.7761;1525.1528;56;0.0484;70;1.7271;100;0.000153100;0;9999;9999;9999;9999;9999;9999;9999;9999;9999;9999;9999;9999;9999;9999;9999;9999;9999;9999;9999;9999
17/02/2025 07:43:32.752;110;-1759.610;2838.749;1.000;100.000;247739.12;247739.12;192000;0;50.9261;20.5153;2.4798;37.0225;20.4519;236.3709;20.5178;22.8026;1525.1750;57;0.0605;69;1.6362;201;0.000462362;0;9999;9999;9999;9999;9999;9999;9999;9999;9999;9999;9999;9999;9999;9999;9999;9999;9999;9999;9999;9999
17/02/2025 07:44:02.757;100;-1759.607;2838.748;4.500;107.000;247739.15;247739.15;192000;0;50.9408;20.5267;6.6383;37.0230;20.4577;237.6088;20.5282;22.7544;1525.2758;58;0.0726;71;1.8180;102;0.000159224;0;9999;9999;9999;9999;9999;9999;9999;9999;9999;9999;9999;9999;9999;9999;9999;9999;9999;9999;9999;9999
17/02/2025 07:44:32.746;100;-1759.603;2838.747;8.500;115.000;247739.19;247739.19;192000;0;50.9426;20.5271;12.3126;37.0221;20.4654;235.7974;20.5284;22.8240;1525.3705;55;0.0363;69;1.6362;104;0.000165348;0;9999;9999;9999;9999;9999;9999;9999;9999;9999;9999;9999;9999;9999;9999;9999;9999;9999;9999;9999;9999
17/02/2025 07:45:02.754;100;-1759.597;2838.745;16.200;115.000;247739.23;247739.23;192000;0;50.9577;20.5398;18.2840;37.0211;20.4712;237.0225;20.5400;22.7764;1525.5034;56;0.0484;70;1.7271;100;0.000153100;0;9999;9999;9999;9999;9999;9999;9999;9999;9999;9999;9999;9999;9999;9999;9999;9999;9999;9999;9999;9999
17/02/2025 07:45:32.757;100;-1759.593;2838.744;20.000;116.000;247739.27;-1;192000;0;50.9641;20.5377;24.3880;37.0259;20.4808;237.6133;20.5400;22.7558;1525.6049;55;0.0363;69;1.6362;102;0.000159224;0;9999;9999;9999;9999;9999;9999;9999;9999;9999;9999;9999;9999;9999;9999;9999;9999;9999;9999;9999;9999
17/02/2025 07:46:02.746;100;-1759.586;2838.740;28.400;121.000;247739.31;-1;192000;0;50.9587;20.5337;30.8876;37.0226;20.4885;236.9900;20.5358;22.7823;1525.6988;56;0.0484;69;1.6362;102;0.000159224;0;9999;9999;9999;9999;9999;9999;9999;9999;9999;9999;9999;9999;9999;9999;9999;9999;9999;9999;9999;9999
17/02/2025 07:46:32.757;100;-1759.583;2838.739;32.500;122.000;247739.33;-1;192000;0;50.9681;20.5393;37.3401;37.0229;20.4963;238.3217;20.5408;22.7330;1525.8219;56;0.0484;68;1.5453;100;0.000153100;0;9999;9999;9999;9999;9999;9999;9999;9999;9999;9999;9999;9999;9999;9999;9999;9999;9999;9999;9999;9999
17/02/2025 07:47:02.754;100;-1759.576;2838.736;40.900;120.000;247739.38;-1;192000;0;50.9700;20.5398;43.7962;37.0217;20.5020;237.9356;20.5409;22.7493;1525.9296;55;0.0363;70;1.7271;100;0.000153100;0;9999;9999;9999;9999;9999;9999;9999;9999;9999;9999;9999;9999;9999;9999;9999;9999;9999;9999;9999;9999
17/02/2025 07:47:32.747;100;-1759.572;2838.734;44.900;121.000;247739.41;247739.41;192000;0;50.8773;20.4772;49.8998;36.9984;20.5040;239.2150;20.4759;22.7230;1525.8355;56;0.0484;69;1.6362;102;0.000159224;0;9999;9999;9999;9999;9999;9999;9999;9999;9999;9999;9999;9999;9999;9999;9999;9999;9999;9999;9999;9999
17/02/2025 07:48:02.759;100;-1759.565;2838.732;52.500;116.000;247739.45;247739.45;192000;0;50.5687;20.2422;55.6791;36.9488;20.4770;238.4312;20.2436;22.8227;1525.2361;72;0.2420;70;1.7271;103;0.000162286;0;9999;9999;9999;9999;9999;9999;9999;9999;9999;9999;9999;9999;9999;9999;9999;9999;9999;9999;9999;9999
17/02/2025 07:48:32.759;100;-1759.562;2838.730;56.000;115.000;247739.48;247739.48;192000;0;50.5320;20.2077;61.3663;36.9468;20.4326;238.7117;20.2083;22.8241;1525.2343;75;0.2783;71;1.8180;106;0.000171472;0;9999;9999;9999;9999;9999;9999;9999;9999;9999;9999;9999;9999;9999;9999;9999;9999;9999;9999;9999;9999
17/02/2025 07:49:02.759;100;-1759.555;2838.728;63.600;113.000;247739.52;247739.52;192000;0;50.5085;20.1859;67.1804;36.9444;20.4036;237.2386;20.1862;22.8873;1525.2689;74;0.2662;72;1.9089;106;0.000171472;0;9999;9999;9999;9999;9999;9999;9999;9999;9999;9999;9999;9999;9999;9999;9999;9999;9999;9999;9999;9999
17/02/2025 07:49:32.753;100;-1759.552;2838.727;67.300;116.000;247739.56;247739.56;192000;0;50.5085;20.1799;73.0095;36.9475;20.3786;237.7054;20.1809;22.8728;1525.3531;71;0.2299;70;1.7271;108;0.000177596;0;9999;9999;9999;9999;9999;9999;9999;9999;9999;9999;9999;9999;9999;9999;9999;9999;9999;9999;9999;9999
17/02/2025 07:50:02.758;100;-1759.545;2838.725;74.800;120.000;247739.6;247739.6;192000;0;50.4796;20.1567;78.8250;36.9419;20.3515;236.7978;20.1573;22.9156;1525.3802;69;0.2057;70;1.7271;107;0.000174534;0;9999;9999;9999;9999;9999;9999;9999;9999;9999;9999;9999;9999;9999;9999;9999;9999;9999;9999;9999;9999
17/02/2025 07:50:32.751;100;-1759.542;2838.723;78.400;122.000;247739.63;247739.63;192000;0;50.4626;20.1419;84.5584;36.9387;20.3322;236.9831;20.1427;22.9146;1525.4316;67;0.1815;72;1.9089;124;0.000226588;0;9999;9999;9999;9999;9999;9999;9999;9999;9999;9999;9999;9999;9999;9999;9999;9999;9999;9999;9999;9999
17/02/2025 07:51:02.750;100;-1759.536;2838.720;85.900;124.000;247739.67;247739.67;192000;0;50.4126;20.1048;90.3186;36.9280;20.3109;238.3677;20.1021;22.8766;1525.4139;64;0.1452;69;1.6362;93;0.000131666;0;9999;9999;9999;9999;9999;9999;9999;9999;9999;9999;9999;9999;9999;9999;9999;9999;9999;9999;9999;9999
17/02/2025 07:51:32.737;100;-1759.533;2838.718;89.600;126.000;247739.71;247739.71;192000;0;50.3258;20.0332;96.1965;36.9170;20.2800;236.4897;20.0347;22.9687;1525.3028;70;0.2178;72;1.9089;96;0.000140852;0;9999;9999;9999;9999;9999;9999;9999;9999;9999;9999;9999;9999;9999;9999;9999;9999;9999;9999;9999;9999
17/02/2025 07:52:02.732;100;-1759.527;2838.715;97.200;125.000;247739.75;247739.75;192000;0;50.2986;20.0135;101.9457;36.9097;20.2529;237.0269;20.0129;22.9568;1525.3362;71;0.2299;73;1.9998;95;0.000137790;0;9999;9999;9999;9999;9999;9999;9999;9999;9999;9999;9999;9999;9999;9999;9999;9999;9999;9999;9999;9999
17/02/2025 07:52:32.758;100;-1759.524;2838.713;100.800;126.000;247739.79;-1;192000;0;50.1563;19.9066;107.4971;36.8839;20.2181;235.2585;19.9045;23.0579;1525.1052;65;0.1573;72;1.9089;91;0.000125542;0;9999;9999;9999;9999;9999;9999;9999;9999;9999;9999;9999;9999;9999;9999;9999;9999;9999;9999;9999;9999
17/02/2025 07:53:02.753;100;-1759.519;2838.709;107.900;140.000;247739.83;-1;192000;0;49.7757;19.6119;112.9321;36.8255;20.1601;231.7888;19.6116;23.2808;1524.3134;56;0.0484;72;1.9089;89;0.000119418;0;9999;9999;9999;9999;9999;9999;9999;9999;9999;9999;9999;9999;9999;9999;9999;9999;9999;9999;9999;9999
17/02/2025 07:53:32.744;100;-1759.517;2838.707;111.500;140.000;247739.86;-1;192000;0;49.5316;19.4517;118.6458;36.7612;20.0806;230.6599;19.4239;23.3852;1523.8894;56;0.0484;73;1.9998;88;0.000116356;0;9999;9999;9999;9999;9999;9999;9999;9999;9999;9999;9999;9999;9999;9999;9999;9999;9999;9999;9999;9999
17/02/2025 07:54:02.759;100;-1759.512;2838.703;118.800;142.000;247739.91;-1;192000;0;49.2185;19.1798;124.2517;36.7371;19.9700;228.3343;19.1778;23.5518;1523.1926;57;0.0605;73;1.9998;90;0.000122480;0;9999;9999;9999;9999;9999;9999;9999;9999;9999;9999;9999;9999;9999;9999;9999;9999;9999;9999;9999;9999
17/02/2025 07:54:32.758;100;-1759.510;2838.700;122.300;141.000;247739.94;-1;192000;0;49.1444;19.1209;129.7296;36.7249;19.8690;226.8119;19.1170;23.6324;1523.1041;56;0.0484;73;1.9998;88;0.000116356;0;9999;9999;9999;9999;9999;9999;9999;9999;9999;9999;9999;9999;9999;9999;9999;9999;9999;9999;9999;9999
17/02/2025 07:55:02.751;100;-1759.505;2838.696;129.200;138.000;247739.97;247739.97;192000;0;48.8773;18.9212;135.1447;36.6749;19.7678;225.1367;18.9128;23.7648;1522.5728;54;0.0242;74;2.0907;90;0.000122480;0;9999;9999;9999;9999;9999;9999;9999;9999;9999;9999;9999;9999;9999;9999;9999;9999;9999;9999;9999;9999
17/02/2025 07:55:32.753;100;-1759.503;2838.694;132.700;136.000;247740.0;247740.0;192000;0;48.5217;18.6436;140.6862;36.6183;19.6451;224.3993;18.6359;23.8826;1521.8106;52;0.0000;73;1.9998;85;0.000107170;0;9999;9999;9999;9999;9999;9999;9999;9999;9999;9999;9999;9999;9999;9999;9999;9999;9999;9999;9999;9999
17/02/2025 07:56:02.749;100;-1759.498;2838.690;139.900;134.000;247740.04;247740.04;192000;0;48.0405;18.3164;146.2523;36.4976;19.5007;220.5941;18.2491;24.1649;1520.8268;55;0.0363;76;2.2725;87;0.000113294;0;9999;9999;9999;9999;9999;9999;9999;9999;9999;9999;9999;9999;9999;9999;9999;9999;9999;9999;9999;9999
17/02/2025 07:56:32.757;100;-1759.495;2838.688;143.300;135.000;247740.08;247740.08;192000;0;47.8400;18.0965;151.7032;36.5201;19.3324;219.1861;18.0853;24.2732;1520.3069;53;0.0121;76;2.2725;86;0.000110232;0;9999;9999;9999;9999;9999;9999;9999;9999;9999;9999;9999;9999;9999;9999;9999;9999;9999;9999;9999;9999
17/02/2025 07:57:02.747;100;-1759.490;2838.684;150.400;137.000;247740.11;247740.11;192000;0;47.6770;17.9583;157.2926;36.5015;19.1775;217.4802;17.9590;24.3860;1519.9770;53;0.0121;76;2.2725;86;0.000110232;0;9999;9999;9999;9999;9999;9999;9999;9999;9999;9999;9999;9999;9999;9999;9999;9999;9999;9999;9999;9999
17/02/2025 07:57:32.748;100;-1759.488;2838.682;153.700;145.000;247740.16;247740.16;192000;0;47.5371;17.8440;162.5677;36.4812;19.0282;217.8052;17.8435;24.4109;1519.7082;53;0.0121;76;2.2725;87;0.000113294;0;9999;9999;9999;9999;9999;9999;9999;9999;9999;9999;9999;9999;9999;9999;9999;9999;9999;9999;9999;9999
17/02/2025 07:58:02.731;100;-1759.486;2838.676;160.400;165.000;247740.19;247740.19;192000;0;47.2867;17.6333;167.8265;36.4517;18.9003;215.6535;17.6278;24.5723;1519.1447;51;-0.0121;76;2.2725;88;0.000116356;0;9999;9999;9999;9999;9999;9999;9999;9999;9999;9999;9999;9999;9999;9999;9999;9999;9999;9999;9999;9999
17/02/2025 07:58:32.757;100;-1759.486;2838.673;163.700;179.000;247740.24;247740.24;192000;0;47.2076;17.5628;173.0325;36.4445;18.7504;214.2930;17.5602;24.6535;1519.0157;51;-0.0121;77;2.3634;83;0.000101046;0;9999;9999;9999;9999;9999;9999;9999;9999;9999;9999;9999;9999;9999;9999;9999;9999;9999;9999;9999;9999
17/02/2025 07:59:02.748;100;-1759.488;2838.668;170.300;206.000;247740.28;247740.28;192000;0;47.1458;17.5198;178.2274;36.4274;18.6279;213.6977;17.5122;24.6966;1518.9558;52;0.0000;77;2.3634;89;0.000119418;0;9999;9999;9999;9999;9999;9999;9999;9999;9999;9999;9999;9999;9999;9999;9999;9999;9999;9999;9999;9999
17/02/2025 07:59:32.749;100;-1759.490;2838.665;173.600;217.000;247740.31;247740.31;192000;0;47.0587;17.4328;183.5304;36.4280;18.5031;213.6798;17.4336;24.7235;1518.7879;52;0.0000;76;2.2725;83;0.000101046;0;9999;9999;9999;9999;9999;9999;9999;9999;9999;9999;9999;9999;9999;9999;9999;9999;9999;9999;9999;9999
17/02/2025 08:00:02.759;100;-1759.495;2838.661;180.800;236.000;247740.35;247740.35;192000;0;46.7379;17.1762;189.2909;36.3772;18.3762;215.0530;17.1716;24.7518;1518.0649;51;-0.0121;77;2.3634;84;0.000104108;0;9999;9999;9999;9999;9999;9999;9999;9999;9999;9999;9999;9999;9999;9999;9999;9999;9999;9999;9999;9999
17/02/2025 08:00:32.755;100;-1759.499;2838.660;184.700;244.000;247740.38;247740.38;192000;0;46.6359;17.0862;195.1855;36.3668;18.2430;214.2145;17.0824;24.8183;1517.8829;50;-0.0242;78;2.4543;83;0.000101046;0;9999;9999;9999;9999;9999;9999;9999;9999;9999;9999;9999;9999;9999;9999;9999;9999;9999;9999;9999;9999
17/02/2025 08:01:02.754;100;-1759.506;2838.659;192.100;264.000;247740.43;247740.43;192000;0;46.4910;16.9726;201.1197;36.3401;18.1216;214.7125;16.9637;24.8379;1517.6116;51;-0.0121;76;2.2725;81;0.000094922;0;9999;9999;9999;9999;9999;9999;9999;9999;9999;9999;9999;9999;9999;9999;9999;9999;9999;9999;9999;9999
17/02/2025 08:01:32.746;100;-1759.510;2838.659;196.000;272.000;247740.46;247740.46;192000;0;46.2605;16.7791;207.1179;36.3100;18.0019;215.0188;16.7730;24.8889;1517.0963;50;-0.0242;78;2.4543;82;0.000097984;0;9999;9999;9999;9999;9999;9999;9999;9999;9999;9999;9999;9999;9999;9999;9999;9999;9999;9999;9999;9999
17/02/2025 08:02:02.748;118;-1759.516;2838.660;201.000;315.000;247740.5;247740.51;192000;0;46.2147;16.7220;208.1434;36.3209;17.8761;215.0827;16.7298;24.8994;1516.9541;52;0.0000;76;2.2725;84;0.000104108;0;9999;9999;9999;9999;9999;9999;9999;9999;9999;9999;9999;9999;9999;9999;9999;9999;9999;9999;9999;9999
17/02/2025 08:02:32.759;117;-1759.519;2838.661;198.500;288.000;247740.54;247740.54;192000;0;46.3406;16.8378;204.9823;36.3283;17.7720;214.0679;16.8374;24.9075;1517.2583;49;-0.0363;78;2.4543;87;0.000113294;0;9999;9999;9999;9999;9999;9999;9999;9999;9999;9999;9999;9999;9999;9999;9999;9999;9999;9999;9999;9999
17/02/2025 08:03:02.730;117;-1759.521;2838.661;196.100;283.000;247740.58;247740.58;192000;0;46.4288;16.9066;201.6923;36.3449;17.6998;213.7379;16.9072;24.8976;1517.4290;51;-0.0121;76;2.2725;84;0.000104108;0;9999;9999;9999;9999;9999;9999;9999;9999;9999;9999;9999;9999;9999;9999;9999;9999;9999;9999;9999;9999
17/02/2025 08:03:32.745;117;-1759.525;2838.662;191.600;291.000;247740.62;247740.62;192000;0;46.5094;16.9746;198.1917;36.3556;17.6517;213.7599;16.9757;24.8733;1517.5867;51;-0.0121;78;2.4543;83;0.000101046;0;9999;9999;9999;9999;9999;9999;9999;9999;9999;9999;9999;9999;9999;9999;9999;9999;9999;9999;9999;9999
17/02/2025 08:04:02.734;117;-1759.528;2838.663;189.400;299.000;247740.65;247740.65;192000;0;46.5727;17.0298;194.6859;36.3627;17.6135;213.8272;17.0285;24.8522;1517.7016;50;-0.0242;77;2.3634;81;0.000094922;0;9999;9999;9999;9999;9999;9999;9999;9999;9999;9999;9999;9999;9999;9999;9999;9999;9999;9999;9999;9999
17/02/2025 08:04:32.758;117;-1759.532;2838.666;184.700;305.000;247740.69;247740.69;192000;0;46.6450;17.0968;191.2079;36.3668;17.5814;214.0543;17.0910;24.8213;1517.8484;53;0.0121;79;2.5452;85;0.000107170;0;9999;9999;9999;9999;9999;9999;9999;9999;9999;9999;9999;9999;9999;9999;9999;9999;9999;9999;9999;9999
17/02/2025 08:05:02.758;117;-1759.534;2838.667;182.600;307.000;247740.73;247740.73;192000;0;46.7045;17.1422;187.7230;36.3793;17.5593;214.6029;17.1402;24.7804;1517.9401;51;-0.0121;77;2.3634;83;0.000101046;0;9999;9999;9999;9999;9999;9999;9999;9999;9999;9999;9999;9999;9999;9999;9999;9999;9999;9999;9999;9999
17/02/2025 08:05:32.755;117;-1759.537;2838.669;178.100;315.000;247740.76;247740.76;192000;0;46.7653;17.1926;184.3239;36.3883;17.5473;214.3829;17.1899;24.7726;1518.0439;51;-0.0121;77;2.3634;94;0.000134728;0;9999;9999;9999;9999;9999;9999;9999;9999;9999;9999;9999;9999;9999;9999;9999;9999;9999;9999;9999;9999
17/02/2025 08:06:02.752;117;-1759.539;2838.671;175.800;317.000;247740.8;-1;192000;0;46.8588;17.2716;180.9739;36.4001;17.5432;213.6174;17.2719;24.7780;1518.2364;51;-0.0121;77;2.3634;87;0.000113294;0;9999;9999;9999;9999;9999;9999;9999;9999;9999;9999;9999;9999;9999;9999;9999;9999;9999;9999;9999;9999
17/02/2025 08:06:32.754;117;-1759.542;2838.673;171.500;320.000;247740.83;-1;192000;0;47.0589;17.4371;177.6778;36.4266;17.5473;213.3296;17.4319;24.7376;1518.7018;51;-0.0121;77;2.3634;85;0.000107170;0;9999;9999;9999;9999;9999;9999;9999;9999;9999;9999;9999;9999;9999;9999;9999;9999;9999;9999;9999;9999
17/02/2025 08:07:02.754;117;-1759.543;2838.675;169.500;321.000;247740.87;-1;192000;0;47.1253;17.4885;174.5725;36.4393;17.5694;212.3060;17.4923;24.7611;1518.8164;50;-0.0242;77;2.3634;88;0.000116356;0;9999;9999;9999;9999;9999;9999;9999;9999;9999;9999;9999;9999;9999;9999;9999;9999;9999;9999;9999;9999
17/02/2025 08:07:32.746;117;-1759.546;2838.677;165.400;328.000;247740.91;247740.91;192000;0;47.1651;17.5232;171.4636;36.4438;17.5955;213.3039;17.5209;24.7079;1518.8722;53;0.0121;77;2.3634;84;0.000104108;0;9999;9999;9999;9999;9999;9999;9999;9999;9999;9999;9999;9999;9999;9999;9999;9999;9999;9999;9999;9999
17/02/2025 08:08:02.758;117;-1759.547;2838.679;163.500;337.000;247740.94;247740.94;192000;0;47.2013;17.5568;168.2123;36.4463;17.6095;213.2620;17.5557;24.6977;1518.9200;54;0.0242;77;2.3634;82;0.000097984;0;9999;9999;9999;9999;9999;9999;9999;9999;9999;9999;9999;9999;9999;9999;9999;9999;9999;9999;9999;9999
17/02/2025 08:08:32.760;117;-1759.549;2838.683;159.000;350.000;247740.99;247740.99;192000;0;47.3390;17.6682;164.7181;36.4669;17.6316;213.5397;17.6682;24.6483;1519.2129;52;0.0000;76;2.2725;85;0.000107170;0;9999;9999;9999;9999;9999;9999;9999;9999;9999;9999;9999;9999;9999;9999;9999;9999;9999;9999;9999;9999
17/02/2025 08:09:02.757;117;-1759.549;2838.685;156.900;1.000;247741.01;247741.01;192000;0;47.5254;17.8350;161.2775;36.4797;17.6757;216.7222;17.8320;24.4598;1519.6588;52;0.0000;75;2.1816;90;0.000122480;0;9999;9999;9999;9999;9999;9999;9999;9999;9999;9999;9999;9999;9999;9999;9999;9999;9999;9999;9999;9999
17/02/2025 08:09:32.759;117;-1759.549;2838.689;152.500;6.000;247741.06;247741.06;192000;0;47.6201;17.9144;157.9610;36.4916;17.7239;217.3324;17.9129;24.4073;1519.8489;54;0.0242;76;2.2725;95;0.000137790;0;9999;9999;9999;9999;9999;9999;9999;9999;9999;9999;9999;9999;9999;9999;9999;9999;9999;9999;9999;9999
17/02/2025 08:10:02.759;117;-1759.549;2838.691;150.400;9.000;247741.09;247741.09;192000;0;47.7112;17.9870;154.7607;36.5061;17.7740;217.0870;17.9861;24.3933;1520.0237;53;0.0121;76;2.2725;85;0.000107170;0;9999;9999;9999;9999;9999;9999;9999;9999;9999;9999;9999;9999;9999;9999;9999;9999;9999;9999;9999;9999
17/02/2025 08:10:32.760;117;-1759.548;2838.694;146.300;17.000;247741.14;247741.14;192000;0;47.7904;18.0535;151.5559;36.5159;17.8200;218.4389;18.0525;24.3145;1520.1749;55;0.0363;74;2.0907;89;0.000119418;0;9999;9999;9999;9999;9999;9999;9999;9999;9999;9999;9999;9999;9999;9999;9999;9999;9999;9999;9999;9999
17/02/2025 08:11:02.757;117;-1759.548;2838.696;144.200;24.000;247741.17;247741.17;192000;0;47.8690;18.1167;148.1649;36.5282;17.8780;218.3095;18.1154;24.2989;1520.3159;54;0.0242;75;2.1816;90;0.000122480;0;9999;9999;9999;9999;9999;9999;9999;9999;9999;9999;9999;9999;9999;9999;9999;9999;9999;9999;9999;9999
17/02/2025 08:11:32.750;117;-1759.546;2838.700;139.800;29.000;247741.21;247741.21;192000;0;47.8818;18.1276;144.7025;36.5308;17.9180;218.5171;18.1315;24.2840;1520.2929;53;0.0121;75;2.1816;87;0.000113294;0;9999;9999;9999;9999;9999;9999;9999;9999;9999;9999;9999;9999;9999;9999;9999;9999;9999;9999;9999;9999
17/02/2025 08:12:02.759;117;-1759.545;2838.701;137.600;38.000;247741.25;247741.25;192000;0;48.0856;18.2918;141.3721;36.5599;17.9620;220.5273;18.2883;24.1499;1520.7454;53;0.0121;74;2.0907;97;0.000143914;0;9999;9999;9999;9999;9999;9999;9999;9999;9999;9999;9999;9999;9999;9999;9999;9999;9999;9999;9999;9999
17/02/2025 08:12:32.757;117;-1759.543;2838.704;133.400;41.000;247741.28;247741.28;192000;0;48.3069;18.4623;138.1476;36.5980;18.0259;221.5467;18.4736;24.0481;1521.2259;55;0.0363;74;2.0907;89;0.000119418;0;9999;9999;9999;9999;9999;9999;9999;9999;9999;9999;9999;9999;9999;9999;9999;9999;9999;9999;9999;9999
17/02/2025 08:13:02.757;117;-1759.542;2838.706;131.300;41.000;247741.32;247741.32;192000;0;48.5046;18.6167;134.8855;36.6299;18.1077;222.2819;18.6173;23.9718;1521.6503;54;0.0242;74;2.0907;92;0.000128604;0;9999;9999;9999;9999;9999;9999;9999;9999;9999;9999;9999;9999;9999;9999;9999;9999;9999;9999;9999;9999
17/02/2025 08:13:32.754;117;-1759.539;2838.709;127.200;50.000;247741.35;247741.35;192000;0;48.5802;18.6808;131.6849;36.6383;18.1814;221.8172;18.6867;23.9683;1521.7897;55;0.0363;76;2.2725;84;0.000104108;0;9999;9999;9999;9999;9999;9999;9999;9999;9999;9999;9999;9999;9999;9999;9999;9999;9999;9999;9999;9999
17/02/2025 08:14:02.758;117;-1759.537;2838.710;125.200;55.000;247741.39;247741.39;192000;0;48.9235;18.9474;128.5170;36.6931;18.2709;224.0033;18.9489;23.7966;1522.5574;57;0.0605;75;2.1816;88;0.000116356;0;9999;9999;9999;9999;9999;9999;9999;9999;9999;9999;9999;9999;9999;9999;9999;9999;9999;9999;9999;9999
17/02/2025 08:14:32.758;117;-1759.534;2838.712;121.200;63.000;247741.44;247741.44;192000;0;49.0958;19.0807;125.3571;36.7213;18.3782;226.1960;19.0829;23.6660;1522.9137;55;0.0363;75;2.1816;86;0.000110232;0;9999;9999;9999;9999;9999;9999;9999;9999;9999;9999;9999;9999;9999;9999;9999;9999;9999;9999;9999;9999
17/02/2025 08:15:02.750;117;-1759.532;2838.713;119.100;66.000;247741.47;247741.47;192000;0;49.1636;19.1330;122.0507;36.7332;18.4754;226.0480;19.1442;23.6519;1523.0197;55;0.0363;74;2.0907;92;0.000128604;0;9999;9999;9999;9999;9999;9999;9999;9999;9999;9999;9999;9999;9999;9999;9999;9999;9999;9999;9999;9999
17/02/2025 08:15:32.749;117;-1759.529;2838.715;114.600;66.000;247741.51;247741.51;192000;0;49.4766;19.3606;118.3420;36.7957;18.5744;226.3485;19.3689;23.5688;1523.6682;60;0.0968;74;2.0907;93;0.000131666;0;9999;9999;9999;9999;9999;9999;9999;9999;9999;9999;9999;9999;9999;9999;9999;9999;9999;9999;9999;9999
17/02/2025 08:16:02.745;117;-1759.527;2838.715;112.400;75.000;247741.54;247741.54;192000;0;49.7312;19.5695;114.8256;36.8251;18.6990;229.1472;19.5725;23.3957;1524.2264;60;0.0968;73;1.9998;93;0.000131666;0;9999;9999;9999;9999;9999;9999;9999;9999;9999;9999;9999;9999;9999;9999;9999;9999;9999;9999;9999;9999
17/02/2025 08:16:32.760;117;-1759.522;2838.716;107.900;89.000;247741.58;247741.58;192000;0;49.8604;19.6725;111.2288;36.8431;18.8155;230.5889;19.6778;23.3065;1524.4733;59;0.0847;73;1.9998;88;0.000116356;0;9999;9999;9999;9999;9999;9999;9999;9999;9999;9999;9999;9999;9999;9999;9999;9999;9999;9999;9999;9999
17/02/2025 08:17:02.755;117;-1759.520;2838.716;105.700;91.000;247741.61;-1;192000;0;50.2204;19.9462;107.7285;36.9021;18.9397;234.8206;19.9494;23.0606;1525.2387;66;0.1694;71;1.8180;95;0.000137790;0;9999;9999;9999;9999;9999;9999;9999;9999;9999;9999;9999;9999;9999;9999;9999;9999;9999;9999;9999;9999
17/02/2025 08:17:32.756;117;-1759.516;2838.716;101.000;98.000;247741.64;247741.64;192000;0;50.3037;20.0151;103.8562;36.9118;19.0754;236.2693;20.0164;22.9847;1525.3748;69;0.2057;72;1.9089;96;0.000140852;0;9999;9999;9999;9999;9999;9999;9999;9999;9999;9999;9999;9999;9999;9999;9999;9999;9999;9999;9999;9999
17/02/2025 08:18:02.758;117;-1759.514;2838.716;98.400;104.000;247741.68;247741.68;192000;0;50.4000;20.0834;99.8767;36.9328;19.1893;235.9749;20.0860;22.9735;1525.5198;64;0.1452;72;1.9089;97;0.000143914;0;9999;9999;9999;9999;9999;9999;9999;9999;9999;9999;9999;9999;9999;9999;9999;9999;9999;9999;9999;9999
17/02/2025 08:18:32.759;117;-1759.509;2838.715;93.500;115.000;247741.72;247741.72;192000;0;50.4308;20.1123;95.9304;36.9343;19.2952;236.6161;20.1147;22.9399;1525.5350;66;0.1694;71;1.8180;95;0.000137790;0;9999;9999;9999;9999;9999;9999;9999;9999;9999;9999;9999;9999;9999;9999;9999;9999;9999;9999;9999;9999
17/02/2025 08:19:02.759;117;-1759.507;2838.714;91.000;120.000;247741.76;247741.76;192000;0;50.4802;20.1512;92.0370;36.9422;19.3853;235.5450;20.1536;22.9676;1525.5857;69;0.2057;71;1.8180;101;0.000156162;0;9999;9999;9999;9999;9999;9999;9999;9999;9999;9999;9999;9999;9999;9999;9999;9999;9999;9999;9999;9999
17/02/2025 08:19:32.729;117;-1759.503;2838.711;86.000;130.000;247741.8;247741.8;192000;0;50.4992;20.1662;88.0127;36.9463;19.4694;237.6546;20.1685;22.8825;1525.5643;70;0.2178;71;1.8180;104;0.000165348;0;9999;9999;9999;9999;9999;9999;9999;9999;9999;9999;9999;9999;9999;9999;9999;9999;9999;9999;9999;9999
17/02/2025 08:20:02.759;117;-1759.502;2838.710;83.500;136.000;247741.83;247741.83;192000;0;50.5010;20.1716;84.0018;36.9445;19.5417;236.8750;20.1747;22.9089;1525.5102;71;0.2299;71;1.8180;110;0.000183720;0;9999;9999;9999;9999;9999;9999;9999;9999;9999;9999;9999;9999;9999;9999;9999;9999;9999;9999;9999;9999
17/02/2025 08:20:32.759;117;-1759.498;2838.707;78.400;142.000;247741.88;247741.88;192000;0;50.4992;20.1713;80.1072;36.9447;19.6061;236.9232;20.1749;22.9060;1525.4447;76;0.2904;72;1.9089;105;0.000168410;0;9999;9999;9999;9999;9999;9999;9999;9999;9999;9999;9999;9999;9999;9999;9999;9999;9999;9999;9999;9999
17/02/2025 08:21:02.758;117;-1759.497;2838.705;75.900;146.000;247741.91;247741.92;192000;0;50.5473;20.2135;76.3317;36.9486;19.6646;237.4900;20.2159;22.8716;1525.5017;73;0.2541;70;1.7271;107;0.000174534;0;9999;9999;9999;9999;9999;9999;9999;9999;9999;9999;9999;9999;9999;9999;9999;9999;9999;9999;9999;9999
17/02/2025 08:21:32.748;117;-1759.495;2838.702;71.200;154.000;247741.95;247741.95;192000;0;50.5561;20.2245;72.6461;36.9476;19.7211;237.9435;20.2271;22.8505;1525.4692;69;0.2057;71;1.8180;105;0.000168410;0;9999;9999;9999;9999;9999;9999;9999;9999;9999;9999;9999;9999;9999;9999;9999;9999;9999;9999;9999;9999
17/02/2025 08:22:02.759;117;-1759.494;2838.700;68.900;157.000;247741.99;247741.99;192000;0;50.5954;20.2549;68.9637;36.9547;19.7698;240.1000;20.2576;22.7601;1525.4989;69;0.2057;70;1.7271;103;0.000162286;0;9999;9999;9999;9999;9999;9999;9999;9999;9999;9999;9999;9999;9999;9999;9999;9999;9999;9999;9999;9999
17/02/2025 08:22:32.760;117;-1759.492;2838.696;64.000;163.000;247742.03;-1;192000;0;50.6048;20.2614;65.1422;36.9582;19.8165;239.3080;20.2647;22.7861;1525.4569;69;0.2057;71;1.8180;104;0.000165348;0;9999;9999;9999;9999;9999;9999;9999;9999;9999;9999;9999;9999;9999;9999;9999;9999;9999;9999;9999;9999
17/02/2025 08:23:02.748;117;-1759.492;2838.694;61.600;167.000;247742.06;-1;192000;0;50.6996;20.3283;61.4294;36.9788;19.8593;238.3446;20.3393;22.7985;1525.6006;64;0.1452;69;1.6362;105;0.000168410;0;9999;9999;9999;9999;9999;9999;9999;9999;9999;9999;9999;9999;9999;9999;9999;9999;9999;9999;9999;9999
17/02/2025 08:23:32.749;117;-1759.491;2838.690;56.800;171.000;247742.1;-1;192000;0;50.8193;20.4251;57.5689;36.9936;19.9176;239.5973;20.4273;22.7251;1525.8164;61;0.1089;70;1.7271;102;0.000159224;0;9999;9999;9999;9999;9999;9999;9999;9999;9999;9999;9999;9999;9999;9999;9999;9999;9999;9999;9999;9999
17/02/2025 08:24:02.743;117;-1759.490;2838.688;54.300;171.000;247742.13;247742.13;192000;0;50.8618;20.4575;53.5229;37.0015;19.9700;237.5269;20.4593;22.7915;1525.8459;60;0.0968;70;1.7271;100;0.000153100;0;9999;9999;9999;9999;9999;9999;9999;9999;9999;9999;9999;9999;9999;9999;9999;9999;9999;9999;9999;9999
17/02/2025 08:24:32.728;117;-1759.489;2838.684;48.800;175.000;247742.18;247742.18;192000;0;50.9453;20.5168;49.1875;37.0196;20.0205;238.4439;20.5106;22.7406;1525.9548;56;0.0484;71;1.8180;102;0.000159224;0;9999;9999;9999;9999;9999;9999;9999;9999;9999;9999;9999;9999;9999;9999;9999;9999;9999;9999;9999;9999
17/02/2025 08:25:02.747;117;-1759.489;2838.681;46.000;179.000;247742.21;247742.21;192000;0;50.9398;20.5115;44.8289;37.0214;20.0748;237.1560;20.5159;22.7858;1525.8697;56;0.0484;70;1.7271;104;0.000165348;0;9999;9999;9999;9999;9999;9999;9999;9999;9999;9999;9999;9999;9999;9999;9999;9999;9999;9999;9999;9999
17/02/2025 08:25:32.758;117;-1759.490;2838.677;40.700;185.000;247742.24;247742.24;192000;0;50.9377;20.5145;40.7489;37.0185;20.1155;238.0983;20.5169;22.7492;1525.8066;57;0.0605;68;1.5453;99;0.000150038;0;9999;9999;9999;9999;9999;9999;9999;9999;9999;9999;9999;9999;9999;9999;9999;9999;9999;9999;9999;9999
17/02/2025 08:26:02.760;117;-1759.490;2838.675;38.000;191.000;247742.29;247742.29;192000;0;50.9429;20.5199;36.6267;37.0196;20.1484;237.5446;20.5226;22.7671;1525.7537;58;0.0726;69;1.6362;100;0.000153100;0;9999;9999;9999;9999;9999;9999;9999;9999;9999;9999;9999;9999;9999;9999;9999;9999;9999;9999;9999;9999
17/02/2025 08:26:32.754;117;-1759.492;2838.670;32.400;201.000;247742.32;247742.32;192000;0;50.9357;20.5163;32.1276;37.0185;20.1813;238.1315;20.5190;22.7450;1525.6677;55;0.0363;69;1.6362;111;0.000186782;0;9999;9999;9999;9999;9999;9999;9999;9999;9999;9999;9999;9999;9999;9999;9999;9999;9999;9999;9999;9999
17/02/2025 08:27:02.759;117;-1759.493;2838.668;29.500;204.000;247742.35;247742.35;192000;0;50.9290;20.5117;27.5247;37.0187;20.2104;239.0391;20.5148;22.7111;1525.5787;56;0.0484;70;1.7271;103;0.000162286;0;9999;9999;9999;9999;9999;9999;9999;9999;9999;9999;9999;9999;9999;9999;9999;9999;9999;9999;9999;9999
17/02/2025 08:27:32.738;117;-1759.496;2838.663;23.600;213.000;247742.39;247742.39;192000;0;50.9342;20.5191;23.0390;37.0182;20.2317;238.2828;20.5216;22.7361;1525.5234;54;0.0242;71;1.8180;100;0.000153100;0;9999;9999;9999;9999;9999;9999;9999;9999;9999;9999;9999;9999;9999;9999;9999;9999;9999;9999;9999;9999
17/02/2025 08:28:02.739;117;-1759.498;2838.661;20.600;218.000;247742.42;247742.42;192000;0;50.9250;20.5122;18.2878;37.0185;20.2587;238.2962;20.5149;22.7361;1525.4257;56;0.0484;70;1.7271;105;0.000168410;0;9999;9999;9999;9999;9999;9999;9999;9999;9999;9999;9999;9999;9999;9999;9999;9999;9999;9999;9999;9999
17/02/2025 08:28:32.759;117;-1759.502;2838.658;14.600;228.000;247742.47;247742.47;192000;0;50.9203;20.5108;13.7334;37.0175;20.2742;238.5019;20.5135;22.7276;1525.3449;57;0.0605;69;1.6362;101;0.000156162;0;9999;9999;9999;9999;9999;9999;9999;9999;9999;9999;9999;9999;9999;9999;9999;9999;9999;9999;9999;9999
17/02/2025 08:29:02.757;117;-1759.504;2838.656;11.600;233.000;247742.51;-1;192000;0;50.9210;20.5127;9.0041;37.0182;20.2955;236.9041;20.5156;22.7853;1525.2719;57;0.0605;70;1.7271;100;0.000153100;0;9999;9999;9999;9999;9999;9999;9999;9999;9999;9999;9999;9999;9999;9999;9999;9999;9999;9999;9999;9999
17/02/2025 08:29:32.755;117;-1759.510;2838.654;5.700;248.000;247742.55;-1;192000;0;50.9114;20.5064;4.6327;37.0175;20.3071;236.1463;20.5091;22.8144;1525.1811;58;0.0726;71;1.8180;99;0.000150038;0;9999;9999;9999;9999;9999;9999;9999;9999;9999;9999;9999;9999;9999;9999;9999;9999;9999;9999;9999;9999
17/02/2025 08:30:02.760;115;-1759.514;2838.652;2.800;220.000;247742.59;-1;192000;0;50.9107;20.5048;4.2704;37.0185;20.3245;236.7168;20.5064;22.7936;1525.1719;57;0.0605;69;1.6362;98;0.000146976;0;9999;9999;9999;9999;9999;9999;9999;9999;9999;9999;9999;9999;9999;9999;9999;9999;9999;9999;9999;9999
17/02/2025 08:30:32.759;115;-1759.516;2838.651;0.100;228.000;247742.63;-1;192000;0;50.9053;20.5015;1.5997;37.0179;20.3341;237.6344;20.5072;22.7582;1525.1177;55;0.0363;69;1.6362;99;0.000150038;0;9999;9999;9999;9999;9999;9999;9999;9999;9999;9999;9999;9999;9999;9999;9999;9999;9999;9999;9999;9999
17/02/2025 08:31:02.038;119;-1759.600;2838.681;0.400;151.000;247742.66;247742.66;192000;0;50.9025;20.5005;1.5870;37.0165;20.3477;236.4599;20.5078;22.8021;1525.1132;57;0.0605;68;1.5453;104;0.000165348;0;9999;9999;9999;9999;9999;9999;9999;9999;9999;9999;9999;9999;9999;9999;9999;9999;9999;9999;9999;9999
