PLD_REALTIMECLOCK;NAV_RESOURCE;NAV_LONGITUDE;NAV_LATITUDE;NAV_DEPTH;NAV_HEADING;SD_CARD_USAGE;SSD_USAGE;ACQUISITION_FREQ;RECORDING;LEGATO_CONDUCTIVITY;LEGATO_TEMPERATURE;LEGATO_PRESSURE;LEGATO_SALINITY;LEGATO_CONDTEMP;LEGATO_CODA_DO;LEGATO_CODA_TEMPERATURE;LEGATO_CODA_CORR_PHASE;LEGATO_SOUND_VELOCITY;FLBBCD_CHL_COUNT;FLBBCD_CHL_SCALED;FLBBCD_CDOM_COUNT;FLBBCD_CDOM_SCALED;FLBBCD_BB_700_COUNT;FLBBCD_BB_700_SCALED;User_Field1;User_Field2;User_Field3;User_Field4;User_Field5;User_Field6;User_Field7;User_Field8;User_Field9;User_Field10;BS_HEADING;BS_ZB;BS_ZT;BS_PU;BS_PD;BS_BU;BS_BD;BS_SR;BS_ALTIMETER.ENABLE;BS_ALTIMETER.VALUE;BS_CURRENT.CORRECTION.ENABLE
13/02/2025 02:12:29.739;119;-1758.063;2834.499;0.100;253.000;129092.98;129092.98;192000;0;51.0896;20.6655;1.5349;37.0252;20.1562;230.1126;20.6731;22.9968;1525.5687;55;0.0363;70;1.7271;96;0.000140852;0;9999;9999;9999;9999;9999;9999;9999;9999;9999;9999;9999;9999;9999;9999;9999;9999;9999;9999;9999;9999
13/02/2025 02:12:59.118;116;-1758.065;2834.498;0.100;271.000;129092.98;-1;192000;0;51.0926;20.6685;1.5055;37.0250;20.1852;231.3385;20.6747;22.9490;1525.5761;55;0.0363;69;1.6362;94;0.000134728;0;9999;9999;9999;9999;9999;9999;9999;9999;9999;9999;9999;9999;9999;9999;9999;9999;9999;9999;9999;9999
13/02/2025 02:13:29.107;116;-1758.065;2834.496;0.100;16.000;129093.01;-1;192000;0;51.0885;20.6655;1.4697;37.0243;20.2200;230.9107;20.6681;22.9675;1525.5666;55;0.0363;70;1.7271;102;0.000159224;0;9999;9999;9999;9999;9999;9999;9999;9999;9999;9999;9999;9999;9999;9999;9999;9999;9999;9999;9999;9999
13/02/2025 02:13:59.118;116;-1758.064;2834.493;0.200;3.000;129093.03;-1;192000;0;51.0971;20.6684;1.4653;37.0288;20.2491;231.1119;20.6761;22.9571;1525.5794;54;0.0242;68;1.5453;94;0.000134728;0;9999;9999;9999;9999;9999;9999;9999;9999;9999;9999;9999;9999;9999;9999;9999;9999;9999;9999;9999;9999
13/02/2025 02:14:29.114;116;-1758.061;2834.487;0.200;9.000;129093.05;-1;192000;0;51.0939;20.6679;1.5260;37.0265;20.2800;231.0044;20.6705;22.9630;1525.5765;56;0.0484;70;1.7271;96;0.000140852;0;9999;9999;9999;9999;9999;9999;9999;9999;9999;9999;9999;9999;9999;9999;9999;9999;9999;9999;9999;9999
13/02/2025 02:14:59.106;116;-1758.061;2834.487;0.200;9.000;129093.07;-1;192000;0;51.0954;20.6691;1.5042;37.0267;20.3032;231.4675;20.6630;22.9475;1525.5796;55;0.0363;69;1.6362;97;0.000143914;0;9999;9999;9999;9999;9999;9999;9999;9999;9999;9999;9999;9999;9999;9999;9999;9999;9999;9999;9999;9999
13/02/2025 02:15:29.106;116;-1758.057;2834.487;0.300;353.000;129093.1;-1;192000;0;51.0955;20.6651;1.4476;37.0303;20.3245;230.3483;20.6705;22.9881;1525.5719;56;0.0484;69;1.6362;97;0.000143914;0;9999;9999;9999;9999;9999;9999;9999;9999;9999;9999;9999;9999;9999;9999;9999;9999;9999;9999;9999;9999
13/02/2025 02:15:59.116;110;-1758.056;2834.485;-0.100;329.000;129093.12;-1;192000;1;51.0879;20.6591;1.4527;37.0293;20.3496;231.7023;20.6704;22.9359;1525.5546;56;0.0484;69;1.6362;95;0.000137790;0;9999;9999;9999;9999;9999;9999;9999;9999;9999;9999;9999;9999;9999;9999;9999;9999;9999;9999;9999;9999
13/02/2025 02:16:29.113;110;-1758.055;2834.484;0.800;321.000;129162.28;-1;192000;1;51.1038;20.6732;2.5419;37.0296;20.3670;231.6805;20.6795;22.9346;1525.6112;56;0.0484;68;1.5453;96;0.000140852;0;9999;9999;9999;9999;9999;9999;9999;9999;9999;9999;9999;9999;9999;9999;9999;9999;9999;9999;9999;9999
13/02/2025 02:16:59.110;110;-1758.054;2834.483;2.600;341.000;129231.44;-1;192000;1;51.0474;20.6218;7.5770;37.0267;20.3940;230.6569;20.6251;22.9911;1525.5531;56;0.0484;70;1.7271;125;0.000229650;0;9999;9999;9999;9999;9999;9999;9999;9999;9999;9999;9999;9999;9999;9999;9999;9999;9999;9999;9999;9999
13/02/2025 02:17:29.104;100;-1758.053;2834.489;11.600;357.000;129300.59;-1;192000;1;50.8958;20.4899;14.0100;37.0157;20.3882;231.3918;20.4935;23.0027;1525.2908;55;0.0363;69;1.6362;100;0.000153100;0;9999;9999;9999;9999;9999;9999;9999;9999;9999;9999;9999;9999;9999;9999;9999;9999;9999;9999;9999;9999
13/02/2025 02:17:59.111;100;-1758.053;2834.491;16.300;355.000;129369.74;-1;192000;1;50.8080;20.4228;21.3441;36.9999;20.3786;232.2256;20.4257;22.9929;1525.2131;54;0.0242;69;1.6362;97;0.000143914;0;9999;9999;9999;9999;9999;9999;9999;9999;9999;9999;9999;9999;9999;9999;9999;9999;9999;9999;9999;9999
13/02/2025 02:18:29.110;100;-1758.054;2834.497;25.900;340.000;129438.89;-1;192000;1;50.7647;20.3888;28.6912;36.9914;20.3708;232.8491;20.3914;22.9814;1525.2337;54;0.0242;69;1.6362;98;0.000146976;0;9999;9999;9999;9999;9999;9999;9999;9999;9999;9999;9999;9999;9999;9999;9999;9999;9999;9999;9999;9999
13/02/2025 02:18:59.110;100;-1758.055;2834.499;30.500;338.000;129508.04;-1;192000;1;50.6893;20.3316;35.8430;36.9770;20.3515;233.7887;20.3344;22.9646;1525.1810;57;0.0605;69;1.6362;93;0.000131666;0;9999;9999;9999;9999;9999;9999;9999;9999;9999;9999;9999;9999;9999;9999;9999;9999;9999;9999;9999;9999
13/02/2025 02:19:29.103;100;-1758.058;2834.504;39.700;335.000;129577.19;129577.19;192000;1;50.6731;20.3151;42.8533;36.9755;20.3360;234.3840;20.3172;22.9489;1525.2512;57;0.0605;69;1.6362;110;0.000183720;0;9999;9999;9999;9999;9999;9999;9999;9999;9999;9999;9999;9999;9999;9999;9999;9999;9999;9999;9999;9999
13/02/2025 02:19:59.112;100;-1758.059;2834.506;44.300;332.000;129646.34;-1;192000;1;50.6175;20.2687;49.8882;36.9679;20.3206;235.9032;20.2709;22.9070;1525.2333;58;0.0726;70;1.7271;102;0.000159224;0;9999;9999;9999;9999;9999;9999;9999;9999;9999;9999;9999;9999;9999;9999;9999;9999;9999;9999;9999;9999
13/02/2025 02:20:29.107;100;-1758.063;2834.511;53.300;327.000;129715.5;-1;192000;1;50.4755;20.1601;56.7804;36.9438;20.2974;234.2942;20.1629;23.0023;1525.0242;75;0.2783;72;1.9089;100;0.000153100;0;9999;9999;9999;9999;9999;9999;9999;9999;9999;9999;9999;9999;9999;9999;9999;9999;9999;9999;9999;9999
13/02/2025 02:20:59.111;100;-1758.065;2834.513;57.700;324.000;129784.64;129784.64;192000;1;50.5007;20.1692;63.7494;36.9539;20.2723;233.3861;20.1706;23.0362;1525.1766;68;0.1936;70;1.7271;98;0.000146976;0;9999;9999;9999;9999;9999;9999;9999;9999;9999;9999;9999;9999;9999;9999;9999;9999;9999;9999;9999;9999
13/02/2025 02:21:29.108;100;-1758.069;2834.517;66.900;322.000;129853.79;-1;192000;1;50.5057;20.1638;70.7613;36.9601;20.2510;233.6486;20.1642;23.0296;1525.2856;69;0.2057;70;1.7271;96;0.000140852;0;9999;9999;9999;9999;9999;9999;9999;9999;9999;9999;9999;9999;9999;9999;9999;9999;9999;9999;9999;9999
13/02/2025 02:21:59.114;100;-1758.071;2834.518;71.500;320.000;129922.94;-1;192000;1;50.4851;20.1449;77.8067;36.9572;20.2355;234.4567;20.1465;23.0061;1525.3480;70;0.2178;71;1.8180;98;0.000146976;0;9999;9999;9999;9999;9999;9999;9999;9999;9999;9999;9999;9999;9999;9999;9999;9999;9999;9999;9999;9999
13/02/2025 02:22:29.116;100;-1758.076;2834.522;80.600;319.000;129992.09;129992.09;192000;1;50.3959;20.0770;84.8560;36.9406;20.2200;234.1276;20.0793;23.0409;1525.2606;73;0.2541;70;1.7271;94;0.000134728;0;9999;9999;9999;9999;9999;9999;9999;9999;9999;9999;9999;9999;9999;9999;9999;9999;9999;9999;9999;9999
13/02/2025 02:22:59.107;100;-1758.078;2834.524;85.200;321.000;130061.24;-1;192000;1;50.3850;20.0664;91.9211;36.9383;20.1987;234.4910;20.0678;23.0325;1525.3466;73;0.2541;71;1.8180;99;0.000150038;0;9999;9999;9999;9999;9999;9999;9999;9999;9999;9999;9999;9999;9999;9999;9999;9999;9999;9999;9999;9999
13/02/2025 02:23:29.090;100;-1758.082;2834.528;94.500;322.000;130130.39;-1;192000;1;50.3399;20.0334;99.1395;36.9274;20.1794;235.0755;20.0354;23.0223;1525.3640;74;0.2662;72;1.9089;93;0.000131666;0;9999;9999;9999;9999;9999;9999;9999;9999;9999;9999;9999;9999;9999;9999;9999;9999;9999;9999;9999;9999
13/02/2025 02:23:59.101;100;-1758.084;2834.530;99.200;324.000;130199.54;130199.54;192000;1;49.7518;19.6020;106.2493;36.8169;20.1445;228.0618;19.6095;23.4254;1524.1648;67;0.1815;72;1.9089;92;0.000128604;0;9999;9999;9999;9999;9999;9999;9999;9999;9999;9999;9999;9999;9999;9999;9999;9999;9999;9999;9999;9999
13/02/2025 02:24:29.098;100;-1758.088;2834.534;108.400;328.000;130268.69;-1;192000;1;48.7581;18.8404;113.3146;36.6542;19.9797;222.0723;18.8491;23.9026;1521.9567;61;0.1089;73;1.9998;91;0.000125542;0;9999;9999;9999;9999;9999;9999;9999;9999;9999;9999;9999;9999;9999;9999;9999;9999;9999;9999;9999;9999
13/02/2025 02:24:59.100;100;-1758.089;2834.536;113.000;333.000;130337.84;-1;192000;1;48.3829;18.5566;120.5175;36.5855;19.7970;218.7306;18.5618;24.1333;1521.1890;62;0.1210;74;2.0907;92;0.000128604;0;9999;9999;9999;9999;9999;9999;9999;9999;9999;9999;9999;9999;9999;9999;9999;9999;9999;9999;9999;9999
13/02/2025 02:25:29.106;100;-1758.092;2834.541;122.300;333.000;130406.99;130406.99;192000;1;47.8046;18.0783;127.7626;36.5152;19.5827;215.7139;18.0858;24.4120;1519.8505;53;0.0121;74;2.0907;85;0.000107170;0;9999;9999;9999;9999;9999;9999;9999;9999;9999;9999;9999;9999;9999;9999;9999;9999;9999;9999;9999;9999
13/02/2025 02:25:59.100;100;-1758.094;2834.543;126.700;328.000;130476.15;-1;192000;1;47.6951;17.9863;134.7315;36.5007;19.3814;214.8732;17.9886;24.4807;1519.6826;55;0.0363;75;2.1816;83;0.000101046;0;9999;9999;9999;9999;9999;9999;9999;9999;9999;9999;9999;9999;9999;9999;9999;9999;9999;9999;9999;9999
13/02/2025 02:26:29.090;100;-1758.098;2834.547;135.800;322.000;130545.3;-1;192000;1;47.4917;17.8354;141.9858;36.4577;19.2050;214.4074;17.8347;24.5530;1519.3142;55;0.0363;76;2.2725;80;0.000091860;0;9999;9999;9999;9999;9999;9999;9999;9999;9999;9999;9999;9999;9999;9999;9999;9999;9999;9999;9999;9999
13/02/2025 02:26:59.115;100;-1758.100;2834.549;140.400;314.000;130614.45;130614.45;192000;1;47.1531;17.5333;148.8046;36.4332;19.0263;212.1980;17.5379;24.7443;1518.5134;52;0.0000;75;2.1816;79;0.000088798;0;9999;9999;9999;9999;9999;9999;9999;9999;9999;9999;9999;9999;9999;9999;9999;9999;9999;9999;9999;9999
13/02/2025 02:27:29.106;100;-1758.105;2834.552;149.200;317.000;130683.6;-1;192000;1;46.9441;17.3646;155.8881;36.4004;18.8352;212.8692;17.3664;24.7731;1518.0956;53;0.0121;76;2.2725;82;0.000097984;0;9999;9999;9999;9999;9999;9999;9999;9999;9999;9999;9999;9999;9999;9999;9999;9999;9999;9999;9999;9999
13/02/2025 02:27:59.112;100;-1758.108;2834.553;153.800;314.000;130752.75;-1;192000;1;46.5713;17.0623;162.8575;36.3446;18.6456;211.2971;17.0628;24.9429;1517.2493;50;-0.0242;76;2.2725;77;0.000082674;0;9999;9999;9999;9999;9999;9999;9999;9999;9999;9999;9999;9999;9999;9999;9999;9999;9999;9999;9999;9999
13/02/2025 02:28:29.113;100;-1758.113;2834.556;162.900;308.000;130821.9;130821.9;192000;1;46.1820;16.7235;170.2656;36.3058;18.4179;211.4286;16.7258;25.0490;1516.3125;51;-0.0121;76;2.2725;81;0.000094922;0;9999;9999;9999;9999;9999;9999;9999;9999;9999;9999;9999;9999;9999;9999;9999;9999;9999;9999;9999;9999
13/02/2025 02:28:59.116;100;-1758.116;2834.557;167.800;312.000;130891.05;-1;192000;1;46.0597;16.6160;177.6593;36.2923;18.2171;211.2424;16.6167;25.0952;1516.0957;51;-0.0121;78;2.4543;80;0.000091860;0;9999;9999;9999;9999;9999;9999;9999;9999;9999;9999;9999;9999;9999;9999;9999;9999;9999;9999;9999;9999
13/02/2025 02:29:29.092;100;-1758.121;2834.560;176.700;314.000;130960.2;-1;192000;1;45.7551;16.3595;184.5413;36.2525;18.0299;211.1460;16.3616;25.1858;1515.3870;50;-0.0242;79;2.5452;79;0.000088798;0;9999;9999;9999;9999;9999;9999;9999;9999;9999;9999;9999;9999;9999;9999;9999;9999;9999;9999;9999;9999
13/02/2025 02:29:59.103;100;-1758.123;2834.561;181.300;315.000;131029.35;131029.35;192000;1;45.6315;16.2540;191.5759;36.2356;17.8500;211.0702;16.2549;25.2267;1515.1631;51;-0.0121;77;2.3634;79;0.000088798;0;9999;9999;9999;9999;9999;9999;9999;9999;9999;9999;9999;9999;9999;9999;9999;9999;9999;9999;9999;9999
13/02/2025 02:30:29.098;100;-1758.128;2834.565;190.200;317.000;131098.5;-1;192000;1;45.2384;15.9300;198.3680;36.1770;17.6617;211.3621;15.9338;25.3235;1514.2161;50;-0.0242;77;2.3634;79;0.000088798;0;9999;9999;9999;9999;9999;9999;9999;9999;9999;9999;9999;9999;9999;9999;9999;9999;9999;9999;9999;9999
13/02/2025 02:30:59.098;100;-1758.130;2834.566;194.400;314.000;131167.64;-1;192000;1;44.9838;15.7150;204.9955;36.1421;17.4588;211.2171;15.7172;25.4047;1513.6226;50;-0.0242;78;2.4543;78;0.000085736;0;9999;9999;9999;9999;9999;9999;9999;9999;9999;9999;9999;9999;9999;9999;9999;9999;9999;9999;9999;9999
13/02/2025 02:31:29.104;100;-1758.135;2834.569;202.900;316.000;131236.79;131236.79;192000;1;44.9018;15.6447;211.5515;36.1298;17.2673;210.6454;15.6442;25.4567;1513.4995;51;-0.0121;77;2.3634;91;0.000125542;0;9999;9999;9999;9999;9999;9999;9999;9999;9999;9999;9999;9999;9999;9999;9999;9999;9999;9999;9999;9999
13/02/2025 02:31:59.110;100;-1758.137;2834.570;207.000;315.000;131305.95;-1;192000;1;44.8061;15.5578;218.0102;36.1204;17.0955;211.0761;15.5578;25.4684;1513.3261;51;-0.0121;78;2.4543;76;0.000079612;0;9999;9999;9999;9999;9999;9999;9999;9999;9999;9999;9999;9999;9999;9999;9999;9999;9999;9999;9999;9999
13/02/2025 02:32:29.116;100;-1758.141;2834.573;215.700;314.000;131375.09;-1;192000;1;44.6433;15.4262;224.6903;36.0911;16.9334;210.4767;15.4253;25.5424;1512.9934;50;-0.0242;78;2.4543;78;0.000085736;0;9999;9999;9999;9999;9999;9999;9999;9999;9999;9999;9999;9999;9999;9999;9999;9999;9999;9999;9999;9999
13/02/2025 02:32:59.100;100;-1758.144;2834.574;220.100;317.000;131444.24;131444.24;192000;1;44.3480;15.1751;231.6644;36.0506;16.7810;211.0185;15.1754;25.6053;1512.2767;49;-0.0363;79;2.5452;78;0.000085736;0;9999;9999;9999;9999;9999;9999;9999;9999;9999;9999;9999;9999;9999;9999;9999;9999;9999;9999;9999;9999
13/02/2025 02:33:29.099;100;-1758.148;2834.577;229.200;317.000;131513.39;-1;192000;1;44.3206;15.1437;238.7962;36.0516;16.6140;210.8211;15.1433;25.6268;1512.2975;50;-0.0242;78;2.4543;79;0.000088798;0;9999;9999;9999;9999;9999;9999;9999;9999;9999;9999;9999;9999;9999;9999;9999;9999;9999;9999;9999;9999
13/02/2025 02:33:59.113;100;-1758.151;2834.579;233.800;315.000;131582.53;-1;192000;1;44.2513;15.0824;245.8442;36.0419;16.4670;210.6682;15.0814;25.6568;1512.2104;50;-0.0242;78;2.4543;98;0.000146976;0;9999;9999;9999;9999;9999;9999;9999;9999;9999;9999;9999;9999;9999;9999;9999;9999;9999;9999;9999;9999
13/02/2025 02:34:29.097;100;-1758.156;2834.582;242.700;314.000;131651.69;131651.69;192000;1;44.0845;14.9374;252.6790;36.0202;16.3320;209.8950;14.9369;25.7427;1511.8414;50;-0.0242;79;2.5452;78;0.000085736;0;9999;9999;9999;9999;9999;9999;9999;9999;9999;9999;9999;9999;9999;9999;9999;9999;9999;9999;9999;9999
13/02/2025 02:34:59.111;100;-1758.158;2834.583;247.200;317.000;131720.84;-1;192000;1;43.9903;14.8632;259.4234;35.9997;16.1925;209.9239;14.8618;25.7697;1511.6947;50;-0.0242;78;2.4543;76;0.000079612;0;9999;9999;9999;9999;9999;9999;9999;9999;9999;9999;9999;9999;9999;9999;9999;9999;9999;9999;9999;9999
13/02/2025 02:35:29.112;100;-1758.162;2834.587;256.000;322.000;131790.0;-1;192000;1;43.8012;14.6928;266.2767;35.9806;16.0589;209.6545;14.6921;25.8417;1511.2456;49;-0.0363;78;2.4543;78;0.000085736;0;9999;9999;9999;9999;9999;9999;9999;9999;9999;9999;9999;9999;9999;9999;9999;9999;9999;9999;9999;9999
13/02/2025 02:35:59.113;100;-1758.164;2834.589;260.500;320.000;131859.14;-1;192000;1;43.7478;14.6466;273.0793;35.9713;15.9251;209.0001;14.6451;25.8894;1511.2005;50;-0.0242;80;2.6361;78;0.000085736;0;9999;9999;9999;9999;9999;9999;9999;9999;9999;9999;9999;9999;9999;9999;9999;9999;9999;9999;9999;9999
13/02/2025 02:36:29.114;100;-1758.168;2834.592;269.100;323.000;131928.29;-1;192000;1;43.7039;14.5964;279.7828;35.9745;15.8095;208.3190;14.5978;25.9378;1511.1555;50;-0.0242;78;2.4543;77;0.000082674;0;9999;9999;9999;9999;9999;9999;9999;9999;9999;9999;9999;9999;9999;9999;9999;9999;9999;9999;9999;9999
13/02/2025 02:36:59.100;100;-1758.170;2834.594;273.500;320.000;131997.44;-1;192000;1;43.6516;14.5579;286.4030;35.9592;15.6999;208.2248;14.5565;25.9588;1511.1245;50;-0.0242;79;2.5452;78;0.000085736;0;9999;9999;9999;9999;9999;9999;9999;9999;9999;9999;9999;9999;9999;9999;9999;9999;9999;9999;9999;9999
13/02/2025 02:37:29.112;100;-1758.174;2834.597;282.200;320.000;132066.59;-1;192000;1;43.5282;14.4497;293.1172;35.9426;15.5984;207.9540;14.4493;26.0102;1510.8707;50;-0.0242;80;2.6361;80;0.000091860;0;9999;9999;9999;9999;9999;9999;9999;9999;9999;9999;9999;9999;9999;9999;9999;9999;9999;9999;9999;9999
13/02/2025 02:37:59.104;100;-1758.176;2834.599;286.600;319.000;132135.74;-1;192000;1;43.4155;14.3540;299.8911;35.9242;15.4884;207.8175;14.3539;26.0517;1510.6548;51;-0.0121;78;2.4543;77;0.000082674;0;9999;9999;9999;9999;9999;9999;9999;9999;9999;9999;9999;9999;9999;9999;9999;9999;9999;9999;9999;9999
13/02/2025 02:38:29.088;100;-1758.180;2834.602;295.200;321.000;132204.89;-1;192000;1;43.2918;14.2604;306.5000;35.8936;15.3844;207.1144;14.2578;26.1200;1510.4278;50;-0.0242;78;2.4543;79;0.000088798;0;9999;9999;9999;9999;9999;9999;9999;9999;9999;9999;9999;9999;9999;9999;9999;9999;9999;9999;9999;9999
13/02/2025 02:38:59.105;100;-1758.182;2834.604;299.600;322.000;132274.04;-1;192000;1;42.9852;13.9962;313.0982;35.8508;15.2637;206.2350;13.9929;26.2547;1509.6345;50;-0.0242;80;2.6361;76;0.000079612;0;9999;9999;9999;9999;9999;9999;9999;9999;9999;9999;9999;9999;9999;9999;9999;9999;9999;9999;9999;9999
13/02/2025 02:39:29.113;100;-1758.187;2834.606;308.000;313.000;132343.19;-1;192000;1;42.7469;13.7651;319.5505;35.8404;15.1196;205.9233;13.7671;26.3487;1508.9787;50;-0.0242;80;2.6361;75;0.000076550;0;9999;9999;9999;9999;9999;9999;9999;9999;9999;9999;9999;9999;9999;9999;9999;9999;9999;9999;9999;9999
13/02/2025 02:39:59.108;100;-1758.189;2834.608;312.200;312.000;132412.33;-1;192000;1;42.5838;13.6312;325.9594;35.8095;14.9795;205.6325;13.6307;26.4126;1508.6115;51;-0.0121;80;2.6361;81;0.000094922;0;9999;9999;9999;9999;9999;9999;9999;9999;9999;9999;9999;9999;9999;9999;9999;9999;9999;9999;9999;9999
13/02/2025 02:40:29.106;100;-1758.194;2834.610;320.400;313.000;132481.49;-1;192000;1;42.4291;13.4896;332.2694;35.7934;14.8326;205.2832;13.4900;26.4800;1508.2333;52;0.0000;80;2.6361;78;0.000085736;0;9999;9999;9999;9999;9999;9999;9999;9999;9999;9999;9999;9999;9999;9999;9999;9999;9999;9999;9999;9999
13/02/2025 02:40:59.101;100;-1758.196;2834.612;324.500;317.000;132550.64;-1;192000;1;42.2615;13.3342;338.5727;35.7779;14.6918;204.8171;13.3361;26.5574;1507.8085;52;0.0000;80;2.6361;78;0.000085736;0;9999;9999;9999;9999;9999;9999;9999;9999;9999;9999;9999;9999;9999;9999;9999;9999;9999;9999;9999;9999
13/02/2025 02:41:29.111;100;-1758.201;2834.614;332.700;311.000;132619.79;-1;192000;1;42.1731;13.2520;344.8243;35.7685;14.5548;203.9297;13.2522;26.6302;1507.6298;50;-0.0242;80;2.6361;75;0.000076550;0;9999;9999;9999;9999;9999;9999;9999;9999;9999;9999;9999;9999;9999;9999;9999;9999;9999;9999;9999;9999
13/02/2025 02:41:59.112;100;-1758.203;2834.615;336.700;308.000;132688.94;-1;192000;1;42.1219;13.2056;350.9537;35.7608;14.4259;202.9984;13.2044;26.6927;1507.5689;50;-0.0242;80;2.6361;77;0.000082674;0;9999;9999;9999;9999;9999;9999;9999;9999;9999;9999;9999;9999;9999;9999;9999;9999;9999;9999;9999;9999
13/02/2025 02:42:29.115;100;-1758.207;2834.617;344.600;315.000;132758.09;-1;192000;1;41.9364;13.0399;357.1769;35.7374;14.3095;200.7647;13.0401;26.8588;1507.0953;50;-0.0242;81;2.7270;76;0.000079612;0;9999;9999;9999;9999;9999;9999;9999;9999;9999;9999;9999;9999;9999;9999;9999;9999;9999;9999;9999;9999
13/02/2025 02:42:59.095;100;-1758.209;2834.619;349.100;319.000;132827.23;-1;192000;1;41.8715;12.9748;364.2013;35.7337;14.1822;200.4996;12.9735;26.8969;1506.9909;50;-0.0242;80;2.6361;79;0.000088798;0;9999;9999;9999;9999;9999;9999;9999;9999;9999;9999;9999;9999;9999;9999;9999;9999;9999;9999;9999;9999
13/02/2025 02:43:29.104;100;-1758.213;2834.622;358.300;322.000;132896.39;-1;192000;1;41.8503;12.9550;371.2503;35.7292;14.0652;199.2849;12.9536;26.9644;1507.0364;50;-0.0242;80;2.6361;77;0.000082674;0;9999;9999;9999;9999;9999;9999;9999;9999;9999;9999;9999;9999;9999;9999;9999;9999;9999;9999;9999;9999
13/02/2025 02:43:59.107;100;-1758.215;2834.624;363.000;326.000;132965.53;-1;192000;1;41.8106;12.9131;378.3517;35.7277;13.9715;199.4319;12.9119;26.9742;1507.0126;50;-0.0242;81;2.7270;78;0.000085736;0;9999;9999;9999;9999;9999;9999;9999;9999;9999;9999;9999;9999;9999;9999;9999;9999;9999;9999;9999;9999
13/02/2025 02:44:29.115;100;-1758.218;2834.629;372.400;333.000;133034.69;-1;192000;1;41.7716;12.8811;385.6218;35.7175;13.8840;199.1742;12.8781;27.0012;1507.0141;50;-0.0242;79;2.5452;78;0.000085736;0;9999;9999;9999;9999;9999;9999;9999;9999;9999;9999;9999;9999;9999;9999;9999;9999;9999;9999;9999;9999
13/02/2025 02:44:59.112;100;-1758.219;2834.631;377.200;337.000;133103.85;-1;192000;1;41.6007;12.7258;393.0717;35.6971;13.7879;197.4626;12.7231;27.1418;1506.5945;52;0.0000;81;2.7270;77;0.000082674;0;9999;9999;9999;9999;9999;9999;9999;9999;9999;9999;9999;9999;9999;9999;9999;9999;9999;9999;9999;9999
13/02/2025 02:45:29.104;100;-1758.221;2834.636;386.800;338.000;133172.99;-1;192000;1;41.3851;12.5186;400.3464;35.6824;13.6744;196.9847;12.5190;27.2399;1506.0021;50;-0.0242;82;2.8179;77;0.000082674;0;9999;9999;9999;9999;9999;9999;9999;9999;9999;9999;9999;9999;9999;9999;9999;9999;9999;9999;9999;9999
13/02/2025 02:45:59.108;100;-1758.222;2834.639;391.400;335.000;133242.15;-1;192000;1;41.2877;12.4264;407.4397;35.6726;13.5564;195.4077;12.4263;27.3528;1505.7972;51;-0.0121;82;2.8179;77;0.000082674;0;9999;9999;9999;9999;9999;9999;9999;9999;9999;9999;9999;9999;9999;9999;9999;9999;9999;9999;9999;9999
13/02/2025 02:46:29.115;100;-1758.225;2834.643;400.700;325.000;133311.3;-1;192000;1;41.2240;12.3638;414.6252;35.6672;13.4489;195.3897;12.3634;27.3785;1505.6983;50;-0.0242;81;2.7270;75;0.000076550;0;9999;9999;9999;9999;9999;9999;9999;9999;9999;9999;9999;9999;9999;9999;9999;9999;9999;9999;9999;9999
13/02/2025 02:46:59.112;100;-1758.227;2834.645;405.400;323.000;133380.44;-1;192000;1;41.2130;12.3509;421.9059;35.6657;13.3498;195.6466;12.3497;27.3730;1505.7733;50;-0.0242;82;2.8179;79;0.000088798;0;9999;9999;9999;9999;9999;9999;9999;9999;9999;9999;9999;9999;9999;9999;9999;9999;9999;9999;9999;9999
13/02/2025 02:47:29.112;100;-1758.232;2834.648;414.900;317.000;133449.59;-1;192000;1;41.2022;12.3385;429.1651;35.6638;13.2700;195.2157;12.3373;27.4009;1505.8492;51;-0.0121;82;2.8179;77;0.000082674;0;9999;9999;9999;9999;9999;9999;9999;9999;9999;9999;9999;9999;9999;9999;9999;9999;9999;9999;9999;9999
13/02/2025 02:47:59.099;100;-1758.234;2834.650;419.600;316.000;133518.73;-1;192000;1;41.1835;12.3189;436.3782;35.6612;13.1965;194.6626;12.3174;27.4377;1505.8991;50;-0.0242;82;2.8179;78;0.000085736;0;9999;9999;9999;9999;9999;9999;9999;9999;9999;9999;9999;9999;9999;9999;9999;9999;9999;9999;9999;9999
13/02/2025 02:48:29.114;100;-1758.240;2834.653;428.900;313.000;133587.89;-1;192000;1;41.1003;12.2515;443.4408;35.6415;13.1229;195.1958;12.2497;27.4387;1505.7642;50;-0.0242;82;2.8179;79;0.000088798;0;9999;9999;9999;9999;9999;9999;9999;9999;9999;9999;9999;9999;9999;9999;9999;9999;9999;9999;9999;9999
13/02/2025 02:48:59.096;100;-1758.242;2834.654;433.400;315.000;133657.03;-1;192000;1;40.9313;12.0809;450.3258;35.6364;13.0384;192.4651;12.0813;27.6369;1505.2927;50;-0.0242;81;2.7270;80;0.000091860;0;9999;9999;9999;9999;9999;9999;9999;9999;9999;9999;9999;9999;9999;9999;9999;9999;9999;9999;9999;9999
13/02/2025 02:49:29.109;100;-1758.247;2834.657;442.900;313.000;133726.19;-1;192000;1;40.8447;11.9976;457.7092;35.6281;12.9408;191.8093;11.9971;27.7028;1505.1211;51;-0.0121;81;2.7270;78;0.000085736;0;9999;9999;9999;9999;9999;9999;9999;9999;9999;9999;9999;9999;9999;9999;9999;9999;9999;9999;9999;9999
13/02/2025 02:49:59.105;100;-1758.250;2834.659;447.700;315.000;133795.34;-1;192000;1;40.8182;11.9668;465.0635;35.6284;12.8560;191.7933;11.9664;27.7168;1505.1380;51;-0.0121;82;2.8179;78;0.000085736;0;9999;9999;9999;9999;9999;9999;9999;9999;9999;9999;9999;9999;9999;9999;9999;9999;9999;9999;9999;9999
13/02/2025 02:50:29.112;100;-1758.254;2834.662;457.100;321.000;133864.49;-1;192000;1;40.7997;11.9472;472.1783;35.6259;12.7798;191.1444;11.9457;27.7594;1505.1858;50;-0.0242;82;2.8179;77;0.000082674;0;9999;9999;9999;9999;9999;9999;9999;9999;9999;9999;9999;9999;9999;9999;9999;9999;9999;9999;9999;9999
13/02/2025 02:50:59.115;100;-1758.256;2834.664;461.700;326.000;133933.63;-1;192000;1;40.7449;11.8927;479.3400;35.6211;12.7101;191.0504;11.8921;27.7858;1505.1122;50;-0.0242;80;2.6361;78;0.000085736;0;9999;9999;9999;9999;9999;9999;9999;9999;9999;9999;9999;9999;9999;9999;9999;9999;9999;9999;9999;9999
13/02/2025 02:51:29.114;100;-1758.259;2834.668;471.100;322.000;134002.79;-1;192000;1;40.6309;11.7886;486.5523;35.6058;12.6358;189.0749;11.7862;27.9278;1504.8567;50;-0.0242;81;2.7270;77;0.000082674;0;9999;9999;9999;9999;9999;9999;9999;9999;9999;9999;9999;9999;9999;9999;9999;9999;9999;9999;9999;9999
13/02/2025 02:51:59.097;100;-1758.262;2834.670;475.800;316.000;134071.93;-1;192000;1;40.5867;11.7385;493.8028;35.6072;12.5593;188.0764;11.7376;27.9989;1504.8064;52;0.0000;82;2.8179;79;0.000088798;0;9999;9999;9999;9999;9999;9999;9999;9999;9999;9999;9999;9999;9999;9999;9999;9999;9999;9999;9999;9999
13/02/2025 02:52:29.115;100;-1758.266;2834.673;485.100;322.000;134141.09;-1;192000;1;40.5595;11.7081;500.8688;35.6065;12.4914;187.6615;11.7081;28.0332;1504.8180;51;-0.0121;82;2.8179;75;0.000076550;0;9999;9999;9999;9999;9999;9999;9999;9999;9999;9999;9999;9999;9999;9999;9999;9999;9999;9999;9999;9999
13/02/2025 02:52:59.108;100;-1758.268;2834.675;489.700;326.000;134210.23;-1;192000;1;40.5448;11.6904;507.8420;35.6059;12.4279;187.0412;11.6897;28.0743;1504.8718;50;-0.0242;82;2.8179;76;0.000079612;0;9999;9999;9999;9999;9999;9999;9999;9999;9999;9999;9999;9999;9999;9999;9999;9999;9999;9999;9999;9999
13/02/2025 02:53:29.098;100;-1758.272;2834.679;498.800;324.000;134279.4;-1;192000;1;40.3671;11.5118;514.7937;35.5990;12.3555;183.9345;11.5152;28.3031;1504.3631;52;0.0000;82;2.8179;75;0.000076550;0;9999;9999;9999;9999;9999;9999;9999;9999;9999;9999;9999;9999;9999;9999;9999;9999;9999;9999;9999;9999
13/02/2025 02:53:59.086;118;-1758.270;2834.682;500.500;15.000;134348.56;-1;192000;1;40.3529;11.4982;514.3495;35.5981;12.2720;183.9203;11.5004;28.3092;1504.3077;50;-0.0242;82;2.8179;79;0.000088798;0;9999;9999;9999;9999;9999;9999;9999;9999;9999;9999;9999;9999;9999;9999;9999;9999;9999;9999;9999;9999
13/02/2025 02:54:29.102;117;-1758.271;2834.683;495.900;327.000;134417.71;-1;192000;1;40.4560;11.6031;509.5881;35.6014;12.2125;185.5041;11.6002;28.1878;1504.5948;50;-0.0242;82;2.8179;77;0.000082674;0;9999;9999;9999;9999;9999;9999;9999;9999;9999;9999;9999;9999;9999;9999;9999;9999;9999;9999;9999;9999
13/02/2025 02:54:59.108;117;-1758.272;2834.684;492.400;321.000;134486.85;-1;192000;1;40.5480;11.6927;504.6820;35.6082;12.1861;186.9662;11.6907;28.0767;1504.8302;51;-0.0121;81;2.7270;78;0.000085736;0;9999;9999;9999;9999;9999;9999;9999;9999;9999;9999;9999;9999;9999;9999;9999;9999;9999;9999;9999;9999
13/02/2025 02:55:29.109;117;-1758.275;2834.686;486.000;311.000;134556.0;-1;192000;1;40.5536;11.7006;499.7312;35.6083;12.1619;186.7263;11.6993;28.0846;1504.7756;50;-0.0242;82;2.8179;81;0.000094922;0;9999;9999;9999;9999;9999;9999;9999;9999;9999;9999;9999;9999;9999;9999;9999;9999;9999;9999;9999;9999
13/02/2025 02:55:59.111;117;-1758.277;2834.686;482.600;307.000;134625.15;-1;192000;1;40.5747;11.7220;494.6376;35.6108;12.1398;186.9156;11.7211;28.0652;1504.7679;50;-0.0242;82;2.8179;76;0.000079612;0;9999;9999;9999;9999;9999;9999;9999;9999;9999;9999;9999;9999;9999;9999;9999;9999;9999;9999;9999;9999
13/02/2025 02:56:29.105;117;-1758.280;2834.686;475.900;302.000;134694.31;-1;192000;1;40.6048;11.7507;489.5106;35.6152;12.1155;187.8702;11.7493;28.0036;1504.7869;50;-0.0242;81;2.7270;80;0.000091860;0;9999;9999;9999;9999;9999;9999;9999;9999;9999;9999;9999;9999;9999;9999;9999;9999;9999;9999;9999;9999
13/02/2025 02:56:59.098;117;-1758.282;2834.687;472.600;306.000;134763.45;-1;192000;1;40.6757;11.8249;484.5383;35.6159;12.1111;189.2849;11.8191;27.9041;1504.9599;50;-0.0242;81;2.7270;74;0.000073488;0;9999;9999;9999;9999;9999;9999;9999;9999;9999;9999;9999;9999;9999;9999;9999;9999;9999;9999;9999;9999
13/02/2025 02:57:29.112;117;-1758.285;2834.688;466.300;312.000;134832.6;-1;192000;1;40.7425;11.8883;479.7944;35.6229;12.1089;189.8802;11.8864;27.8475;1505.1069;50;-0.0242;81;2.7270;83;0.000101046;0;9999;9999;9999;9999;9999;9999;9999;9999;9999;9999;9999;9999;9999;9999;9999;9999;9999;9999;9999;9999
13/02/2025 02:57:59.115;117;-1758.286;2834.688;463.400;309.000;134901.76;-1;192000;1;40.7459;11.8931;475.2216;35.6236;12.1089;190.5466;11.8918;27.8101;1505.0485;49;-0.0363;82;2.8179;78;0.000085736;0;9999;9999;9999;9999;9999;9999;9999;9999;9999;9999;9999;9999;9999;9999;9999;9999;9999;9999;9999;9999
13/02/2025 02:58:29.101;117;-1758.289;2834.689;457.300;304.000;134970.91;-1;192000;1;40.7970;11.9449;470.5602;35.6262;12.1133;191.1045;11.9415;27.7624;1505.1515;48;-0.0484;82;2.8179;81;0.000094922;0;9999;9999;9999;9999;9999;9999;9999;9999;9999;9999;9999;9999;9999;9999;9999;9999;9999;9999;9999;9999
13/02/2025 02:58:59.106;117;-1758.291;2834.689;454.200;301.000;135040.05;-1;192000;1;40.8129;11.9601;465.7856;35.6293;12.1200;190.9869;11.9591;27.7604;1505.1282;51;-0.0121;81;2.7270;76;0.000079612;0;9999;9999;9999;9999;9999;9999;9999;9999;9999;9999;9999;9999;9999;9999;9999;9999;9999;9999;9999;9999
13/02/2025 02:59:29.108;117;-1758.295;2834.689;448.000;300.000;135109.21;-1;192000;1;40.8422;11.9894;460.9429;35.6320;12.1200;191.4143;11.9883;27.7267;1505.1513;50;-0.0242;82;2.8179;78;0.000085736;0;9999;9999;9999;9999;9999;9999;9999;9999;9999;9999;9999;9999;9999;9999;9999;9999;9999;9999;9999;9999
13/02/2025 02:59:59.114;117;-1758.296;2834.689;444.800;301.000;135178.36;-1;192000;1;40.8492;12.0003;456.0752;35.6306;12.1310;191.1765;11.9998;27.7332;1505.1063;52;0.0000;81;2.7270;76;0.000079612;0;9999;9999;9999;9999;9999;9999;9999;9999;9999;9999;9999;9999;9999;9999;9999;9999;9999;9999;9999;9999
13/02/2025 03:00:29.114;117;-1758.298;2834.689;441.600;302.000;135247.51;-1;192000;1;40.9274;12.0729;451.2842;35.6398;12.1398;191.8917;12.0714;27.6696;1505.2854;50;-0.0242;81;2.7270;77;0.000082674;0;9999;9999;9999;9999;9999;9999;9999;9999;9999;9999;9999;9999;9999;9999;9999;9999;9999;9999;9999;9999
13/02/2025 03:00:59.106;117;-1758.301;2834.690;435.400;305.000;135316.66;-1;192000;1;41.1466;12.2743;446.5566;35.6634;12.1640;194.0333;12.2713;27.4883;1505.9192;50;-0.0242;80;2.6361;76;0.000079612;0;9999;9999;9999;9999;9999;9999;9999;9999;9999;9999;9999;9999;9999;9999;9999;9999;9999;9999;9999;9999
13/02/2025 03:01:29.116;117;-1758.303;2834.690;432.200;302.000;135385.81;-1;192000;1;41.1881;12.3213;441.4395;35.6612;12.2059;195.5496;12.3184;27.3950;1505.9909;50;-0.0242;82;2.8179;78;0.000085736;0;9999;9999;9999;9999;9999;9999;9999;9999;9999;9999;9999;9999;9999;9999;9999;9999;9999;9999;9999;9999
13/02/2025 03:01:59.115;117;-1758.307;2834.690;425.400;303.000;135454.96;-1;192000;1;41.2044;12.3356;436.2526;35.6657;12.2455;195.6257;12.3349;27.3835;1505.9589;51;-0.0121;81;2.7270;76;0.000079612;0;9999;9999;9999;9999;9999;9999;9999;9999;9999;9999;9999;9999;9999;9999;9999;9999;9999;9999;9999;9999
13/02/2025 03:02:29.113;117;-1758.309;2834.691;422.100;305.000;135524.11;-1;192000;1;41.2178;12.3493;431.0814;35.6678;12.2720;195.0106;12.3494;27.4071;1505.9222;52;0.0000;80;2.6361;79;0.000088798;0;9999;9999;9999;9999;9999;9999;9999;9999;9999;9999;9999;9999;9999;9999;9999;9999;9999;9999;9999;9999
13/02/2025 03:02:59.098;117;-1758.312;2834.691;415.300;305.000;135593.26;-1;192000;1;41.2349;12.3676;425.9599;35.6692;12.2983;195.1560;12.3676;27.3918;1505.9010;51;-0.0121;83;2.9088;81;0.000094922;0;9999;9999;9999;9999;9999;9999;9999;9999;9999;9999;9999;9999;9999;9999;9999;9999;9999;9999;9999;9999
13/02/2025 03:03:29.102;117;-1758.314;2834.692;412.000;306.000;135662.41;-1;192000;1;41.2920;12.4237;420.8641;35.6735;12.3203;195.1731;12.4221;27.3699;1506.0112;50;-0.0242;81;2.7270;78;0.000085736;0;9999;9999;9999;9999;9999;9999;9999;9999;9999;9999;9999;9999;9999;9999;9999;9999;9999;9999;9999;9999
13/02/2025 03:03:59.108;117;-1758.317;2834.693;405.300;310.000;135731.56;-1;192000;1;41.3750;12.5000;415.7046;35.6835;12.3533;195.0389;12.4987;27.3474;1506.1948;51;-0.0121;82;2.8179;76;0.000079612;0;9999;9999;9999;9999;9999;9999;9999;9999;9999;9999;9999;9999;9999;9999;9999;9999;9999;9999;9999;9999
13/02/2025 03:04:29.115;117;-1758.319;2834.693;401.900;306.000;135800.71;-1;192000;1;41.3918;12.5188;410.5500;35.6843;12.3840;195.3225;12.5186;27.3247;1506.1738;50;-0.0242;80;2.6361;80;0.000091860;0;9999;9999;9999;9999;9999;9999;9999;9999;9999;9999;9999;9999;9999;9999;9999;9999;9999;9999;9999;9999
13/02/2025 03:04:59.086;117;-1758.323;2834.694;395.200;305.000;135869.86;-1;192000;1;41.4929;12.6062;405.3212;35.7011;12.4191;196.1101;12.6064;27.2524;1506.4010;50;-0.0242;81;2.7270;76;0.000079612;0;9999;9999;9999;9999;9999;9999;9999;9999;9999;9999;9999;9999;9999;9999;9999;9999;9999;9999;9999;9999
13/02/2025 03:05:29.102;117;-1758.325;2834.694;391.800;300.000;135939.01;-1;192000;1;41.6400;12.7493;400.2697;35.7095;12.4673;197.7795;12.7469;27.1195;1506.8069;50;-0.0242;81;2.7270;78;0.000085736;0;9999;9999;9999;9999;9999;9999;9999;9999;9999;9999;9999;9999;9999;9999;9999;9999;9999;9999;9999;9999
13/02/2025 03:05:59.112;117;-1758.329;2834.695;385.300;304.000;136008.17;-1;192000;1;41.7069;12.8093;395.2865;35.7192;12.5199;197.6364;12.8079;27.1030;1506.9365;52;0.0000;80;2.6361;77;0.000082674;0;9999;9999;9999;9999;9999;9999;9999;9999;9999;9999;9999;9999;9999;9999;9999;9999;9999;9999;9999;9999
13/02/2025 03:06:29.112;117;-1758.330;2834.695;382.100;302.000;136077.31;-1;192000;1;41.7795;12.8786;390.3812;35.7254;12.5681;198.3625;12.8777;27.0415;1507.0939;50;-0.0242;80;2.6361;80;0.000091860;0;9999;9999;9999;9999;9999;9999;9999;9999;9999;9999;9999;9999;9999;9999;9999;9999;9999;9999;9999;9999
13/02/2025 03:06:59.110;117;-1758.334;2834.695;375.600;303.000;136146.47;-1;192000;1;41.8005;12.9004;385.4377;35.7271;12.6140;197.9499;12.8997;27.0522;1507.0868;50;-0.0242;81;2.7270;78;0.000085736;0;9999;9999;9999;9999;9999;9999;9999;9999;9999;9999;9999;9999;9999;9999;9999;9999;9999;9999;9999;9999
13/02/2025 03:07:29.108;117;-1758.336;2834.695;372.500;303.000;136215.61;-1;192000;1;41.8186;12.9176;380.5901;35.7302;12.6577;199.5356;12.9179;26.9676;1507.0676;50;-0.0242;81;2.7270;78;0.000085736;0;9999;9999;9999;9999;9999;9999;9999;9999;9999;9999;9999;9999;9999;9999;9999;9999;9999;9999;9999;9999
13/02/2025 03:07:59.100;117;-1758.339;2834.696;366.200;302.000;136284.77;-1;192000;1;41.8354;12.9360;375.7671;35.7310;12.6926;199.3984;12.9356;26.9666;1507.0500;50;-0.0242;81;2.7270;78;0.000085736;0;9999;9999;9999;9999;9999;9999;9999;9999;9999;9999;9999;9999;9999;9999;9999;9999;9999;9999;9999;9999
13/02/2025 03:08:29.098;117;-1758.341;2834.696;363.000;300.000;136353.91;-1;192000;1;41.8536;12.9540;370.9364;35.7334;12.7297;199.1042;12.9545;26.9725;1507.0328;51;-0.0121;81;2.7270;78;0.000085736;0;9999;9999;9999;9999;9999;9999;9999;9999;9999;9999;9999;9999;9999;9999;9999;9999;9999;9999;9999;9999
13/02/2025 03:08:59.101;117;-1758.344;2834.696;356.800;301.000;136423.06;-1;192000;1;41.8628;12.9612;366.1718;35.7375;12.7580;199.5407;12.9622;26.9471;1506.9828;51;-0.0121;80;2.6361;78;0.000085736;0;9999;9999;9999;9999;9999;9999;9999;9999;9999;9999;9999;9999;9999;9999;9999;9999;9999;9999;9999;9999
13/02/2025 03:09:29.113;117;-1758.346;2834.696;353.600;302.000;136492.2;-1;192000;1;41.9405;13.0347;361.4856;35.7444;12.7929;200.2069;13.0350;26.8880;1507.1577;48;-0.0484;80;2.6361;77;0.000082674;0;9999;9999;9999;9999;9999;9999;9999;9999;9999;9999;9999;9999;9999;9999;9999;9999;9999;9999;9999;9999
13/02/2025 03:09:59.109;117;-1758.349;2834.696;347.700;303.000;136561.36;-1;192000;1;42.0921;13.1726;356.9015;35.7610;12.8364;201.8474;13.1717;26.7601;1507.5584;50;-0.0242;80;2.6361;79;0.000088798;0;9999;9999;9999;9999;9999;9999;9999;9999;9999;9999;9999;9999;9999;9999;9999;9999;9999;9999;9999;9999
13/02/2025 03:10:29.114;117;-1758.351;2834.696;344.500;303.000;136630.51;-1;192000;1;42.1234;13.2030;352.1352;35.7642;12.8821;201.5014;13.2035;26.7638;1507.5839;52;0.0000;80;2.6361;77;0.000082674;0;9999;9999;9999;9999;9999;9999;9999;9999;9999;9999;9999;9999;9999;9999;9999;9999;9999;9999;9999;9999
13/02/2025 03:10:59.108;117;-1758.354;2834.697;338.300;305.000;136699.66;-1;192000;1;42.2007;13.2735;347.3730;35.7734;12.9321;202.3180;13.2736;26.6989;1507.7487;49;-0.0363;79;2.5452;79;0.000088798;0;9999;9999;9999;9999;9999;9999;9999;9999;9999;9999;9999;9999;9999;9999;9999;9999;9999;9999;9999;9999
13/02/2025 03:11:29.100;117;-1758.356;2834.697;335.300;308.000;136768.82;-1;192000;1;42.3028;13.3662;342.6301;35.7852;12.9864;202.7556;13.3655;26.6444;1507.9897;50;-0.0242;80;2.6361;76;0.000079612;0;9999;9999;9999;9999;9999;9999;9999;9999;9999;9999;9999;9999;9999;9999;9999;9999;9999;9999;9999;9999
13/02/2025 03:11:59.114;117;-1758.358;2834.698;329.200;309.000;136837.97;-1;192000;1;42.3299;13.3918;338.1112;35.7888;13.0341;204.1665;13.3919;26.5677;1508.0033;50;-0.0242;81;2.7270;77;0.000082674;0;9999;9999;9999;9999;9999;9999;9999;9999;9999;9999;9999;9999;9999;9999;9999;9999;9999;9999;9999;9999
13/02/2025 03:12:29.116;117;-1758.360;2834.698;326.200;305.000;136907.11;-1;192000;1;42.4497;13.4989;333.6049;35.8036;13.0905;204.6460;13.4964;26.5072;1508.2980;52;0.0000;80;2.6361;78;0.000085736;0;9999;9999;9999;9999;9999;9999;9999;9999;9999;9999;9999;9999;9999;9999;9999;9999;9999;9999;9999;9999
13/02/2025 03:12:59.116;117;-1758.363;2834.699;320.200;305.000;136976.27;-1;192000;1;42.5620;13.5956;328.8818;35.8211;13.1424;204.6235;13.5943;26.4721;1508.5572;50;-0.0242;80;2.6361;76;0.000079612;0;9999;9999;9999;9999;9999;9999;9999;9999;9999;9999;9999;9999;9999;9999;9999;9999;9999;9999;9999;9999
13/02/2025 03:13:29.114;117;-1758.365;2834.699;317.100;304.000;137045.42;-1;192000;1;42.6715;13.6978;324.0460;35.8306;13.2117;205.3037;13.6970;26.4032;1508.8222;50;-0.0242;80;2.6361;78;0.000085736;0;9999;9999;9999;9999;9999;9999;9999;9999;9999;9999;9999;9999;9999;9999;9999;9999;9999;9999;9999;9999
13/02/2025 03:13:59.098;117;-1758.368;2834.700;311.000;307.000;137114.57;-1;192000;1;42.7305;13.7472;319.3522;35.8419;13.2721;204.4147;13.7471;26.4252;1508.9189;51;-0.0121;80;2.6361;77;0.000082674;0;9999;9999;9999;9999;9999;9999;9999;9999;9999;9999;9999;9999;9999;9999;9999;9999;9999;9999;9999;9999
13/02/2025 03:14:29.110;117;-1758.369;2834.700;307.900;309.000;137183.72;-1;192000;1;42.7661;13.7822;314.6806;35.8445;13.3347;205.4418;13.7831;26.3637;1508.9586;51;-0.0121;79;2.5452;77;0.000082674;0;9999;9999;9999;9999;9999;9999;9999;9999;9999;9999;9999;9999;9999;9999;9999;9999;9999;9999;9999;9999
13/02/2025 03:14:59.098;117;-1758.372;2834.701;301.800;311.000;137252.88;-1;192000;1;42.9655;13.9557;310.0366;35.8714;13.3972;205.2202;13.9540;26.3126;1509.4769;51;-0.0121;80;2.6361;78;0.000085736;0;9999;9999;9999;9999;9999;9999;9999;9999;9999;9999;9999;9999;9999;9999;9999;9999;9999;9999;9999;9999
13/02/2025 03:15:29.113;117;-1758.374;2834.701;298.900;313.000;137322.02;-1;192000;1;43.1358;14.1033;305.4593;35.8948;13.4747;205.6955;14.1010;26.2379;1509.9060;51;-0.0121;80;2.6361;78;0.000085736;0;9999;9999;9999;9999;9999;9999;9999;9999;9999;9999;9999;9999;9999;9999;9999;9999;9999;9999;9999;9999
13/02/2025 03:15:59.116;117;-1758.376;2834.702;293.000;310.000;137391.17;-1;192000;1;43.2199;14.1808;301.0024;35.9029;13.5628;206.3624;14.1785;26.1791;1510.0916;50;-0.0242;80;2.6361;76;0.000079612;0;9999;9999;9999;9999;9999;9999;9999;9999;9999;9999;9999;9999;9999;9999;9999;9999;9999;9999;9999;9999
13/02/2025 03:16:29.115;117;-1758.378;2834.703;290.100;309.000;137460.32;-1;192000;1;43.3403;14.2794;296.5359;35.9251;13.6422;206.6284;14.2800;26.1298;1510.3609;51;-0.0121;80;2.6361;77;0.000082674;0;9999;9999;9999;9999;9999;9999;9999;9999;9999;9999;9999;9999;9999;9999;9999;9999;9999;9999;9999;9999
13/02/2025 03:16:59.101;117;-1758.381;2834.703;284.100;307.000;137529.46;-1;192000;1;43.3864;14.3198;291.8229;35.9323;13.7193;206.5980;14.3213;26.1153;1510.4210;51;-0.0121;81;2.7270;78;0.000085736;0;9999;9999;9999;9999;9999;9999;9999;9999;9999;9999;9999;9999;9999;9999;9999;9999;9999;9999;9999;9999
13/02/2025 03:17:29.107;117;-1758.382;2834.704;281.000;308.000;137598.61;-1;192000;1;43.5721;14.4835;287.1636;35.9543;13.7985;206.7087;14.4835;26.0529;1510.8939;51;-0.0121;78;2.4543;80;0.000091860;0;9999;9999;9999;9999;9999;9999;9999;9999;9999;9999;9999;9999;9999;9999;9999;9999;9999;9999;9999;9999
13/02/2025 03:17:59.109;117;-1758.386;2834.704;275.000;302.000;137667.77;-1;192000;1;43.6780;14.5792;282.4992;35.9654;13.8862;207.1382;14.5781;25.9993;1511.1350;51;-0.0121;80;2.6361;79;0.000088798;0;9999;9999;9999;9999;9999;9999;9999;9999;9999;9999;9999;9999;9999;9999;9999;9999;9999;9999;9999;9999
13/02/2025 03:18:29.116;117;-1758.387;2834.704;272.000;302.000;137736.91;-1;192000;1;43.7012;14.5998;277.8450;35.9697;13.9651;207.4652;14.6014;25.9750;1511.1286;49;-0.0363;79;2.5452;80;0.000091860;0;9999;9999;9999;9999;9999;9999;9999;9999;9999;9999;9999;9999;9999;9999;9999;9999;9999;9999;9999;9999
13/02/2025 03:18:59.111;117;-1758.390;2834.704;265.900;303.000;137806.07;-1;192000;1;43.7524;14.6439;273.1621;35.9780;14.0376;208.0726;14.6454;25.9307;1511.2012;50;-0.0242;79;2.5452;78;0.000085736;0;9999;9999;9999;9999;9999;9999;9999;9999;9999;9999;9999;9999;9999;9999;9999;9999;9999;9999;9999;9999
13/02/2025 03:19:29.093;117;-1758.392;2834.705;263.000;304.000;137875.21;-1;192000;1;43.8071;14.6942;268.5837;35.9837;14.1057;207.6638;14.6946;25.9310;1511.2919;49;-0.0363;79;2.5452;79;0.000088798;0;9999;9999;9999;9999;9999;9999;9999;9999;9999;9999;9999;9999;9999;9999;9999;9999;9999;9999;9999;9999
13/02/2025 03:19:59.097;117;-1758.395;2834.705;257.100;308.000;137944.37;-1;192000;1;43.8484;14.7275;264.2219;35.9928;14.1673;208.3881;14.7291;25.8849;1511.3361;50;-0.0242;79;2.5452;77;0.000082674;0;9999;9999;9999;9999;9999;9999;9999;9999;9999;9999;9999;9999;9999;9999;9999;9999;9999;9999;9999;9999
13/02/2025 03:20:29.096;117;-1758.396;2834.705;254.400;309.000;138013.52;-1;192000;1;44.0605;14.9127;260.0026;36.0181;14.2352;208.4955;14.9092;25.8171;1511.8823;50;-0.0242;79;2.5452;80;0.000091860;0;9999;9999;9999;9999;9999;9999;9999;9999;9999;9999;9999;9999;9999;9999;9999;9999;9999;9999;9999;9999
13/02/2025 03:20:59.108;117;-1758.399;2834.706;248.900;305.000;138082.68;-1;192000;1;44.1189;14.9611;255.8036;36.0287;14.3158;208.3583;14.9610;25.8040;1511.9779;51;-0.0121;79;2.5452;78;0.000085736;0;9999;9999;9999;9999;9999;9999;9999;9999;9999;9999;9999;9999;9999;9999;9999;9999;9999;9999;9999;9999
13/02/2025 03:21:29.106;117;-1758.400;2834.706;246.200;304.000;138151.82;-1;192000;1;44.2534;15.0802;251.6858;36.0435;14.3942;208.7241;15.0790;25.7462;1512.3021;50;-0.0242;79;2.5452;78;0.000085736;0;9999;9999;9999;9999;9999;9999;9999;9999;9999;9999;9999;9999;9999;9999;9999;9999;9999;9999;9999;9999
13/02/2025 03:21:59.111;117;-1758.403;2834.706;240.900;307.000;138220.97;-1;192000;1;44.3224;15.1384;247.5348;36.0546;14.4724;209.3997;15.1384;25.6942;1512.4292;48;-0.0484;78;2.4543;77;0.000082674;0;9999;9999;9999;9999;9999;9999;9999;9999;9999;9999;9999;9999;9999;9999;9999;9999;9999;9999;9999;9999
13/02/2025 03:22:29.111;117;-1758.404;2834.706;238.200;308.000;138290.12;-1;192000;1;44.3655;15.1760;243.4002;36.0610;14.5484;209.2654;15.1767;25.6859;1512.4861;52;0.0000;79;2.5452;81;0.000094922;0;9999;9999;9999;9999;9999;9999;9999;9999;9999;9999;9999;9999;9999;9999;9999;9999;9999;9999;9999;9999
13/02/2025 03:22:59.114;117;-1758.406;2834.707;232.800;311.000;138359.28;-1;192000;1;44.4324;15.2305;239.2888;36.0733;14.6159;209.3642;15.2332;25.6608;1512.6032;50;-0.0242;78;2.4543;77;0.000082674;0;9999;9999;9999;9999;9999;9999;9999;9999;9999;9999;9999;9999;9999;9999;9999;9999;9999;9999;9999;9999
13/02/2025 03:23:29.114;117;-1758.407;2834.707;230.100;313.000;138428.42;-1;192000;1;44.7054;15.4617;235.2975;36.1104;14.6981;210.0731;15.4613;25.5505;1513.3022;50;-0.0242;78;2.4543;78;0.000085736;0;9999;9999;9999;9999;9999;9999;9999;9999;9999;9999;9999;9999;9999;9999;9999;9999;9999;9999;9999;9999
13/02/2025 03:23:59.114;117;-1758.409;2834.707;225.100;309.000;138497.57;-1;192000;1;44.8359;15.5759;231.4412;36.1253;14.7948;210.7408;15.5748;25.4814;1513.6106;50;-0.0242;77;2.3634;81;0.000094922;0;9999;9999;9999;9999;9999;9999;9999;9999;9999;9999;9999;9999;9999;9999;9999;9999;9999;9999;9999;9999
13/02/2025 03:24:29.115;117;-1758.410;2834.708;222.600;308.000;138566.72;138566.72;192000;1;44.8737;15.6092;227.5682;36.1305;14.8851;209.6708;15.6100;25.5159;1513.6558;50;-0.0242;78;2.4543;78;0.000085736;0;9999;9999;9999;9999;9999;9999;9999;9999;9999;9999;9999;9999;9999;9999;9999;9999;9999;9999;9999;9999
13/02/2025 03:24:59.087;117;-1758.413;2834.708;217.500;307.000;138635.86;-1;192000;1;44.9198;15.6467;223.6750;36.1394;14.9606;209.9919;15.6485;25.4872;1513.7178;51;-0.0121;78;2.4543;81;0.000094922;0;9999;9999;9999;9999;9999;9999;9999;9999;9999;9999;9999;9999;9999;9999;9999;9999;9999;9999;9999;9999
13/02/2025 03:25:29.109;117;-1758.414;2834.708;215.000;309.000;138705.01;-1;192000;1;45.0283;15.7407;219.6875;36.1526;15.0423;210.4449;15.7410;25.4349;1513.9579;50;-0.0242;78;2.4543;80;0.000091860;0;9999;9999;9999;9999;9999;9999;9999;9999;9999;9999;9999;9999;9999;9999;9999;9999;9999;9999;9999;9999
13/02/2025 03:25:59.115;117;-1758.416;2834.708;210.000;308.000;138774.16;138774.16;192000;1;45.1103;15.8064;215.8196;36.1679;15.1113;210.2224;15.8085;25.4206;1514.1143;50;-0.0242;78;2.4543;76;0.000079612;0;9999;9999;9999;9999;9999;9999;9999;9999;9999;9999;9999;9999;9999;9999;9999;9999;9999;9999;9999;9999
13/02/2025 03:26:29.100;117;-1758.417;2834.708;207.400;309.000;138843.31;-1;192000;1;45.2264;15.9086;211.9029;36.1804;15.1927;211.0973;15.9092;25.3471;1514.3787;50;-0.0242;77;2.3634;80;0.000091860;0;9999;9999;9999;9999;9999;9999;9999;9999;9999;9999;9999;9999;9999;9999;9999;9999;9999;9999;9999;9999
13/02/2025 03:26:59.093;117;-1758.419;2834.709;202.400;308.000;138912.46;-1;192000;1;45.2980;15.9690;208.0644;36.1909;15.2741;210.7758;15.9695;25.3399;1514.5129;50;-0.0242;78;2.4543;78;0.000085736;0;9999;9999;9999;9999;9999;9999;9999;9999;9999;9999;9999;9999;9999;9999;9999;9999;9999;9999;9999;9999
13/02/2025 03:27:29.106;117;-1758.420;2834.709;200.000;306.000;138981.61;138981.61;192000;1;45.4321;16.0814;204.2992;36.2098;15.3512;210.2574;16.0815;25.3242;1514.8170;50;-0.0242;78;2.4543;80;0.000091860;0;9999;9999;9999;9999;9999;9999;9999;9999;9999;9999;9999;9999;9999;9999;9999;9999;9999;9999;9999;9999
13/02/2025 03:27:59.100;117;-1758.423;2834.709;195.000;307.000;139050.77;-1;192000;1;45.4967;16.1343;200.4325;36.2209;15.4281;209.7866;16.1359;25.3255;1514.9276;51;-0.0121;78;2.4543;80;0.000091860;0;9999;9999;9999;9999;9999;9999;9999;9999;9999;9999;9999;9999;9999;9999;9999;9999;9999;9999;9999;9999
13/02/2025 03:28:29.114;117;-1758.424;2834.709;192.600;308.000;139119.92;-1;192000;1;45.6868;16.2950;196.7185;36.2456;15.5175;209.0563;16.2937;25.3043;1515.3849;49;-0.0363;79;2.5452;81;0.000094922;0;9999;9999;9999;9999;9999;9999;9999;9999;9999;9999;9999;9999;9999;9999;9999;9999;9999;9999;9999;9999
13/02/2025 03:28:59.088;117;-1758.426;2834.709;187.900;308.000;139189.06;139189.06;192000;1;45.9472;16.5145;193.2518;36.2786;15.6108;209.5249;16.5109;25.2104;1516.0318;50;-0.0242;78;2.4543;79;0.000088798;0;9999;9999;9999;9999;9999;9999;9999;9999;9999;9999;9999;9999;9999;9999;9999;9999;9999;9999;9999;9999
13/02/2025 03:29:29.098;117;-1758.426;2834.709;185.600;312.000;139258.21;-1;192000;1;45.9982;16.5593;189.5525;36.2846;15.7185;210.1823;16.5596;25.1641;1516.1129;50;-0.0242;78;2.4543;83;0.000101046;0;9999;9999;9999;9999;9999;9999;9999;9999;9999;9999;9999;9999;9999;9999;9999;9999;9999;9999;9999;9999
13/02/2025 03:29:59.114;117;-1758.428;2834.709;180.800;310.000;139327.37;-1;192000;1;46.2285;16.7527;185.9333;36.3142;15.8219;210.0115;16.7491;25.1081;1516.6701;49;-0.0363;77;2.3634;82;0.000097984;0;9999;9999;9999;9999;9999;9999;9999;9999;9999;9999;9999;9999;9999;9999;9999;9999;9999;9999;9999;9999
13/02/2025 03:30:29.109;117;-1758.429;2834.709;178.500;308.000;139396.52;139396.52;192000;1;46.2515;16.7750;182.3794;36.3156;15.9251;210.4667;16.7748;25.0786;1516.6798;50;-0.0242;77;2.3634;79;0.000088798;0;9999;9999;9999;9999;9999;9999;9999;9999;9999;9999;9999;9999;9999;9999;9999;9999;9999;9999;9999;9999
13/02/2025 03:30:59.114;117;-1758.431;2834.709;173.900;307.000;139465.67;-1;192000;1;46.2748;16.7969;178.7037;36.3178;16.0137;211.0458;16.7980;25.0445;1516.6871;52;0.0000;78;2.4543;81;0.000094922;0;9999;9999;9999;9999;9999;9999;9999;9999;9999;9999;9999;9999;9999;9999;9999;9999;9999;9999;9999;9999
13/02/2025 03:31:29.115;117;-1758.432;2834.710;171.500;309.000;139534.82;-1;192000;1;46.4855;16.9728;174.9751;36.3454;16.0980;211.3531;16.9693;24.9737;1517.1841;50;-0.0242;77;2.3634;80;0.000091860;0;9999;9999;9999;9999;9999;9999;9999;9999;9999;9999;9999;9999;9999;9999;9999;9999;9999;9999;9999;9999
13/02/2025 03:31:59.090;117;-1758.434;2834.710;166.800;318.000;139603.97;139603.97;192000;1;46.7752;17.2153;171.4582;36.3816;16.2110;211.0143;17.2122;24.9083;1517.8900;50;-0.0242;77;2.3634;82;0.000097984;0;9999;9999;9999;9999;9999;9999;9999;9999;9999;9999;9999;9999;9999;9999;9999;9999;9999;9999;9999;9999
13/02/2025 03:32:29.108;117;-1758.434;2834.710;164.600;316.000;139673.12;-1;192000;1;46.8493;17.2710;167.8920;36.3975;16.3279;211.6895;17.2722;24.8578;1518.0143;53;0.0121;76;2.2725;81;0.000094922;0;9999;9999;9999;9999;9999;9999;9999;9999;9999;9999;9999;9999;9999;9999;9999;9999;9999;9999;9999;9999
13/02/2025 03:32:59.114;117;-1758.436;2834.711;160.000;314.000;139742.27;-1;192000;1;46.8768;17.3008;164.2584;36.3960;16.4343;212.0440;17.3009;24.8323;1518.0406;52;0.0000;77;2.3634;80;0.000091860;0;9999;9999;9999;9999;9999;9999;9999;9999;9999;9999;9999;9999;9999;9999;9999;9999;9999;9999;9999;9999
13/02/2025 03:33:29.112;117;-1758.437;2834.711;157.500;314.000;139811.42;139811.42;192000;1;47.0665;17.4564;160.6576;36.4225;16.5263;211.2889;17.4552;24.8140;1518.4714;51;-0.0121;76;2.2725;82;0.000097984;0;9999;9999;9999;9999;9999;9999;9999;9999;9999;9999;9999;9999;9999;9999;9999;9999;9999;9999;9999;9999
13/02/2025 03:33:59.102;117;-1758.439;2834.711;153.000;309.000;139880.57;-1;192000;1;47.3096;17.6593;157.1328;36.4525;16.6426;213.5834;17.6582;24.6482;1519.0443;52;0.0000;76;2.2725;82;0.000097984;0;9999;9999;9999;9999;9999;9999;9999;9999;9999;9999;9999;9999;9999;9999;9999;9999;9999;9999;9999;9999
13/02/2025 03:34:29.098;117;-1758.440;2834.711;150.800;310.000;139949.72;-1;192000;1;47.7136;17.9968;153.4455;36.4999;16.7708;214.9274;17.9896;24.4838;1520.0233;58;0.0726;75;2.1816;85;0.000107170;0;9999;9999;9999;9999;9999;9999;9999;9999;9999;9999;9999;9999;9999;9999;9999;9999;9999;9999;9999;9999
13/02/2025 03:34:59.113;117;-1758.442;2834.712;145.900;317.000;140018.87;140018.87;192000;1;47.7740;18.0466;149.8604;36.5087;16.9151;214.8704;18.0448;24.4674;1520.1185;55;0.0363;76;2.2725;85;0.000107170;0;9999;9999;9999;9999;9999;9999;9999;9999;9999;9999;9999;9999;9999;9999;9999;9999;9999;9999;9999;9999
13/02/2025 03:35:29.115;117;-1758.442;2834.713;143.700;317.000;140088.02;-1;192000;1;48.0070;18.2218;145.8949;36.5535;17.0489;215.7403;18.2238;24.3715;1520.6112;57;0.0605;75;2.1816;89;0.000119418;0;9999;9999;9999;9999;9999;9999;9999;9999;9999;9999;9999;9999;9999;9999;9999;9999;9999;9999;9999;9999
13/02/2025 03:35:59.111;117;-1758.444;2834.713;138.400;315.000;140157.17;-1;192000;1;48.1794;18.3744;141.7997;36.5663;17.1926;216.2988;18.3732;24.3002;1520.9979;57;0.0605;75;2.1816;88;0.000116356;0;9999;9999;9999;9999;9999;9999;9999;9999;9999;9999;9999;9999;9999;9999;9999;9999;9999;9999;9999;9999
13/02/2025 03:36:29.098;117;-1758.445;2834.714;135.800;312.000;140226.32;140226.32;192000;1;48.2718;18.4445;137.6707;36.5842;17.3238;216.9586;18.4460;24.2479;1521.1512;58;0.0726;75;2.1816;91;0.000125542;0;9999;9999;9999;9999;9999;9999;9999;9999;9999;9999;9999;9999;9999;9999;9999;9999;9999;9999;9999;9999
13/02/2025 03:36:59.091;117;-1758.447;2834.714;130.400;309.000;140295.47;-1;192000;1;48.5259;18.6383;133.2861;36.6294;17.4487;217.7238;18.6341;24.1547;1521.6849;59;0.0847;74;2.0907;89;0.000119418;0;9999;9999;9999;9999;9999;9999;9999;9999;9999;9999;9999;9999;9999;9999;9999;9999;9999;9999;9999;9999
13/02/2025 03:37:29.112;117;-1758.449;2834.715;127.500;310.000;140364.62;-1;192000;1;48.9412;18.9651;128.6821;36.6922;17.6156;220.7338;18.9629;23.9257;1522.6093;63;0.1331;73;1.9998;90;0.000122480;0;9999;9999;9999;9999;9999;9999;9999;9999;9999;9999;9999;9999;9999;9999;9999;9999;9999;9999;9999;9999
13/02/2025 03:37:59.113;117;-1758.451;2834.715;121.500;314.000;140433.77;140433.77;192000;1;49.0883;19.0831;124.0531;36.7133;17.7740;222.1190;19.0811;23.8311;1522.8898;64;0.1452;74;2.0907;93;0.000131666;0;9999;9999;9999;9999;9999;9999;9999;9999;9999;9999;9999;9999;9999;9999;9999;9999;9999;9999;9999;9999
13/02/2025 03:38:29.115;117;-1758.453;2834.716;118.500;314.000;140502.91;-1;192000;1;50.0897;19.8224;119.6603;36.8983;17.9460;230.8770;19.8053;23.2578;1525.0913;70;0.2178;72;1.9089;96;0.000140852;0;9999;9999;9999;9999;9999;9999;9999;9999;9999;9999;9999;9999;9999;9999;9999;9999;9999;9999;9999;9999
13/02/2025 03:38:59.108;117;-1758.455;2834.717;113.200;313.000;140572.07;-1;192000;1;50.2588;19.9679;115.4455;36.9118;18.1853;235.3728;19.9620;23.0378;1525.4379;72;0.2420;70;1.7271;96;0.000140852;0;9999;9999;9999;9999;9999;9999;9999;9999;9999;9999;9999;9999;9999;9999;9999;9999;9999;9999;9999;9999
13/02/2025 03:39:29.115;117;-1758.456;2834.717;110.300;312.000;140641.22;140641.22;192000;1;50.2743;19.9808;110.9387;36.9150;18.3881;236.0979;19.9806;23.0034;1525.4020;74;0.2662;70;1.7271;94;0.000134728;0;9999;9999;9999;9999;9999;9999;9999;9999;9999;9999;9999;9999;9999;9999;9999;9999;9999;9999;9999;9999
13/02/2025 03:39:59.110;117;-1758.458;2834.718;104.500;311.000;140710.37;-1;192000;1;50.4182;20.0819;106.1907;36.9468;18.5546;232.5925;20.0810;23.1049;1525.6366;67;0.1815;72;1.9089;93;0.000131666;0;9999;9999;9999;9999;9999;9999;9999;9999;9999;9999;9999;9999;9999;9999;9999;9999;9999;9999;9999;9999
13/02/2025 03:40:29.106;117;-1758.460;2834.718;101.500;308.000;140779.52;-1;192000;1;50.4995;20.1456;101.2262;36.9596;18.7227;231.5609;20.1478;23.1232;1525.7430;66;0.1694;72;1.9089;93;0.000131666;0;9999;9999;9999;9999;9999;9999;9999;9999;9999;9999;9999;9999;9999;9999;9999;9999;9999;9999;9999;9999
13/02/2025 03:40:59.099;117;-1758.463;2834.719;95.100;308.000;140848.67;140848.67;192000;1;50.5200;20.1632;96.2319;36.9629;18.8687;233.7525;20.1661;23.0323;1525.7116;68;0.1936;70;1.7271;101;0.000156162;0;9999;9999;9999;9999;9999;9999;9999;9999;9999;9999;9999;9999;9999;9999;9999;9999;9999;9999;9999;9999
13/02/2025 03:41:29.110;117;-1758.465;2834.720;91.900;308.000;140917.82;-1;192000;1;50.5240;20.1657;91.2704;36.9659;18.9928;233.1605;20.1703;23.0521;1525.6392;69;0.2057;70;1.7271;96;0.000140852;0;9999;9999;9999;9999;9999;9999;9999;9999;9999;9999;9999;9999;9999;9999;9999;9999;9999;9999;9999;9999
13/02/2025 03:41:59.106;117;-1758.468;2834.720;85.600;309.000;140986.97;-1;192000;1;50.5285;20.1724;86.4159;36.9656;19.1029;232.1961;20.1763;23.0860;1525.5763;70;0.2178;70;1.7271;98;0.000146976;0;9999;9999;9999;9999;9999;9999;9999;9999;9999;9999;9999;9999;9999;9999;9999;9999;9999;9999;9999;9999
13/02/2025 03:42:29.115;117;-1758.469;2834.721;82.400;309.000;141056.12;141056.12;192000;1;50.5277;20.1731;81.5779;36.9660;19.1991;234.5752;20.1775;22.9933;1525.4980;69;0.2057;70;1.7271;98;0.000146976;0;9999;9999;9999;9999;9999;9999;9999;9999;9999;9999;9999;9999;9999;9999;9999;9999;9999;9999;9999;9999
13/02/2025 03:42:59.114;117;-1758.472;2834.722;76.300;310.000;141125.27;-1;192000;1;50.5597;20.1984;76.8012;36.9720;19.2815;233.1643;20.2026;23.0382;1525.4943;68;0.1936;71;1.8180;102;0.000159224;0;9999;9999;9999;9999;9999;9999;9999;9999;9999;9999;9999;9999;9999;9999;9999;9999;9999;9999;9999;9999
13/02/2025 03:43:29.107;117;-1758.474;2834.722;73.200;309.000;141194.42;-1;192000;1;50.5529;20.2042;72.0593;36.9631;19.3598;234.0033;20.2080;23.0037;1525.4212;70;0.2178;70;1.7271;102;0.000159224;0;9999;9999;9999;9999;9999;9999;9999;9999;9999;9999;9999;9999;9999;9999;9999;9999;9999;9999;9999;9999
13/02/2025 03:43:59.116;117;-1758.476;2834.723;67.100;311.000;141263.57;141263.57;192000;1;50.5339;20.1953;67.2716;36.9571;19.4283;233.4599;20.2000;23.0257;1525.3103;73;0.2541;70;1.7271;100;0.000153100;0;9999;9999;9999;9999;9999;9999;9999;9999;9999;9999;9999;9999;9999;9999;9999;9999;9999;9999;9999;9999
13/02/2025 03:44:29.112;117;-1758.478;2834.723;64.000;313.000;141332.72;-1;192000;1;50.5510;20.2112;62.5311;36.9589;19.4909;234.0851;20.2156;22.9959;1525.2768;68;0.1936;69;1.6362;102;0.000159224;0;9999;9999;9999;9999;9999;9999;9999;9999;9999;9999;9999;9999;9999;9999;9999;9999;9999;9999;9999;9999
13/02/2025 03:44:59.112;117;-1758.480;2834.724;57.900;312.000;141401.87;-1;192000;1;50.5974;20.2478;57.9340;36.9667;19.5475;234.1499;20.2513;22.9815;1525.3090;60;0.0968;70;1.7271;96;0.000140852;0;9999;9999;9999;9999;9999;9999;9999;9999;9999;9999;9999;9999;9999;9999;9999;9999;9999;9999;9999;9999
13/02/2025 03:45:29.116;117;-1758.482;2834.725;54.900;312.000;141471.02;141471.02;192000;1;50.6670;20.3035;53.2476;36.9768;19.6080;235.0417;20.3071;22.9297;1525.3943;57;0.0605;70;1.7271;94;0.000134728;0;9999;9999;9999;9999;9999;9999;9999;9999;9999;9999;9999;9999;9999;9999;9999;9999;9999;9999;9999;9999
13/02/2025 03:45:59.114;117;-1758.484;2834.726;48.800;313.000;141540.16;-1;192000;1;50.6947;20.3283;48.6402;36.9795;19.6704;233.9979;20.3316;22.9609;1525.3882;56;0.0484;69;1.6362;94;0.000134728;0;9999;9999;9999;9999;9999;9999;9999;9999;9999;9999;9999;9999;9999;9999;9999;9999;9999;9999;9999;9999
13/02/2025 03:46:29.110;117;-1758.485;2834.726;45.900;313.000;141609.32;-1;192000;1;50.7224;20.3518;44.1826;36.9833;19.7230;234.3999;20.3549;22.9375;1525.3822;56;0.0484;69;1.6362;96;0.000140852;0;9999;9999;9999;9999;9999;9999;9999;9999;9999;9999;9999;9999;9999;9999;9999;9999;9999;9999;9999;9999
13/02/2025 03:46:59.109;117;-1758.488;2834.727;40.200;311.000;141678.47;141678.47;192000;1;50.7766;20.3929;39.7140;36.9934;19.7756;234.7477;20.3963;22.9106;1525.4309;56;0.0484;68;1.5453;97;0.000143914;0;9999;9999;9999;9999;9999;9999;9999;9999;9999;9999;9999;9999;9999;9999;9999;9999;9999;9999;9999;9999
13/02/2025 03:47:29.108;117;-1758.489;2834.727;37.200;310.000;141747.61;-1;192000;1;50.8185;20.4260;35.2148;37.0005;19.8243;233.9500;20.4284;22.9302;1525.4538;55;0.0363;69;1.6362;98;0.000146976;0;9999;9999;9999;9999;9999;9999;9999;9999;9999;9999;9999;9999;9999;9999;9999;9999;9999;9999;9999;9999
13/02/2025 03:47:59.114;117;-1758.492;2834.728;31.400;310.000;141816.77;-1;192000;1;50.8356;20.4387;30.7152;37.0050;19.8787;233.6873;20.4424;22.9346;1525.4183;57;0.0605;70;1.7271;95;0.000137790;0;9999;9999;9999;9999;9999;9999;9999;9999;9999;9999;9999;9999;9999;9999;9999;9999;9999;9999;9999;9999
13/02/2025 03:48:29.099;117;-1758.493;2834.728;28.400;310.000;141885.91;141885.91;192000;1;50.8466;20.4490;26.1377;37.0067;19.9234;232.2577;20.4524;22.9850;1525.3719;56;0.0484;70;1.7271;98;0.000146976;0;9999;9999;9999;9999;9999;9999;9999;9999;9999;9999;9999;9999;9999;9999;9999;9999;9999;9999;9999;9999
13/02/2025 03:48:59.108;117;-1758.496;2834.729;22.500;311.000;141955.07;-1;192000;1;50.8906;20.4819;21.5141;37.0157;19.9681;232.1042;20.4847;22.9800;1525.3942;55;0.0363;69;1.6362;99;0.000150038;0;9999;9999;9999;9999;9999;9999;9999;9999;9999;9999;9999;9999;9999;9999;9999;9999;9999;9999;9999;9999
13/02/2025 03:49:29.108;117;-1758.497;2834.730;19.400;309.000;142024.22;-1;192000;1;50.9109;20.4984;16.7831;37.0196;20.0127;233.1588;20.5017;22.9331;1525.3644;56;0.0484;69;1.6362;103;0.000162286;0;9999;9999;9999;9999;9999;9999;9999;9999;9999;9999;9999;9999;9999;9999;9999;9999;9999;9999;9999;9999
13/02/2025 03:49:59.112;117;-1758.500;2834.730;13.300;309.000;142093.37;-1;192000;1;50.9405;20.5240;12.1055;37.0232;20.0496;231.6337;20.5264;22.9830;1525.3599;54;0.0242;67;1.4544;125;0.000229650;0;9999;9999;9999;9999;9999;9999;9999;9999;9999;9999;9999;9999;9999;9999;9999;9999;9999;9999;9999;9999
13/02/2025 03:50:29.098;117;-1758.501;2834.731;10.400;310.000;142162.52;-1;192000;1;50.9717;20.5510;7.5135;37.0267;20.0903;230.8257;20.5532;23.0051;1525.3604;54;0.0242;68;1.5453;99;0.000150038;0;9999;9999;9999;9999;9999;9999;9999;9999;9999;9999;9999;9999;9999;9999;9999;9999;9999;9999;9999;9999
13/02/2025 03:50:59.096;115;-1758.505;2834.732;3.100;308.000;142231.67;-1;192000;1;50.9483;20.5289;2.6706;37.0288;20.1271;231.3299;20.5333;22.9897;1525.2220;55;0.0363;69;1.6362;100;0.000153100;0;9999;9999;9999;9999;9999;9999;9999;9999;9999;9999;9999;9999;9999;9999;9999;9999;9999;9999;9999;9999
13/02/2025 03:51:29.103;115;-1758.506;2834.731;2.400;237.000;142300.83;-1;192000;1;50.9560;20.5372;2.9790;37.0277;20.1562;231.6766;20.5442;22.9734;1525.2485;55;0.0363;67;1.4544;102;0.000159224;0;9999;9999;9999;9999;9999;9999;9999;9999;9999;9999;9999;9999;9999;9999;9999;9999;9999;9999;9999;9999
13/02/2025 03:51:59.095;119;-1758.507;2834.730;0.100;292.000;142441.28;-1;192000;0;50.9506;20.5303;1.4122;37.0298;20.1794;231.7633;20.5403;22.9706;1525.2060;55;0.0363;68;1.5453;101;0.000156162;0;9999;9999;9999;9999;9999;9999;9999;9999;9999;9999;9999;9999;9999;9999;9999;9999;9999;9999;9999;9999
13/02/2025 03:52:15.044;119;-1758.401;2834.651;0.000;338.000;142441.3;142441.3;192000;0;50.9412;20.5251;1.5087;37.0267;20.1910;231.2185;20.5349;22.9933;1525.1900;58;0.0726;70;1.7271;93;0.000131666;0;9999;9999;9999;9999;9999;9999;9999;9999;9999;9999;9999;9999;9999;9999;9999;9999;9999;9999;9999;9999
