PLD_REALTIMECLOCK;NAV_RESOURCE;NAV_LONGITUDE;NAV_LATITUDE;NAV_DEPTH;NAV_HEADING;SD_CARD_USAGE;SSD_USAGE;ACQUISITION_FREQ;RECORDING;LEGATO_CONDUCTIVITY;LEGATO_TEMPERATURE;LEGATO_PRESSURE;LEGATO_SALINITY;LEGATO_CONDTEMP;LEGATO_CODA_DO;LEGATO_CODA_TEMPERATURE;LEGATO_CODA_CORR_PHASE;LEGATO_SOUND_VELOCITY;FLBBCD_CHL_COUNT;FLBBCD_CHL_SCALED;FLBBCD_CDOM_COUNT;FLBBCD_CDOM_SCALED;FLBBCD_BB_700_COUNT;FLBBCD_BB_700_SCALED;User_Field1;User_Field2;User_Field3;User_Field4;User_Field5;User_Field6;User_Field7;User_Field8;User_Field9;User_Field10;BS_HEADING;BS_ZB;BS_ZT;BS_PU;BS_PD;BS_BU;BS_BD;BS_SR;BS_ALTIMETER.ENABLE;BS_ALTIMETER.VALUE;BS_CURRENT.CORRECTION.ENABLE
13/02/2025 09:00:28.013;119;-1758.644;2836.731;0.300;61.000;182494.18;-1;192000;0;50.9531;20.5319;1.4277;37.0305;20.2123;232.2344;20.5422;22.9519;1525.2113;65;0.1573;61;0.9090;270;0.000673640;0;9999;9999;9999;9999;9999;9999;9999;9999;9999;9999;9999;9999;9999;9999;9999;9999;9999;9999;9999;9999
13/02/2025 09:00:58.050;116;-1758.645;2836.731;0.000;71.000;182494.19;-1;192000;0;50.9551;20.5394;1.5273;37.0255;20.2336;231.1829;20.5420;22.9928;1525.2277;-88;-1.6940;69;1.6362;95;0.000137790;0;9999;9999;9999;9999;9999;9999;9999;9999;9999;9999;9999;9999;9999;9999;9999;9999;9999;9999;9999;9999
13/02/2025 09:01:28.051;116;-1758.645;2836.732;0.300;61.000;182494.22;-1;192000;0;50.9596;20.5419;1.3890;37.0271;20.2510;231.3761;20.5478;22.9835;1525.2340;87;0.4235;71;1.8180;88;0.000116356;0;9999;9999;9999;9999;9999;9999;9999;9999;9999;9999;9999;9999;9999;9999;9999;9999;9999;9999;9999;9999
13/02/2025 09:01:58.040;116;-1758.645;2836.734;0.200;69.000;182494.24;-1;192000;0;50.9629;20.5413;1.3942;37.0303;20.2723;230.8740;20.5484;23.0026;1525.2360;73;0.2541;70;1.7271;25;-0.000076550;0;9999;9999;9999;9999;9999;9999;9999;9999;9999;9999;9999;9999;9999;9999;9999;9999;9999;9999;9999;9999
13/02/2025 09:02:28.046;116;-1758.645;2836.734;0.200;69.000;182494.27;-1;192000;0;50.9627;20.5433;1.5095;37.0284;20.2858;230.6545;20.5479;23.0114;1525.2413;35;-0.2057;64;1.1817;191;0.000431742;0;9999;9999;9999;9999;9999;9999;9999;9999;9999;9999;9999;9999;9999;9999;9999;9999;9999;9999;9999;9999
13/02/2025 09:02:58.049;116;-1758.647;2836.736;0.200;74.000;182494.29;-1;192000;0;50.9657;20.5456;1.4095;37.0288;20.3013;231.3409;20.5496;22.9843;1525.2463;105;0.6413;73;1.9998;87;0.000113294;0;9999;9999;9999;9999;9999;9999;9999;9999;9999;9999;9999;9999;9999;9999;9999;9999;9999;9999;9999;9999
13/02/2025 09:03:28.046;116;-1758.647;2836.736;0.200;74.000;182494.31;-1;192000;0;50.9653;20.5443;1.3724;37.0297;20.3167;229.8833;20.5509;23.0402;1525.2431;130;0.9438;50;-0.0909;76;0.000079612;0;9999;9999;9999;9999;9999;9999;9999;9999;9999;9999;9999;9999;9999;9999;9999;9999;9999;9999;9999;9999
13/02/2025 09:03:58.051;116;-1758.647;2836.736;0.200;74.000;182494.33;-1;192000;0;50.9645;20.5454;1.4440;37.0280;20.3322;230.5626;20.5484;23.0148;1525.2454;51;-0.0121;59;0.7272;165;0.000352130;0;9999;9999;9999;9999;9999;9999;9999;9999;9999;9999;9999;9999;9999;9999;9999;9999;9999;9999;9999;9999
13/02/2025 09:04:28.029;116;-1758.649;2836.738;0.200;52.000;182494.34;-1;192000;0;50.9656;20.5461;1.4142;37.0283;20.3496;231.6891;20.5540;22.9697;1525.2471;50;-0.0242;65;1.2726;49;-0.000003062;0;9999;9999;9999;9999;9999;9999;9999;9999;9999;9999;9999;9999;9999;9999;9999;9999;9999;9999;9999;9999
13/02/2025 09:04:58.020;110;-1758.649;2836.739;0.000;70.000;182494.37;-1;192000;1;50.9691;20.5499;1.4696;37.0279;20.3592;231.5865;20.5536;22.9738;1525.2579;170;1.4278;69;1.6362;-27;-0.000235774;0;9999;9999;9999;9999;9999;9999;9999;9999;9999;9999;9999;9999;9999;9999;9999;9999;9999;9999;9999;9999
13/02/2025 09:05:28.034;110;-1758.649;2836.740;1.200;87.000;182563.53;-1;192000;1;50.9634;20.5407;2.9572;37.0306;20.3689;231.8330;20.5498;22.9656;1525.2608;76;0.2904;66;1.3635;95;0.000137790;0;9999;9999;9999;9999;9999;9999;9999;9999;9999;9999;9999;9999;9999;9999;9999;9999;9999;9999;9999;9999
13/02/2025 09:05:58.024;100;-1758.644;2836.740;6.600;107.000;182632.68;-1;192000;1;50.9803;20.5561;8.3102;37.0290;20.3863;231.9174;20.5580;22.9617;1525.3900;54;0.0242;67;1.4544;98;0.000146976;0;9999;9999;9999;9999;9999;9999;9999;9999;9999;9999;9999;9999;9999;9999;9999;9999;9999;9999;9999;9999
13/02/2025 09:06:28.048;100;-1758.641;2836.739;10.900;117.000;182701.83;-1;192000;1;50.9755;20.5508;14.6524;37.0274;20.3978;230.8406;20.5517;23.0069;1525.4797;54;0.0242;71;1.8180;96;0.000140852;0;9999;9999;9999;9999;9999;9999;9999;9999;9999;9999;9999;9999;9999;9999;9999;9999;9999;9999;9999;9999
13/02/2025 09:06:58.039;100;-1758.633;2836.739;20.900;99.000;182770.99;-1;192000;1;50.9767;20.5496;22.5893;37.0264;20.4094;232.6354;20.5519;22.9402;1525.6077;55;0.0363;67;1.4544;95;0.000137790;0;9999;9999;9999;9999;9999;9999;9999;9999;9999;9999;9999;9999;9999;9999;9999;9999;9999;9999;9999;9999
13/02/2025 09:07:28.042;100;-1758.628;2836.740;26.000;85.000;182840.13;-1;192000;1;50.9847;20.5522;30.2922;37.0278;20.4210;232.2321;20.5543;22.9571;1525.7448;55;0.0363;70;1.7271;103;0.000162286;0;9999;9999;9999;9999;9999;9999;9999;9999;9999;9999;9999;9999;9999;9999;9999;9999;9999;9999;9999;9999
13/02/2025 09:07:58.045;100;-1758.620;2836.745;34.900;63.000;182909.29;-1;192000;1;50.8418;20.4437;36.9684;37.0034;20.4326;232.9225;20.4469;22.9644;1525.5344;55;0.0363;69;1.6362;100;0.000153100;0;9999;9999;9999;9999;9999;9999;9999;9999;9999;9999;9999;9999;9999;9999;9999;9999;9999;9999;9999;9999
13/02/2025 09:08:28.046;100;-1758.616;2836.748;39.200;59.000;182978.44;-1;192000;1;50.8259;20.4291;43.6434;37.0007;20.4191;233.3616;20.4317;22.9540;1525.6030;55;0.0363;71;1.8180;101;0.000156162;0;9999;9999;9999;9999;9999;9999;9999;9999;9999;9999;9999;9999;9999;9999;9999;9999;9999;9999;9999;9999
13/02/2025 09:08:58.047;100;-1758.609;2836.754;48.100;56.000;183047.59;-1;192000;1;50.8223;20.4237;50.5891;36.9999;20.4114;234.1120;20.4254;22.9293;1525.7033;58;0.0726;70;1.7271;101;0.000156162;0;9999;9999;9999;9999;9999;9999;9999;9999;9999;9999;9999;9999;9999;9999;9999;9999;9999;9999;9999;9999
13/02/2025 09:09:28.035;100;-1758.606;2836.757;52.600;56.000;183116.73;-1;192000;1;50.6766;20.3175;57.4123;36.9708;20.4075;235.3029;20.3168;22.9186;1525.4952;58;0.0726;71;1.8180;100;0.000153100;0;9999;9999;9999;9999;9999;9999;9999;9999;9999;9999;9999;9999;9999;9999;9999;9999;9999;9999;9999;9999
13/02/2025 09:09:58.023;100;-1758.599;2836.763;61.600;53.000;183185.9;-1;192000;1;50.6062;20.2548;64.4219;36.9654;20.3844;236.0122;20.2572;22.9111;1525.4349;60;0.0968;69;1.6362;99;0.000150038;0;9999;9999;9999;9999;9999;9999;9999;9999;9999;9999;9999;9999;9999;9999;9999;9999;9999;9999;9999;9999
13/02/2025 09:10:28.044;100;-1758.596;2836.767;66.100;52.000;183255.04;-1;192000;1;50.6053;20.2504;71.3404;36.9659;20.3592;234.6697;20.2516;22.9655;1525.5387;62;0.1210;70;1.7271;100;0.000153100;0;9999;9999;9999;9999;9999;9999;9999;9999;9999;9999;9999;9999;9999;9999;9999;9999;9999;9999;9999;9999
13/02/2025 09:10:58.030;100;-1758.590;2836.774;75.200;47.000;183324.18;-1;192000;1;50.5855;20.2281;78.4044;36.9665;20.3418;234.1518;20.2281;22.9940;1525.5962;69;0.2057;71;1.8180;98;0.000146976;0;9999;9999;9999;9999;9999;9999;9999;9999;9999;9999;9999;9999;9999;9999;9999;9999;9999;9999;9999;9999
13/02/2025 09:11:28.048;100;-1758.587;2836.777;79.900;46.000;183393.33;-1;192000;1;50.4988;20.1537;85.6857;36.9578;20.3187;232.3345;20.1558;23.0868;1525.5041;66;0.1694;70;1.7271;98;0.000146976;0;9999;9999;9999;9999;9999;9999;9999;9999;9999;9999;9999;9999;9999;9999;9999;9999;9999;9999;9999;9999
13/02/2025 09:11:58.048;100;-1758.582;2836.785;89.000;37.000;183462.48;-1;192000;1;50.2684;19.9872;92.7024;36.9113;20.2877;231.8609;19.9901;23.1574;1525.1116;65;0.1573;71;1.8180;94;0.000134728;0;9999;9999;9999;9999;9999;9999;9999;9999;9999;9999;9999;9999;9999;9999;9999;9999;9999;9999;9999;9999
13/02/2025 09:12:28.044;100;-1758.580;2836.789;93.600;35.000;183531.63;-1;192000;1;50.2229;19.9480;99.7274;36.9055;20.2374;233.4583;19.9511;23.1096;1525.1141;67;0.1815;71;1.8180;96;0.000140852;0;9999;9999;9999;9999;9999;9999;9999;9999;9999;9999;9999;9999;9999;9999;9999;9999;9999;9999;9999;9999
13/02/2025 09:12:58.025;100;-1758.575;2836.797;102.300;39.000;183600.79;-1;192000;1;49.9760;19.7580;106.4123;36.8657;20.1910;232.3153;19.7612;23.2127;1524.6556;66;0.1694;72;1.9089;94;0.000134728;0;9999;9999;9999;9999;9999;9999;9999;9999;9999;9999;9999;9999;9999;9999;9999;9999;9999;9999;9999;9999
13/02/2025 09:13:28.047;100;-1758.573;2836.801;107.000;37.000;183669.93;-1;192000;1;49.5574;19.4917;113.6395;36.7493;20.1290;228.4389;19.4885;23.4520;1523.9044;66;0.1694;74;2.0907;97;0.000143914;0;9999;9999;9999;9999;9999;9999;9999;9999;9999;9999;9999;9999;9999;9999;9999;9999;9999;9999;9999;9999
13/02/2025 09:13:58.034;100;-1758.569;2836.809;116.200;27.000;183739.08;-1;192000;1;48.5163;18.6641;120.7983;36.6030;19.9700;219.8304;18.6711;24.0535;1521.5210;62;0.1210;74;2.0907;92;0.000128604;0;9999;9999;9999;9999;9999;9999;9999;9999;9999;9999;9999;9999;9999;9999;9999;9999;9999;9999;9999;9999
13/02/2025 09:14:28.047;100;-1758.567;2836.814;121.200;28.000;183808.24;-1;192000;1;48.0193;18.2683;128.3585;36.5292;19.7639;217.1309;18.2692;24.2951;1520.4263;57;0.0605;76;2.2725;176;0.000385812;0;9999;9999;9999;9999;9999;9999;9999;9999;9999;9999;9999;9999;9999;9999;9999;9999;9999;9999;9999;9999
13/02/2025 09:14:58.039;100;-1758.563;2836.823;130.100;32.000;183877.38;-1;192000;1;47.7078;18.0034;135.1473;36.4961;19.5378;215.6518;18.0116;24.4408;1519.7340;55;0.0363;75;2.1816;85;0.000107170;0;9999;9999;9999;9999;9999;9999;9999;9999;9999;9999;9999;9999;9999;9999;9999;9999;9999;9999;9999;9999
13/02/2025 09:15:28.048;100;-1758.561;2836.826;134.200;35.000;183946.53;-1;192000;1;47.6931;17.9812;141.8087;36.5008;19.3422;215.1572;17.9846;24.4719;1519.7855;56;0.0484;74;2.0907;84;0.000104108;0;9999;9999;9999;9999;9999;9999;9999;9999;9999;9999;9999;9999;9999;9999;9999;9999;9999;9999;9999;9999
13/02/2025 09:15:58.043;100;-1758.557;2836.834;143.000;39.000;184015.69;-1;192000;1;47.5845;17.9003;148.8082;36.4769;19.1874;214.7699;17.9039;24.5169;1519.6389;53;0.0121;76;2.2725;84;0.000104108;0;9999;9999;9999;9999;9999;9999;9999;9999;9999;9999;9999;9999;9999;9999;9999;9999;9999;9999;9999;9999
13/02/2025 09:16:28.048;100;-1758.554;2836.838;147.900;46.000;184084.82;-1;192000;1;47.3764;17.7227;156.4123;36.4536;19.0223;214.2529;17.7231;24.5988;1519.2195;51;-0.0121;76;2.2725;84;0.000104108;0;9999;9999;9999;9999;9999;9999;9999;9999;9999;9999;9999;9999;9999;9999;9999;9999;9999;9999;9999;9999
13/02/2025 09:16:58.047;100;-1758.546;2836.844;157.900;56.000;184153.99;-1;192000;1;46.9337;17.3508;164.1362;36.4007;18.8589;213.3556;17.3564;24.7576;1518.1921;51;-0.0121;76;2.2725;81;0.000094922;0;9999;9999;9999;9999;9999;9999;9999;9999;9999;9999;9999;9999;9999;9999;9999;9999;9999;9999;9999;9999
13/02/2025 09:17:28.023;100;-1758.543;2836.847;162.100;49.000;184223.13;-1;192000;1;46.8093;17.2443;170.8470;36.3854;18.6694;212.7271;17.2459;24.8225;1517.9703;51;-0.0121;75;2.1816;81;0.000094922;0;9999;9999;9999;9999;9999;9999;9999;9999;9999;9999;9999;9999;9999;9999;9999;9999;9999;9999;9999;9999
13/02/2025 09:17:58.048;100;-1758.537;2836.855;171.000;45.000;184292.28;-1;192000;1;46.7870;17.2206;177.7461;36.3846;18.5110;212.4907;17.2213;24.8427;1518.0136;52;0.0000;77;2.3634;80;0.000091860;0;9999;9999;9999;9999;9999;9999;9999;9999;9999;9999;9999;9999;9999;9999;9999;9999;9999;9999;9999;9999
13/02/2025 09:18:28.048;100;-1758.535;2836.858;175.500;44.000;184361.43;-1;192000;1;46.4852;16.9764;184.8565;36.3380;18.3762;212.0719;16.9794;24.9424;1517.3505;50;-0.0242;77;2.3634;79;0.000088798;0;9999;9999;9999;9999;9999;9999;9999;9999;9999;9999;9999;9999;9999;9999;9999;9999;9999;9999;9999;9999
13/02/2025 09:18:58.048;100;-1758.529;2836.866;185.600;44.000;184430.58;-1;192000;1;46.3546;16.8582;193.0296;36.3269;18.2112;211.9393;16.8591;24.9896;1517.1194;52;0.0000;76;2.2725;84;0.000104108;0;9999;9999;9999;9999;9999;9999;9999;9999;9999;9999;9999;9999;9999;9999;9999;9999;9999;9999;9999;9999
13/02/2025 09:19:28.047;100;-1758.526;2836.870;191.000;42.000;184499.72;-1;192000;1;46.2962;16.8107;201.1466;36.3153;18.0678;211.7489;16.8094;25.0168;1517.0983;50;-0.0242;76;2.2725;78;0.000085736;0;9999;9999;9999;9999;9999;9999;9999;9999;9999;9999;9999;9999;9999;9999;9999;9999;9999;9999;9999;9999
13/02/2025 09:19:58.030;100;-1758.520;2836.879;201.200;37.000;184568.88;-1;192000;1;46.2685;16.7827;209.0261;36.3131;17.9500;212.1295;16.7812;25.0117;1517.1424;51;-0.0121;77;2.3634;105;0.000168410;0;9999;9999;9999;9999;9999;9999;9999;9999;9999;9999;9999;9999;9999;9999;9999;9999;9999;9999;9999;9999
13/02/2025 09:20:28.047;100;-1758.518;2836.883;206.200;34.000;184638.03;-1;192000;1;46.1995;16.7213;216.7775;36.3048;17.8360;210.8487;16.7215;25.0896;1517.0768;51;-0.0121;77;2.3634;81;0.000094922;0;9999;9999;9999;9999;9999;9999;9999;9999;9999;9999;9999;9999;9999;9999;9999;9999;9999;9999;9999;9999
13/02/2025 09:20:58.043;100;-1758.514;2836.891;215.600;32.000;184707.18;184707.18;192000;1;46.1189;16.6569;223.8558;36.2892;17.7279;210.4269;16.6543;25.1328;1516.9823;50;-0.0242;77;2.3634;78;0.000085736;0;9999;9999;9999;9999;9999;9999;9999;9999;9999;9999;9999;9999;9999;9999;9999;9999;9999;9999;9999;9999
13/02/2025 09:21:28.034;100;-1758.511;2836.895;219.800;37.000;184776.33;-1;192000;1;45.5752;16.2128;230.3437;36.2075;17.6055;211.1161;16.2152;25.2506;1515.6482;50;-0.0242;77;2.3634;78;0.000085736;0;9999;9999;9999;9999;9999;9999;9999;9999;9999;9999;9999;9999;9999;9999;9999;9999;9999;9999;9999;9999
13/02/2025 09:21:58.040;100;-1758.507;2836.902;228.100;43.000;184845.48;-1;192000;1;45.3358;15.9972;236.7173;36.1875;17.4366;211.6743;15.9994;25.2992;1515.0708;50;-0.0242;78;2.4543;79;0.000088798;0;9999;9999;9999;9999;9999;9999;9999;9999;9999;9999;9999;9999;9999;9999;9999;9999;9999;9999;9999;9999
13/02/2025 09:22:28.048;100;-1758.504;2836.906;232.200;44.000;184914.62;184914.62;192000;1;45.1789;15.8695;243.1593;36.1608;17.2693;211.7063;15.8686;25.3439;1514.7540;50;-0.0242;79;2.5452;79;0.000088798;0;9999;9999;9999;9999;9999;9999;9999;9999;9999;9999;9999;9999;9999;9999;9999;9999;9999;9999;9999;9999
13/02/2025 09:22:58.042;100;-1758.499;2836.912;241.000;44.000;184983.78;-1;192000;1;45.0483;15.7500;250.0399;36.1499;17.1177;211.2120;15.7507;25.4069;1514.4868;50;-0.0242;79;2.5452;79;0.000088798;0;9999;9999;9999;9999;9999;9999;9999;9999;9999;9999;9999;9999;9999;9999;9999;9999;9999;9999;9999;9999
13/02/2025 09:23:28.048;100;-1758.497;2836.916;245.300;45.000;185052.92;-1;192000;1;44.9872;15.6992;256.6800;36.1386;16.9760;211.6707;15.6980;25.4066;1514.4267;50;-0.0242;78;2.4543;78;0.000085736;0;9999;9999;9999;9999;9999;9999;9999;9999;9999;9999;9999;9999;9999;9999;9999;9999;9999;9999;9999;9999
13/02/2025 09:23:58.047;100;-1758.492;2836.923;253.800;41.000;185122.07;185122.07;192000;1;44.9498;15.6620;263.2077;36.1364;16.8542;211.6708;15.6614;25.4206;1514.4172;50;-0.0242;77;2.3634;81;0.000094922;0;9999;9999;9999;9999;9999;9999;9999;9999;9999;9999;9999;9999;9999;9999;9999;9999;9999;9999;9999;9999
13/02/2025 09:24:28.019;100;-1758.489;2836.927;257.800;39.000;185191.22;-1;192000;1;44.7968;15.5339;269.4809;36.1130;16.7383;210.5752;15.5345;25.5140;1514.0966;51;-0.0121;79;2.5452;80;0.000091860;0;9999;9999;9999;9999;9999;9999;9999;9999;9999;9999;9999;9999;9999;9999;9999;9999;9999;9999;9999;9999
13/02/2025 09:24:58.048;100;-1758.485;2836.933;266.100;44.000;185260.37;-1;192000;1;44.6205;15.3852;275.8590;36.0872;16.6181;210.3284;15.3859;25.5773;1513.7092;49;-0.0363;79;2.5452;80;0.000091860;0;9999;9999;9999;9999;9999;9999;9999;9999;9999;9999;9999;9999;9999;9999;9999;9999;9999;9999;9999;9999
13/02/2025 09:25:28.047;100;-1758.482;2836.937;270.100;43.000;185329.52;-1;192000;1;44.3787;15.1780;282.0878;36.0553;16.4895;211.1464;15.1795;25.6130;1513.1269;50;-0.0242;79;2.5452;77;0.000082674;0;9999;9999;9999;9999;9999;9999;9999;9999;9999;9999;9999;9999;9999;9999;9999;9999;9999;9999;9999;9999
13/02/2025 09:25:58.043;100;-1758.477;2836.944;278.600;45.000;185398.67;-1;192000;1;44.1431;14.9796;288.7433;36.0202;16.3504;210.4074;14.9801;25.7161;1512.5721;50;-0.0242;79;2.5452;84;0.000104108;0;9999;9999;9999;9999;9999;9999;9999;9999;9999;9999;9999;9999;9999;9999;9999;9999;9999;9999;9999;9999
13/02/2025 09:26:28.048;100;-1758.474;2836.947;283.000;44.000;185467.82;-1;192000;1;43.9349;14.7972;295.6249;35.9948;16.1905;209.1566;14.7981;25.8364;1512.0798;51;-0.0121;79;2.5452;78;0.000085736;0;9999;9999;9999;9999;9999;9999;9999;9999;9999;9999;9999;9999;9999;9999;9999;9999;9999;9999;9999;9999
13/02/2025 09:26:58.041;100;-1758.472;2836.951;287.400;42.000;185536.97;185536.97;192000;1;43.8429;14.7182;302.4354;35.9805;16.0486;209.2286;14.7184;25.8627;1511.9252;50;-0.0242;79;2.5452;78;0.000085736;0;9999;9999;9999;9999;9999;9999;9999;9999;9999;9999;9999;9999;9999;9999;9999;9999;9999;9999;9999;9999
13/02/2025 09:27:28.038;100;-1758.467;2836.958;296.300;43.000;185606.13;-1;192000;1;43.7769;14.6557;309.3325;35.9747;15.9065;209.0937;14.6560;25.8921;1511.8340;50;-0.0242;80;2.6361;79;0.000088798;0;9999;9999;9999;9999;9999;9999;9999;9999;9999;9999;9999;9999;9999;9999;9999;9999;9999;9999;9999;9999
13/02/2025 09:27:58.023;100;-1758.464;2836.961;300.800;44.000;185675.27;-1;192000;1;43.6322;14.5337;316.1522;35.9514;15.7847;208.7963;14.5333;25.9502;1511.5309;50;-0.0242;80;2.6361;83;0.000101046;0;9999;9999;9999;9999;9999;9999;9999;9999;9999;9999;9999;9999;9999;9999;9999;9999;9999;9999;9999;9999
13/02/2025 09:28:28.042;100;-1758.459;2836.968;309.600;47.000;185744.43;185744.43;192000;1;43.4086;14.3409;322.9110;35.9204;15.6502;208.0635;14.3406;26.0521;1510.9896;49;-0.0363;80;2.6361;80;0.000091860;0;9999;9999;9999;9999;9999;9999;9999;9999;9999;9999;9999;9999;9999;9999;9999;9999;9999;9999;9999;9999
13/02/2025 09:28:58.044;100;-1758.456;2836.971;313.900;47.000;185813.58;-1;192000;1;43.3347;14.2731;329.2573;35.9121;15.5175;208.3553;14.2721;26.0644;1510.8672;49;-0.0363;80;2.6361;80;0.000091860;0;9999;9999;9999;9999;9999;9999;9999;9999;9999;9999;9999;9999;9999;9999;9999;9999;9999;9999;9999;9999
13/02/2025 09:29:28.033;100;-1758.451;2836.978;322.000;45.000;185882.73;-1;192000;1;43.2825;14.2269;335.4346;35.9041;15.4011;207.9506;14.2252;26.1010;1510.8116;51;-0.0121;80;2.6361;81;0.000094922;0;9999;9999;9999;9999;9999;9999;9999;9999;9999;9999;9999;9999;9999;9999;9999;9999;9999;9999;9999;9999
13/02/2025 09:29:58.047;100;-1758.448;2836.981;326.000;45.000;185951.88;-1;192000;1;43.2524;14.1982;341.5335;35.9001;15.2929;208.2350;14.1972;26.0997;1510.8155;51;-0.0121;79;2.5452;76;0.000079612;0;9999;9999;9999;9999;9999;9999;9999;9999;9999;9999;9999;9999;9999;9999;9999;9999;9999;9999;9999;9999
13/02/2025 09:30:28.040;100;-1758.444;2836.988;333.700;38.000;186021.02;-1;192000;1;42.9669;13.9487;347.4681;35.8635;15.1823;207.1425;13.9502;26.2372;1510.0646;51;-0.0121;80;2.6361;77;0.000082674;0;9999;9999;9999;9999;9999;9999;9999;9999;9999;9999;9999;9999;9999;9999;9999;9999;9999;9999;9999;9999
13/02/2025 09:30:58.047;100;-1758.442;2836.991;337.800;39.000;186090.17;-1;192000;1;42.8526;13.8493;354.0633;35.8466;15.0569;206.7766;13.8482;26.2918;1509.8313;50;-0.0242;79;2.5452;76;0.000079612;0;9999;9999;9999;9999;9999;9999;9999;9999;9999;9999;9999;9999;9999;9999;9999;9999;9999;9999;9999;9999
13/02/2025 09:31:28.035;100;-1758.437;2836.999;346.500;42.000;186159.33;-1;192000;1;42.8095;13.8071;360.7945;35.8427;14.9313;205.4783;13.8064;26.3680;1509.8009;50;-0.0242;81;2.7270;100;0.000153100;0;9999;9999;9999;9999;9999;9999;9999;9999;9999;9999;9999;9999;9999;9999;9999;9999;9999;9999;9999;9999
13/02/2025 09:31:58.033;100;-1758.434;2837.002;350.900;43.000;186228.47;-1;192000;1;42.7061;13.7165;367.4543;35.8274;14.8326;205.6197;13.7157;26.3955;1509.5980;52;0.0000;81;2.7270;79;0.000088798;0;9999;9999;9999;9999;9999;9999;9999;9999;9999;9999;9999;9999;9999;9999;9999;9999;9999;9999;9999;9999
13/02/2025 09:32:28.042;100;-1758.429;2837.010;359.400;41.000;186297.62;-1;192000;1;42.5817;13.6271;373.8588;35.7912;14.7254;204.4995;13.6183;26.4849;1509.3693;52;0.0000;79;2.5452;76;0.000079612;0;9999;9999;9999;9999;9999;9999;9999;9999;9999;9999;9999;9999;9999;9999;9999;9999;9999;9999;9999;9999
13/02/2025 09:32:58.048;100;-1758.427;2837.013;363.500;41.000;186366.77;-1;192000;1;42.4002;13.4600;380.2637;35.7736;14.6138;204.6793;13.4538;26.5361;1508.9071;50;-0.0242;80;2.6361;78;0.000085736;0;9999;9999;9999;9999;9999;9999;9999;9999;9999;9999;9999;9999;9999;9999;9999;9999;9999;9999;9999;9999
13/02/2025 09:33:28.048;100;-1758.422;2837.020;372.100;42.000;186435.92;-1;192000;1;42.3386;13.3825;386.8549;35.7853;14.4957;204.6007;13.3829;26.5654;1508.7753;50;-0.0242;79;2.5452;78;0.000085736;0;9999;9999;9999;9999;9999;9999;9999;9999;9999;9999;9999;9999;9999;9999;9999;9999;9999;9999;9999;9999
13/02/2025 09:33:58.031;100;-1758.419;2837.024;376.200;44.000;186505.06;-1;192000;1;42.3332;13.3759;393.2276;35.7836;14.3920;204.0268;13.3750;26.5970;1508.8570;50;-0.0242;81;2.7270;78;0.000085736;0;9999;9999;9999;9999;9999;9999;9999;9999;9999;9999;9999;9999;9999;9999;9999;9999;9999;9999;9999;9999
13/02/2025 09:34:28.038;100;-1758.414;2837.031;384.400;47.000;186574.22;-1;192000;1;42.3290;13.3685;399.4984;35.7840;14.3074;202.5761;13.3675;26.6694;1508.9369;50;-0.0242;80;2.6361;79;0.000088798;0;9999;9999;9999;9999;9999;9999;9999;9999;9999;9999;9999;9999;9999;9999;9999;9999;9999;9999;9999;9999
13/02/2025 09:34:58.032;100;-1758.411;2837.034;388.500;47.000;186643.36;-1;192000;1;42.3290;13.3653;405.7262;35.7844;14.2310;203.1853;13.3635;26.6440;1509.0299;50;-0.0242;80;2.6361;82;0.000097984;0;9999;9999;9999;9999;9999;9999;9999;9999;9999;9999;9999;9999;9999;9999;9999;9999;9999;9999;9999;9999
13/02/2025 09:35:28.040;100;-1758.406;2837.040;396.500;48.000;186712.51;-1;192000;1;42.3167;13.3495;411.8580;35.7849;14.1630;202.7052;13.3466;26.6743;1509.0800;51;-0.0121;81;2.7270;82;0.000097984;0;9999;9999;9999;9999;9999;9999;9999;9999;9999;9999;9999;9999;9999;9999;9999;9999;9999;9999;9999;9999
13/02/2025 09:35:58.040;100;-1758.403;2837.043;400.500;48.000;186781.67;-1;192000;1;42.0453;13.1425;417.7803;35.7191;14.0929;201.4216;13.1384;26.8128;1508.4165;51;-0.0121;81;2.7270;82;0.000097984;0;9999;9999;9999;9999;9999;9999;9999;9999;9999;9999;9999;9999;9999;9999;9999;9999;9999;9999;9999;9999
13/02/2025 09:36:28.048;100;-1758.397;2837.049;408.400;62.000;186850.82;-1;192000;1;41.9664;13.0330;423.9834;35.7442;13.9950;200.4960;13.0353;26.8930;1508.1859;50;-0.0242;82;2.8179;79;0.000088798;0;9999;9999;9999;9999;9999;9999;9999;9999;9999;9999;9999;9999;9999;9999;9999;9999;9999;9999;9999;9999
13/02/2025 09:36:58.048;100;-1758.394;2837.051;412.500;63.000;186919.96;-1;192000;1;41.8715;12.9519;430.2646;35.7273;13.9032;200.4617;12.9504;26.9272;1508.0002;50;-0.0242;81;2.7270;80;0.000091860;0;9999;9999;9999;9999;9999;9999;9999;9999;9999;9999;9999;9999;9999;9999;9999;9999;9999;9999;9999;9999
13/02/2025 09:37:28.046;100;-1758.386;2837.056;420.900;70.000;186989.13;-1;192000;1;41.8682;12.9410;436.7072;35.7317;13.8157;200.6900;12.9406;26.9214;1508.0757;52;0.0000;80;2.6361;78;0.000085736;0;9999;9999;9999;9999;9999;9999;9999;9999;9999;9999;9999;9999;9999;9999;9999;9999;9999;9999;9999;9999
13/02/2025 09:37:58.047;100;-1758.383;2837.058;424.900;67.000;187058.27;-1;192000;1;41.8578;12.9393;442.7661;35.7208;13.7472;200.7549;12.9360;26.9224;1508.1574;49;-0.0363;80;2.6361;77;0.000082674;0;9999;9999;9999;9999;9999;9999;9999;9999;9999;9999;9999;9999;9999;9999;9999;9999;9999;9999;9999;9999
13/02/2025 09:38:28.047;100;-1758.376;2837.062;432.800;65.000;187127.42;-1;192000;1;41.6676;12.7668;448.9891;35.6987;13.6787;198.8569;12.7643;27.0767;1507.6586;51;-0.0121;80;2.6361;79;0.000088798;0;9999;9999;9999;9999;9999;9999;9999;9999;9999;9999;9999;9999;9999;9999;9999;9999;9999;9999;9999;9999
13/02/2025 09:38:58.043;100;-1758.373;2837.065;436.900;60.000;187196.57;-1;192000;1;41.6380;12.7255;455.1810;35.7066;13.5886;198.0908;12.7258;27.1286;1507.6323;51;-0.0121;81;2.7270;76;0.000079612;0;9999;9999;9999;9999;9999;9999;9999;9999;9999;9999;9999;9999;9999;9999;9999;9999;9999;9999;9999;9999
13/02/2025 09:39:28.047;100;-1758.368;2837.071;444.800;50.000;187265.72;-1;192000;1;41.5750;12.6713;461.0500;35.6947;13.5155;197.7111;12.6704;27.1690;1507.5337;50;-0.0242;82;2.8179;81;0.000094922;0;9999;9999;9999;9999;9999;9999;9999;9999;9999;9999;9999;9999;9999;9999;9999;9999;9999;9999;9999;9999
13/02/2025 09:39:58.044;100;-1758.365;2837.074;448.600;45.000;187334.87;-1;192000;1;41.4474;12.5485;467.0294;35.6855;13.4274;197.1261;12.5501;27.2421;1507.2094;49;-0.0363;80;2.6361;83;0.000101046;0;9999;9999;9999;9999;9999;9999;9999;9999;9999;9999;9999;9999;9999;9999;9999;9999;9999;9999;9999;9999
13/02/2025 09:40:28.030;100;-1758.362;2837.081;456.600;27.000;187404.03;-1;192000;1;41.3898;12.4944;473.1620;35.6786;13.3455;196.2791;12.4947;27.3054;1507.1206;50;-0.0242;82;2.8179;86;0.000110232;0;9999;9999;9999;9999;9999;9999;9999;9999;9999;9999;9999;9999;9999;9999;9999;9999;9999;9999;9999;9999
13/02/2025 09:40:58.041;100;-1758.362;2837.085;460.500;12.000;187473.17;-1;192000;1;41.3257;12.4358;479.1340;35.6697;13.2700;193.9916;12.4332;27.4426;1507.0113;51;-0.0121;82;2.8179;79;0.000088798;0;9999;9999;9999;9999;9999;9999;9999;9999;9999;9999;9999;9999;9999;9999;9999;9999;9999;9999;9999;9999
13/02/2025 09:41:28.048;100;-1758.364;2837.092;468.200;344.000;187542.32;-1;192000;1;41.3046;12.4058;485.0008;35.6752;13.1944;192.8741;12.4052;27.5097;1507.0137;50;-0.0242;81;2.7270;81;0.000094922;0;9999;9999;9999;9999;9999;9999;9999;9999;9999;9999;9999;9999;9999;9999;9999;9999;9999;9999;9999;9999
13/02/2025 09:41:58.046;100;-1758.366;2837.096;472.000;333.000;187611.47;-1;192000;1;41.1804;12.2892;490.9527;35.6629;13.1143;191.7108;12.2895;27.6118;1506.7034;50;-0.0242;82;2.8179;80;0.000091860;0;9999;9999;9999;9999;9999;9999;9999;9999;9999;9999;9999;9999;9999;9999;9999;9999;9999;9999;9999;9999
13/02/2025 09:42:28.041;100;-1758.372;2837.101;479.800;312.000;187680.61;-1;192000;1;41.1581;12.2643;496.8843;35.6625;13.0450;191.1746;12.2645;27.6496;1506.7167;52;0.0000;81;2.7270;83;0.000101046;0;9999;9999;9999;9999;9999;9999;9999;9999;9999;9999;9999;9999;9999;9999;9999;9999;9999;9999;9999;9999
13/02/2025 09:42:58.048;100;-1758.375;2837.104;483.700;302.000;187749.77;-1;192000;1;41.1418;12.2478;502.9289;35.6597;12.9777;189.8114;12.2472;27.7271;1506.7574;50;-0.0242;82;2.8179;83;0.000101046;0;9999;9999;9999;9999;9999;9999;9999;9999;9999;9999;9999;9999;9999;9999;9999;9999;9999;9999;9999;9999
13/02/2025 09:43:28.043;100;-1758.383;2837.106;491.800;281.000;187818.91;-1;192000;1;41.0630;12.1715;509.1763;35.6530;12.9126;189.9698;12.1727;27.7479;1506.5940;52;0.0000;81;2.7270;80;0.000091860;0;9999;9999;9999;9999;9999;9999;9999;9999;9999;9999;9999;9999;9999;9999;9999;9999;9999;9999;9999;9999
13/02/2025 09:43:58.045;118;-1758.390;2837.107;498.900;261.000;187888.06;-1;192000;1;40.9443;12.0633;515.4012;35.6377;12.8408;189.3910;12.0640;27.8191;1506.3107;50;-0.0242;82;2.8179;81;0.000094922;0;9999;9999;9999;9999;9999;9999;9999;9999;9999;9999;9999;9999;9999;9999;9999;9999;9999;9999;9999;9999
13/02/2025 09:44:28.045;118;-1758.390;2837.106;499.600;358.000;187957.24;-1;192000;1;40.9542;12.0710;513.0632;35.6411;12.7776;189.4021;12.0723;27.8146;1506.3023;50;-0.0242;82;2.8179;87;0.000113294;0;9999;9999;9999;9999;9999;9999;9999;9999;9999;9999;9999;9999;9999;9999;9999;9999;9999;9999;9999;9999
13/02/2025 09:44:58.045;117;-1758.395;2837.106;494.800;252.000;188026.38;-1;192000;1;40.9809;12.0976;508.0044;35.6439;12.7188;189.7210;12.0969;27.7878;1506.3125;50;-0.0242;82;2.8179;81;0.000094922;0;9999;9999;9999;9999;9999;9999;9999;9999;9999;9999;9999;9999;9999;9999;9999;9999;9999;9999;9999;9999
13/02/2025 09:45:28.041;117;-1758.398;2837.105;491.200;246.000;188095.53;-1;192000;1;41.1113;12.2125;502.9355;35.6637;12.6839;190.3497;12.2121;27.7119;1506.6427;52;0.0000;82;2.8179;89;0.000119418;0;9999;9999;9999;9999;9999;9999;9999;9999;9999;9999;9999;9999;9999;9999;9999;9999;9999;9999;9999;9999
13/02/2025 09:45:58.047;117;-1758.404;2837.101;484.400;225.000;188164.69;-1;192000;1;41.1526;12.2594;497.7193;35.6615;12.6664;191.1905;12.2581;27.6514;1506.7127;50;-0.0242;82;2.8179;84;0.000104108;0;9999;9999;9999;9999;9999;9999;9999;9999;9999;9999;9999;9999;9999;9999;9999;9999;9999;9999;9999;9999
13/02/2025 09:46:28.034;117;-1758.406;2837.099;480.900;217.000;188233.82;-1;192000;1;41.1604;12.2691;492.3230;35.6621;12.6467;191.5298;12.2677;27.6292;1506.6570;50;-0.0242;82;2.8179;83;0.000101046;0;9999;9999;9999;9999;9999;9999;9999;9999;9999;9999;9999;9999;9999;9999;9999;9999;9999;9999;9999;9999
13/02/2025 09:46:58.046;117;-1758.410;2837.095;473.800;203.000;188302.97;-1;192000;1;41.1753;12.2871;486.8797;35.6617;12.6293;191.5489;12.2858;27.6201;1506.6274;50;-0.0242;82;2.8179;95;0.000137790;0;9999;9999;9999;9999;9999;9999;9999;9999;9999;9999;9999;9999;9999;9999;9999;9999;9999;9999;9999;9999
13/02/2025 09:47:28.029;117;-1758.410;2837.092;470.200;193.000;188372.13;-1;192000;1;41.2964;12.3995;481.5270;35.6746;12.6227;192.5656;12.3966;27.5272;1506.9343;52;0.0000;81;2.7270;83;0.000101046;0;9999;9999;9999;9999;9999;9999;9999;9999;9999;9999;9999;9999;9999;9999;9999;9999;9999;9999;9999;9999
13/02/2025 09:47:58.048;117;-1758.411;2837.088;463.400;179.000;188441.28;-1;192000;1;41.3044;12.4087;476.2271;35.6759;12.6293;192.9895;12.4075;27.5004;1506.8792;50;-0.0242;82;2.8179;84;0.000104108;0;9999;9999;9999;9999;9999;9999;9999;9999;9999;9999;9999;9999;9999;9999;9999;9999;9999;9999;9999;9999
13/02/2025 09:48:28.044;117;-1758.410;2837.085;459.800;168.000;188510.42;-1;192000;1;41.3556;12.4605;470.8103;35.6787;12.6293;193.9474;12.4578;27.4330;1506.9676;51;-0.0121;81;2.7270;84;0.000104108;0;9999;9999;9999;9999;9999;9999;9999;9999;9999;9999;9999;9999;9999;9999;9999;9999;9999;9999;9999;9999
13/02/2025 09:48:58.047;117;-1758.407;2837.082;452.800;148.000;188579.58;-1;192000;1;41.3778;12.4840;465.3484;35.6801;12.6424;195.2570;12.4829;27.3574;1506.9581;51;-0.0121;82;2.8179;81;0.000094922;0;9999;9999;9999;9999;9999;9999;9999;9999;9999;9999;9999;9999;9999;9999;9999;9999;9999;9999;9999;9999
13/02/2025 09:49:28.032;117;-1758.405;2837.080;449.300;141.000;188648.73;-1;192000;1;41.3851;12.4925;459.9169;35.6814;12.6424;195.1693;12.4926;27.3566;1506.8984;50;-0.0242;80;2.6361;81;0.000094922;0;9999;9999;9999;9999;9999;9999;9999;9999;9999;9999;9999;9999;9999;9999;9999;9999;9999;9999;9999;9999
13/02/2025 09:49:58.047;117;-1758.400;2837.078;442.300;132.000;188717.89;-1;192000;1;41.3957;12.5032;454.5839;35.6838;12.6446;195.9234;12.5036;27.3138;1506.8491;50;-0.0242;83;2.9088;79;0.000088798;0;9999;9999;9999;9999;9999;9999;9999;9999;9999;9999;9999;9999;9999;9999;9999;9999;9999;9999;9999;9999
13/02/2025 09:50:28.044;117;-1758.398;2837.077;438.800;130.000;188787.02;-1;192000;1;41.4883;12.5874;449.2205;35.6957;12.6533;197.4378;12.5871;27.2079;1507.0577;50;-0.0242;81;2.7270;78;0.000085736;0;9999;9999;9999;9999;9999;9999;9999;9999;9999;9999;9999;9999;9999;9999;9999;9999;9999;9999;9999;9999
13/02/2025 09:50:58.040;117;-1758.392;2837.075;431.600;126.000;188856.18;-1;192000;1;41.6378;12.7316;443.7483;35.7055;12.6751;197.8757;12.7282;27.1348;1507.4622;51;-0.0121;81;2.7270;78;0.000085736;0;9999;9999;9999;9999;9999;9999;9999;9999;9999;9999;9999;9999;9999;9999;9999;9999;9999;9999;9999;9999
13/02/2025 09:51:28.047;117;-1758.390;2837.074;428.300;121.000;188925.33;-1;192000;1;41.6537;12.7499;438.7789;35.7055;12.7122;198.4592;12.7480;27.0981;1507.4413;50;-0.0242;80;2.6361;78;0.000085736;0;9999;9999;9999;9999;9999;9999;9999;9999;9999;9999;9999;9999;9999;9999;9999;9999;9999;9999;9999;9999
13/02/2025 09:51:58.042;117;-1758.384;2837.073;422.000;118.000;188994.47;-1;192000;1;41.7644;12.8505;434.0074;35.7188;12.7406;199.3788;12.8479;27.0165;1507.7142;51;-0.0121;81;2.7270;78;0.000085736;0;9999;9999;9999;9999;9999;9999;9999;9999;9999;9999;9999;9999;9999;9999;9999;9999;9999;9999;9999;9999
13/02/2025 09:52:28.039;117;-1758.382;2837.072;418.900;114.000;189063.62;-1;192000;1;41.7764;12.8608;429.3747;35.7225;12.7733;199.3572;12.8607;27.0114;1507.6763;50;-0.0242;81;2.7270;78;0.000085736;0;9999;9999;9999;9999;9999;9999;9999;9999;9999;9999;9999;9999;9999;9999;9999;9999;9999;9999;9999;9999
13/02/2025 09:52:58.048;117;-1758.376;2837.072;413.000;105.000;189132.78;-1;192000;1;41.8590;12.9363;424.8245;35.7323;12.8125;200.4332;12.9354;26.9318;1507.8642;52;0.0000;80;2.6361;77;0.000082674;0;9999;9999;9999;9999;9999;9999;9999;9999;9999;9999;9999;9999;9999;9999;9999;9999;9999;9999;9999;9999
13/02/2025 09:53:28.048;117;-1758.373;2837.072;409.900;105.000;189201.93;-1;192000;1;41.8566;12.9387;420.0125;35.7298;12.8408;200.4470;12.9379;26.9290;1507.7896;52;0.0000;82;2.8179;79;0.000088798;0;9999;9999;9999;9999;9999;9999;9999;9999;9999;9999;9999;9999;9999;9999;9999;9999;9999;9999;9999;9999
13/02/2025 09:53:58.034;117;-1758.368;2837.073;403.600;97.000;189271.08;-1;192000;1;41.8760;12.9538;415.3922;35.7361;12.8625;200.3189;12.9559;26.9270;1507.7709;52;0.0000;81;2.7270;77;0.000082674;0;9999;9999;9999;9999;9999;9999;9999;9999;9999;9999;9999;9999;9999;9999;9999;9999;9999;9999;9999;9999
13/02/2025 09:54:28.037;117;-1758.364;2837.074;400.800;82.000;189340.23;-1;192000;1;41.9110;12.9894;410.9718;35.7379;12.8908;199.7662;12.9897;26.9402;1507.8183;50;-0.0242;80;2.6361;79;0.000088798;0;9999;9999;9999;9999;9999;9999;9999;9999;9999;9999;9999;9999;9999;9999;9999;9999;9999;9999;9999;9999
13/02/2025 09:54:58.024;117;-1758.359;2837.076;394.500;89.000;189409.39;-1;192000;1;41.9503;13.0237;405.6608;35.7453;12.9126;199.5953;13.0219;26.9352;1507.8531;50;-0.0242;80;2.6361;77;0.000082674;0;9999;9999;9999;9999;9999;9999;9999;9999;9999;9999;9999;9999;9999;9999;9999;9999;9999;9999;9999;9999
13/02/2025 09:55:28.043;117;-1758.356;2837.077;391.200;91.000;189478.53;-1;192000;1;42.2831;13.3222;400.7507;35.7834;12.9495;200.8183;13.3138;26.7717;1508.8045;50;-0.0242;81;2.7270;81;0.000094922;0;9999;9999;9999;9999;9999;9999;9999;9999;9999;9999;9999;9999;9999;9999;9999;9999;9999;9999;9999;9999
13/02/2025 09:55:58.035;117;-1758.351;2837.077;384.900;104.000;189547.68;-1;192000;1;42.3424;13.3763;395.9508;35.7908;13.0254;201.5811;13.3738;26.7127;1508.9119;50;-0.0242;82;2.8179;82;0.000097984;0;9999;9999;9999;9999;9999;9999;9999;9999;9999;9999;9999;9999;9999;9999;9999;9999;9999;9999;9999;9999
13/02/2025 09:56:28.045;117;-1758.348;2837.077;381.800;111.000;189616.82;-1;192000;1;42.3490;13.3865;391.3265;35.7895;13.0818;201.4861;13.3856;26.7118;1508.8674;50;-0.0242;80;2.6361;78;0.000085736;0;9999;9999;9999;9999;9999;9999;9999;9999;9999;9999;9999;9999;9999;9999;9999;9999;9999;9999;9999;9999
13/02/2025 09:56:58.044;117;-1758.343;2837.076;375.900;126.000;189685.98;-1;192000;1;42.3668;13.4066;386.7356;35.7893;13.1229;203.1935;13.4063;26.6228;1508.8573;50;-0.0242;81;2.7270;79;0.000088798;0;9999;9999;9999;9999;9999;9999;9999;9999;9999;9999;9999;9999;9999;9999;9999;9999;9999;9999;9999;9999
13/02/2025 09:57:28.020;117;-1758.341;2837.075;372.800;133.000;189755.13;-1;192000;1;42.3843;13.4240;382.1134;35.7916;13.1662;203.1592;13.4229;26.6171;1508.8407;50;-0.0242;80;2.6361;78;0.000085736;0;9999;9999;9999;9999;9999;9999;9999;9999;9999;9999;9999;9999;9999;9999;9999;9999;9999;9999;9999;9999
13/02/2025 09:57:58.030;117;-1758.337;2837.072;366.800;147.000;189824.27;-1;192000;1;42.5087;13.5322;377.5958;35.8096;13.2117;203.6826;13.5324;26.5524;1509.1423;50;-0.0242;81;2.7270;78;0.000085736;0;9999;9999;9999;9999;9999;9999;9999;9999;9999;9999;9999;9999;9999;9999;9999;9999;9999;9999;9999;9999
13/02/2025 09:58:28.047;117;-1758.336;2837.071;364.000;151.000;189893.42;-1;192000;1;42.5702;13.5900;373.1236;35.8155;13.2613;203.9797;13.5890;26.5174;1509.2645;50;-0.0242;80;2.6361;78;0.000085736;0;9999;9999;9999;9999;9999;9999;9999;9999;9999;9999;9999;9999;9999;9999;9999;9999;9999;9999;9999;9999
13/02/2025 09:58:58.047;117;-1758.334;2837.067;358.100;162.000;189962.57;189962.57;192000;1;42.7255;13.7237;368.5780;35.8384;13.3174;204.8428;13.7211;26.4293;1509.6530;50;-0.0242;80;2.6361;79;0.000088798;0;9999;9999;9999;9999;9999;9999;9999;9999;9999;9999;9999;9999;9999;9999;9999;9999;9999;9999;9999;9999
13/02/2025 09:59:28.047;117;-1758.333;2837.065;355.200;167.000;190031.71;-1;192000;1;42.8003;13.7948;364.0739;35.8442;13.3821;205.1744;13.7920;26.3879;1509.8169;50;-0.0242;81;2.7270;81;0.000094922;0;9999;9999;9999;9999;9999;9999;9999;9999;9999;9999;9999;9999;9999;9999;9999;9999;9999;9999;9999;9999
13/02/2025 09:59:58.048;117;-1758.333;2837.061;349.300;175.000;190100.87;-1;192000;1;42.8544;13.8426;359.4967;35.8522;13.4381;205.2351;13.8417;26.3662;1509.9060;51;-0.0121;80;2.6361;78;0.000085736;0;9999;9999;9999;9999;9999;9999;9999;9999;9999;9999;9999;9999;9999;9999;9999;9999;9999;9999;9999;9999
13/02/2025 10:00:28.042;117;-1758.332;2837.059;346.200;177.000;190170.01;190170.01;192000;1;42.9008;13.8841;354.7545;35.8589;13.4898;204.5906;13.8838;26.3798;1509.9703;50;-0.0242;79;2.5452;79;0.000088798;0;9999;9999;9999;9999;9999;9999;9999;9999;9999;9999;9999;9999;9999;9999;9999;9999;9999;9999;9999;9999
13/02/2025 10:00:58.047;117;-1758.333;2837.055;339.900;183.000;190239.16;-1;192000;1;43.0136;13.9783;349.8021;35.8787;13.5456;204.7582;13.9772;26.3375;1510.2171;50;-0.0242;80;2.6361;80;0.000091860;0;9999;9999;9999;9999;9999;9999;9999;9999;9999;9999;9999;9999;9999;9999;9999;9999;9999;9999;9999;9999
13/02/2025 10:01:28.039;117;-1758.333;2837.053;336.600;188.000;190308.32;-1;192000;1;43.2286;14.1711;344.9603;35.9018;13.6143;206.4457;14.1690;26.1917;1510.7869;51;-0.0121;80;2.6361;78;0.000085736;0;9999;9999;9999;9999;9999;9999;9999;9999;9999;9999;9999;9999;9999;9999;9999;9999;9999;9999;9999;9999
13/02/2025 10:01:58.042;117;-1758.335;2837.049;330.500;201.000;190377.47;190377.47;192000;1;43.2548;14.1973;340.2221;35.9038;13.6915;206.1558;14.1967;26.1941;1510.7952;50;-0.0242;81;2.7270;81;0.000094922;0;9999;9999;9999;9999;9999;9999;9999;9999;9999;9999;9999;9999;9999;9999;9999;9999;9999;9999;9999;9999
13/02/2025 10:02:28.041;117;-1758.336;2837.047;327.200;207.000;190446.62;-1;192000;1;43.2647;14.2057;335.3193;35.9072;13.7536;207.4564;14.2075;26.1292;1510.7451;50;-0.0242;79;2.5452;78;0.000085736;0;9999;9999;9999;9999;9999;9999;9999;9999;9999;9999;9999;9999;9999;9999;9999;9999;9999;9999;9999;9999
13/02/2025 10:02:58.040;117;-1758.340;2837.043;320.900;219.000;190515.78;-1;192000;1;43.2781;14.2206;330.3846;35.9079;13.8071;206.4197;14.2220;26.1702;1510.7121;50;-0.0242;80;2.6361;78;0.000085736;0;9999;9999;9999;9999;9999;9999;9999;9999;9999;9999;9999;9999;9999;9999;9999;9999;9999;9999;9999;9999
13/02/2025 10:03:28.043;117;-1758.342;2837.042;317.700;225.000;190584.92;190584.92;192000;1;43.3606;14.2894;325.4963;35.9227;13.8562;206.9321;14.2893;26.1216;1510.8698;50;-0.0242;80;2.6361;78;0.000085736;0;9999;9999;9999;9999;9999;9999;9999;9999;9999;9999;9999;9999;9999;9999;9999;9999;9999;9999;9999;9999
13/02/2025 10:03:58.027;117;-1758.348;2837.039;311.400;237.000;190654.07;-1;192000;1;43.3956;14.3229;320.6114;35.9261;13.9054;207.1128;14.3229;26.1003;1510.9004;50;-0.0242;81;2.7270;78;0.000085736;0;9999;9999;9999;9999;9999;9999;9999;9999;9999;9999;9999;9999;9999;9999;9999;9999;9999;9999;9999;9999
13/02/2025 10:04:28.025;117;-1758.351;2837.038;308.200;243.000;190723.22;-1;192000;1;43.4268;14.3523;315.7077;35.9297;13.9523;206.7660;14.3525;26.1045;1510.9178;50;-0.0242;79;2.5452;79;0.000088798;0;9999;9999;9999;9999;9999;9999;9999;9999;9999;9999;9999;9999;9999;9999;9999;9999;9999;9999;9999;9999
13/02/2025 10:04:58.047;117;-1758.357;2837.038;301.800;256.000;190792.36;-1;192000;1;43.5129;14.4250;310.8337;35.9440;14.0013;207.2059;14.4241;26.0579;1511.0867;50;-0.0242;79;2.5452;80;0.000091860;0;9999;9999;9999;9999;9999;9999;9999;9999;9999;9999;9999;9999;9999;9999;9999;9999;9999;9999;9999;9999
13/02/2025 10:05:28.044;117;-1758.360;2837.038;298.700;264.000;190861.51;-1;192000;1;43.5551;14.4651;306.0176;35.9479;14.0503;207.4099;14.4654;26.0330;1511.1398;51;-0.0121;79;2.5452;79;0.000088798;0;9999;9999;9999;9999;9999;9999;9999;9999;9999;9999;9999;9999;9999;9999;9999;9999;9999;9999;9999;9999
13/02/2025 10:05:58.039;117;-1758.367;2837.039;292.400;279.000;190930.67;-1;192000;1;43.6662;14.5625;301.1627;35.9623;14.1057;208.5211;14.5611;25.9481;1511.3873;50;-0.0242;79;2.5452;81;0.000094922;0;9999;9999;9999;9999;9999;9999;9999;9999;9999;9999;9999;9999;9999;9999;9999;9999;9999;9999;9999;9999
13/02/2025 10:06:28.042;117;-1758.370;2837.041;289.300;286.000;190999.81;190999.81;192000;1;43.7318;14.6249;296.2628;35.9671;14.1609;207.9101;14.6246;25.9527;1511.5106;50;-0.0242;80;2.6361;79;0.000088798;0;9999;9999;9999;9999;9999;9999;9999;9999;9999;9999;9999;9999;9999;9999;9999;9999;9999;9999;9999;9999
13/02/2025 10:06:58.043;117;-1758.377;2837.044;282.800;302.000;191068.96;-1;192000;1;43.8392;14.7143;291.3839;35.9854;14.2183;209.5770;14.7133;25.8453;1511.7355;52;0.0000;80;2.6361;80;0.000091860;0;9999;9999;9999;9999;9999;9999;9999;9999;9999;9999;9999;9999;9999;9999;9999;9999;9999;9999;9999;9999
13/02/2025 10:07:28.042;117;-1758.379;2837.046;279.800;310.000;191138.11;-1;192000;1;43.8991;14.7666;286.6697;35.9939;14.2756;208.4983;14.7656;25.8744;1511.8333;49;-0.0363;80;2.6361;79;0.000088798;0;9999;9999;9999;9999;9999;9999;9999;9999;9999;9999;9999;9999;9999;9999;9999;9999;9999;9999;9999;9999
13/02/2025 10:07:58.031;117;-1758.384;2837.051;273.700;322.000;191207.26;191207.26;192000;1;43.9909;14.8450;281.9322;36.0077;14.3370;208.7646;14.8438;25.8340;1512.0194;50;-0.0242;79;2.5452;78;0.000085736;0;9999;9999;9999;9999;9999;9999;9999;9999;9999;9999;9999;9999;9999;9999;9999;9999;9999;9999;9999;9999
13/02/2025 10:08:28.043;117;-1758.386;2837.054;270.600;330.000;191276.4;-1;192000;1;44.0516;14.8944;277.2941;36.0198;14.3963;208.9338;14.8949;25.8071;1512.1129;50;-0.0242;81;2.7270;79;0.000088798;0;9999;9999;9999;9999;9999;9999;9999;9999;9999;9999;9999;9999;9999;9999;9999;9999;9999;9999;9999;9999
13/02/2025 10:08:58.036;117;-1758.388;2837.060;264.700;345.000;191345.56;-1;192000;1;44.2004;15.0210;272.7162;36.0411;14.4597;208.9368;15.0179;25.7634;1512.4615;50;-0.0242;78;2.4543;79;0.000088798;0;9999;9999;9999;9999;9999;9999;9999;9999;9999;9999;9999;9999;9999;9999;9999;9999;9999;9999;9999;9999
13/02/2025 10:09:28.047;117;-1758.389;2837.064;261.700;351.000;191414.71;-1;192000;1;44.2755;15.0907;268.1180;36.0472;14.5252;209.6652;15.0899;25.7050;1512.6118;51;-0.0121;78;2.4543;80;0.000091860;0;9999;9999;9999;9999;9999;9999;9999;9999;9999;9999;9999;9999;9999;9999;9999;9999;9999;9999;9999;9999
13/02/2025 10:09:58.046;117;-1758.390;2837.070;255.800;3.000;191483.85;-1;192000;1;44.3911;15.1907;263.5377;36.0625;14.6012;209.7423;15.1892;25.6664;1512.8677;50;-0.0242;79;2.5452;81;0.000094922;0;9999;9999;9999;9999;9999;9999;9999;9999;9999;9999;9999;9999;9999;9999;9999;9999;9999;9999;9999;9999
13/02/2025 10:10:28.037;117;-1758.390;2837.073;252.700;10.000;191553.01;-1;192000;1;44.4776;15.2629;258.8903;36.0767;14.6686;210.2208;15.2627;25.6185;1513.0335;52;0.0000;78;2.4543;78;0.000085736;0;9999;9999;9999;9999;9999;9999;9999;9999;9999;9999;9999;9999;9999;9999;9999;9999;9999;9999;9999;9999
13/02/2025 10:10:58.046;117;-1758.389;2837.080;246.400;21.000;191622.15;-1;192000;1;44.5554;15.3330;253.9236;36.0850;14.7423;209.9983;15.3331;25.6031;1513.1800;51;-0.0121;79;2.5452;79;0.000088798;0;9999;9999;9999;9999;9999;9999;9999;9999;9999;9999;9999;9999;9999;9999;9999;9999;9999;9999;9999;9999
13/02/2025 10:11:28.045;117;-1758.387;2837.083;243.100;26.000;191691.3;-1;192000;1;44.6613;15.4236;248.8089;36.0999;14.8158;210.0145;15.4234;25.5702;1513.3953;50;-0.0242;79;2.5452;78;0.000085736;0;9999;9999;9999;9999;9999;9999;9999;9999;9999;9999;9999;9999;9999;9999;9999;9999;9999;9999;9999;9999
13/02/2025 10:11:58.048;117;-1758.385;2837.090;236.400;34.000;191760.46;-1;192000;1;44.7156;15.4709;243.6797;36.1079;14.8851;210.1241;15.4709;25.5476;1513.4669;50;-0.0242;78;2.4543;81;0.000094922;0;9999;9999;9999;9999;9999;9999;9999;9999;9999;9999;9999;9999;9999;9999;9999;9999;9999;9999;9999;9999
13/02/2025 10:12:28.035;117;-1758.383;2837.093;233.200;40.000;191829.6;-1;192000;1;44.7794;15.5277;238.5988;36.1156;14.9501;210.3113;15.5273;25.5188;1513.5683;50;-0.0242;78;2.4543;81;0.000094922;0;9999;9999;9999;9999;9999;9999;9999;9999;9999;9999;9999;9999;9999;9999;9999;9999;9999;9999;9999;9999
13/02/2025 10:12:58.047;117;-1758.379;2837.098;226.500;50.000;191898.75;-1;192000;1;44.9099;15.6324;233.4490;36.1395;15.0192;209.6125;15.6309;25.5129;1513.8357;51;-0.0121;77;2.3634;79;0.000088798;0;9999;9999;9999;9999;9999;9999;9999;9999;9999;9999;9999;9999;9999;9999;9999;9999;9999;9999;9999;9999
13/02/2025 10:13:28.046;117;-1758.376;2837.100;223.200;59.000;191967.9;-1;192000;1;45.0142;15.7233;228.3020;36.1524;15.0883;209.7414;15.7224;25.4748;1514.0467;50;-0.0242;77;2.3634;80;0.000091860;0;9999;9999;9999;9999;9999;9999;9999;9999;9999;9999;9999;9999;9999;9999;9999;9999;9999;9999;9999;9999
13/02/2025 10:13:58.027;117;-1758.370;2837.104;216.600;71.000;192037.05;-1;192000;1;45.0849;15.7851;223.2601;36.1615;15.1635;210.7745;15.7837;25.4069;1514.1646;50;-0.0242;79;2.5452;80;0.000091860;0;9999;9999;9999;9999;9999;9999;9999;9999;9999;9999;9999;9999;9999;9999;9999;9999;9999;9999;9999;9999
13/02/2025 10:14:28.026;117;-1758.367;2837.105;213.300;77.000;192106.2;-1;192000;1;45.2191;15.9017;218.2684;36.1775;15.2345;210.3218;15.8992;25.3868;1514.4597;51;-0.0121;78;2.4543;82;0.000097984;0;9999;9999;9999;9999;9999;9999;9999;9999;9999;9999;9999;9999;9999;9999;9999;9999;9999;9999;9999;9999
13/02/2025 10:14:58.035;117;-1758.361;2837.107;206.800;89.000;192175.35;-1;192000;1;45.3615;16.0159;213.2481;36.2029;15.3158;210.2119;16.0162;25.3505;1514.7567;50;-0.0242;78;2.4543;77;0.000082674;0;9999;9999;9999;9999;9999;9999;9999;9999;9999;9999;9999;9999;9999;9999;9999;9999;9999;9999;9999;9999
13/02/2025 10:15:28.033;117;-1758.358;2837.108;203.400;94.000;192244.5;-1;192000;1;45.5609;16.1872;207.9668;36.2270;15.4032;210.2298;16.1850;25.2919;1515.2213;50;-0.0242;78;2.4543;78;0.000085736;0;9999;9999;9999;9999;9999;9999;9999;9999;9999;9999;9999;9999;9999;9999;9999;9999;9999;9999;9999;9999
13/02/2025 10:15:58.045;117;-1758.352;2837.108;196.600;104.000;192313.65;-1;192000;1;45.9599;16.5170;202.6756;36.2838;15.5195;208.8044;16.5134;25.2441;1516.2018;50;-0.0242;79;2.5452;79;0.000088798;0;9999;9999;9999;9999;9999;9999;9999;9999;9999;9999;9999;9999;9999;9999;9999;9999;9999;9999;9999;9999
13/02/2025 10:16:28.047;117;-1758.349;2837.108;193.200;108.000;192382.8;-1;192000;1;46.2374;16.7547;197.4892;36.3156;15.6626;209.7738;16.7468;25.1227;1516.8696;51;-0.0121;78;2.4543;83;0.000101046;0;9999;9999;9999;9999;9999;9999;9999;9999;9999;9999;9999;9999;9999;9999;9999;9999;9999;9999;9999;9999
13/02/2025 10:16:58.026;117;-1758.343;2837.107;186.900;120.000;192451.95;-1;192000;1;46.3346;16.8377;192.7799;36.3279;15.7971;210.6885;16.8338;25.0524;1517.0549;50;-0.0242;76;2.2725;78;0.000085736;0;9999;9999;9999;9999;9999;9999;9999;9999;9999;9999;9999;9999;9999;9999;9999;9999;9999;9999;9999;9999
13/02/2025 10:17:28.043;117;-1758.341;2837.106;183.900;128.000;192521.1;-1;192000;1;46.3670;16.8693;188.2061;36.3296;15.9127;210.5913;16.8683;25.0442;1517.0757;52;0.0000;78;2.4543;81;0.000094922;0;9999;9999;9999;9999;9999;9999;9999;9999;9999;9999;9999;9999;9999;9999;9999;9999;9999;9999;9999;9999
13/02/2025 10:17:58.036;117;-1758.337;2837.104;178.000;134.000;192590.25;-1;192000;1;46.5648;17.0101;183.4669;36.3779;16.0239;210.6600;17.0134;24.9906;1517.4739;51;-0.0121;77;2.3634;79;0.000088798;0;9999;9999;9999;9999;9999;9999;9999;9999;9999;9999;9999;9999;9999;9999;9999;9999;9999;9999;9999;9999
13/02/2025 10:18:28.046;117;-1758.335;2837.103;174.900;144.000;192659.39;-1;192000;1;46.8282;17.2526;178.7008;36.3913;16.1576;210.9593;17.2487;24.9007;1518.1322;52;0.0000;75;2.1816;79;0.000088798;0;9999;9999;9999;9999;9999;9999;9999;9999;9999;9999;9999;9999;9999;9999;9999;9999;9999;9999;9999;9999
13/02/2025 10:18:58.045;117;-1758.333;2837.099;168.700;166.000;192728.54;-1;192000;1;46.9490;17.3523;173.7235;36.4088;16.2910;211.2742;17.3520;24.8518;1518.3650;53;0.0121;78;2.4543;81;0.000094922;0;9999;9999;9999;9999;9999;9999;9999;9999;9999;9999;9999;9999;9999;9999;9999;9999;9999;9999;9999;9999
13/02/2025 10:19:28.043;117;-1758.332;2837.097;165.400;171.000;192797.7;-1;192000;1;46.9724;17.3713;168.6964;36.4140;16.4016;211.3062;17.3734;24.8418;1518.3437;52;0.0000;75;2.1816;78;0.000085736;0;9999;9999;9999;9999;9999;9999;9999;9999;9999;9999;9999;9999;9999;9999;9999;9999;9999;9999;9999;9999
13/02/2025 10:19:58.041;117;-1758.333;2837.093;158.800;190.000;192866.84;-1;192000;1;47.2402;17.5938;163.5549;36.4487;16.5140;211.4038;17.5894;24.7662;1518.9542;51;-0.0121;75;2.1816;80;0.000091860;0;9999;9999;9999;9999;9999;9999;9999;9999;9999;9999;9999;9999;9999;9999;9999;9999;9999;9999;9999;9999
13/02/2025 10:20:28.046;117;-1758.334;2837.091;155.500;195.000;192935.99;-1;192000;1;47.3312;17.6711;158.4938;36.4600;16.6385;212.2816;17.6711;24.7003;1519.1101;53;0.0121;76;2.2725;81;0.000094922;0;9999;9999;9999;9999;9999;9999;9999;9999;9999;9999;9999;9999;9999;9999;9999;9999;9999;9999;9999;9999
13/02/2025 10:20:58.048;117;-1758.335;2837.086;148.900;199.000;193005.14;-1;192000;1;47.5405;17.8490;153.2651;36.4832;16.7586;212.7432;17.8468;24.6226;1519.5705;53;0.0121;76;2.2725;82;0.000097984;0;9999;9999;9999;9999;9999;9999;9999;9999;9999;9999;9999;9999;9999;9999;9999;9999;9999;9999;9999;9999
13/02/2025 10:21:28.042;117;-1758.337;2837.084;145.400;203.000;193074.29;-1;192000;1;47.7939;18.0646;148.0936;36.5103;16.8907;214.0355;18.0556;24.4993;1520.1432;55;0.0363;76;2.2725;85;0.000107170;0;9999;9999;9999;9999;9999;9999;9999;9999;9999;9999;9999;9999;9999;9999;9999;9999;9999;9999;9999;9999
13/02/2025 10:21:58.047;117;-1758.340;2837.081;139.200;216.000;193143.45;-1;192000;1;47.8560;18.1050;143.3458;36.5295;17.0307;214.1446;18.1050;24.4768;1520.2033;56;0.0484;75;2.1816;88;0.000116356;0;9999;9999;9999;9999;9999;9999;9999;9999;9999;9999;9999;9999;9999;9999;9999;9999;9999;9999;9999;9999
13/02/2025 10:22:28.034;117;-1758.342;2837.079;136.200;224.000;193212.6;-1;192000;1;48.0886;18.2701;138.6243;36.5830;17.1501;214.9584;18.2852;24.3819;1520.6633;58;0.0726;75;2.1816;89;0.000119418;0;9999;9999;9999;9999;9999;9999;9999;9999;9999;9999;9999;9999;9999;9999;9999;9999;9999;9999;9999;9999
13/02/2025 10:22:58.043;117;-1758.347;2837.077;130.100;234.000;193281.75;-1;192000;1;48.1952;18.3823;133.9374;36.5757;17.2794;215.9476;18.3822;24.3094;1520.9006;59;0.0847;74;2.0907;89;0.000119418;0;9999;9999;9999;9999;9999;9999;9999;9999;9999;9999;9999;9999;9999;9999;9999;9999;9999;9999;9999;9999
13/02/2025 10:23:28.032;117;-1758.350;2837.076;127.000;238.000;193350.9;-1;192000;1;48.6564;18.7292;129.1441;36.6608;17.4265;218.8213;18.7254;24.0783;1521.9110;58;0.0726;74;2.0907;92;0.000128604;0;9999;9999;9999;9999;9999;9999;9999;9999;9999;9999;9999;9999;9999;9999;9999;9999;9999;9999;9999;9999
13/02/2025 10:23:58.046;117;-1758.356;2837.074;121.000;242.000;193420.05;-1;192000;1;49.0067;19.0170;124.5903;36.7030;17.5894;221.1527;19.0084;23.8932;1522.7003;64;0.1452;74;2.0907;100;0.000153100;0;9999;9999;9999;9999;9999;9999;9999;9999;9999;9999;9999;9999;9999;9999;9999;9999;9999;9999;9999;9999
13/02/2025 10:24:28.031;117;-1758.358;2837.074;118.200;245.000;193489.2;-1;192000;1;49.5129;19.3998;120.1203;36.7907;17.7659;224.6626;19.3850;23.6325;1523.8019;65;0.1573;73;1.9998;94;0.000134728;0;9999;9999;9999;9999;9999;9999;9999;9999;9999;9999;9999;9999;9999;9999;9999;9999;9999;9999;9999;9999
13/02/2025 10:24:58.036;117;-1758.364;2837.073;112.300;249.000;193558.35;-1;192000;1;49.5612;19.4391;115.3229;36.7981;17.9680;226.6303;19.4374;23.5365;1523.8403;67;0.1815;72;1.9089;97;0.000143914;0;9999;9999;9999;9999;9999;9999;9999;9999;9999;9999;9999;9999;9999;9999;9999;9999;9999;9999;9999;9999
13/02/2025 10:25:28.020;117;-1758.367;2837.072;109.000;254.000;193627.49;-1;192000;1;49.6817;19.5349;110.2133;36.8161;18.1156;228.2574;19.5378;23.4400;1524.0430;69;0.2057;72;1.9089;90;0.000122480;0;9999;9999;9999;9999;9999;9999;9999;9999;9999;9999;9999;9999;9999;9999;9999;9999;9999;9999;9999;9999
13/02/2025 10:25:58.046;117;-1758.373;2837.072;102.400;261.000;193696.64;-1;192000;1;50.1093;19.8405;104.9697;36.9041;18.2967;233.0778;19.8468;23.1560;1524.9031;71;0.2299;72;1.9089;99;0.000150038;0;9999;9999;9999;9999;9999;9999;9999;9999;9999;9999;9999;9999;9999;9999;9999;9999;9999;9999;9999;9999
13/02/2025 10:26:28.020;117;-1758.377;2837.071;99.200;247.000;193765.8;-1;192000;1;50.2045;19.9227;100.4767;36.9123;18.4754;234.3305;19.9245;23.0839;1525.0644;73;0.2541;71;1.8180;93;0.000131666;0;9999;9999;9999;9999;9999;9999;9999;9999;9999;9999;9999;9999;9999;9999;9999;9999;9999;9999;9999;9999
13/02/2025 10:26:58.046;117;-1758.383;2837.069;93.500;236.000;193834.94;-1;192000;1;50.2335;19.9475;95.8132;36.9162;18.6279;234.8391;19.9514;23.0552;1525.0595;72;0.2420;70;1.7271;97;0.000143914;0;9999;9999;9999;9999;9999;9999;9999;9999;9999;9999;9999;9999;9999;9999;9999;9999;9999;9999;9999;9999
13/02/2025 10:27:28.044;117;-1758.385;2837.068;90.400;228.000;193904.1;-1;192000;1;50.3414;20.0354;90.8832;36.9299;18.7642;233.5269;20.0369;23.0784;1525.2347;71;0.2299;72;1.9089;97;0.000143914;0;9999;9999;9999;9999;9999;9999;9999;9999;9999;9999;9999;9999;9999;9999;9999;9999;9999;9999;9999;9999
13/02/2025 10:27:58.046;117;-1758.389;2837.064;83.900;213.000;193973.24;-1;192000;1;50.3440;20.0383;85.9205;36.9314;18.8884;234.2997;20.0413;23.0461;1525.1617;67;0.1815;71;1.8180;98;0.000146976;0;9999;9999;9999;9999;9999;9999;9999;9999;9999;9999;9999;9999;9999;9999;9999;9999;9999;9999;9999;9999
13/02/2025 10:28:28.048;117;-1758.391;2837.062;80.700;205.000;194042.39;-1;192000;1;50.4427;20.1067;80.7734;36.9546;18.9987;233.9135;20.1148;23.0368;1525.2898;80;0.3388;67;1.4544;106;0.000171472;0;9999;9999;9999;9999;9999;9999;9999;9999;9999;9999;9999;9999;9999;9999;9999;9999;9999;9999;9999;9999
13/02/2025 10:28:58.039;117;-1758.392;2837.058;74.200;189.000;194111.55;-1;192000;1;50.5333;20.1818;75.7190;36.9652;19.1108;234.0832;20.1855;23.0081;1525.4233;69;0.2057;70;1.7271;100;0.000153100;0;9999;9999;9999;9999;9999;9999;9999;9999;9999;9999;9999;9999;9999;9999;9999;9999;9999;9999;9999;9999
13/02/2025 10:29:28.048;117;-1758.392;2837.055;70.900;182.000;194180.69;-1;192000;1;50.5433;20.1923;70.5732;36.9661;19.2128;234.2666;20.1971;22.9962;1525.3672;69;0.2057;69;1.6362;100;0.000153100;0;9999;9999;9999;9999;9999;9999;9999;9999;9999;9999;9999;9999;9999;9999;9999;9999;9999;9999;9999;9999
13/02/2025 10:29:58.048;117;-1758.391;2837.051;64.200;166.000;194249.84;-1;192000;1;50.5831;20.2310;65.4546;36.9669;19.3011;235.2005;20.2354;22.9483;1525.3887;62;0.1210;72;1.9089;104;0.000165348;0;9999;9999;9999;9999;9999;9999;9999;9999;9999;9999;9999;9999;9999;9999;9999;9999;9999;9999;9999;9999
13/02/2025 10:30:28.026;117;-1758.390;2837.049;61.100;159.000;194318.99;-1;192000;1;50.5879;20.2374;60.3898;36.9671;19.3794;234.7215;20.2424;22.9629;1525.3220;62;0.1210;71;1.8180;103;0.000162286;0;9999;9999;9999;9999;9999;9999;9999;9999;9999;9999;9999;9999;9999;9999;9999;9999;9999;9999;9999;9999
13/02/2025 10:30:58.041;117;-1758.387;2837.045;54.500;146.000;194388.14;-1;192000;1;50.5843;20.2367;55.3086;36.9666;19.4518;235.6819;20.2421;22.9253;1525.2348;62;0.1210;70;1.7271;102;0.000159224;0;9999;9999;9999;9999;9999;9999;9999;9999;9999;9999;9999;9999;9999;9999;9999;9999;9999;9999;9999;9999
13/02/2025 10:31:28.047;117;-1758.385;2837.044;51.200;140.000;194457.29;-1;192000;1;50.5959;20.2504;50.2711;36.9661;19.5182;234.8990;20.2557;22.9496;1525.1877;59;0.0847;75;2.1816;98;0.000146976;0;9999;9999;9999;9999;9999;9999;9999;9999;9999;9999;9999;9999;9999;9999;9999;9999;9999;9999;9999;9999
13/02/2025 10:31:58.019;117;-1758.379;2837.042;44.800;125.000;194526.44;-1;192000;1;50.6934;20.3260;45.4248;36.9817;19.5788;234.8108;20.3296;22.9295;1525.3307;58;0.0726;72;1.9089;99;0.000150038;0;9999;9999;9999;9999;9999;9999;9999;9999;9999;9999;9999;9999;9999;9999;9999;9999;9999;9999;9999;9999
13/02/2025 10:32:28.039;117;-1758.377;2837.041;41.800;119.000;194595.59;-1;192000;1;50.7060;20.3359;40.7078;36.9851;19.6431;233.4842;20.3408;22.9753;1525.2829;57;0.0605;50;-0.0909;97;0.000143914;0;9999;9999;9999;9999;9999;9999;9999;9999;9999;9999;9999;9999;9999;9999;9999;9999;9999;9999;9999;9999
13/02/2025 10:32:58.047;117;-1758.371;2837.041;35.600;104.000;194664.73;-1;192000;1;50.7609;20.3790;36.0043;36.9941;19.7016;233.5692;20.3829;22.9582;1525.3319;59;0.0847;50;-0.0909;100;0.000153100;0;9999;9999;9999;9999;9999;9999;9999;9999;9999;9999;9999;9999;9999;9999;9999;9999;9999;9999;9999;9999
13/02/2025 10:33:28.044;117;-1758.369;2837.042;32.800;96.000;194733.88;-1;192000;1;50.8974;20.4840;31.3944;37.0157;19.7620;233.5898;20.4868;22.9253;1525.5647;55;0.0363;50;-0.0909;95;0.000137790;0;9999;9999;9999;9999;9999;9999;9999;9999;9999;9999;9999;9999;9999;9999;9999;9999;9999;9999;9999;9999
13/02/2025 10:33:58.039;117;-1758.363;2837.044;26.700;81.000;194803.03;-1;192000;1;50.9375;20.5168;26.8534;37.0215;19.8320;233.9097;20.5208;22.9018;1525.5844;57;0.0605;50;-0.0909;101;0.000156162;0;9999;9999;9999;9999;9999;9999;9999;9999;9999;9999;9999;9999;9999;9999;9999;9999;9999;9999;9999;9999
13/02/2025 10:34:28.040;117;-1758.360;2837.045;23.800;72.000;194872.18;-1;192000;1;50.9378;20.5233;22.2158;37.0178;19.8904;233.7680;20.5271;22.9043;1525.5206;57;0.0605;50;-0.0909;128;0.000238836;0;9999;9999;9999;9999;9999;9999;9999;9999;9999;9999;9999;9999;9999;9999;9999;9999;9999;9999;9999;9999
13/02/2025 10:34:58.025;117;-1758.356;2837.050;17.800;49.000;194941.33;-1;192000;1;50.9052;20.5153;17.5601;36.9998;19.9448;233.2633;20.5198;22.9252;1525.4011;62;0.1210;50;-0.0909;224;0.000532788;0;9999;9999;9999;9999;9999;9999;9999;9999;9999;9999;9999;9999;9999;9999;9999;9999;9999;9999;9999;9999
13/02/2025 10:35:28.048;117;-1758.354;2837.052;14.800;38.000;195010.49;-1;192000;1;50.9014;20.5153;12.8362;36.9985;19.9856;233.6411;20.5200;22.9095;1525.3209;64;0.1452;50;-0.0909;249;0.000609338;0;9999;9999;9999;9999;9999;9999;9999;9999;9999;9999;9999;9999;9999;9999;9999;9999;9999;9999;9999;9999
13/02/2025 10:35:58.038;117;-1758.353;2837.059;8.600;18.000;195079.63;-1;192000;1;50.8969;20.5184;8.0617;36.9938;20.0263;234.6091;20.5231;22.8707;1525.2444;60;0.0968;50;-0.0909;291;0.000737942;0;9999;9999;9999;9999;9999;9999;9999;9999;9999;9999;9999;9999;9999;9999;9999;9999;9999;9999;9999;9999
13/02/2025 10:36:28.044;117;-1758.353;2837.062;5.500;7.000;195148.79;-1;192000;1;50.9036;20.5275;3.2884;36.9931;20.0651;233.4394;20.5321;22.9113;1525.1887;59;0.0847;50;-0.0909;305;0.000780810;0;9999;9999;9999;9999;9999;9999;9999;9999;9999;9999;9999;9999;9999;9999;9999;9999;9999;9999;9999;9999
13/02/2025 10:36:58.037;115;-1758.353;2837.067;2.200;1.000;195217.94;-1;192000;1;50.9020;20.5257;3.5602;36.9933;20.1000;232.2775;20.5304;22.9563;1525.1886;60;0.0968;74;2.0907;305;0.000780810;0;9999;9999;9999;9999;9999;9999;9999;9999;9999;9999;9999;9999;9999;9999;9999;9999;9999;9999;9999;9999
13/02/2025 10:37:28.046;115;-1758.355;2837.069;0.000;319.000;195287.09;-1;192000;1;50.9095;20.5340;1.7128;36.9929;20.1329;233.4337;20.5387;22.9092;1525.1798;57;0.0605;70;1.7271;301;0.000768562;0;9999;9999;9999;9999;9999;9999;9999;9999;9999;9999;9999;9999;9999;9999;9999;9999;9999;9999;9999;9999
13/02/2025 10:37:58.047;119;-1758.576;2837.165;0.100;342.000;195307.76;-1;192000;0;50.9037;20.5328;1.4379;36.9893;20.1581;233.9375;20.5388;22.8901;1525.1680;71;0.2299;71;1.8180;287;0.000725694;0;9999;9999;9999;9999;9999;9999;9999;9999;9999;9999;9999;9999;9999;9999;9999;9999;9999;9999;9999;9999
13/02/2025 10:37:59.054;119;-1758.575;2837.166;0.200;346.000;9999;195307.76;192000;0;50.9012;20.5328;1.4424;36.9873;20.1581;233.1077;20.5385;22.9219;1525.1658;9999;9999;9999;9999;9999;9999;0;9999;9999;9999;9999;9999;9999;9999;9999;9999;9999;9999;9999;9999;9999;9999;9999;9999;9999;9999;9999
