PLD_REALTIMECLOCK;NAV_RESOURCE;NAV_LONGITUDE;NAV_LATITUDE;NAV_DEPTH;NAV_HEADING;SD_CARD_USAGE;SSD_USAGE;ACQUISITION_FREQ;RECORDING;LEGATO_CONDUCTIVITY;LEGATO_TEMPERATURE;LEGATO_PRESSURE;LEGATO_SALINITY;LEGATO_CONDTEMP;LEGATO_CODA_DO;LEGATO_CODA_TEMPERATURE;LEGATO_CODA_CORR_PHASE;LEGATO_SOUND_VELOCITY;FLBBCD_CHL_COUNT;FLBBCD_CHL_SCALED;FLBBCD_CDOM_COUNT;FLBBCD_CDOM_SCALED;FLBBCD_BB_700_COUNT;FLBBCD_BB_700_SCALED;User_Field1;User_Field2;User_Field3;User_Field4;User_Field5;User_Field6;User_Field7;User_Field8;User_Field9;User_Field10;BS_HEADING;BS_ZB;BS_ZT;BS_PU;BS_PD;BS_BU;BS_BD;BS_SR;BS_ALTIMETER.ENABLE;BS_ALTIMETER.VALUE;BS_CURRENT.CORRECTION.ENABLE
20/02/2025 04:36:29.281;119;-1758.725;2837.622;-0.100;85.000;248006.83;-1;192000;0;50.4635;20.1799;1.5756;36.9372;20.0205;239.8688;20.1791;22.7730;1524.1507;60;0.0968;70;1.7271;101;0.000156162;0;9999;9999;9999;9999;9999;9999;9999;9999;9999;9999;9999;9999;9999;9999;9999;9999;9999;9999;9999;9999
20/02/2025 04:36:59.308;116;-1758.729;2837.624;-0.200;88.000;248006.84;248006.84;192000;0;50.4616;20.1784;1.4240;36.9370;20.0321;239.2081;20.1813;22.7967;1524.1438;60;0.0968;70;1.7271;106;0.000171472;0;9999;9999;9999;9999;9999;9999;9999;9999;9999;9999;9999;9999;9999;9999;9999;9999;9999;9999;9999;9999
20/02/2025 04:37:29.313;116;-1758.733;2837.628;-0.100;62.000;248006.89;248006.89;192000;0;50.4605;20.1777;1.4200;36.9367;20.0418;239.5661;20.1830;22.7829;1524.1415;58;0.0726;70;1.7271;111;0.000186782;0;9999;9999;9999;9999;9999;9999;9999;9999;9999;9999;9999;9999;9999;9999;9999;9999;9999;9999;9999;9999
20/02/2025 04:37:59.314;116;-1758.735;2837.629;-0.100;66.000;248006.91;248006.91;192000;0;50.4677;20.1842;1.5200;36.9369;20.0535;239.7489;20.1883;22.7747;1524.1612;57;0.0605;69;1.6362;100;0.000153100;0;9999;9999;9999;9999;9999;9999;9999;9999;9999;9999;9999;9999;9999;9999;9999;9999;9999;9999;9999;9999
20/02/2025 04:38:29.312;116;-1758.735;2837.629;-0.100;66.000;248006.95;248006.95;192000;0;50.4635;20.1803;1.4107;36.9369;20.0632;239.2909;20.1851;22.7926;1524.1487;57;0.0605;69;1.6362;103;0.000162286;0;9999;9999;9999;9999;9999;9999;9999;9999;9999;9999;9999;9999;9999;9999;9999;9999;9999;9999;9999;9999
20/02/2025 04:38:59.312;116;-1758.740;2837.634;-0.000;36.000;248006.98;248006.99;192000;0;50.4631;20.1798;1.4752;36.9369;20.0729;239.9712;20.1856;22.7672;1524.1484;60;0.0968;70;1.7271;104;0.000165348;0;9999;9999;9999;9999;9999;9999;9999;9999;9999;9999;9999;9999;9999;9999;9999;9999;9999;9999;9999;9999
20/02/2025 04:39:29.312;116;-1758.744;2837.639;-0.100;45.000;248007.01;248007.01;192000;0;50.4633;20.1805;1.4479;36.9365;20.0845;239.4241;20.1853;22.7876;1524.1494;58;0.0726;71;1.8180;102;0.000159224;0;9999;9999;9999;9999;9999;9999;9999;9999;9999;9999;9999;9999;9999;9999;9999;9999;9999;9999;9999;9999
20/02/2025 04:39:59.309;116;-1758.752;2837.644;0.000;54.000;248007.05;248007.05;192000;0;50.4647;20.1824;1.5521;36.9360;20.0864;241.5218;20.1870;22.7096;1524.1558;58;0.0726;70;1.7271;102;0.000159224;0;9999;9999;9999;9999;9999;9999;9999;9999;9999;9999;9999;9999;9999;9999;9999;9999;9999;9999;9999;9999
20/02/2025 04:40:29.295;110;-1758.753;2837.645;-0.100;67.000;248007.09;248007.09;192000;0;50.4668;20.1837;1.3917;36.9365;20.0961;239.2086;20.1858;22.7955;1524.1572;58;0.0726;71;1.8180;101;0.000156162;0;9999;9999;9999;9999;9999;9999;9999;9999;9999;9999;9999;9999;9999;9999;9999;9999;9999;9999;9999;9999
20/02/2025 04:40:59.312;110;-1758.755;2837.647;0.800;96.000;248007.14;-1;192000;0;50.4528;20.1728;2.4118;36.9343;20.1039;240.9772;20.1842;22.7307;1524.1420;60;0.0968;68;1.5453;101;0.000156162;0;9999;9999;9999;9999;9999;9999;9999;9999;9999;9999;9999;9999;9999;9999;9999;9999;9999;9999;9999;9999
20/02/2025 04:41:29.313;100;-1758.754;2837.649;4.500;117.000;248007.18;-1;192000;0;50.4728;20.1864;6.1794;36.9373;20.1116;240.4530;20.1887;22.7499;1524.2454;56;0.0484;70;1.7271;101;0.000156162;0;9999;9999;9999;9999;9999;9999;9999;9999;9999;9999;9999;9999;9999;9999;9999;9999;9999;9999;9999;9999
20/02/2025 04:41:59.299;100;-1758.753;2837.648;8.200;127.000;248007.22;-1;192000;0;50.4768;20.1883;11.3882;36.9370;20.1213;240.1999;20.1897;22.7604;1524.3371;57;0.0605;70;1.7271;102;0.000159224;0;9999;9999;9999;9999;9999;9999;9999;9999;9999;9999;9999;9999;9999;9999;9999;9999;9999;9999;9999;9999
20/02/2025 04:42:29.304;100;-1758.751;2837.648;15.400;131.000;248007.26;-1;192000;0;50.4782;20.1872;17.0029;36.9370;20.1252;240.6536;20.1881;22.7457;1524.4277;57;0.0605;70;1.7271;108;0.000177596;0;9999;9999;9999;9999;9999;9999;9999;9999;9999;9999;9999;9999;9999;9999;9999;9999;9999;9999;9999;9999
20/02/2025 04:42:59.310;100;-1758.750;2837.647;19.200;133.000;248007.29;-1;192000;0;50.4757;20.1815;22.8426;36.9378;20.1329;240.1335;20.1830;22.7680;1524.5103;58;0.0726;69;1.6362;106;0.000171472;0;9999;9999;9999;9999;9999;9999;9999;9999;9999;9999;9999;9999;9999;9999;9999;9999;9999;9999;9999;9999
20/02/2025 04:43:29.291;100;-1758.747;2837.645;26.900;140.000;248007.32;-1;192000;0;50.4095;20.1334;28.7305;36.9232;20.1329;240.4278;20.1321;22.7742;1524.4603;61;0.1089;70;1.7271;104;0.000165348;0;9999;9999;9999;9999;9999;9999;9999;9999;9999;9999;9999;9999;9999;9999;9999;9999;9999;9999;9999;9999
20/02/2025 04:43:59.309;100;-1758.747;2837.644;30.800;142.000;248007.37;248007.37;192000;0;50.4086;20.1287;34.8238;36.9244;20.1329;242.1958;20.1300;22.7113;1524.5504;59;0.0847;70;1.7271;103;0.000162286;0;9999;9999;9999;9999;9999;9999;9999;9999;9999;9999;9999;9999;9999;9999;9999;9999;9999;9999;9999;9999
20/02/2025 04:44:29.309;100;-1758.745;2837.641;39.100;146.000;248007.41;248007.41;192000;0;50.1317;19.9180;41.2684;36.8784;20.1194;240.6209;19.9163;22.8350;1524.0268;82;0.3630;72;1.9089;113;0.000192906;0;9999;9999;9999;9999;9999;9999;9999;9999;9999;9999;9999;9999;9999;9999;9999;9999;9999;9999;9999;9999
20/02/2025 04:44:59.315;100;-1758.744;2837.640;43.300;140.000;248007.44;248007.44;192000;0;50.0613;19.8598;47.7010;36.8689;20.0767;243.0805;19.8567;22.7641;1523.9627;97;0.5445;72;1.9089;117;0.000205154;0;9999;9999;9999;9999;9999;9999;9999;9999;9999;9999;9999;9999;9999;9999;9999;9999;9999;9999;9999;9999
20/02/2025 04:45:29.316;100;-1758.743;2837.639;47.400;139.000;248007.48;248007.48;192000;0;50.0119;19.8221;54.2119;36.8587;20.0457;240.7726;19.8154;22.8633;1523.9555;102;0.6050;72;1.9089;119;0.000211278;0;9999;9999;9999;9999;9999;9999;9999;9999;9999;9999;9999;9999;9999;9999;9999;9999;9999;9999;9999;9999
20/02/2025 04:45:59.303;100;-1758.740;2837.637;55.600;137.000;248007.51;248007.51;192000;0;49.9848;19.7869;60.2920;36.8648;20.0127;240.3739;19.7877;22.8874;1523.9663;99;0.5687;71;1.8180;121;0.000217402;0;9999;9999;9999;9999;9999;9999;9999;9999;9999;9999;9999;9999;9999;9999;9999;9999;9999;9999;9999;9999
20/02/2025 04:46:29.310;100;-1758.738;2837.635;63.400;140.000;248007.54;248007.54;192000;0;49.9232;19.7348;66.3497;36.8573;19.9836;237.7572;19.7341;23.0027;1523.9145;96;0.5324;72;1.9089;112;0.000189844;0;9999;9999;9999;9999;9999;9999;9999;9999;9999;9999;9999;9999;9999;9999;9999;9999;9999;9999;9999;9999
20/02/2025 04:46:59.315;100;-1758.737;2837.634;67.300;140.000;248007.59;248007.59;192000;0;49.8860;19.7011;72.4769;36.8538;19.9487;237.0209;19.7022;23.0415;1523.9191;91;0.4719;73;1.9998;113;0.000192906;0;9999;9999;9999;9999;9999;9999;9999;9999;9999;9999;9999;9999;9999;9999;9999;9999;9999;9999;9999;9999
20/02/2025 04:47:29.309;100;-1758.736;2837.633;71.400;140.000;248007.62;248007.62;192000;0;49.7459;19.5904;79.1047;36.8324;19.9156;235.4770;19.5910;23.1354;1523.6978;81;0.3509;73;1.9998;107;0.000174534;0;9999;9999;9999;9999;9999;9999;9999;9999;9999;9999;9999;9999;9999;9999;9999;9999;9999;9999;9999;9999
20/02/2025 04:47:59.312;100;-1758.733;2837.630;79.900;142.000;248007.66;248007.66;192000;0;49.7424;19.5839;85.4801;36.8328;19.8748;233.7737;19.5802;23.2054;1523.7864;81;0.3509;72;1.9089;105;0.000168410;0;9999;9999;9999;9999;9999;9999;9999;9999;9999;9999;9999;9999;9999;9999;9999;9999;9999;9999;9999;9999
20/02/2025 04:48:29.311;100;-1758.732;2837.629;84.000;142.000;248007.68;248007.68;192000;0;49.6682;19.5260;91.9712;36.8196;19.8398;233.4907;19.5227;23.2356;1523.7183;76;0.2904;75;2.1816;101;0.000156162;0;9999;9999;9999;9999;9999;9999;9999;9999;9999;9999;9999;9999;9999;9999;9999;9999;9999;9999;9999;9999
20/02/2025 04:48:59.315;100;-1758.730;2837.626;92.600;142.000;248007.73;-1;192000;0;49.5198;19.4145;98.5292;36.7917;19.8009;231.2338;19.4116;23.3588;1523.4847;69;0.2057;72;1.9089;101;0.000156162;0;9999;9999;9999;9999;9999;9999;9999;9999;9999;9999;9999;9999;9999;9999;9999;9999;9999;9999;9999;9999
20/02/2025 04:49:29.305;100;-1758.729;2837.625;96.700;146.000;248007.77;-1;192000;0;49.3869;19.3068;105.2687;36.7731;19.7464;230.1342;19.3061;23.4357;1523.2742;62;0.1210;72;1.9089;95;0.000137790;0;9999;9999;9999;9999;9999;9999;9999;9999;9999;9999;9999;9999;9999;9999;9999;9999;9999;9999;9999;9999
20/02/2025 04:49:59.292;100;-1758.727;2837.622;105.600;141.000;248007.8;-1;192000;0;49.2252;19.1816;112.1456;36.7458;19.6782;226.7945;19.1819;23.6075;1523.0060;62;0.1210;73;1.9998;95;0.000137790;0;9999;9999;9999;9999;9999;9999;9999;9999;9999;9999;9999;9999;9999;9999;9999;9999;9999;9999;9999;9999
20/02/2025 04:50:29.314;100;-1758.725;2837.620;109.900;140.000;248007.84;-1;192000;0;48.9929;19.0044;118.7169;36.7048;19.6197;225.2986;19.0022;23.7251;1522.5689;59;0.0847;74;2.0907;94;0.000134728;0;9999;9999;9999;9999;9999;9999;9999;9999;9999;9999;9999;9999;9999;9999;9999;9999;9999;9999;9999;9999
20/02/2025 04:50:59.312;100;-1758.722;2837.618;118.400;132.000;248007.89;248007.89;192000;0;48.3389;18.4920;125.1996;36.6038;19.5163;219.9003;18.4859;24.1084;1521.1024;56;0.0484;75;2.1816;96;0.000140852;0;9999;9999;9999;9999;9999;9999;9999;9999;9999;9999;9999;9999;9999;9999;9999;9999;9999;9999;9999;9999
20/02/2025 04:51:29.315;100;-1758.720;2837.618;122.300;126.000;248007.93;248007.93;192000;0;48.1373;18.3295;131.6414;36.5743;19.3638;218.1485;18.3320;24.2317;1520.7087;56;0.0484;75;2.1816;93;0.000131666;0;9999;9999;9999;9999;9999;9999;9999;9999;9999;9999;9999;9999;9999;9999;9999;9999;9999;9999;9999;9999
20/02/2025 04:51:59.311;100;-1758.717;2837.616;130.900;136.000;248007.96;248007.96;192000;0;48.0810;18.2853;138.4942;36.5629;19.2364;218.2574;18.2826;24.2449;1520.6822;54;0.0242;75;2.1816;91;0.000125542;0;9999;9999;9999;9999;9999;9999;9999;9999;9999;9999;9999;9999;9999;9999;9999;9999;9999;9999;9999;9999
20/02/2025 04:52:29.315;100;-1758.716;2837.615;135.400;138.000;248008.0;248008.0;192000;0;48.0391;18.2486;145.3979;36.5572;19.1226;218.2950;18.2468;24.2567;1520.6846;55;0.0363;76;2.2725;95;0.000137790;0;9999;9999;9999;9999;9999;9999;9999;9999;9999;9999;9999;9999;9999;9999;9999;9999;9999;9999;9999;9999
20/02/2025 04:52:59.313;100;-1758.713;2837.612;144.200;141.000;248008.03;248008.03;192000;0;47.9548;18.1800;152.4508;36.5436;19.0243;218.8584;18.1784;24.2569;1520.5880;57;0.0605;76;2.2725;99;0.000150038;0;9999;9999;9999;9999;9999;9999;9999;9999;9999;9999;9999;9999;9999;9999;9999;9999;9999;9999;9999;9999
20/02/2025 04:53:29.313;100;-1758.712;2837.611;148.900;144.000;248008.06;248008.06;192000;0;47.6126;17.9374;159.7766;36.4637;18.9318;218.4950;17.9168;24.3596;1519.9144;55;0.0363;76;2.2725;95;0.000137790;0;9999;9999;9999;9999;9999;9999;9999;9999;9999;9999;9999;9999;9999;9999;9999;9999;9999;9999;9999;9999
20/02/2025 04:53:59.311;100;-1758.709;2837.608;158.000;135.000;248008.11;248008.11;192000;0;47.4019;17.7269;166.5443;36.4679;18.7898;217.5989;17.7260;24.4580;1519.4165;52;0.0000;77;2.3634;99;0.000150038;0;9999;9999;9999;9999;9999;9999;9999;9999;9999;9999;9999;9999;9999;9999;9999;9999;9999;9999;9999;9999
20/02/2025 04:54:29.310;100;-1758.708;2837.607;162.400;139.000;248008.14;-1;192000;0;47.0740;17.4424;173.4245;36.4367;18.6615;217.9979;17.4473;24.5318;1518.6584;52;0.0000;75;2.1816;108;0.000177596;0;9999;9999;9999;9999;9999;9999;9999;9999;9999;9999;9999;9999;9999;9999;9999;9999;9999;9999;9999;9999
20/02/2025 04:54:59.312;100;-1758.705;2837.605;170.900;133.000;248008.18;-1;192000;0;46.6052;17.0738;179.8763;36.3572;18.4853;214.8328;17.0598;24.7951;1517.5807;51;-0.0121;78;2.4543;83;0.000101046;0;9999;9999;9999;9999;9999;9999;9999;9999;9999;9999;9999;9999;9999;9999;9999;9999;9999;9999;9999;9999
20/02/2025 04:55:29.313;100;-1758.703;2837.604;175.000;132.000;248008.21;-1;192000;0;46.3741;16.8770;185.8807;36.3299;18.3106;214.9106;16.8672;24.8562;1517.0606;51;-0.0121;76;2.2725;82;0.000097984;0;9999;9999;9999;9999;9999;9999;9999;9999;9999;9999;9999;9999;9999;9999;9999;9999;9999;9999;9999;9999
20/02/2025 04:55:59.315;100;-1758.701;2837.603;182.500;131.000;248008.26;-1;192000;0;46.1120;16.6623;191.7284;36.2909;18.1296;213.9900;16.6413;24.9721;1516.4673;51;-0.0121;77;2.3634;83;0.000101046;0;9999;9999;9999;9999;9999;9999;9999;9999;9999;9999;9999;9999;9999;9999;9999;9999;9999;9999;9999;9999
20/02/2025 04:56:29.311;100;-1758.699;2837.602;186.200;131.000;248008.28;248008.28;192000;0;46.0138;16.5700;197.5953;36.2855;17.9660;215.0045;16.5671;24.9539;1516.2797;50;-0.0242;76;2.2725;82;0.000097984;0;9999;9999;9999;9999;9999;9999;9999;9999;9999;9999;9999;9999;9999;9999;9999;9999;9999;9999;9999;9999
20/02/2025 04:56:59.313;100;-1758.697;2837.601;193.700;134.000;248008.32;248008.32;192000;0;45.7853;16.3795;203.4587;36.2535;17.8060;214.2189;16.3763;25.0527;1515.7628;50;-0.0242;78;2.4543;84;0.000104108;0;9999;9999;9999;9999;9999;9999;9999;9999;9999;9999;9999;9999;9999;9999;9999;9999;9999;9999;9999;9999
20/02/2025 04:57:29.312;118;-1758.695;2837.599;200.300;130.000;248008.37;248008.37;192000;0;45.7370;16.3356;208.4978;36.2486;17.6537;214.3118;16.3362;25.0632;1515.7073;51;-0.0121;77;2.3634;80;0.000091860;0;9999;9999;9999;9999;9999;9999;9999;9999;9999;9999;9999;9999;9999;9999;9999;9999;9999;9999;9999;9999
20/02/2025 04:57:59.312;118;-1758.695;2837.600;200.200;141.000;248008.4;248008.4;192000;0;45.7481;16.3454;206.0445;36.2505;17.5191;214.3984;16.3441;25.0561;1515.6986;50;-0.0242;80;2.6361;86;0.000110232;0;9999;9999;9999;9999;9999;9999;9999;9999;9999;9999;9999;9999;9999;9999;9999;9999;9999;9999;9999;9999
20/02/2025 04:58:29.292;117;-1758.695;2837.600;196.200;131.000;248008.45;248008.45;192000;0;45.7915;16.3789;203.1267;36.2598;17.4124;213.4906;16.3794;25.0827;1515.7628;50;-0.0242;78;2.4543;86;0.000110232;0;9999;9999;9999;9999;9999;9999;9999;9999;9999;9999;9999;9999;9999;9999;9999;9999;9999;9999;9999;9999
20/02/2025 04:58:59.315;117;-1758.695;2837.601;194.200;127.000;248008.49;248008.49;192000;0;45.9227;16.4858;199.9019;36.2803;17.3379;214.2598;16.4899;25.0116;1516.0572;52;0.0000;78;2.4543;83;0.000101046;0;9999;9999;9999;9999;9999;9999;9999;9999;9999;9999;9999;9999;9999;9999;9999;9999;9999;9999;9999;9999
20/02/2025 04:59:29.313;117;-1758.695;2837.602;189.800;125.000;248008.53;-1;192000;0;46.0303;16.5830;196.5721;36.2888;17.2814;213.7449;16.5799;25.0037;1516.3059;50;-0.0242;77;2.3634;81;0.000094922;0;9999;9999;9999;9999;9999;9999;9999;9999;9999;9999;9999;9999;9999;9999;9999;9999;9999;9999;9999;9999
20/02/2025 04:59:59.303;117;-1758.695;2837.602;187.600;126.000;248008.56;-1;192000;0;46.0585;16.6066;193.1958;36.2936;17.2370;214.1595;16.6088;24.9751;1516.3266;50;-0.0242;79;2.5452;84;0.000104108;0;9999;9999;9999;9999;9999;9999;9999;9999;9999;9999;9999;9999;9999;9999;9999;9999;9999;9999;9999;9999
20/02/2025 05:00:29.296;117;-1758.695;2837.603;183.200;130.000;248008.6;-1;192000;0;46.2350;16.7478;189.9007;36.3227;17.2006;214.6411;16.7531;24.9056;1516.7310;51;-0.0121;78;2.4543;79;0.000088798;0;9999;9999;9999;9999;9999;9999;9999;9999;9999;9999;9999;9999;9999;9999;9999;9999;9999;9999;9999;9999
20/02/2025 05:00:59.315;117;-1758.695;2837.604;181.000;133.000;248008.64;-1;192000;0;46.5043;16.9749;186.6914;36.3554;17.2027;214.7923;16.9809;24.8237;1517.3964;50;-0.0242;78;2.4543;83;0.000101046;0;9999;9999;9999;9999;9999;9999;9999;9999;9999;9999;9999;9999;9999;9999;9999;9999;9999;9999;9999;9999
20/02/2025 05:01:29.312;117;-1758.695;2837.604;176.900;137.000;248008.68;-1;192000;0;46.5547;17.0195;183.5115;36.3605;17.2208;214.2668;17.0184;24.8333;1517.4828;50;-0.0242;78;2.4543;89;0.000119418;0;9999;9999;9999;9999;9999;9999;9999;9999;9999;9999;9999;9999;9999;9999;9999;9999;9999;9999;9999;9999
20/02/2025 05:01:59.310;117;-1758.695;2837.604;174.800;141.000;248008.7;248008.7;192000;0;46.7099;17.1499;180.3469;36.3800;17.2390;215.6552;17.1520;24.7293;1517.8413;51;-0.0121;77;2.3634;110;0.000183720;0;9999;9999;9999;9999;9999;9999;9999;9999;9999;9999;9999;9999;9999;9999;9999;9999;9999;9999;9999;9999
20/02/2025 05:02:29.308;117;-1758.696;2837.605;170.700;141.000;248008.76;248008.76;192000;0;46.8288;17.2524;177.1441;36.3927;17.2632;217.1457;17.2619;24.6295;1518.1073;52;0.0000;77;2.3634;100;0.000153100;0;9999;9999;9999;9999;9999;9999;9999;9999;9999;9999;9999;9999;9999;9999;9999;9999;9999;9999;9999;9999
20/02/2025 05:02:59.315;117;-1758.696;2837.605;168.600;144.000;248008.79;248008.79;192000;0;47.1484;17.5128;173.8533;36.4377;17.3197;217.0325;17.5098;24.5532;1518.8743;53;0.0121;77;2.3634;118;0.000208216;0;9999;9999;9999;9999;9999;9999;9999;9999;9999;9999;9999;9999;9999;9999;9999;9999;9999;9999;9999;9999
20/02/2025 05:03:29.295;117;-1758.697;2837.605;164.400;139.000;248008.83;248008.83;192000;0;47.4302;17.7470;170.5540;36.4728;17.4064;217.5369;17.7438;24.4560;1519.5476;53;0.0121;77;2.3634;100;0.000153100;0;9999;9999;9999;9999;9999;9999;9999;9999;9999;9999;9999;9999;9999;9999;9999;9999;9999;9999;9999;9999
20/02/2025 05:03:59.292;117;-1758.697;2837.605;162.400;135.000;248008.86;248008.86;192000;0;47.4416;17.7571;167.4110;36.4748;17.4789;216.8779;17.7554;24.4791;1519.5273;54;0.0242;77;2.3634;98;0.000146976;0;9999;9999;9999;9999;9999;9999;9999;9999;9999;9999;9999;9999;9999;9999;9999;9999;9999;9999;9999;9999
20/02/2025 05:04:29.293;117;-1758.697;2837.606;158.300;141.000;248008.9;248008.9;192000;0;47.9469;18.1658;164.0325;36.5449;17.5633;218.6030;18.1624;24.2758;1520.7410;55;0.0363;75;2.1816;107;0.000174534;0;9999;9999;9999;9999;9999;9999;9999;9999;9999;9999;9999;9999;9999;9999;9999;9999;9999;9999;9999;9999
20/02/2025 05:04:59.309;117;-1758.698;2837.606;156.100;139.000;248008.94;248008.94;192000;0;48.0432;18.2485;160.7368;36.5549;17.6798;217.3128;18.2457;24.3028;1520.9368;56;0.0484;76;2.2725;92;0.000128604;0;9999;9999;9999;9999;9999;9999;9999;9999;9999;9999;9999;9999;9999;9999;9999;9999;9999;9999;9999;9999
20/02/2025 05:05:29.308;117;-1758.698;2837.606;152.000;136.000;248008.97;248008.97;192000;0;48.0567;18.2582;157.4027;36.5590;17.7760;218.6566;18.2589;24.2412;1520.9140;55;0.0363;77;2.3634;97;0.000143914;0;9999;9999;9999;9999;9999;9999;9999;9999;9999;9999;9999;9999;9999;9999;9999;9999;9999;9999;9999;9999
20/02/2025 05:05:59.315;117;-1758.698;2837.606;149.700;135.000;248009.01;248009.01;192000;0;48.0919;18.2875;153.9386;36.5643;17.8520;217.0220;18.2884;24.2993;1520.9470;57;0.0605;76;2.2725;93;0.000131666;0;9999;9999;9999;9999;9999;9999;9999;9999;9999;9999;9999;9999;9999;9999;9999;9999;9999;9999;9999;9999
20/02/2025 05:06:29.310;117;-1758.698;2837.607;145.400;129.000;248009.05;-1;192000;0;48.2000;18.3721;150.4881;36.5825;17.9200;216.3164;18.3708;24.3018;1521.1542;55;0.0363;77;2.3634;101;0.000156162;0;9999;9999;9999;9999;9999;9999;9999;9999;9999;9999;9999;9999;9999;9999;9999;9999;9999;9999;9999;9999
20/02/2025 05:06:59.312;117;-1758.697;2837.607;143.000;129.000;248009.08;-1;192000;0;48.4775;18.5819;146.7504;36.6333;17.9899;217.9180;18.5858;24.1649;1521.7520;56;0.0484;75;2.1816;96;0.000140852;0;9999;9999;9999;9999;9999;9999;9999;9999;9999;9999;9999;9999;9999;9999;9999;9999;9999;9999;9999;9999
20/02/2025 05:07:29.308;117;-1758.697;2837.607;137.900;133.000;248009.12;-1;192000;0;48.6388;18.7110;142.6740;36.6569;18.0877;220.0758;18.7207;24.0317;1522.0798;55;0.0363;75;2.1816;94;0.000134728;0;9999;9999;9999;9999;9999;9999;9999;9999;9999;9999;9999;9999;9999;9999;9999;9999;9999;9999;9999;9999
20/02/2025 05:07:59.308;117;-1758.697;2837.607;135.400;139.000;248009.15;-1;192000;0;48.7209;18.7845;138.6559;36.6626;18.1814;221.4355;18.7861;23.9546;1522.2289;58;0.0726;75;2.1816;94;0.000134728;0;9999;9999;9999;9999;9999;9999;9999;9999;9999;9999;9999;9999;9999;9999;9999;9999;9999;9999;9999;9999
20/02/2025 05:08:29.305;117;-1758.697;2837.607;130.300;144.000;248009.2;-1;192000;0;48.7637;18.8167;134.7435;36.6718;18.2629;222.3189;18.8299;23.9035;1522.2658;58;0.0726;75;2.1816;94;0.000134728;0;9999;9999;9999;9999;9999;9999;9999;9999;9999;9999;9999;9999;9999;9999;9999;9999;9999;9999;9999;9999
20/02/2025 05:08:59.310;117;-1758.697;2837.607;127.800;143.000;248009.24;-1;192000;0;48.8188;18.8596;130.8189;36.6817;18.3365;223.6114;18.8610;23.8401;1522.3337;58;0.0726;74;2.0907;93;0.000131666;0;9999;9999;9999;9999;9999;9999;9999;9999;9999;9999;9999;9999;9999;9999;9999;9999;9999;9999;9999;9999
20/02/2025 05:09:29.311;117;-1758.697;2837.606;122.800;137.000;248009.27;-1;192000;0;48.8299;18.8722;126.8271;36.6814;18.4000;221.9369;18.8750;23.9029;1522.3027;57;0.0605;75;2.1816;92;0.000128604;0;9999;9999;9999;9999;9999;9999;9999;9999;9999;9999;9999;9999;9999;9999;9999;9999;9999;9999;9999;9999
20/02/2025 05:09:59.308;117;-1758.696;2837.606;120.200;135.000;248009.31;248009.31;192000;0;48.8603;18.8940;122.8721;36.6893;18.4595;222.8783;18.8972;23.8562;1522.3077;57;0.0605;75;2.1816;205;0.000474610;0;9999;9999;9999;9999;9999;9999;9999;9999;9999;9999;9999;9999;9999;9999;9999;9999;9999;9999;9999;9999
20/02/2025 05:10:29.304;117;-1758.696;2837.607;115.100;131.000;248009.35;248009.35;192000;0;49.0010;19.0063;118.8406;36.7099;18.5150;224.2525;19.0055;23.7659;1522.5821;59;0.0847;74;2.0907;115;0.000199030;0;9999;9999;9999;9999;9999;9999;9999;9999;9999;9999;9999;9999;9999;9999;9999;9999;9999;9999;9999;9999
20/02/2025 05:10:59.315;117;-1758.695;2837.607;112.500;130.000;248009.38;248009.38;192000;0;49.1247;19.1022;114.7503;36.7306;18.5803;224.0352;19.0983;23.7447;1522.8084;61;0.1089;74;2.0907;100;0.000153100;0;9999;9999;9999;9999;9999;9999;9999;9999;9999;9999;9999;9999;9999;9999;9999;9999;9999;9999;9999;9999
20/02/2025 05:11:29.315;117;-1758.695;2837.607;107.200;138.000;248009.42;248009.42;192000;0;49.2295;19.1820;110.6099;36.7496;18.6535;226.8114;19.1826;23.6060;1522.9858;63;0.1331;74;2.0907;100;0.000153100;0;9999;9999;9999;9999;9999;9999;9999;9999;9999;9999;9999;9999;9999;9999;9999;9999;9999;9999;9999;9999
20/02/2025 05:11:59.313;117;-1758.695;2837.606;104.500;143.000;248009.46;248009.46;192000;0;49.2905;19.2274;106.4450;36.7621;18.7168;228.8583;19.2332;23.5081;1523.0583;67;0.1815;73;1.9998;102;0.000159224;0;9999;9999;9999;9999;9999;9999;9999;9999;9999;9999;9999;9999;9999;9999;9999;9999;9999;9999;9999;9999
20/02/2025 05:12:29.301;117;-1758.695;2837.606;99.200;139.000;248009.49;248009.49;192000;0;49.3179;19.2520;102.3213;36.7649;18.7760;227.5803;19.2547;23.5508;1523.0620;70;0.2178;73;1.9998;100;0.000153100;0;9999;9999;9999;9999;9999;9999;9999;9999;9999;9999;9999;9999;9999;9999;9999;9999;9999;9999;9999;9999
20/02/2025 05:12:59.303;117;-1758.695;2837.606;96.600;138.000;248009.53;248009.53;192000;0;49.3601;19.2843;98.2886;36.7733;18.8352;228.8476;19.2888;23.4891;1523.0950;68;0.1936;75;2.1816;100;0.000153100;0;9999;9999;9999;9999;9999;9999;9999;9999;9999;9999;9999;9999;9999;9999;9999;9999;9999;9999;9999;9999
20/02/2025 05:13:29.312;117;-1758.694;2837.606;91.400;135.000;248009.56;248009.56;192000;0;49.5308;19.4163;94.1929;36.8009;18.8884;231.0855;19.4197;23.3604;1523.4278;73;0.2541;74;2.0907;102;0.000159224;0;9999;9999;9999;9999;9999;9999;9999;9999;9999;9999;9999;9999;9999;9999;9999;9999;9999;9999;9999;9999
20/02/2025 05:13:59.315;117;-1758.694;2837.606;88.700;135.000;248009.59;248009.6;192000;0;49.5920;19.4659;90.0680;36.8097;18.9593;231.6190;19.4672;23.3240;1523.5077;77;0.3025;73;1.9998;102;0.000159224;0;9999;9999;9999;9999;9999;9999;9999;9999;9999;9999;9999;9999;9999;9999;9999;9999;9999;9999;9999;9999
20/02/2025 05:14:29.313;117;-1758.693;2837.606;83.400;137.000;248009.64;-1;192000;0;49.6335;19.4981;85.9282;36.8176;19.0125;232.0770;19.5007;23.2948;1523.5376;75;0.2783;73;1.9998;113;0.000192906;0;9999;9999;9999;9999;9999;9999;9999;9999;9999;9999;9999;9999;9999;9999;9999;9999;9999;9999;9999;9999
20/02/2025 05:14:59.303;117;-1758.693;2837.605;80.700;138.000;248009.67;-1;192000;0;49.6888;19.5407;81.7732;36.8276;19.0695;232.3709;19.5446;23.2688;1523.5984;76;0.2904;72;1.9089;106;0.000171472;0;9999;9999;9999;9999;9999;9999;9999;9999;9999;9999;9999;9999;9999;9999;9999;9999;9999;9999;9999;9999
20/02/2025 05:15:29.314;117;-1758.693;2837.605;75.300;139.000;248009.71;-1;192000;0;49.7411;19.5834;77.6805;36.8351;19.1265;233.3184;19.5858;23.2188;1523.6576;80;0.3388;72;1.9089;110;0.000183720;0;9999;9999;9999;9999;9999;9999;9999;9999;9999;9999;9999;9999;9999;9999;9999;9999;9999;9999;9999;9999
20/02/2025 05:15:59.313;117;-1758.693;2837.605;72.700;139.000;248009.74;-1;192000;0;49.7489;19.5920;73.5539;36.8356;19.1756;234.0571;19.5945;23.1867;1523.6134;83;0.3751;72;1.9089;116;0.000202092;0;9999;9999;9999;9999;9999;9999;9999;9999;9999;9999;9999;9999;9999;9999;9999;9999;9999;9999;9999;9999
20/02/2025 05:16:29.310;117;-1758.692;2837.605;67.300;137.000;248009.79;-1;192000;0;49.7615;19.6014;69.3168;36.8394;19.2168;235.3674;19.6033;23.1328;1523.5733;80;0.3388;73;1.9998;104;0.000165348;0;9999;9999;9999;9999;9999;9999;9999;9999;9999;9999;9999;9999;9999;9999;9999;9999;9999;9999;9999;9999
20/02/2025 05:16:59.299;117;-1758.692;2837.604;64.600;137.000;248009.82;-1;192000;0;49.7735;19.6102;65.0634;36.8432;19.2560;234.1005;19.6199;23.1747;1523.5312;81;0.3509;73;1.9998;106;0.000171472;0;9999;9999;9999;9999;9999;9999;9999;9999;9999;9999;9999;9999;9999;9999;9999;9999;9999;9999;9999;9999
20/02/2025 05:17:29.311;117;-1758.691;2837.604;59.200;135.000;248009.87;-1;192000;0;49.7995;19.6321;60.9433;36.8470;19.2932;234.9506;19.6342;23.1368;1523.5277;81;0.3509;72;1.9089;107;0.000174534;0;9999;9999;9999;9999;9999;9999;9999;9999;9999;9999;9999;9999;9999;9999;9999;9999;9999;9999;9999;9999
20/02/2025 05:17:59.308;117;-1758.691;2837.604;56.600;135.000;248009.9;248009.9;192000;0;49.8037;19.6380;56.8950;36.8468;19.3226;234.8525;19.6403;23.1377;1523.4764;85;0.3993;73;1.9998;110;0.000183720;0;9999;9999;9999;9999;9999;9999;9999;9999;9999;9999;9999;9999;9999;9999;9999;9999;9999;9999;9999;9999
20/02/2025 05:18:29.313;117;-1758.691;2837.604;51.300;133.000;248009.93;248009.94;192000;0;49.7941;19.6359;52.8101;36.8423;19.3540;235.3052;19.6404;23.1194;1523.3975;91;0.4719;73;1.9998;116;0.000202092;0;9999;9999;9999;9999;9999;9999;9999;9999;9999;9999;9999;9999;9999;9999;9999;9999;9999;9999;9999;9999
20/02/2025 05:18:59.309;117;-1758.690;2837.604;48.800;132.000;248009.97;248009.97;192000;0;49.9402;19.7576;48.8585;36.8579;19.3853;238.5139;19.7608;22.9615;1523.6869;103;0.6171;74;2.0907;121;0.000217402;0;9999;9999;9999;9999;9999;9999;9999;9999;9999;9999;9999;9999;9999;9999;9999;9999;9999;9999;9999;9999
20/02/2025 05:19:29.311;117;-1758.690;2837.605;43.500;127.000;248010.01;248010.01;192000;0;50.0239;19.8174;44.7697;36.8763;19.4303;240.9362;19.8217;22.8517;1523.8050;89;0.4477;71;1.8180;117;0.000205154;0;9999;9999;9999;9999;9999;9999;9999;9999;9999;9999;9999;9999;9999;9999;9999;9999;9999;9999;9999;9999
20/02/2025 05:19:59.311;117;-1758.689;2837.605;40.800;134.000;248010.04;248010.04;192000;0;50.1325;19.9219;40.5892;36.8758;19.4811;241.4027;19.9239;22.8038;1524.0233;75;0.2783;70;1.7271;113;0.000192906;0;9999;9999;9999;9999;9999;9999;9999;9999;9999;9999;9999;9999;9999;9999;9999;9999;9999;9999;9999;9999
20/02/2025 05:20:29.313;117;-1758.689;2837.604;35.600;140.000;248010.08;248010.08;192000;0;50.1952;19.9640;36.5370;36.8922;19.5339;241.3413;19.9721;22.7901;1524.0902;70;0.2178;70;1.7271;109;0.000180658;0;9999;9999;9999;9999;9999;9999;9999;9999;9999;9999;9999;9999;9999;9999;9999;9999;9999;9999;9999;9999
20/02/2025 05:20:59.310;117;-1758.689;2837.604;33.100;135.000;248010.12;248010.12;192000;0;50.2872;20.0374;32.6283;36.9052;19.5924;242.0667;20.0390;22.7425;1524.2416;63;0.1331;70;1.7271;108;0.000177596;0;9999;9999;9999;9999;9999;9999;9999;9999;9999;9999;9999;9999;9999;9999;9999;9999;9999;9999;9999;9999
20/02/2025 05:21:29.309;117;-1758.688;2837.604;28.000;134.000;248010.16;248010.16;192000;0;50.3033;20.0499;28.6951;36.9090;19.6392;241.8300;20.0528;22.7459;1524.2147;60;0.0968;69;1.6362;103;0.000162286;0;9999;9999;9999;9999;9999;9999;9999;9999;9999;9999;9999;9999;9999;9999;9999;9999;9999;9999;9999;9999
20/02/2025 05:21:59.314;117;-1758.688;2837.605;25.600;128.000;248010.2;-1;192000;0;50.4139;20.1374;24.9367;36.9248;19.6841;241.8225;20.1366;22.7203;1524.4099;58;0.0726;68;1.5453;102;0.000159224;0;9999;9999;9999;9999;9999;9999;9999;9999;9999;9999;9999;9999;9999;9999;9999;9999;9999;9999;9999;9999
20/02/2025 05:22:29.309;117;-1758.687;2837.606;20.600;121.000;248010.23;-1;192000;0;50.4397;20.1567;20.9856;36.9306;19.7328;241.9707;20.1582;22.7072;1524.4034;56;0.0484;71;1.8180;102;0.000159224;0;9999;9999;9999;9999;9999;9999;9999;9999;9999;9999;9999;9999;9999;9999;9999;9999;9999;9999;9999;9999
20/02/2025 05:22:59.309;117;-1758.687;2837.606;18.000;122.000;248010.27;-1;192000;0;50.4299;20.1491;16.8770;36.9307;19.7795;240.8753;20.1537;22.7476;1524.3142;58;0.0726;69;1.6362;103;0.000162286;0;9999;9999;9999;9999;9999;9999;9999;9999;9999;9999;9999;9999;9999;9999;9999;9999;9999;9999;9999;9999
20/02/2025 05:23:29.305;117;-1758.685;2837.607;12.200;122.000;248010.31;-1;192000;0;50.4326;20.1529;12.3557;36.9314;19.8165;241.9711;20.1491;22.7074;1524.2500;58;0.0726;69;1.6362;101;0.000156162;0;9999;9999;9999;9999;9999;9999;9999;9999;9999;9999;9999;9999;9999;9999;9999;9999;9999;9999;9999;9999
20/02/2025 05:23:59.305;117;-1758.684;2837.607;9.500;128.000;248010.33;-1;192000;0;50.4158;20.1424;8.1150;36.9283;19.8476;241.1070;20.1461;22.7389;1524.1470;58;0.0726;70;1.7271;107;0.000174534;0;9999;9999;9999;9999;9999;9999;9999;9999;9999;9999;9999;9999;9999;9999;9999;9999;9999;9999;9999;9999
20/02/2025 05:24:29.306;117;-1758.683;2837.607;4.100;129.000;248010.38;-1;192000;0;50.4010;20.1285;3.9160;36.9299;19.8709;239.3944;20.1313;22.8052;1524.0407;56;0.0484;70;1.7271;101;0.000156162;0;9999;9999;9999;9999;9999;9999;9999;9999;9999;9999;9999;9999;9999;9999;9999;9999;9999;9999;9999;9999
20/02/2025 05:24:59.313;115;-1758.683;2837.608;2.700;121.000;248010.42;248010.42;192000;0;50.3936;20.1226;4.8695;36.9286;19.8884;240.8843;20.1276;22.7515;1524.0390;59;0.0847;70;1.7271;100;0.000153100;0;9999;9999;9999;9999;9999;9999;9999;9999;9999;9999;9999;9999;9999;9999;9999;9999;9999;9999;9999;9999
20/02/2025 05:25:29.315;115;-1758.682;2837.609;-0.200;95.000;248010.46;248010.46;192000;0;50.3797;20.1143;1.8641;36.9256;19.9098;239.4435;20.1160;22.8075;1523.9628;57;0.0605;69;1.6362;102;0.000159224;0;9999;9999;9999;9999;9999;9999;9999;9999;9999;9999;9999;9999;9999;9999;9999;9999;9999;9999;9999;9999
20/02/2025 05:25:54.051;119;-1758.645;2837.559;0.000;75.000;248010.5;248010.5;192000;0;50.3790;20.1117;1.5876;36.9274;19.9195;241.1845;20.1176;22.7424;1523.9531;59;0.0847;70;1.7271;108;0.000177596;0;9999;9999;9999;9999;9999;9999;9999;9999;9999;9999;9999;9999;9999;9999;9999;9999;9999;9999;9999;9999
