PLD_REALTIMECLOCK;NAV_RESOURCE;NAV_LONGITUDE;NAV_LATITUDE;NAV_DEPTH;NAV_HEADING;SD_CARD_USAGE;SSD_USAGE;ACQUISITION_FREQ;RECORDING;LEGATO_CONDUCTIVITY;LEGATO_TEMPERATURE;LEGATO_PRESSURE;LEGATO_SALINITY;LEGATO_CONDTEMP;LEGATO_CODA_DO;LEGATO_CODA_TEMPERATURE;LEGATO_CODA_CORR_PHASE;LEGATO_SOUND_VELOCITY;FLBBCD_CHL_COUNT;FLBBCD_CHL_SCALED;FLBBCD_CDOM_COUNT;FLBBCD_CDOM_SCALED;FLBBCD_BB_700_COUNT;FLBBCD_BB_700_SCALED;User_Field1;User_Field2;User_Field3;User_Field4;User_Field5;User_Field6;User_Field7;User_Field8;User_Field9;User_Field10;BS_HEADING;BS_ZB;BS_ZT;BS_PU;BS_PD;BS_BU;BS_BD;BS_SR;BS_ALTIMETER.ENABLE;BS_ALTIMETER.VALUE;BS_CURRENT.CORRECTION.ENABLE
16/02/2025 14:56:23.226;119;-1801.767;2838.884;-0.500;247.000;247693.86;-1;192000;0;51.2713;20.8360;1.4525;37.0243;20.3805;238.6390;20.7532;22.6521;1526.0258;53;0.0121;67;1.4544;94;0.000134728;0;9999;9999;9999;9999;9999;9999;9999;9999;9999;9999;9999;9999;9999;9999;9999;9999;9999;9999;9999;9999
16/02/2025 14:56:53.262;116;-1801.769;2838.885;-0.200;291.000;247693.86;-1;192000;0;51.2544;20.8041;1.5866;37.0384;20.4210;236.2220;20.7493;22.7424;1525.9579;51;-0.0121;67;1.4544;101;0.000156162;0;9999;9999;9999;9999;9999;9999;9999;9999;9999;9999;9999;9999;9999;9999;9999;9999;9999;9999;9999;9999
16/02/2025 14:57:23.261;116;-1801.775;2838.890;-0.100;281.000;247693.91;-1;192000;0;51.2838;20.8358;1.4362;37.0347;20.4635;236.3479;20.8365;22.7124;1526.0365;58;0.0726;65;1.2726;97;0.000143914;0;9999;9999;9999;9999;9999;9999;9999;9999;9999;9999;9999;9999;9999;9999;9999;9999;9999;9999;9999;9999
16/02/2025 14:57:53.264;116;-1801.775;2838.890;-0.100;281.000;247693.93;-1;192000;0;51.2733;20.8271;1.4916;37.0337;20.4943;235.3673;20.7940;22.7618;1526.0130;46;-0.0726;66;1.3635;107;0.000174534;0;9999;9999;9999;9999;9999;9999;9999;9999;9999;9999;9999;9999;9999;9999;9999;9999;9999;9999;9999;9999
16/02/2025 14:58:23.262;116;-1801.778;2838.891;-0.100;292.000;247693.94;-1;192000;0;51.2936;20.8329;1.4811;37.0452;20.5271;235.1702;20.8194;22.7612;1526.0412;50;-0.0242;72;1.9089;102;0.000159224;0;9999;9999;9999;9999;9999;9999;9999;9999;9999;9999;9999;9999;9999;9999;9999;9999;9999;9999;9999;9999
16/02/2025 14:58:53.262;116;-1801.781;2838.893;-0.100;282.000;247693.97;-1;192000;0;51.2902;20.8565;1.4911;37.0218;20.5560;236.9183;20.8172;22.6977;1526.0787;50;-0.0242;69;1.6362;94;0.000134728;0;9999;9999;9999;9999;9999;9999;9999;9999;9999;9999;9999;9999;9999;9999;9999;9999;9999;9999;9999;9999
16/02/2025 14:59:23.265;110;-1801.782;2838.893;0.000;257.000;247694.0;-1;192000;0;51.3365;20.8922;1.4052;37.0284;20.5868;237.3100;20.8179;22.6830;1526.1805;48;-0.0484;74;2.0907;95;0.000137790;0;9999;9999;9999;9999;9999;9999;9999;9999;9999;9999;9999;9999;9999;9999;9999;9999;9999;9999;9999;9999
16/02/2025 14:59:53.262;110;-1801.784;2838.896;0.900;300.000;247694.02;247694.02;192000;0;51.1072;20.6764;2.5139;37.0296;20.6041;235.8316;20.6799;22.7765;1525.6194;50;-0.0242;70;1.7271;103;0.000162286;0;9999;9999;9999;9999;9999;9999;9999;9999;9999;9999;9999;9999;9999;9999;9999;9999;9999;9999;9999;9999
16/02/2025 15:00:23.253;100;-1801.787;2838.900;4.400;333.000;247694.06;247694.06;192000;0;51.0274;20.6105;6.3765;37.0207;20.5945;237.6065;20.6126;22.7306;1525.4958;52;0.0000;69;1.6362;99;0.000150038;0;9999;9999;9999;9999;9999;9999;9999;9999;9999;9999;9999;9999;9999;9999;9999;9999;9999;9999;9999;9999
16/02/2025 15:00:53.238;100;-1801.789;2838.905;8.100;340.000;247694.07;247694.07;192000;0;50.9978;20.5830;11.8160;37.0185;20.5849;236.5975;20.5848;22.7779;1525.5097;53;0.0121;66;1.3635;101;0.000156162;0;9999;9999;9999;9999;9999;9999;9999;9999;9999;9999;9999;9999;9999;9999;9999;9999;9999;9999;9999;9999
16/02/2025 15:01:23.262;100;-1801.795;2838.913;16.100;329.000;247694.09;247694.09;192000;0;50.9695;20.5588;18.2930;37.0141;20.5676;237.2280;20.5589;22.7637;1525.5472;53;0.0121;71;1.8180;105;0.000168410;0;9999;9999;9999;9999;9999;9999;9999;9999;9999;9999;9999;9999;9999;9999;9999;9999;9999;9999;9999;9999
16/02/2025 15:01:53.262;100;-1801.798;2838.917;20.300;318.000;247694.12;247694.12;192000;0;50.9638;20.5481;24.6298;37.0165;20.5618;236.4469;20.5498;22.7973;1525.6266;55;0.0363;67;1.4544;98;0.000146976;0;9999;9999;9999;9999;9999;9999;9999;9999;9999;9999;9999;9999;9999;9999;9999;9999;9999;9999;9999;9999
16/02/2025 15:02:23.264;100;-1801.807;2838.924;28.100;294.000;247694.14;247694.14;192000;0;50.9560;20.5414;30.5483;37.0137;20.5541;237.1220;20.5429;22.7757;1525.7041;55;0.0363;70;1.7271;98;0.000146976;0;9999;9999;9999;9999;9999;9999;9999;9999;9999;9999;9999;9999;9999;9999;9999;9999;9999;9999;9999;9999
16/02/2025 15:02:53.262;100;-1801.812;2838.926;31.800;283.000;247694.16;247694.16;192000;0;50.7397;20.3938;36.3090;36.9637;20.5387;238.6079;20.3937;22.7670;1525.3434;56;0.0484;68;1.5453;97;0.000143914;0;9999;9999;9999;9999;9999;9999;9999;9999;9999;9999;9999;9999;9999;9999;9999;9999;9999;9999;9999;9999
16/02/2025 15:03:23.257;100;-1801.821;2838.928;39.100;262.000;247694.19;247694.19;192000;0;50.7141;20.3605;42.0687;36.9697;20.5040;238.7549;20.3650;22.7709;1525.3554;58;0.0726;70;1.7271;99;0.000150038;0;9999;9999;9999;9999;9999;9999;9999;9999;9999;9999;9999;9999;9999;9999;9999;9999;9999;9999;9999;9999
16/02/2025 15:03:53.248;100;-1801.826;2838.929;42.800;253.000;247694.21;247694.21;192000;0;50.6214;20.2858;47.9655;36.9568;20.4808;239.5125;20.2854;22.7679;1525.2356;64;0.1452;72;1.9089;100;0.000153100;0;9999;9999;9999;9999;9999;9999;9999;9999;9999;9999;9999;9999;9999;9999;9999;9999;9999;9999;9999;9999
16/02/2025 15:04:23.261;100;-1801.833;2838.928;50.600;229.000;247694.24;247694.24;192000;0;50.5797;20.2495;54.0809;36.9521;20.4442;238.9559;20.2502;22.8006;1525.2331;66;0.1694;71;1.8180;102;0.000159224;0;9999;9999;9999;9999;9999;9999;9999;9999;9999;9999;9999;9999;9999;9999;9999;9999;9999;9999;9999;9999
16/02/2025 15:04:53.263;100;-1801.837;2838.927;54.500;218.000;247694.26;247694.26;192000;0;50.5514;20.2245;60.2588;36.9484;20.4191;239.1767;20.2251;22.8015;1525.2636;70;0.2178;69;1.6362;102;0.000159224;0;9999;9999;9999;9999;9999;9999;9999;9999;9999;9999;9999;9999;9999;9999;9999;9999;9999;9999;9999;9999
16/02/2025 15:05:23.237;100;-1801.841;2838.923;62.400;195.000;247694.28;247694.28;192000;0;50.5199;20.1969;66.3272;36.9445;20.3920;239.3434;20.1981;22.8050;1525.2849;75;0.2783;70;1.7271;112;0.000189844;0;9999;9999;9999;9999;9999;9999;9999;9999;9999;9999;9999;9999;9999;9999;9999;9999;9999;9999;9999;9999
16/02/2025 15:05:53.250;100;-1801.842;2838.921;66.200;186.000;247694.3;247694.3;192000;0;50.4757;20.1621;72.1557;36.9365;20.3631;235.0832;20.1632;22.9770;1525.2778;81;0.3509;71;1.8180;105;0.000168410;0;9999;9999;9999;9999;9999;9999;9999;9999;9999;9999;9999;9999;9999;9999;9999;9999;9999;9999;9999;9999
16/02/2025 15:06:23.264;100;-1801.843;2838.918;73.700;176.000;247694.34;247694.34;192000;0;50.3577;20.0736;78.0487;36.9146;20.3418;234.5700;20.0735;23.0252;1525.1087;70;0.2178;71;1.8180;101;0.000156162;0;9999;9999;9999;9999;9999;9999;9999;9999;9999;9999;9999;9999;9999;9999;9999;9999;9999;9999;9999;9999
16/02/2025 15:06:53.250;100;-1801.843;2838.916;77.500;170.000;247694.36;247694.36;192000;0;50.2283;19.9742;83.8585;36.8929;20.2974;235.0093;19.9760;23.0394;1524.9078;73;0.2541;71;1.8180;96;0.000140852;0;9999;9999;9999;9999;9999;9999;9999;9999;9999;9999;9999;9999;9999;9999;9999;9999;9999;9999;9999;9999
16/02/2025 15:07:23.264;100;-1801.843;2838.913;84.600;166.000;247694.38;247694.39;192000;0;50.0988;19.8858;89.3569;36.8614;20.2510;233.0938;19.8814;23.1433;1524.7202;70;0.2178;72;1.9089;96;0.000140852;0;9999;9999;9999;9999;9999;9999;9999;9999;9999;9999;9999;9999;9999;9999;9999;9999;9999;9999;9999;9999
16/02/2025 15:07:53.248;100;-1801.842;2838.911;88.200;162.000;247694.41;247694.41;192000;0;49.7523;19.6180;94.9137;36.8074;20.1833;228.9141;19.6190;23.3864;1524.0099;64;0.1452;73;1.9998;92;0.000128604;0;9999;9999;9999;9999;9999;9999;9999;9999;9999;9999;9999;9999;9999;9999;9999;9999;9999;9999;9999;9999
16/02/2025 15:08:23.261;100;-1801.841;2838.909;95.300;156.000;247694.43;247694.43;192000;0;49.5574;19.4774;100.4141;36.7668;20.1077;228.2937;19.4716;23.4580;1523.6639;64;0.1452;73;1.9998;88;0.000116356;0;9999;9999;9999;9999;9999;9999;9999;9999;9999;9999;9999;9999;9999;9999;9999;9999;9999;9999;9999;9999
16/02/2025 15:08:53.238;100;-1801.840;2838.908;98.900;153.000;247694.45;247694.45;192000;0;49.2846;19.2531;106.1823;36.7346;20.0030;224.8289;19.2537;23.6636;1523.0952;60;0.0968;74;2.0907;93;0.000131666;0;9999;9999;9999;9999;9999;9999;9999;9999;9999;9999;9999;9999;9999;9999;9999;9999;9999;9999;9999;9999
16/02/2025 15:09:23.260;100;-1801.838;2838.906;106.600;150.000;247694.48;-1;192000;0;49.0976;19.1508;112.1655;36.6658;19.9098;225.6417;19.1182;23.6773;1522.8293;57;0.0605;72;1.9089;89;0.000119418;0;9999;9999;9999;9999;9999;9999;9999;9999;9999;9999;9999;9999;9999;9999;9999;9999;9999;9999;9999;9999
16/02/2025 15:09:53.264;100;-1801.837;2838.904;110.300;151.000;247694.5;-1;192000;0;48.3256;18.4821;118.1618;36.6040;19.7601;221.7373;18.4901;24.0292;1520.9571;57;0.0605;76;2.2725;91;0.000125542;0;9999;9999;9999;9999;9999;9999;9999;9999;9999;9999;9999;9999;9999;9999;9999;9999;9999;9999;9999;9999
16/02/2025 15:10:23.254;100;-1801.836;2838.901;118.000;164.000;247694.52;-1;192000;0;47.8753;18.1396;124.1123;36.5225;19.5827;217.4644;18.1356;24.3214;1519.9759;54;0.0242;77;2.3634;92;0.000128604;0;9999;9999;9999;9999;9999;9999;9999;9999;9999;9999;9999;9999;9999;9999;9999;9999;9999;9999;9999;9999
16/02/2025 15:10:53.261;100;-1801.836;2838.900;121.600;165.000;247694.54;-1;192000;0;47.7079;17.9936;129.7349;36.5070;19.3853;218.5181;17.9958;24.3227;1519.6279;56;0.0484;76;2.2725;119;0.000211278;0;9999;9999;9999;9999;9999;9999;9999;9999;9999;9999;9999;9999;9999;9999;9999;9999;9999;9999;9999;9999
16/02/2025 15:11:23.264;100;-1801.834;2838.898;128.500;153.000;247694.57;-1;192000;0;47.5289;17.8517;135.1302;36.4779;19.2050;216.6383;17.8496;24.4503;1519.2709;54;0.0242;77;2.3634;94;0.000134728;0;9999;9999;9999;9999;9999;9999;9999;9999;9999;9999;9999;9999;9999;9999;9999;9999;9999;9999;9999;9999
16/02/2025 15:11:53.261;100;-1801.833;2838.897;131.900;147.000;247694.59;-1;192000;0;47.4687;17.7961;140.5011;36.4737;19.0479;216.6860;17.7955;24.4669;1519.1929;52;0.0000;75;2.1816;85;0.000107170;0;9999;9999;9999;9999;9999;9999;9999;9999;9999;9999;9999;9999;9999;9999;9999;9999;9999;9999;9999;9999
16/02/2025 15:12:23.242;100;-1801.831;2838.895;138.700;149.000;247694.61;-1;192000;0;47.2927;17.6564;145.8112;36.4448;18.9062;214.3000;17.6484;24.6177;1518.8389;53;0.0121;76;2.2725;89;0.000119418;0;9999;9999;9999;9999;9999;9999;9999;9999;9999;9999;9999;9999;9999;9999;9999;9999;9999;9999;9999;9999
16/02/2025 15:12:53.249;100;-1801.830;2838.894;142.100;153.000;247694.64;-1;192000;0;47.0319;17.4355;151.2771;36.4149;18.7602;215.9309;17.4324;24.6188;1518.2451;52;0.0000;78;2.4543;87;0.000113294;0;9999;9999;9999;9999;9999;9999;9999;9999;9999;9999;9999;9999;9999;9999;9999;9999;9999;9999;9999;9999
16/02/2025 15:13:23.261;100;-1801.828;2838.892;149.200;156.000;247694.66;-1;192000;0;46.8808;17.3010;157.0098;36.4021;18.6021;214.8150;17.2989;24.7109;1517.9278;52;0.0000;77;2.3634;90;0.000122480;0;9999;9999;9999;9999;9999;9999;9999;9999;9999;9999;9999;9999;9999;9999;9999;9999;9999;9999;9999;9999
16/02/2025 15:13:53.260;100;-1801.827;2838.891;152.900;152.000;247694.68;-1;192000;0;46.6611;17.1269;162.7123;36.3650;18.4456;212.9570;17.1165;24.8525;1517.4628;50;-0.0242;77;2.3634;87;0.000113294;0;9999;9999;9999;9999;9999;9999;9999;9999;9999;9999;9999;9999;9999;9999;9999;9999;9999;9999;9999;9999
16/02/2025 15:14:23.259;100;-1801.826;2838.888;160.400;159.000;247694.71;-1;192000;0;46.5095;16.9905;168.6906;36.3529;18.2927;213.6906;16.9873;24.8641;1517.1413;49;-0.0363;77;2.3634;82;0.000097984;0;9999;9999;9999;9999;9999;9999;9999;9999;9999;9999;9999;9999;9999;9999;9999;9999;9999;9999;9999;9999
16/02/2025 15:14:53.260;100;-1801.825;2838.887;164.300;156.000;247694.73;-1;192000;0;46.2275;16.7513;174.5785;36.3190;18.1415;213.7189;16.7514;24.9416;1516.4829;51;-0.0121;77;2.3634;83;0.000101046;0;9999;9999;9999;9999;9999;9999;9999;9999;9999;9999;9999;9999;9999;9999;9999;9999;9999;9999;9999;9999
16/02/2025 15:15:23.237;100;-1801.823;2838.884;171.400;154.000;247694.76;247694.76;192000;0;46.1382;16.6799;180.0274;36.3028;17.9979;213.4974;16.6768;24.9777;1516.3398;52;0.0000;77;2.3634;80;0.000091860;0;9999;9999;9999;9999;9999;9999;9999;9999;9999;9999;9999;9999;9999;9999;9999;9999;9999;9999;9999;9999
16/02/2025 15:15:53.259;100;-1801.822;2838.883;174.800;149.000;247694.78;247694.79;192000;0;45.9967;16.5597;185.3189;36.2847;17.8620;213.4593;16.5580;25.0200;1516.0439;50;-0.0242;77;2.3634;81;0.000094922;0;9999;9999;9999;9999;9999;9999;9999;9999;9999;9999;9999;9999;9999;9999;9999;9999;9999;9999;9999;9999
16/02/2025 15:16:23.260;100;-1801.820;2838.881;181.400;149.000;247694.81;247694.81;192000;0;45.7492;16.3617;190.5398;36.2429;17.7199;214.5105;16.3566;25.0432;1515.4822;50;-0.0242;77;2.3634;84;0.000104108;0;9999;9999;9999;9999;9999;9999;9999;9999;9999;9999;9999;9999;9999;9999;9999;9999;9999;9999;9999;9999
16/02/2025 15:16:53.255;100;-1801.819;2838.880;184.800;158.000;247694.84;247694.84;192000;0;45.4689;16.1251;195.8288;36.2063;17.5633;215.2323;16.1234;25.0910;1514.8062;50;-0.0242;78;2.4543;82;0.000097984;0;9999;9999;9999;9999;9999;9999;9999;9999;9999;9999;9999;9999;9999;9999;9999;9999;9999;9999;9999;9999
16/02/2025 15:17:23.263;100;-1801.819;2838.878;191.800;165.000;247694.86;247694.86;192000;0;45.3822;16.0510;201.3972;36.1942;17.4124;215.0136;16.0484;25.1271;1514.6577;50;-0.0242;77;2.3634;82;0.000097984;0;9999;9999;9999;9999;9999;9999;9999;9999;9999;9999;9999;9999;9999;9999;9999;9999;9999;9999;9999;9999
16/02/2025 15:17:53.262;100;-1801.819;2838.876;195.500;170.000;247694.88;247694.88;192000;0;45.1317;15.8437;207.2136;36.1565;17.2673;215.7137;15.8395;25.1687;1514.0734;51;-0.0121;77;2.3634;82;0.000097984;0;9999;9999;9999;9999;9999;9999;9999;9999;9999;9999;9999;9999;9999;9999;9999;9999;9999;9999;9999;9999
16/02/2025 15:18:23.264;118;-1801.817;2838.873;201.700;138.000;247694.91;247694.91;192000;0;45.0988;15.8104;210.4828;36.1560;17.1177;216.9285;15.8112;25.1267;1514.0244;50;-0.0242;77;2.3634;80;0.000091860;0;9999;9999;9999;9999;9999;9999;9999;9999;9999;9999;9999;9999;9999;9999;9999;9999;9999;9999;9999;9999
16/02/2025 15:18:53.261;118;-1801.817;2838.873;200.000;164.000;247694.94;247694.94;192000;0;45.1422;15.8406;207.3280;36.1687;16.9983;215.2414;15.8537;25.1835;1514.0799;51;-0.0121;78;2.4543;79;0.000088798;0;9999;9999;9999;9999;9999;9999;9999;9999;9999;9999;9999;9999;9999;9999;9999;9999;9999;9999;9999;9999
16/02/2025 15:19:23.262;117;-1801.817;2838.873;197.800;163.000;247694.96;247694.96;192000;0;45.3586;16.0272;203.9572;36.1937;16.9090;215.2085;16.0235;25.1275;1514.6266;50;-0.0242;79;2.5452;83;0.000101046;0;9999;9999;9999;9999;9999;9999;9999;9999;9999;9999;9999;9999;9999;9999;9999;9999;9999;9999;9999;9999
16/02/2025 15:19:53.262;117;-1801.817;2838.872;193.000;158.000;247694.99;247694.99;192000;0;45.4192;16.0757;200.1173;36.2052;16.8562;213.6449;16.0737;25.1771;1514.7249;51;-0.0121;77;2.3634;82;0.000097984;0;9999;9999;9999;9999;9999;9999;9999;9999;9999;9999;9999;9999;9999;9999;9999;9999;9999;9999;9999;9999
16/02/2025 15:20:23.258;117;-1801.816;2838.872;190.300;156.000;247695.01;247695.01;192000;0;45.4854;16.1317;196.0849;36.2150;16.8054;214.7853;16.1296;25.1078;1514.8407;50;-0.0242;78;2.4543;79;0.000088798;0;9999;9999;9999;9999;9999;9999;9999;9999;9999;9999;9999;9999;9999;9999;9999;9999;9999;9999;9999;9999
16/02/2025 15:20:53.264;117;-1801.816;2838.871;185.000;150.000;247695.03;247695.03;192000;0;45.8018;16.3854;191.9265;36.2675;16.7749;213.6129;16.3873;25.0711;1515.6056;52;0.0000;78;2.4543;83;0.000101046;0;9999;9999;9999;9999;9999;9999;9999;9999;9999;9999;9999;9999;9999;9999;9999;9999;9999;9999;9999;9999
16/02/2025 15:21:23.262;117;-1801.815;2838.871;182.200;144.000;247695.06;247695.06;192000;0;45.8923;16.4620;187.7183;36.2798;16.7830;213.3089;16.4636;25.0578;1515.7823;51;-0.0121;79;2.5452;82;0.000097984;0;9999;9999;9999;9999;9999;9999;9999;9999;9999;9999;9999;9999;9999;9999;9999;9999;9999;9999;9999;9999
16/02/2025 15:21:53.263;117;-1801.813;2838.870;176.700;149.000;247695.08;247695.08;192000;0;46.1253;16.6632;183.4195;36.3052;16.8034;213.1281;16.6623;24.9991;1516.3485;52;0.0000;78;2.4543;84;0.000104108;0;9999;9999;9999;9999;9999;9999;9999;9999;9999;9999;9999;9999;9999;9999;9999;9999;9999;9999;9999;9999
16/02/2025 15:22:23.264;117;-1801.813;2838.870;174.000;152.000;247695.1;247695.11;192000;0;46.2552;16.7647;179.4958;36.3293;16.8359;212.0490;16.7684;25.0096;1516.6167;50;-0.0242;77;2.3634;81;0.000094922;0;9999;9999;9999;9999;9999;9999;9999;9999;9999;9999;9999;9999;9999;9999;9999;9999;9999;9999;9999;9999
16/02/2025 15:22:53.261;117;-1801.812;2838.869;169.000;152.000;247695.13;247695.13;192000;0;46.4017;16.8892;175.6133;36.3471;16.8765;212.6722;16.8910;24.9412;1516.9464;50;-0.0242;77;2.3634;81;0.000094922;0;9999;9999;9999;9999;9999;9999;9999;9999;9999;9999;9999;9999;9999;9999;9999;9999;9999;9999;9999;9999
16/02/2025 15:23:23.237;117;-1801.812;2838.869;166.600;157.000;247695.15;247695.15;192000;0;46.5535;17.0239;171.9633;36.3601;16.9252;212.4038;17.0206;24.9098;1517.3037;50;-0.0242;77;2.3634;100;0.000153100;0;9999;9999;9999;9999;9999;9999;9999;9999;9999;9999;9999;9999;9999;9999;9999;9999;9999;9999;9999;9999
16/02/2025 15:23:53.256;117;-1801.811;2838.868;161.800;154.000;247695.18;247695.18;192000;0;46.5994;17.0550;168.2534;36.3737;16.9719;213.3515;17.0570;24.8552;1517.3505;50;-0.0242;77;2.3634;86;0.000110232;0;9999;9999;9999;9999;9999;9999;9999;9999;9999;9999;9999;9999;9999;9999;9999;9999;9999;9999;9999;9999
16/02/2025 15:24:23.252;117;-1801.811;2838.868;159.500;151.000;247695.2;247695.2;192000;0;46.7469;17.1818;164.6106;36.3897;17.0206;212.9212;17.1800;24.8330;1517.6860;51;-0.0121;76;2.2725;84;0.000104108;0;9999;9999;9999;9999;9999;9999;9999;9999;9999;9999;9999;9999;9999;9999;9999;9999;9999;9999;9999;9999
16/02/2025 15:24:53.257;117;-1801.810;2838.868;154.700;153.000;247695.23;247695.23;192000;0;46.8809;17.2940;160.7951;36.4071;17.0752;211.9977;17.2919;24.8356;1517.9757;51;-0.0121;76;2.2725;89;0.000119418;0;9999;9999;9999;9999;9999;9999;9999;9999;9999;9999;9999;9999;9999;9999;9999;9999;9999;9999;9999;9999
16/02/2025 15:25:23.262;117;-1801.810;2838.868;152.300;154.000;247695.25;247695.25;192000;0;46.9586;17.3622;157.0114;36.4148;17.1339;214.7764;17.3640;24.6912;1518.1236;53;0.0121;77;2.3634;102;0.000159224;0;9999;9999;9999;9999;9999;9999;9999;9999;9999;9999;9999;9999;9999;9999;9999;9999;9999;9999;9999;9999
16/02/2025 15:25:53.257;117;-1801.810;2838.867;147.400;152.000;247695.27;247695.27;192000;0;47.2601;17.5995;153.1854;36.4648;17.2006;214.2802;17.6073;24.6322;1518.8171;52;0.0000;76;2.2725;87;0.000113294;0;9999;9999;9999;9999;9999;9999;9999;9999;9999;9999;9999;9999;9999;9999;9999;9999;9999;9999;9999;9999
16/02/2025 15:26:23.257;117;-1801.809;2838.867;144.900;152.000;247695.29;247695.29;192000;0;47.4258;17.7541;149.2771;36.4708;17.2915;215.0428;17.7534;24.5526;1519.2125;52;0.0000;75;2.1816;86;0.000110232;0;9999;9999;9999;9999;9999;9999;9999;9999;9999;9999;9999;9999;9999;9999;9999;9999;9999;9999;9999;9999
16/02/2025 15:26:53.259;117;-1801.808;2838.866;139.800;152.000;247695.31;247695.31;192000;0;47.4767;17.7991;145.2347;36.4761;17.3742;216.8413;17.7988;24.4605;1519.2831;54;0.0242;77;2.3634;90;0.000122480;0;9999;9999;9999;9999;9999;9999;9999;9999;9999;9999;9999;9999;9999;9999;9999;9999;9999;9999;9999;9999
16/02/2025 15:27:23.244;117;-1801.808;2838.866;137.300;153.000;247695.34;-1;192000;0;47.5300;17.8444;141.2778;36.4830;17.4426;217.3411;17.8459;24.4233;1519.3576;52;0.0000;76;2.2725;87;0.000113294;0;9999;9999;9999;9999;9999;9999;9999;9999;9999;9999;9999;9999;9999;9999;9999;9999;9999;9999;9999;9999
16/02/2025 15:27:53.264;117;-1801.808;2838.865;132.300;159.000;247695.36;-1;192000;0;47.6323;17.9346;137.2494;36.4919;17.5090;216.9860;17.9332;24.4096;1519.5639;52;0.0000;75;2.1816;87;0.000113294;0;9999;9999;9999;9999;9999;9999;9999;9999;9999;9999;9999;9999;9999;9999;9999;9999;9999;9999;9999;9999
16/02/2025 15:28:23.256;117;-1801.808;2838.865;129.700;161.000;247695.39;-1;192000;0;47.6968;17.9757;133.2219;36.5122;17.5814;216.3501;17.9794;24.4197;1519.6397;55;0.0363;77;2.3634;92;0.000128604;0;9999;9999;9999;9999;9999;9999;9999;9999;9999;9999;9999;9999;9999;9999;9999;9999;9999;9999;9999;9999
16/02/2025 15:28:53.262;117;-1801.808;2838.864;124.500;164.000;247695.42;-1;192000;0;48.1571;18.3500;129.2039;36.5737;17.6557;218.4115;18.3488;24.2149;1520.7265;55;0.0363;75;2.1816;91;0.000125542;0;9999;9999;9999;9999;9999;9999;9999;9999;9999;9999;9999;9999;9999;9999;9999;9999;9999;9999;9999;9999
16/02/2025 15:29:23.261;117;-1801.808;2838.863;122.000;159.000;247695.43;-1;192000;0;48.2601;18.4257;125.3833;36.5957;17.7640;221.2198;18.4301;24.0713;1520.9058;54;0.0242;75;2.1816;90;0.000122480;0;9999;9999;9999;9999;9999;9999;9999;9999;9999;9999;9999;9999;9999;9999;9999;9999;9999;9999;9999;9999
16/02/2025 15:29:53.248;117;-1801.807;2838.863;117.300;152.000;247695.46;-1;192000;0;48.5781;18.6791;121.7729;36.6418;17.8761;221.1775;18.6819;23.9930;1521.6239;56;0.0484;74;2.0907;88;0.000116356;0;9999;9999;9999;9999;9999;9999;9999;9999;9999;9999;9999;9999;9999;9999;9999;9999;9999;9999;9999;9999
16/02/2025 15:30:23.262;117;-1801.807;2838.863;115.000;152.000;247695.48;247695.48;192000;0;48.8194;18.8760;118.0867;36.6725;17.9959;222.4480;18.8738;23.8804;1522.1580;55;0.0363;75;2.1816;88;0.000116356;0;9999;9999;9999;9999;9999;9999;9999;9999;9999;9999;9999;9999;9999;9999;9999;9999;9999;9999;9999;9999
16/02/2025 15:30:53.245;117;-1801.806;2838.862;110.200;157.000;247695.5;247695.5;192000;0;49.2315;19.2052;114.3200;36.7293;18.1276;224.4585;19.2022;23.6965;1523.0900;61;0.1089;74;2.0907;87;0.000113294;0;9999;9999;9999;9999;9999;9999;9999;9999;9999;9999;9999;9999;9999;9999;9999;9999;9999;9999;9999;9999
16/02/2025 15:31:23.263;117;-1801.806;2838.862;107.900;158.000;247695.52;247695.52;192000;0;49.2532;19.2202;110.5493;36.7356;18.2749;224.2659;19.2228;23.6966;1523.0765;59;0.0847;74;2.0907;91;0.000125542;0;9999;9999;9999;9999;9999;9999;9999;9999;9999;9999;9999;9999;9999;9999;9999;9999;9999;9999;9999;9999
16/02/2025 15:31:53.260;117;-1801.806;2838.861;103.000;162.000;247695.54;247695.55;192000;0;49.2556;19.2276;106.7290;36.7326;18.3901;225.2815;19.2289;23.6531;1523.0304;59;0.0847;73;1.9998;91;0.000125542;0;9999;9999;9999;9999;9999;9999;9999;9999;9999;9999;9999;9999;9999;9999;9999;9999;9999;9999;9999;9999
16/02/2025 15:32:23.257;117;-1801.806;2838.861;100.600;162.000;247695.56;247695.56;192000;0;49.3343;19.2889;102.8871;36.7458;18.4873;224.5124;19.2894;23.6642;1523.1535;62;0.1210;75;2.1816;88;0.000116356;0;9999;9999;9999;9999;9999;9999;9999;9999;9999;9999;9999;9999;9999;9999;9999;9999;9999;9999;9999;9999
16/02/2025 15:32:53.261;117;-1801.806;2838.860;95.900;161.000;247695.6;247695.6;192000;0;49.4994;19.4165;99.1400;36.7727;18.5863;225.9890;19.4188;23.5641;1523.4790;65;0.1573;73;1.9998;96;0.000140852;0;9999;9999;9999;9999;9999;9999;9999;9999;9999;9999;9999;9999;9999;9999;9999;9999;9999;9999;9999;9999
16/02/2025 15:33:23.261;117;-1801.806;2838.860;93.400;163.000;247695.62;247695.62;192000;0;49.7830;19.6291;95.1612;36.8231;18.6832;228.7404;19.6329;23.3884;1524.0625;66;0.1694;71;1.8180;91;0.000125542;0;9999;9999;9999;9999;9999;9999;9999;9999;9999;9999;9999;9999;9999;9999;9999;9999;9999;9999;9999;9999
16/02/2025 15:33:53.253;117;-1801.807;2838.858;88.300;167.000;247695.65;247695.65;192000;0;49.9778;19.7699;91.0641;36.8624;18.8155;229.9456;19.7783;23.2953;1524.4292;70;0.2178;73;1.9998;115;0.000199030;0;9999;9999;9999;9999;9999;9999;9999;9999;9999;9999;9999;9999;9999;9999;9999;9999;9999;9999;9999;9999
16/02/2025 15:34:23.240;117;-1801.807;2838.858;85.700;167.000;247695.67;247695.67;192000;0;50.1816;19.9262;86.9608;36.8954;18.9357;233.9072;19.9327;23.0946;1524.8299;77;0.3025;70;1.7271;95;0.000137790;0;9999;9999;9999;9999;9999;9999;9999;9999;9999;9999;9999;9999;9999;9999;9999;9999;9999;9999;9999;9999
16/02/2025 15:34:53.258;117;-1801.807;2838.856;80.400;167.000;247695.69;247695.69;192000;0;50.3251;20.0371;82.8072;36.9179;19.0656;235.5953;20.0415;22.9966;1525.0914;77;0.3025;71;1.8180;96;0.000140852;0;9999;9999;9999;9999;9999;9999;9999;9999;9999;9999;9999;9999;9999;9999;9999;9999;9999;9999;9999;9999
16/02/2025 15:35:23.252;117;-1801.807;2838.856;77.700;166.000;247695.71;247695.71;192000;0;50.4519;20.1375;78.6318;36.9360;19.1814;238.2571;20.1398;22.8661;1525.3177;81;0.3509;72;1.9089;102;0.000159224;0;9999;9999;9999;9999;9999;9999;9999;9999;9999;9999;9999;9999;9999;9999;9999;9999;9999;9999;9999;9999
16/02/2025 15:35:53.249;117;-1801.808;2838.855;72.600;168.000;247695.74;247695.74;192000;0;50.4718;20.1568;74.6576;36.9370;19.2874;238.8778;20.1587;22.8363;1525.3055;81;0.3509;71;1.8180;101;0.000156162;0;9999;9999;9999;9999;9999;9999;9999;9999;9999;9999;9999;9999;9999;9999;9999;9999;9999;9999;9999;9999
16/02/2025 15:36:23.260;117;-1801.808;2838.854;70.100;167.000;247695.76;247695.76;192000;0;50.4947;20.1755;70.6860;36.9408;19.3794;238.2882;20.1782;22.8514;1525.2948;72;0.2420;70;1.7271;101;0.000156162;0;9999;9999;9999;9999;9999;9999;9999;9999;9999;9999;9999;9999;9999;9999;9999;9999;9999;9999;9999;9999
16/02/2025 15:36:53.261;117;-1801.808;2838.853;65.000;167.000;247695.78;247695.79;192000;0;50.5098;20.1916;66.6652;36.9406;19.4616;238.6475;20.1940;22.8323;1525.2716;68;0.1936;71;1.8180;97;0.000143914;0;9999;9999;9999;9999;9999;9999;9999;9999;9999;9999;9999;9999;9999;9999;9999;9999;9999;9999;9999;9999
16/02/2025 15:37:23.262;117;-1801.808;2838.852;62.500;166.000;247695.8;247695.8;192000;0;50.5065;20.1925;62.6951;36.9386;19.5339;239.0845;20.1958;22.8145;1525.2057;68;0.1936;71;1.8180;96;0.000140852;0;9999;9999;9999;9999;9999;9999;9999;9999;9999;9999;9999;9999;9999;9999;9999;9999;9999;9999;9999;9999
16/02/2025 15:37:53.262;117;-1801.809;2838.851;57.400;165.000;247695.83;247695.83;192000;0;50.4038;20.1295;58.6715;36.9109;19.5963;239.5692;20.1349;22.8142;1524.9350;71;0.2299;70;1.7271;93;0.000131666;0;9999;9999;9999;9999;9999;9999;9999;9999;9999;9999;9999;9999;9999;9999;9999;9999;9999;9999;9999;9999
16/02/2025 15:38:23.253;117;-1801.809;2838.851;54.800;164.000;247695.85;247695.85;192000;0;50.3733;20.1121;54.6735;36.9024;19.6373;240.5973;20.1163;22.7808;1524.8111;69;0.2057;75;2.1816;93;0.000131666;0;9999;9999;9999;9999;9999;9999;9999;9999;9999;9999;9999;9999;9999;9999;9999;9999;9999;9999;9999;9999
16/02/2025 15:38:53.262;117;-1801.809;2838.849;49.600;164.000;247695.87;247695.87;192000;0;50.3826;20.1196;50.5862;36.9050;19.6743;239.5642;20.1235;22.8157;1524.7665;65;0.1573;72;1.9089;92;0.000128604;0;9999;9999;9999;9999;9999;9999;9999;9999;9999;9999;9999;9999;9999;9999;9999;9999;9999;9999;9999;9999
16/02/2025 15:39:23.261;117;-1801.809;2838.849;47.000;164.000;247695.89;247695.89;192000;0;50.4688;20.1771;46.3918;36.9272;19.7153;240.1367;20.1830;22.7750;1524.8790;61;0.1089;68;1.5453;95;0.000137790;0;9999;9999;9999;9999;9999;9999;9999;9999;9999;9999;9999;9999;9999;9999;9999;9999;9999;9999;9999;9999
16/02/2025 15:39:53.257;117;-1801.809;2838.847;41.600;165.000;247695.92;247695.92;192000;0;50.4835;20.1961;42.2715;36.9242;19.7601;240.1387;20.1999;22.7692;1524.8590;60;0.0968;71;1.8180;92;0.000128604;0;9999;9999;9999;9999;9999;9999;9999;9999;9999;9999;9999;9999;9999;9999;9999;9999;9999;9999;9999;9999
16/02/2025 15:40:53.254;117;-1801.809;2838.846;33.700;164.000;247695.97;247695.97;192000;0;50.5129;20.2264;34.1005;36.9249;19.8340;239.4118;20.2296;22.7853;1524.8064;60;0.0968;73;1.9998;91;0.000125542;0;9999;9999;9999;9999;9999;9999;9999;9999;9999;9999;9999;9999;9999;9999;9999;9999;9999;9999;9999;9999
16/02/2025 15:41:23.260;117;-1801.809;2838.845;31.100;164.000;247695.99;-1;192000;0;50.5517;20.2553;30.0700;36.9330;19.8709;238.3904;20.2589;22.8134;1524.8273;57;0.0605;70;1.7271;91;0.000125542;0;9999;9999;9999;9999;9999;9999;9999;9999;9999;9999;9999;9999;9999;9999;9999;9999;9999;9999;9999;9999
16/02/2025 15:41:53.255;117;-1801.809;2838.844;25.900;163.000;247696.02;-1;192000;0;50.6730;20.3421;26.0795;36.9580;19.9098;239.1121;20.3460;22.7591;1525.0256;57;0.0605;71;1.8180;95;0.000137790;0;9999;9999;9999;9999;9999;9999;9999;9999;9999;9999;9999;9999;9999;9999;9999;9999;9999;9999;9999;9999
16/02/2025 15:42:23.261;117;-1801.809;2838.843;23.300;163.000;247696.04;-1;192000;0;50.8982;20.5034;22.1312;37.0028;19.9622;236.2644;20.5049;22.8169;1525.4484;55;0.0363;66;1.3635;93;0.000131666;0;9999;9999;9999;9999;9999;9999;9999;9999;9999;9999;9999;9999;9999;9999;9999;9999;9999;9999;9999;9999
16/02/2025 15:42:53.254;117;-1801.809;2838.842;18.200;165.000;247696.06;247696.06;192000;0;50.9324;20.5298;18.0916;37.0092;20.0224;236.8558;20.5332;22.7852;1525.4598;56;0.0484;69;1.6362;98;0.000146976;0;9999;9999;9999;9999;9999;9999;9999;9999;9999;9999;9999;9999;9999;9999;9999;9999;9999;9999;9999;9999
16/02/2025 15:43:23.243;117;-1801.810;2838.841;15.600;166.000;247696.09;247696.09;192000;0;50.9463;20.5430;13.9616;37.0106;20.0767;236.3331;20.5468;22.7997;1525.4283;54;0.0242;69;1.6362;95;0.000137790;0;9999;9999;9999;9999;9999;9999;9999;9999;9999;9999;9999;9999;9999;9999;9999;9999;9999;9999;9999;9999
16/02/2025 15:43:53.260;117;-1801.810;2838.840;10.300;167.000;247696.11;247696.11;192000;0;50.9484;20.5500;9.8609;37.0076;20.1194;234.6828;20.5551;22.8586;1525.3755;55;0.0363;74;2.0907;95;0.000137790;0;9999;9999;9999;9999;9999;9999;9999;9999;9999;9999;9999;9999;9999;9999;9999;9999;9999;9999;9999;9999
16/02/2025 15:44:23.262;117;-1801.810;2838.839;7.700;168.000;247696.13;247696.13;192000;0;51.0233;20.6088;5.6828;37.0190;20.1620;235.8703;20.6150;22.7949;1525.4777;54;0.0242;66;1.3635;97;0.000143914;0;9999;9999;9999;9999;9999;9999;9999;9999;9999;9999;9999;9999;9999;9999;9999;9999;9999;9999;9999;9999
16/02/2025 15:44:53.257;115;-1801.810;2838.837;2.100;149.000;247696.16;247696.16;192000;0;51.0441;20.6282;4.1731;37.0196;20.2123;235.5933;20.6268;22.8017;1525.5057;56;0.0484;69;1.6362;98;0.000146976;0;9999;9999;9999;9999;9999;9999;9999;9999;9999;9999;9999;9999;9999;9999;9999;9999;9999;9999;9999;9999
16/02/2025 15:45:23.263;115;-1801.810;2838.837;-0.800;158.000;247696.19;247696.19;192000;0;51.3285;20.8922;1.2935;37.0219;20.2568;236.5627;20.8506;22.7016;1526.1714;51;-0.0121;71;1.8180;77;0.000082674;0;9999;9999;9999;9999;9999;9999;9999;9999;9999;9999;9999;9999;9999;9999;9999;9999;9999;9999;9999;9999
16/02/2025 15:45:53.262;119;-1801.791;2838.756;-0.400;249.000;247696.22;247696.22;192000;0;51.3219;20.8769;1.5037;37.0298;20.3264;236.5439;20.8268;22.7088;1526.1426;50;-0.0242;68;1.5453;83;0.000101046;0;9999;9999;9999;9999;9999;9999;9999;9999;9999;9999;9999;9999;9999;9999;9999;9999;9999;9999;9999;9999
16/02/2025 15:45:58.051;119;-1801.792;2838.757;-0.300;265.000;247696.22;247696.22;192000;0;51.3156;20.8756;1.5138;37.0258;20.3302;235.2921;20.8546;22.7478;1526.1349;53;0.0121;71;1.8180;99;0.000150038;0;9999;9999;9999;9999;9999;9999;9999;9999;9999;9999;9999;9999;9999;9999;9999;9999;9999;9999;9999;9999
